0.27	0.27	0.95	0.88	0.12	0.88	0.5	0.12	0.5	0.12	0.27	0.5	0.27	0.05	0.12	0.5	0.88	0.05	0.12	0.12	0.56625	0.2175	0.445	0.235	0.14	0.5775	0.26375	0.4475	0.15	0.39625	0.305	0.2725	0.35875	0.10625	0.20375	0.3475	0.36625	0.04625	0.095	0.48125	-3.5	-1.06667	-0.5	0.228571	-0.388889	0.4281	0.406367	0.44416	0.474386	0.517122
0.88	0.27	0.12	0.12	0.12	0.95	0.27	0.73	0.12	0.5	0.5	0.27	0.5	0.12	0.12	0.5	0.27	0.05	0.12	0.73	0.49	0.33	0.5575	0.32125	0.14	0.5875	0.2925	0.37125	0.225	0.3575	0.3075	0.34875	0.4425	0.12875	0.20125	0.3475	0.4425	0.1625	0.21125	0.41375	3.8	-1.06667	-1.42	-0.914286	-9.86865e-17	0.2646	0.4197	0.45066	0.458414	0.462822
0.88	0.27	0.88	0.88	0.12	0.95	0.5	0.73	0.27	0.05	0.05	0.5	0.12	0.05	0.12	0.5	0.27	0.05	0.12	0.12	0.4325	0.43375	0.5475	0.25375	0.12125	0.69125	0.32	0.38	0.23375	0.3825	0.30625	0.37625	0.4325	0.11875	0.21	0.42375	0.47125	0.1625	0.21125	0.48125	-3.5	-0.0333333	-1.42	-1.24286	-0.0333333	0.5664	0.432933	0.44944	0.442571	0.4109
0.5	0.05	0.73	0.12	0.05	0.12	0.05	1	0.12	0.02	0.02	0.12	0.05	0.02	0.05	0.27	0.12	0.05	0.02	0.02	0.46125	0.47	0.59375	0.34875	0.1025	0.76625	0.37625	0.35	0.37125	0.2825	0.23375	0.42375	0.34625	0.2075	0.21875	0.4525	0.47125	0.28125	0.33125	0.3775	-0.4	-2.46667	-0.34	-0.142857	-0.855556	0.4678	0.518167	0.4287	0.390914	0.394456
0.73	0.27	0.95	0.27	0.12	0.95	0.5	0.88	0.27	0.12	0.12	0.5	0.27	0.05	0.12	0.5	0.73	0.05	0.12	0.5	0.4325	0.4425	0.50875	0.3875	0.085	0.65875	0.32	0.365	0.3525	0.27	0.25	0.42375	0.31875	0.2125	0.21	0.395	0.3475	0.28125	0.31875	0.34625	-3.5	-0.666667	-0.26	-0.1	-0.855556	0.5203	0.4375	0.40874	0.3708	0.380689
0.27	0.95	0.12	0.05	0.05	0.27	0.12	0.05	0.27	0.12	0.27	0.5	0.95	0.27	0.98	0.27	0.12	0.95	0.95	0.12	0.575	0.33875	0.50875	0.32	0.09375	0.64875	0.33875	0.4875	0.305	0.26125	0.20375	0.395	0.215	0.185	0.2125	0.42375	0.3475	0.165	0.20625	0.39375	1.9	0.866667	-0.2	-1.14286	-0.266667	0.3244	0.3365	0.35292	0.3905	0.354544
0.27	0.88	0.73	0.27	0.12	0.88	0.5	0.12	0.27	0.73	0.27	0.5	0.27	0.12	0.12	0.73	0.5	0.05	0.12	0.88	0.48	0.32	0.4325	0.36875	0.085	0.46875	0.2725	0.39	0.29625	0.24125	0.26	0.3675	0.32875	0.25125	0.31125	0.31875	0.3	0.2775	0.31	0.3175	4.2	0.966667	-0.82	-0.385714	-0.188889	0.1648	0.258833	0.33986	0.337129	0.355011
0.12	0.12	0.27	0.05	0.05	0.27	0.12	0.05	1	0.12	0.12	0.12	0.12	0.95	0.05	0.12	0.12	1	0.98	0.05	0.45125	0.415	0.4425	0.405	0.09375	0.48875	0.34875	0.34125	0.205	0.32625	0.335	0.38625	0.36625	0.15625	0.32	0.45125	0.42375	0.15875	0.2025	0.42125	-3.2	-0.833333	0.24	0.314286	0.111111	0.2873	0.284867	0.27436	0.3087	0.330844
0.27	0.73	0.27	0.73	0.05	0.95	0.5	0.12	0.27	0.5	0.5	0.88	0.27	0.12	0.12	0.27	0.5	0.05	0.12	0.73	0.40375	0.3475	0.36625	0.32	0.09375	0.4225	0.31	0.2225	0.29625	0.29125	0.3	0.31	0.45125	0.26375	0.43	0.49	0.395	0.27375	0.31375	0.34875	-3.5	-1.63333	0.76	0.7	-0.0222222	0.4025	0.2942	0.26324	0.284214	0.324267
0.95	0.12	0.12	0.12	0.12	0.12	0.27	0.27	0.12	0.05	0.05	0.27	0.12	0.05	1	0.5	0.27	0.02	0.05	0.12	0.26125	0.51375	0.3	0.3775	0.07625	0.47	0.31	0.1	0.315	0.36625	0.35625	0.4425	0.47	0.2725	0.32	0.4325	0.36625	0.33375	0.3225	0.425	1.8	0.933333	-0.24	0.2	-0.133333	0.1928	0.288033	0.30006	0.296243	0.323078
0.12	0.05	0.12	0.73	0.12	0.12	0.12	0.02	0.05	0.95	0.95	0.05	0.73	0.5	0.05	0.12	0.27	0.05	0.12	0.88	0.365	0.4375	0.31875	0.31	0.085	0.5275	0.3475	0.1875	0.305	0.30125	0.2725	0.44125	0.39375	0.1975	0.33125	0.50875	0.47	0.2175	0.21	0.40625	4.5	1.83333	0.08	-1.04286	-0.422222	0.2688	0.270167	0.32432	0.3455	0.328167
0.5	0.27	0.5	0.95	0.12	0.5	0.73	0.27	0.27	0.12	0.5	0.27	0.27	0.12	0.12	0.95	0.88	0.05	0.12	0.12	0.29875	0.30625	0.1825	0.25125	0.085	0.37625	0.215	0.14375	0.25875	0.405	0.41375	0.3575	0.50875	0.34875	0.31375	0.32	0.365	0.245	0.305	0.4825	-0.8	0.7	-0.12	-0.685714	-0.466667	0.3489	0.3421	0.34574	0.357343	0.332022
0.27	0.12	0.12	0.12	0.05	0.27	0.12	0.12	0.12	0.12	0.12	0.27	0.88	0.05	1	0.73	0.27	0.02	0.05	0.12	0.34625	0.3725	0.31875	0.41125	0.09375	0.49	0.33875	0.19	0.215	0.39625	0.4525	0.43375	0.4325	0.245	0.2125	0.42375	0.5175	0.13	0.20625	0.4825	-1.6	-2.3	-0.62	0.357143	-0.5	0.4086	0.422367	0.38122	0.328343	0.343744
0.27	0.99	0.27	0.12	0.05	0.5	0.27	0.05	0.27	0.27	0.12	0.95	0.27	0.05	0.12	0.27	0.27	0.5	0.12	0.5	0.43125	0.20625	0.28125	0.335	0.12125	0.4525	0.29125	0.2175	0.1775	0.425	0.42375	0.2725	0.5375	0.245	0.3225	0.51	0.54625	0.07	0.1975	0.40625	-4.5	-2.26667	-0.76	-0.4	0.0888889	0.5096	0.429467	0.36736	0.356914	0.335722
0.27	0.27	0.27	0.12	0.12	0.73	0.27	0.5	0.12	0.5	0.5	0.27	0.95	0.12	0.12	0.5	0.95	0.05	0.12	0.73	0.31875	0.2875	0.26875	0.32125	0.10375	0.415	0.26	0.13	0.1875	0.405	0.46125	0.32625	0.47125	0.34875	0.2	0.425	0.43375	0.24875	0.2825	0.3775	-0.7	-0.466667	-1.3	-0.785714	-0.211111	0.3702	0.359767	0.37614	0.3657	0.334133
0.12	0.05	0.02	0.02	0.12	0.05	0.05	0.02	0.12	0.73	0.95	0.05	0.73	0.95	0.05	0.05	0.27	0.27	0.88	0.73	0.35625	0.32375	0.3	0.2575	0.10375	0.595	0.30625	0.19375	0.19625	0.34875	0.34875	0.38125	0.52625	0.1975	0.2175	0.52875	0.5475	0.22125	0.1875	0.38625	3.8	-0.133333	-0.62	-0.8	-0.244444	0.1995	0.320833	0.36048	0.341357	0.325322
0.27	0.5	0.98	0.5	0.05	0.95	0.5	0.27	0.5	0.05	0.05	0.73	0.12	0.05	0.12	0.73	0.73	0.05	0.12	0.05	0.30875	0.325	0.20875	0.18875	0.10375	0.51125	0.26875	0.14375	0.14875	0.425	0.405	0.385	0.58375	0.30125	0.20875	0.3875	0.47125	0.24875	0.2825	0.47125	-3.5	0.7	0.1	0.0285714	-0.588889	0.3928	0.307533	0.29426	0.310057	0.339767
0.95	0.27	0.12	0.12	0.27	0.88	0.27	0.27	0.12	0.88	0.27	0.27	0.5	0.12	0.12	0.5	0.73	0.05	0.12	0.5	0.28125	0.3725	0.31625	0.23625	0.16125	0.52	0.2975	0.14375	0.19625	0.3975	0.45375	0.5	0.48875	0.30125	0.09875	0.3875	0.52875	0.2525	0.29125	0.51	1.8	-0.866667	1.08	0.114286	0.0555556	0.3303	0.300533	0.25812	0.305671	0.322367
0.05	0.05	0.02	0.01	0.05	0.05	0.02	0.02	0.05	0.12	0.73	0.02	0.27	0.95	0.02	0.05	0.05	1	0.73	0.12	0.47	0.29125	0.31	0.24125	0.21625	0.57625	0.31	0.18375	0.1775	0.56875	0.44375	0.4275	0.54625	0.225	0.11125	0.4725	0.67125	0.0775	0.215	0.61375	-0.9	1.7	-0.46	0.814286	1.02222	0.1785	0.232767	0.314	0.288786	0.287489
0.27	0.12	0.12	0.12	0.12	0.88	0.27	0.05	0.12	0.73	0.5	0.27	0.95	0.12	0.12	0.5	0.5	0.05	0.12	0.95	0.4425	0.35875	0.2975	0.275	0.195	0.50375	0.36875	0.12375	0.21625	0.4325	0.41625	0.45375	0.3575	0.31625	0.09875	0.3875	0.53	0.19625	0.29125	0.425	4.2	-0.2	1.08	0.871429	0.711111	0.1895	0.2823	0.28584	0.288243	0.3045
0.27	0.73	0.73	0.88	0.05	0.73	0.88	0.12	0.27	0.05	0.05	0.98	0.12	0.05	0.12	0.5	0.73	0.05	0.12	0.12	0.46125	0.38625	0.28125	0.26875	0.19125	0.6075	0.40875	0.11875	0.305	0.4325	0.36	0.42125	0.385	0.2125	0.1075	0.415	0.53	0.16875	0.215	0.44375	-3.9	1.5	1.56	0.871429	-0.1	0.4789	0.3068	0.25892	0.306886	0.3408
0.73	0.27	0.12	0.12	0.73	0.27	0.12	0.12	0.12	0.73	0.73	0.73	0.5	0.12	0.12	0.5	0.73	0.05	0.12	0.88	0.40375	0.44375	0.35375	0.335	0.10625	0.60875	0.50375	0.20375	0.295	0.34375	0.275	0.48375	0.3375	0.2	0.1075	0.38625	0.4725	0.16875	0.20625	0.34875	4.2	1.5	1.04	0.114286	-0.144444	0.252	0.308867	0.32788	0.334871	0.346278
0.88	0.12	0.12	0.05	0.27	0.12	0.12	0.12	0.05	0.88	0.5	0.12	0.5	0.27	0.12	0.5	0.73	0.05	0.12	0.95	0.3575	0.49125	0.35375	0.34375	0.145	0.55125	0.50375	0.28	0.30375	0.24875	0.36125	0.6175	0.3375	0.18125	0.1075	0.3575	0.415	0.16875	0.20625	0.31125	4.2	1.63333	-0.5	-0.314286	-0.144444	0.1957	0.323667	0.39522	0.372529	0.3477
0.27	0.88	0.27	0.5	0.02	0.98	0.99	0.05	0.5	0.02	0.05	0.73	0.12	0.02	0.12	0.27	0.27	0.05	0.12	0.05	0.46125	0.39625	0.33875	0.2925	0.185	0.44375	0.39875	0.3775	0.25625	0.4325	0.4175	0.545	0.41375	0.2175	0.11125	0.395	0.48125	0.16625	0.20625	0.51875	-3.5	-0.933333	-0.5	-0.657143	0.266667	0.5233	0.415067	0.38786	0.394471	0.354456
0.27	0.88	0.5	0.73	0.02	0.73	0.98	0.05	0.98	0.05	0.05	0.5	0.12	0.05	0.12	0.27	0.5	0.05	0.27	0.05	0.49	0.415	0.38625	0.35875	0.185	0.39875	0.4	0.49	0.215	0.3525	0.38875	0.6025	0.31	0.205	0.11125	0.4425	0.4525	0.16625	0.17875	0.415	-3.5	-3.63333	-0.98	0.3	-0.288889	0.5262	0.4972	0.40608	0.360243	0.372956
0.27	0.5	0.95	0.27	0.05	0.5	0.5	0.95	0.27	0.02	0.05	0.98	0.12	0.02	0.12	0.5	0.27	0.05	0.05	0.05	0.5475	0.405	0.33	0.36875	0.18125	0.39875	0.46875	0.3775	0.30375	0.365	0.445	0.45375	0.32875	0.20875	0.22	0.41375	0.42375	0.16625	0.20625	0.415	-3.9	-1.86667	-1.26	-0.414286	-0.0333333	0.4421	0.437133	0.4148	0.3751	0.371178
0.73	0.5	0.12	0.12	0.12	0.27	0.27	0.88	0.12	0.27	0.73	0.73	0.5	0.12	0.12	0.27	0.27	0.05	0.12	0.27	0.41375	0.405	0.48125	0.49125	0.08375	0.485	0.60625	0.3775	0.42625	0.245	0.27125	0.45625	0.225	0.18375	0.22	0.41375	0.36625	0.1625	0.1975	0.28375	1.8	0.233333	-0.72	-1.24286	-0.888889	0.3431	0.3415	0.38134	0.413271	0.407444
0.27	0.05	0.05	0.05	0.12	0.05	0.05	0.73	0.12	0.73	0.73	0.05	0.5	0.99	0.05	0.12	0.12	0.98	0.73	0.88	0.4525	0.4525	0.48125	0.5	0.08375	0.5125	0.625	0.39625	0.42625	0.1875	0.27125	0.54125	0.225	0.15125	0.22	0.40375	0.3275	0.055	0.16875	0.2075	2.8	1.26667	-0.34	-1.24286	-0.888889	0.2393	0.3128	0.36868	0.421143	0.410267
0.5	0.27	0.73	0.88	0.12	0.27	0.27	0.95	0.27	0.12	0.27	0.5	0.12	0.05	0.12	0.88	0.5	0.05	0.05	0.12	0.42375	0.33	0.3775	0.3675	0.09625	0.45375	0.565	0.36875	0.36	0.38	0.385	0.4275	0.32	0.28125	0.21125	0.3375	0.28	0.17125	0.25375	0.40625	-0.8	0.133333	-0.26	-0.142857	-9.86865e-17	0.356	0.352733	0.39594	0.377557	0.377144
0.73	0.27	0.73	0.5	0.05	0.5	0.95	0.12	0.27	0.12	0.5	0.27	0.27	0.05	0.99	0.5	0.27	0.05	0.12	0.12	0.395	0.33	0.40625	0.3575	0.10875	0.425	0.39125	0.48125	0.27125	0.38875	0.4125	0.45625	0.32	0.28125	0.2125	0.385	0.28	0.17125	0.2175	0.415	-1.6	-1.96667	0.22	1.05714	0.211111	0.4629	0.465767	0.37154	0.346571	0.364678
0.12	0.27	0.5	0.95	0.02	0.73	0.99	0.05	0.95	0.02	0.02	0.5	0.05	0.02	0.12	0.27	0.27	0.02	0.12	0.05	0.47125	0.2825	0.33125	0.27375	0.12125	0.44375	0.33875	0.4625	0.1675	0.49	0.5575	0.33875	0.455	0.31625	0.3125	0.36625	0.28	0.2925	0.245	0.48	-3.5	-0.3	0.56	0.571429	0.855556	0.5784	0.4208	0.36872	0.3567	0.3436
0.73	0.05	0.05	0.05	0.27	0.12	0.05	0.12	0.05	0.88	0.5	0.12	0.5	0.88	0.05	0.27	0.27	0.12	0.5	0.95	0.31	0.25375	0.375	0.37375	0.08125	0.4925	0.425	0.34625	0.28	0.41125	0.51625	0.30125	0.39875	0.31875	0.30875	0.33875	0.26125	0.33625	0.2925	0.3675	4.2	1.73333	0.4	0.442857	0.966667	0.2211	0.341567	0.38032	0.358571	0.327056
0.27	0.12	0.12	0.27	0.12	0.73	0.73	0.05	0.12	0.95	0.5	0.27	0.5	0.12	0.12	0.5	0.27	0.05	0.12	0.88	0.425	0.2725	0.39375	0.37375	0.1	0.52	0.3675	0.37375	0.29	0.32625	0.44	0.31	0.4275	0.29625	0.30875	0.405	0.3375	0.22875	0.26375	0.3	4.5	2.36667	1.1	0.957143	0.566667	0.2252	0.286767	0.33822	0.335457	0.352589
0.27	0.88	0.73	0.27	0.05	0.73	0.27	0.12	0.27	0.12	0.5	0.5	0.27	0.05	1	0.27	0.27	0.05	0.05	0.12	0.485	0.15875	0.24125	0.27	0.1275	0.50125	0.40625	0.28	0.27125	0.50625	0.44	0.23375	0.475	0.3325	0.19875	0.38625	0.30875	0.25625	0.385	0.47125	-1.6	1.6	2.36	1.07143	0.855556	0.414	0.2972	0.26138	0.336343	0.338822
0.27	0.12	0.12	0.05	0.12	0.88	0.12	0.73	0.12	0.73	0.73	0.27	0.98	0.27	0.05	0.12	0.27	0.99	0.27	0.5	0.40875	0.22625	0.2325	0.2375	0.1275	0.42625	0.3125	0.19125	0.27125	0.525	0.4675	0.235	0.44375	0.4175	0.2	0.34875	0.29	0.16625	0.46125	0.47125	1.9	1.03333	1.36	1.82857	1.45556	0.2524	0.286867	0.31098	0.286871	0.307
0.05	0.05	0.02	0.02	0.05	0.05	0.02	0.02	0.12	0.5	0.88	0.05	0.5	1	0.02	0.05	0.12	0.5	0.88	0.27	0.53125	0.235	0.245	0.15625	0.1675	0.4725	0.235	0.3075	0.1675	0.56625	0.4525	0.23375	0.5125	0.33	0.2225	0.44625	0.385	0.23125	0.385	0.50875	2.8	1.3	0.82	1.77143	1.75556	0.1942	0.305233	0.31236	0.2805	0.294767
0.73	0.27	0.27	0.27	0.12	0.88	0.27	0.88	0.27	0.12	0.12	0.27	0.73	0.05	0.12	0.88	0.73	0.05	0.12	0.27	0.465	0.235	0.24125	0.18125	0.14	0.41625	0.32	0.2	0.17625	0.5375	0.5	0.25375	0.455	0.345	0.2375	0.37125	0.36625	0.27875	0.4325	0.4525	-0.8	1.26667	1.9	1.01429	0.9	0.4691	0.298467	0.26486	0.315229	0.332344
0.98	0.12	0.12	0.05	0.27	0.12	0.12	0.27	0.27	0.73	0.27	0.12	0.27	0.27	0.12	0.5	0.27	0.27	0.95	0.73	0.43375	0.25375	0.36375	0.26625	0.1125	0.45375	0.28125	0.3925	0.195	0.34875	0.425	0.2725	0.45625	0.30875	0.2375	0.41875	0.48125	0.25125	0.32	0.29125	1.8	1.6	1.36	0.742857	0.355556	0.2321	0.292567	0.30804	0.335986	0.372433
0.12	0.05	0.05	0.02	0.12	0.05	0.05	0.02	0.12	0.88	0.95	0.05	0.73	0.95	0.05	0.05	0.12	0.27	0.95	0.5	0.6175	0.15875	0.2875	0.2425	0.25	0.38625	0.2625	0.42375	0.18625	0.34875	0.36875	0.23375	0.4275	0.25125	0.1275	0.475	0.5	0.37	0.3475	0.33875	3.8	1.6	0.1	0.414286	0.733333	0.1765	0.2923	0.38106	0.383643	0.370022
0.88	0.27	0.5	0.27	0.27	0.27	0.27	0.27	0.12	0.12	0.05	0.27	0.12	0.05	0.27	0.98	0.88	0.05	0.12	0.12	0.5225	0.13125	0.25	0.22	0.25	0.26375	0.235	0.31625	0.1775	0.44375	0.4525	0.1875	0.415	0.345	0.10875	0.40625	0.495	0.28	0.4325	0.415	-0.8	-0.166667	0.18	0.271429	0.444444	0.4683	0.401367	0.40444	0.411943	0.393211
0.88	0.27	0.27	0.5	0.12	0.5	0.98	0.12	0.27	0.27	0.12	0.5	0.27	0.05	0.27	0.5	0.73	0.05	0.12	0.5	0.57875	0.15875	0.31	0.2225	0.2775	0.33875	0.1775	0.3475	0.15875	0.36875	0.34	0.18625	0.34875	0.2225	0.23125	0.57875	0.56125	0.22	0.32875	0.34	-3.5	-1.56667	0.18	0.285714	-0.0444444	0.5593	0.537867	0.43648	0.4108	0.412133
0.27	0.12	0.95	0.73	0.05	0.27	0.27	0.98	0.27	0.05	0.05	0.27	0.05	0.05	0.12	0.5	0.73	0.05	0.05	0.05	0.5975	0.20625	0.225	0.19375	0.2775	0.3675	0.3425	0.145	0.21625	0.39625	0.34875	0.29125	0.31875	0.27875	0.25	0.53125	0.56125	0.2475	0.445	0.3775	-0.4	-0.7	-0.72	-0.2	-0.344444	0.586	0.512533	0.4934	0.429714	0.424478
0.88	0.05	0.05	0.05	1	0.12	0.05	0.12	0.05	0.27	0.73	0.12	0.5	0.27	0.05	0.27	0.27	1	0.27	0.27	0.41375	0.215	0.41375	0.3975	0.1275	0.43375	0.47375	0.23375	0.24375	0.28	0.2325	0.32875	0.235	0.22	0.25875	0.53125	0.6	0.09625	0.305	0.26125	1.8	0.233333	-0.88	-1.24286	-0.933333	0.3923	0.4798	0.47264	0.487386	0.444822
0.27	0.12	0.27	0.12	0.27	0.12	0.12	0.12	0.05	0.73	0.5	0.12	0.27	0.12	0.12	0.5	0.99	0.05	0.12	0.73	0.49	0.20625	0.38625	0.38875	0.21875	0.4425	0.465	0.23375	0.235	0.235	0.26125	0.32875	0.295	0.1825	0.25	0.5025	0.52875	0.19625	0.22	0.25125	-0.7	-0.166667	-0.88	-1.62857	-0.933333	0.4611	0.405967	0.47682	0.4798	0.445122
0.5	0.27	0.27	0.27	0.12	0.88	0.27	0.12	0.12	0.05	0.05	0.27	0.12	0.02	1	0.95	0.5	0.02	0.05	0.05	0.41375	0.1875	0.4475	0.39875	0.21875	0.3475	0.44625	0.23375	0.245	0.32	0.37375	0.3675	0.3325	0.20375	0.12125	0.38625	0.51375	0.19625	0.22875	0.33625	-1.6	-1.93333	-1.5	-0.585714	-1.23333	0.3645	0.4686	0.44266	0.4255	0.434844
0.27	0.5	0.27	0.27	0.05	0.88	0.88	0.12	0.73	0.12	0.12	0.88	0.27	0.5	0.12	0.5	0.73	0.27	0.98	0.12	0.395	0.15875	0.4475	0.37	0.2275	0.395	0.3575	0.23375	0.16875	0.34	0.4125	0.29125	0.3425	0.1525	0.2125	0.4425	0.5125	0.165	0.1125	0.29875	-3.5	-2.86667	-1.1	-1.02857	-0.922222	0.5802	0.4533	0.40004	0.395471	0.418844
0.12	0.12	0.73	1	0.02	0.5	0.95	0.12	0.27	0.02	0.02	0.27	0.05	0.02	0.12	0.27	0.12	0.01	0.05	0.02	0.41375	0.20625	0.2775	0.19	0.24	0.42375	0.32125	0.11375	0.19875	0.4375	0.5375	0.34875	0.48875	0.31625	0.20375	0.42375	0.53125	0.20625	0.25625	0.415	-3.5	-1.06667	-1.66	-1.38571	-0.666667	0.4152	0.391533	0.38298	0.398757	0.3806
0.12	0.05	0.05	0.02	0.12	0.12	0.05	0.02	0.05	0.98	0.95	0.05	0.98	0.5	0.05	0.05	0.27	0.12	0.12	0.88	0.31875	0.215	0.35875	0.30875	0.1175	0.4625	0.43375	0.11375	0.22625	0.39375	0.4525	0.3675	0.42	0.285	0.2125	0.42375	0.49375	0.0825	0.22875	0.365	3.8	-1.06667	-1.48	-1.01429	-0.444444	0.1792	0.3234	0.39314	0.367429	0.358667
0.5	0.27	0.99	0.5	0.12	0.27	0.27	0.27	0.27	0.12	0.5	0.73	0.27	0.12	0.12	0.5	0.27	0.02	0.12	0.12	0.32875	0.20625	0.33125	0.34375	0.09	0.4625	0.425	0.10125	0.255	0.425	0.46125	0.30125	0.585	0.32375	0.20375	0.3675	0.40375	0.09125	0.22875	0.38375	-3.5	-0.133333	-0.4	-0.242857	-0.755556	0.3758	0.323433	0.32546	0.3432	0.363644
0.5	0.27	0.27	0.27	0.12	0.88	0.88	0.12	0.27	0.5	0.5	0.5	0.5	0.12	0.12	0.5	0.95	0.05	0.12	0.27	0.3575	0.1875	0.42125	0.35375	0.1975	0.31	0.33	0.12	0.255	0.43375	0.5175	0.33	0.65125	0.33625	0.09375	0.34	0.36625	0.09125	0.2375	0.45	-0.7	-0.766667	1.06	-0.242857	-0.655556	0.4153	0.3443	0.2814	0.332586	0.375678
0.27	0.12	0.05	0.02	0.12	0.12	0.05	0.02	0.05	0.73	0.95	0.12	1	0.88	0.05	0.12	0.27	0.12	0.27	0.88	0.44375	0.15875	0.43	0.3575	0.225	0.31	0.33875	0.12375	0.1975	0.5	0.5375	0.2825	0.67375	0.2125	0.1025	0.35875	0.45125	0.055	0.11125	0.4775	1.9	1.66667	-0.4	0.157143	0.2	0.2418	0.284	0.34674	0.340814	0.344678
0.12	0.05	0.02	0.02	0.12	0.05	0.05	0.02	0.05	0.88	0.98	0.05	0.88	0.5	0.05	0.05	0.12	0.12	0.12	0.73	0.48125	0.15875	0.3575	0.2475	0.22875	0.27125	0.235	0.23125	0.17	0.48125	0.53375	0.2725	0.68875	0.26	0.2125	0.3675	0.47	0.05625	0.12625	0.5	3.8	0.733333	0.16	0.214286	0.544444	0.1949	0.3142	0.36614	0.358243	0.355956
0.73	0.27	0.99	0.88	0.05	0.27	0.27	0.27	0.5	0.12	0.12	0.27	0.88	0.05	0.12	0.5	0.27	0.02	0.12	0.12	0.42375	0.15875	0.2925	0.2475	0.22875	0.2625	0.26375	0.32125	0.1225	0.45625	0.525	0.33	0.5725	0.25625	0.2125	0.33875	0.4325	0.06	0.1175	0.4725	-3.5	-0.133333	1.14	0.657143	0.0777778	0.5059	0.3912	0.34332	0.378371	0.376344
0.73	0.12	0.27	0.12	0.98	0.27	0.12	0.12	0.12	0.5	0.5	0.27	0.88	0.12	0.12	0.73	0.88	0.05	0.12	0.73	0.37625	0.1775	0.36875	0.31375	0.22	0.32	0.2825	0.32125	0.26125	0.4	0.42125	0.2725	0.55375	0.2475	0.20375	0.28125	0.3375	0.1775	0.165	0.3875	-0.7	0	0.68	0.7	0.111111	0.4728	0.426633	0.3983	0.370857	0.378667
0.73	0.12	0.12	0.05	0.27	0.12	0.12	0.05	0.05	0.88	0.73	0.12	0.95	0.27	0.12	0.27	0.73	0.05	0.12	0.95	0.405	0.2625	0.3875	0.3225	0.3	0.3525	0.26375	0.33	0.27	0.29625	0.345	0.32	0.51625	0.22	0.20375	0.33875	0.27125	0.1775	0.165	0.34125	4.2	1.03333	-0.16	-0.0285714	-0.2	0.3012	0.430233	0.43186	0.392986	0.387467
0.27	0.05	0.12	0.12	0.05	0.12	0.12	0.98	0.05	0.02	0.02	0.12	0.05	0.02	1	0.27	0.12	0.02	0.02	0.05	0.55125	0.27125	0.39625	0.32625	0.34625	0.3525	0.2725	0.33	0.27875	0.3275	0.3775	0.33875	0.5375	0.15625	0.1025	0.38625	0.3475	0.1725	0.15875	0.3775	-0.4	1.13333	-0.1	-1.07143	-0.211111	0.5167	0.393533	0.41002	0.435786	0.400089
0.27	0.27	0.5	0.88	0.05	0.27	0.5	0.99	0.12	0.02	0.02	0.73	0.05	0.02	0.12	0.27	0.12	0.05	0.05	0.05	0.655	0.27125	0.38	0.3475	0.34625	0.44625	0.28125	0.36	0.2975	0.22375	0.26125	0.31875	0.4425	0.1	0.22125	0.4425	0.36625	0.16	0.155	0.30125	-0.4	-1.33333	-0.66	-0.314286	-0.433333	0.3627	0.425367	0.41436	0.414286	0.401356
0.12	0.27	0.88	0.27	0.98	0.73	0.27	0.12	1	0.05	0.05	0.27	0.12	0.12	0.05	0.27	0.12	0.99	0.5	0.05	0.61625	0.3	0.22375	0.32875	0.23875	0.4175	0.31	0.44125	0.14	0.2675	0.33375	0.46125	0.4475	0.115	0.23	0.41375	0.36625	0.04625	0.09875	0.3775	-3.2	-2.36667	-1.14	0.0428571	0.166667	0.3967	0.417967	0.4252	0.376214	0.373144
0.73	0.95	0.27	0.27	0.05	0.99	0.73	0.12	0.27	0.05	0.12	0.73	0.27	0.05	0.12	0.5	0.27	0.05	0.12	0.12	0.4825	0.2625	0.3	0.37625	0.235	0.47625	0.36	0.4325	0.27875	0.2075	0.26875	0.46125	0.3525	0.11125	0.22125	0.3275	0.27125	0.16375	0.14625	0.28375	-3.5	-1.63333	-0.7	-0.285714	-0.144444	0.4945	0.415533	0.36312	0.369186	0.374456
0.98	0.12	0.12	0.12	0.27	0.12	0.12	0.95	0.12	0.12	0.5	0.27	0.27	0.12	0.12	0.5	0.27	0.05	0.12	0.27	0.375	0.3575	0.31	0.39125	0.18875	0.585	0.4275	0.325	0.2975	0.2075	0.24875	0.51	0.35625	0.13125	0.2125	0.3	0.21375	0.1725	0.14625	0.25625	1.8	0.0333333	-0.24	-0.728571	-0.4	0.3554	0.352067	0.34098	0.3646	0.360978
0.95	0.27	0.27	0.95	0.12	0.95	0.5	0.27	0.27	0.05	0.05	0.5	0.12	0.05	0.12	0.5	0.27	0.05	0.12	0.12	0.36	0.33875	0.27875	0.275	0.21625	0.4725	0.37125	0.29	0.27875	0.33625	0.425	0.4725	0.46	0.2	0.09375	0.2725	0.2325	0.185	0.15875	0.37875	1.8	1.83333	-0.3	-0.4	0.0666667	0.2063	0.271233	0.35856	0.338486	0.310622
0.27	0.5	0.12	0.12	0.12	0.5	0.27	0.05	0.12	0.5	0.73	0.95	0.99	0.27	0.12	0.27	0.27	0.05	0.12	0.73	0.445	0.38625	0.2975	0.37875	0.21625	0.61375	0.4475	0.20875	0.31625	0.2925	0.37125	0.44375	0.37875	0.17625	0.09375	0.30125	0.25125	0.185	0.1675	0.31125	1.9	0.0666667	0.78	0.6	-0.322222	0.252	0.3143	0.29564	0.290886	0.317922
0.27	0.5	0.27	0.5	0.02	1	0.98	0.05	0.5	0.02	0.05	0.73	0.27	0.02	0.12	0.27	0.27	0.05	0.12	0.05	0.46375	0.38625	0.23125	0.41625	0.1125	0.5225	0.4475	0.30375	0.1775	0.34875	0.4525	0.5	0.46	0.195	0.1025	0.35875	0.27	0.06375	0.11125	0.39625	-3.5	0.1	1.18	0.542857	-0.355556	0.4846	0.3055	0.23726	0.281443	0.333778
0.12	0.05	0.05	0.02	0.12	0.12	0.05	0.02	0.05	0.95	0.95	0.05	0.98	0.5	0.05	0.05	0.27	0.12	0.12	0.88	0.45375	0.38625	0.25875	0.4575	0.10875	0.5425	0.50625	0.3075	0.215	0.3175	0.35875	0.60375	0.4	0.14375	0.11125	0.38625	0.34625	0.055	0.11125	0.3875	1.9	0.733333	0.04	-0.214286	-0.0444444	0.1799	0.242667	0.28168	0.307729	0.311378
0.12	0.05	0.02	0.02	0.12	0.05	0.05	0.02	0.05	0.98	0.98	0.05	0.73	0.5	0.05	0.05	0.27	0.12	0.12	0.88	0.34625	0.3775	0.25	0.445	0.09	0.5425	0.4975	0.19125	0.2025	0.42125	0.41125	0.57625	0.48875	0.19125	0.1025	0.33	0.34625	0.055	0.11125	0.46375	3.8	0.6	-1.04	-0.571429	0.255556	0.0635	0.223933	0.33916	0.3201	0.288022
0.27	0.88	0.5	0.88	0.05	0.95	0.88	0.12	0.27	0.12	0.27	0.95	0.27	0.05	0.12	0.27	0.27	0.05	0.12	0.12	0.22375	0.35	0.28125	0.32875	0.09	0.37375	0.39375	0.17875	0.20375	0.525	0.49625	0.51125	0.5375	0.24375	0.09375	0.3025	0.34625	0.06	0.1025	0.55	-3.9	-1.2	-0.48	-0.2	-0.333333	0.4284	0.343767	0.30082	0.304843	0.318378
0.27	0.27	0.5	0.95	0.05	0.5	0.98	0.88	0.27	0.02	0.02	0.5	0.05	0.02	0.12	0.73	0.27	0.02	0.05	0.05	0.22375	0.42625	0.3	0.39625	0.0775	0.48625	0.47125	0.08375	0.2225	0.4775	0.4425	0.55875	0.45625	0.21625	0.09375	0.245	0.34625	0.06375	0.11125	0.47375	-3.5	-2.7	0.04	-0.2	-0.933333	0.5394	0.420233	0.29388	0.304114	0.350278
0.5	0.5	0.27	0.12	0.12	0.27	0.27	0.12	0.12	0.73	0.27	0.88	0.5	0.12	0.12	0.5	0.88	0.05	0.12	0.88	0.195	0.3975	0.32875	0.5	0.0725	0.48125	0.56	0.17875	0.2125	0.44875	0.43875	0.51125	0.4575	0.2075	0.09375	0.27375	0.27	0.06	0.1025	0.3975	-0.7	0.1	-1.42	-0.971429	-0.933333	0.2929	0.325833	0.37708	0.355429	0.350311
0.12	0.05	0.02	0.02	0.12	0.05	0.05	0.02	0.02	0.98	0.95	0.05	0.73	0.5	0.05	0.05	0.27	0.05	0.12	0.88	0.35	0.4625	0.36875	0.54375	0.09125	0.5275	0.6725	0.2225	0.23375	0.31375	0.25	0.6425	0.34	0.10375	0.13	0.415	0.40375	0.05125	0.1025	0.32125	4.5	0.1	-1.34	-2.01429	-0.944444	0.1452	0.305867	0.39922	0.415629	0.352433
0.12	0.88	1	0.88	0.05	0.5	0.5	0.27	0.5	0.02	0.02	0.88	0.05	0.02	0.12	0.5	0.27	0.02	0.05	0.05	0.45375	0.38625	0.35375	0.525	0.1	0.5275	0.72	0.2225	0.20125	0.32625	0.25875	0.56625	0.34875	0.1075	0.14875	0.415	0.40375	0.04625	0.11125	0.34875	-3.5	-0.833333	-1.34	-1.2	-1.16667	0.4795	0.387933	0.38832	0.382857	0.384022
0.27	0.5	0.27	0.73	0.02	0.95	0.99	0.05	0.27	0.02	0.05	0.88	0.12	0.02	0.12	0.27	0.27	0.05	0.12	0.05	0.435	0.43375	0.445	0.5525	0.10375	0.44375	0.67125	0.25	0.23	0.3175	0.2275	0.51	0.32125	0.1075	0.14875	0.4725	0.46125	0.0425	0.09375	0.34	-3.5	-3.5	-0.84	-0.442857	-1.12222	0.5391	0.501167	0.36954	0.355486	0.369633
0.27	0.5	0.27	0.5	0.05	0.73	0.98	0.05	0.27	0.5	0.27	0.73	0.73	0.05	0.12	0.27	0.27	0.05	0.12	0.27	0.4075	0.40625	0.385	0.46375	0.1	0.415	0.5525	0.14625	0.21125	0.26125	0.2125	0.46875	0.25375	0.1925	0.135	0.38375	0.43375	0.165	0.21	0.3125	-3.5	-1.73333	-1.38	-0.842857	-0.833333	0.4849	0.407667	0.41006	0.356343	0.325733
0.98	0.12	0.12	0.27	0.27	0.27	0.73	0.27	0.12	0.12	0.12	0.27	0.27	0.05	0.27	0.73	0.73	0.05	0.12	0.27	0.27125	0.4825	0.4325	0.6025	0.06	0.50125	0.64125	0.11875	0.23	0.2325	0.20375	0.5075	0.255	0.18	0.11625	0.2975	0.3	0.16125	0.20125	0.23625	1.8	0.0333333	-1.38	-1.61429	-1.14444	0.199	0.3439	0.37394	0.356214	0.345933
0.95	0.27	0.88	0.73	0.12	0.5	0.88	0.27	0.27	0.12	0.12	0.27	0.12	0.05	0.27	0.5	0.27	0.05	0.12	0.27	0.29375	0.58125	0.42625	0.5575	0.07	0.57625	0.67875	0.13125	0.2425	0.125	0.11875	0.5925	0.21625	0.12375	0.125	0.35375	0.3575	0.16125	0.20125	0.16	1.8	0.0333333	-0.86	-1.61429	-2.14444	0.3478	0.2819	0.29498	0.355529	0.390044
0.27	0.88	0.5	0.95	0.05	0.73	0.98	0.12	0.27	0.05	0.05	0.5	0.12	0.05	0.12	0.5	0.73	0.05	0.05	0.05	0.3975	0.48625	0.44	0.45375	0.0875	0.595	0.66625	0.13125	0.29875	0.165	0.1875	0.51625	0.2725	0.13625	0.14375	0.35375	0.37625	0.165	0.2375	0.215	-3.5	-0.866667	-0.86	-1.75714	-1.33333	0.2989	0.263667	0.29294	0.355971	0.369522
0.05	0.05	0.02	0.01	0.05	0.05	0.02	0.05	0.12	0.05	0.12	0.02	0.12	0.73	0.01	0.02	0.05	1	0.98	0.05	0.40625	0.56125	0.585	0.51375	0.0875	0.62375	0.69625	0.14875	0.40875	0.165	0.175	0.5	0.2725	0.06375	0.14875	0.41375	0.4425	0.04625	0.1975	0.21125	-0.9	-2.63333	-2.12	-0.714286	-1.3	0.1443	0.305967	0.36158	0.328814	0.353878
0.12	0.73	0.5	1	0.02	0.5	0.73	0.12	0.12	0.12	0.05	0.73	0.05	0.02	0.12	0.27	0.27	0.02	0.05	0.27	0.3975	0.4475	0.4975	0.3425	0.09125	0.49125	0.5	0.14	0.38125	0.1	0.1525	0.35375	0.19625	0.14875	0.245	0.3825	0.39625	0.165	0.30125	0.15625	-3.5	-2.96667	-1.72	-1.42857	-1.08889	0.4747	0.387067	0.35098	0.357286	0.349056
0.27	0.99	0.73	0.12	0.05	0.88	0.5	0.12	0.27	0.12	0.27	0.73	0.27	0.05	0.12	0.27	0.27	0.05	0.12	0.27	0.31875	0.43375	0.4875	0.4525	0.06875	0.50125	0.52875	0.12125	0.38125	0.1475	0.1725	0.35375	0.1975	0.1725	0.33	0.35375	0.3675	0.17	0.31125	0.21375	-4.5	-1.4	-1.66	-1.91429	-0.822222	0.5422	0.437233	0.37086	0.370671	0.364433
0.27	0.73	0.73	0.27	0.12	0.88	0.5	0.12	0.95	0.27	0.5	0.5	0.5	0.12	0.12	0.5	0.88	0.05	0.27	0.27	0.29125	0.46625	0.41125	0.37625	0.06	0.53	0.48125	0.17875	0.38125	0.12875	0.14375	0.3825	0.1875	0.1725	0.42	0.325	0.29125	0.17875	0.31125	0.195	3.8	-1.3	-1.8	-0.814286	-1.37778	0.2948	0.411767	0.4303	0.376171	0.382389
0.12	0.27	0.95	0.27	0.02	0.5	0.27	0.12	1	0.02	0.02	0.27	0.12	0.12	0.05	0.27	0.12	0.05	0.73	0.02	0.38625	0.4475	0.4125	0.29125	0.1	0.54875	0.45	0.22625	0.375	0.1875	0.23125	0.41125	0.2825	0.2	0.52375	0.35375	0.3575	0.20625	0.28125	0.2825	-3.2	-0.333333	-0.26	-1.14286	-0.788889	0.3983	0.3782	0.40284	0.428329	0.4078
0.27	0.27	0.05	0.12	0.05	0.12	0.12	0.05	0.05	0.05	0.02	0.27	0.05	0.02	1	0.27	0.12	0.02	0.02	0.05	0.4525	0.475	0.61375	0.3425	0.105	0.62375	0.5	0.35125	0.5125	0.1925	0.23125	0.4425	0.29125	0.13625	0.5225	0.41375	0.385	0.1	0.2625	0.2875	-1.6	-0.2	-8.88178e-17	-0.385714	-0.733333	0.4415	0.3924	0.39628	0.435886	0.445256
0.5	0.27	0.27	0.27	0.12	0.73	0.73	0.12	0.27	0.5	0.5	0.27	0.5	0.27	0.95	0.5	0.5	0.12	0.27	0.73	0.47125	0.39875	0.53875	0.21375	0.10875	0.51875	0.36625	0.3425	0.485	0.13625	0.18	0.385	0.24375	0.10875	0.63875	0.385	0.3375	0.09125	0.23125	0.23125	4.2	-0.2	-0.4	0.2	-0.522222	0.3374	0.429433	0.44284	0.4272	0.4482
0.73	0.27	0.27	0.27	0.12	0.73	0.5	0.73	0.95	0.12	0.12	0.27	0.27	0.12	0.99	0.5	0.27	0.12	0.27	0.12	0.4425	0.29	0.48125	0.29	0.1175	0.47125	0.36625	0.26625	0.38125	0.26	0.30375	0.3275	0.33	0.18375	0.71	0.385	0.36625	0.1	0.25	0.365	-3.2	0.933333	0.16	-0.571429	0.477778	0.5094	0.458133	0.45946	0.456686	0.428878
0.88	0.27	0.73	0.27	0.27	0.5	0.5	0.5	0.27	0.27	0.27	0.5	0.5	0.27	0.88	0.5	0.5	0.27	0.27	0.5	0.5	0.21375	0.36625	0.29	0.09875	0.4525	0.3375	0.3425	0.3625	0.2225	0.2375	0.27	0.25375	0.15625	0.8325	0.385	0.31875	0.08125	0.23125	0.3175	1.8	-0.6	0.16	0.528571	0.255556	0.5276	0.506133	0.4714	0.4524	0.445667
0.73	0.27	0.73	0.27	0.12	0.27	0.27	0.98	0.27	0.12	0.12	0.27	0.12	0.12	0.95	0.5	0.27	0.12	0.12	0.12	0.595	0.195	0.2625	0.27125	0.13	0.4525	0.36625	0.35875	0.2525	0.25375	0.26875	0.29875	0.30125	0.16625	0.9425	0.385	0.36625	0.1	0.17375	0.425	-0.4	-0.0666667	0.22	1.01429	0.433333	0.4814	0.5034	0.47758	0.453029	0.454411
0.5	0.12	0.12	0.12	0.12	0.27	0.27	0.12	0.12	0.12	0.12	0.27	0.12	0.05	1	0.27	0.27	0.05	0.05	0.5	0.6525	0.27125	0.36625	0.36625	0.13	0.47125	0.385	0.58375	0.28	0.25375	0.2725	0.29875	0.31	0.17875	0.92125	0.41375	0.385	0.1125	0.18625	0.3775	-1.6	0.833333	1.22	0.185714	0.566667	0.5012	0.4503	0.46488	0.472971	0.469844
0.27	0.12	0.27	0.73	0.12	0.5	0.27	0.12	0.12	0.73	0.88	0.27	0.73	0.5	0.73	0.27	0.27	0.12	0.27	0.73	0.6525	0.3	0.3475	0.29	0.12125	0.475	0.385	0.66	0.28	0.12125	0.13	0.3275	0.23375	0.095	0.955	0.385	0.35625	0.10375	0.14	0.2725	4.5	1.56667	0.54	0.585714	-0.288889	0.3683	0.438467	0.45476	0.483114	0.488178
0.88	0.12	0.27	0.27	0.12	0.5	0.27	0.5	0.12	0.12	0.12	0.27	0.12	0.05	0.99	0.5	0.73	0.05	0.12	0.27	0.51875	0.28125	0.32875	0.32875	0.14	0.4175	0.3375	0.58375	0.17625	0.27375	0.32875	0.30875	0.38625	0.19875	0.81375	0.30875	0.29875	0.1125	0.15875	0.40625	1.8	1.56667	0.54	-0.171429	0.277778	0.4459	0.4304	0.47456	0.479514	0.4604
0.73	0.12	0.12	0.12	0.12	0.27	0.27	0.73	0.12	0.12	0.12	0.27	0.12	0.05	1	0.27	0.27	0.05	0.12	0.5	0.46125	0.37	0.29	0.3475	0.12125	0.44625	0.3375	0.5075	0.17625	0.255	0.31	0.3375	0.3575	0.18	0.825	0.30875	0.3275	0.09375	0.14	0.33	-1.6	-0.0666667	0.16	0.157143	-0.422222	0.477	0.5011	0.4748	0.4478	0.4582
0.5	0.73	0.27	0.73	0.05	0.27	0.27	0.99	0.12	0.05	0.05	0.27	0.12	0.05	0.88	0.27	0.27	0.05	0.05	0.05	0.4325	0.29375	0.2425	0.3475	0.13	0.475	0.4225	0.3675	0.205	0.31125	0.3375	0.36625	0.37625	0.2275	0.755	0.30875	0.35625	0.1125	0.24375	0.405	-0.4	-1.83333	-0.36	-0.257143	-0.766667	0.5804	0.519933	0.45302	0.448743	0.459656
0.27	0.5	0.27	0.27	0.05	0.99	0.73	0.73	0.27	0.05	0.12	0.5	0.5	0.05	0.95	0.27	0.27	0.12	0.12	0.12	0.4325	0.3225	0.2425	0.405	0.12125	0.36625	0.365	0.4	0.18625	0.31125	0.32875	0.3375	0.32875	0.33125	0.74625	0.30875	0.35625	0.1125	0.2625	0.34875	-3.5	-0.666667	-1.62	-1.4	-0.766667	0.5024	0.4474	0.4654	0.466771	0.441578
0.27	0.12	0.12	0.12	0.27	0.27	0.12	0.5	0.12	0.73	0.95	0.12	0.88	0.5	0.12	0.12	0.27	0.12	0.27	0.73	0.4325	0.47375	0.29	0.36625	0.09375	0.45625	0.44125	0.42875	0.22375	0.15	0.13	0.46125	0.22375	0.21875	0.7925	0.385	0.44125	0.10375	0.225	0.215	1.9	-2.03333	-2	-1.88571	-1.76667	0.2594	0.4232	0.4689	0.451429	0.465089
0.27	0.98	0.27	0.27	0.12	0.5	0.5	0.12	0.27	0.12	0.12	0.73	0.27	0.12	0.98	0.27	0.27	0.12	0.12	0.12	0.4325	0.36625	0.27125	0.32875	0.1125	0.39875	0.375	0.53625	0.205	0.22625	0.23375	0.385	0.3	0.26625	0.57625	0.36625	0.44125	0.10375	0.24375	0.32	-4.5	-2.03333	-2.24	-2.3	-2.01111	0.5078	0.420567	0.42052	0.466129	0.461578
0.27	0.27	0.5	0.88	0.12	0.5	0.95	0.12	0.5	0.5	0.27	0.5	0.27	0.5	0.27	0.5	0.5	0.27	0.88	0.27	0.4325	0.53125	0.29	0.35625	0.1125	0.4275	0.3475	0.47875	0.195	0.17875	0.215	0.4425	0.3	0.21875	0.57375	0.4225	0.44125	0.085	0.14875	0.25375	-3.5	-3.2	-2.44	-2.3	-1.92222	0.4945	0.446933	0.43602	0.4424	0.471044
0.27	0.12	0.12	0.12	0.05	0.12	0.27	0.12	0.12	0.12	0.12	0.27	0.12	0.88	1	0.27	0.27	0.12	0.27	0.12	0.385	0.4925	0.36625	0.48375	0.12125	0.5325	0.5175	0.37	0.26125	0.22625	0.23375	0.5	0.31875	0.25625	0.3875	0.45125	0.47	0.10375	0.2525	0.2725	-1.6	-3.2	-2.9	-1.91429	-2.26667	0.3385	0.470967	0.467	0.450943	0.457844
0.27	0.95	0.5	0.27	0.12	0.5	0.27	0.12	0.27	0.12	0.12	0.88	0.27	0.05	0.27	0.73	0.95	0.05	0.12	0.27	0.36625	0.32875	0.2875	0.43375	0.12125	0.3675	0.42875	0.28125	0.21125	0.345	0.31	0.3675	0.32875	0.3875	0.36625	0.36625	0.385	0.10375	0.27125	0.34875	-4.5	-2.16667	-2.16	-2.68571	-1.37778	0.5799	0.444233	0.47788	0.479829	0.436389
0.88	0.12	0.27	0.12	0.12	0.27	0.12	0.98	0.12	0.12	0.12	0.27	0.12	0.05	0.12	0.5	0.73	0.05	0.12	0.5	0.375	0.50875	0.31625	0.44375	0.12125	0.39625	0.4475	0.145	0.23	0.345	0.25375	0.4625	0.36	0.34	0.385	0.4425	0.4125	0.095	0.2525	0.29125	-0.4	-1.9	-2.16	-1.4	-1.38889	0.4143	0.5188	0.4713	0.451471	0.448111
0.73	0.73	0.5	0.95	0.12	0.5	0.5	0.27	0.27	0.12	0.12	0.5	0.12	0.05	0.27	0.95	0.5	0.05	0.12	0.12	0.4225	0.31625	0.2875	0.32125	0.1125	0.32	0.34375	0.34375	0.18375	0.3325	0.24125	0.3575	0.3325	0.3275	0.25	0.38625	0.4225	0.08625	0.24	0.32625	-0.8	-1.56667	-0.94	-0.642857	-0.933333	0.5622	0.479367	0.46546	0.432957	0.4487
0.12	0.27	0.5	0.99	0.05	0.73	0.95	0.12	0.27	0.05	0.05	0.5	0.12	0.73	0.12	0.27	0.27	0.05	0.27	0.05	0.49875	0.37375	0.25875	0.22125	0.14	0.2625	0.18375	0.35375	0.13625	0.37	0.27875	0.38625	0.36125	0.195	0.25	0.47125	0.51125	0.05875	0.12625	0.41125	-3.5	0.0666667	0.32	-0.471429	-0.622222	0.4616	0.444367	0.42246	0.4579	0.444611
0.12	0.02	0.02	0.02	0.12	0.05	0.02	0.02	0.02	1	0.73	0.05	0.73	0.27	0.05	0.05	0.27	0.05	0.12	0.88	0.5275	0.405	0.3375	0.3425	0.14	0.3475	0.28125	0.47375	0.1675	0.25125	0.185	0.42375	0.285	0.14875	0.14875	0.5275	0.6	0.05	0.1175	0.3075	4.5	0.933333	0.32	0.0714286	-0.522222	0.3093	0.3786	0.44222	0.440443	0.451622
0.95	0.73	0.12	0.05	0.27	0.27	0.12	0.27	0.12	0.73	0.5	0.27	0.98	0.12	0.12	0.5	0.27	0.05	0.12	0.5	0.4525	0.23125	0.29625	0.33875	0.12125	0.3675	0.26875	0.4425	0.155	0.30375	0.29	0.32	0.2825	0.17625	0.12125	0.49875	0.54375	0.05	0.1175	0.38375	1.8	1.96667	0.34	0.0285714	-0.111111	0.3649	0.395767	0.42132	0.438629	0.428089
0.5	0.05	0.27	0.12	0.05	0.12	0.05	1	0.05	0.02	0.02	0.12	0.05	0.02	0.05	0.27	0.12	0.05	0.02	0.02	0.46125	0.31625	0.30625	0.34875	0.14875	0.38625	0.29625	0.24375	0.16375	0.3925	0.35	0.33875	0.4175	0.18875	0.225	0.575	0.595	0.05	0.13	0.415	-0.4	0.233333	0.9	0.0285714	-0.144444	0.5131	0.445233	0.40932	0.4109	0.422644
0.27	0.27	0.27	0.12	0.27	0.27	0.12	0.05	0.12	0.73	0.5	0.73	0.5	0.12	0.12	0.5	0.98	0.05	0.12	0.88	0.4325	0.28875	0.35375	0.26375	0.12125	0.415	0.25875	0.34375	0.155	0.38	0.36625	0.2625	0.40875	0.185	0.1975	0.49	0.4875	0.05	0.1175	0.38375	-0.7	-0.6	-0.16	0.428571	0.366667	0.4577	0.457467	0.42108	0.397143	0.382044
0.5	0.12	0.27	0.12	0.12	0.12	0.12	0.98	0.12	0.12	0.05	0.12	0.12	0.05	0.12	0.5	0.98	0.05	0.05	0.12	0.48	0.33625	0.325	0.23125	0.14	0.465	0.25875	0.2275	0.18375	0.45625	0.4225	0.33875	0.45625	0.105	0.1975	0.51875	0.4875	0.05	0.1075	0.4875	-0.7	-0.733333	-0.66	0.328571	0.366667	0.4016	0.409133	0.42116	0.381071	0.385078
0.5	0.27	0.27	0.27	0.12	0.88	0.27	0.12	0.27	0.27	0.73	0.27	0.5	0.12	0.12	0.95	0.5	0.05	0.12	0.5	0.5275	0.40625	0.35625	0.2725	0.1275	0.4825	0.36125	0.3475	0.225	0.31875	0.2525	0.405	0.3325	0.065	0.20625	0.51875	0.5475	0.05	0.09875	0.33625	-0.8	-0.733333	0.18	-0.428571	-0.522222	0.3681	0.378333	0.3579	0.398786	0.413089
0.5	0.12	0.5	0.27	0.12	0.27	0.27	0.12	0.12	0.12	0.12	0.27	0.27	0.05	0.88	0.88	0.99	0.05	0.12	0.27	0.5	0.39625	0.34625	0.3	0.1	0.65	0.4375	0.32875	0.29125	0.2525	0.2725	0.43375	0.2725	0.06125	0.11125	0.5275	0.48625	0.05	0.09875	0.3175	-0.7	0.766667	-0.38	-0.871429	-1.11111	0.3653	0.310067	0.36414	0.405686	0.414356
0.27	0.73	0.88	0.27	0.12	0.88	0.27	0.12	0.27	0.73	0.73	0.5	0.5	0.12	0.12	0.5	0.5	0.05	0.12	0.73	0.57625	0.32875	0.28	0.3	0.1275	0.57375	0.44625	0.21875	0.28125	0.2925	0.285	0.405	0.3475	0.08375	0.215	0.60375	0.595	0.05875	0.11125	0.3675	3.8	-0.133333	-0.94	-1.27143	-0.566667	0.1968	0.350333	0.3961	0.394057	0.380444
0.73	0.5	0.27	0.73	0.05	0.98	0.95	0.12	0.5	0.05	0.05	0.5	0.12	0.02	0.12	0.5	0.27	0.05	0.12	0.12	0.5475	0.38625	0.35625	0.29	0.1175	0.64625	0.45625	0.30375	0.3	0.30125	0.3225	0.37625	0.36625	0.0875	0.23375	0.60375	0.5925	0.0675	0.11125	0.34875	-3.5	-1.06667	-1.48	-0.528571	-0.533333	0.4889	0.4157	0.39774	0.366386	0.368078
0.5	0.73	0.27	0.5	0.02	0.95	0.99	0.12	0.5	0.05	0.05	0.73	0.12	0.02	0.12	0.5	0.27	0.05	0.12	0.05	0.605	0.3575	0.32875	0.31	0.12125	0.65	0.45125	0.19625	0.3	0.30125	0.37875	0.3475	0.385	0.14375	0.32875	0.575	0.485	0.18625	0.1675	0.3575	-3.5	-3.5	-0.44	-0.471429	-0.555556	0.5614	0.475533	0.36626	0.363286	0.347711
0.73	0.5	0.27	0.27	0.05	1	0.73	0.12	0.5	0.05	0.05	0.5	0.27	0.02	0.12	0.5	0.27	0.05	0.12	0.12	0.57625	0.415	0.405	0.32	0.1175	0.5675	0.465	0.19625	0.3	0.35875	0.35	0.37625	0.42625	0.19125	0.32875	0.49	0.485	0.195	0.18625	0.34875	-3.5	-0.833333	-1.28	-0.5	-0.255556	0.3763	0.381867	0.39618	0.342286	0.327333
0.88	0.12	0.12	0.12	0.27	0.12	0.12	0.12	0.12	0.95	0.73	0.12	0.88	0.27	0.12	0.5	0.5	0.12	0.12	0.88	0.52875	0.51	0.4525	0.33875	0.09	0.6775	0.54125	0.19625	0.36625	0.265	0.3125	0.42375	0.42625	0.26375	0.23375	0.47125	0.4425	0.21375	0.2625	0.25375	4.5	0.2	-0.76	-0.771429	-0.255556	0.2079	0.3102	0.34206	0.340557	0.324711
0.5	0.5	0.27	0.5	0.12	0.95	0.88	0.73	0.5	0.12	0.12	0.5	0.27	0.05	0.27	0.5	0.73	0.12	0.12	0.12	0.6525	0.4625	0.38625	0.37625	0.10875	0.555	0.475	0.19625	0.3475	0.2925	0.3125	0.37625	0.455	0.2825	0.23375	0.5	0.385	0.21375	0.2625	0.2725	-0.4	1.06667	0.32	-0.371429	-1.03333	0.3464	0.257533	0.26672	0.319529	0.358756
0.73	0.12	0.05	0.05	0.12	0.12	0.12	0.12	0.12	0.12	0.5	0.12	0.27	0.5	0.88	0.27	0.12	1	0.5	0.12	0.56625	0.51	0.49875	0.40375	0.1175	0.65875	0.56125	0.29125	0.395	0.2925	0.27375	0.42375	0.47375	0.23	0.17625	0.52875	0.46125	0.1125	0.215	0.2725	-0.9	0.2	0.88	-0.328571	-1.03333	0.2183	0.2498	0.2598	0.311214	0.344
0.5	0.5	0.88	0.12	0.12	0.27	0.12	0.12	0.27	0.73	0.5	0.27	0.98	0.5	0.12	0.27	0.5	0.12	0.27	0.5	0.62375	0.405	0.47125	0.36625	0.13	0.58375	0.47125	0.33875	0.3475	0.225	0.2825	0.3475	0.385	0.31875	0.38	0.52875	0.41375	0.23125	0.2625	0.23375	1.9	0.1	-0.66	-0.328571	-0.822222	0.1847	0.248233	0.31886	0.308329	0.321267
0.27	0.5	0.73	0.27	0.12	0.27	0.27	0.12	0.27	0.27	0.5	0.27	0.88	0.88	0.12	0.73	0.88	0.27	0.73	0.27	0.62375	0.465	0.49	0.3475	0.13875	0.52125	0.395	0.3575	0.31875	0.29125	0.29125	0.37625	0.37875	0.275	0.48875	0.47125	0.36625	0.22125	0.205	0.2625	-0.7	-0.666667	-1.28	-1.2	-0.611111	0.3417	0.3432	0.3208	0.3296	0.321989
0.88	0.73	0.5	0.95	0.12	0.73	0.5	0.73	0.5	0.12	0.12	0.5	0.12	0.05	0.27	0.73	0.27	0.05	0.12	0.12	0.47125	0.43625	0.51875	0.2625	0.13875	0.4825	0.36625	0.28125	0.29	0.31	0.33875	0.3475	0.42625	0.43625	0.48875	0.4425	0.4425	0.2675	0.32875	0.29	-3.2	-2.46667	-1.42	-1.37143	-0.611111	0.5032	0.400333	0.3485	0.3348	0.324367
0.27	0.5	0.95	0.5	0.12	0.98	0.88	0.27	0.5	0.05	0.12	0.5	0.27	0.05	0.27	0.5	0.27	0.12	0.12	0.12	0.51875	0.43625	0.49125	0.3475	0.13875	0.395	0.3	0.2625	0.26125	0.31875	0.33875	0.31875	0.38875	0.43625	0.58	0.4425	0.385	0.25875	0.32875	0.29	-3.5	-2.76667	-2.12	-0.6	-0.744444	0.3561	0.405367	0.38812	0.336371	0.327156
0.73	0.27	0.88	0.27	0.12	0.5	0.27	0.5	0.27	0.12	0.12	0.27	0.12	0.73	0.99	0.5	0.27	0.12	0.27	0.12	0.46125	0.465	0.50875	0.385	0.24625	0.47375	0.37625	0.23375	0.29	0.38625	0.33875	0.3475	0.43625	0.3225	0.41375	0.4425	0.4325	0.14875	0.28125	0.39375	-1.6	-2.23333	-1.08	-1.1	-0.177778	0.3568	0.365233	0.36564	0.363057	0.338589
0.5	0.98	0.27	0.27	0.12	0.5	0.27	0.27	0.27	0.12	0.12	0.73	0.12	0.05	0.99	0.5	0.27	0.12	0.12	0.12	0.49	0.4325	0.5375	0.40375	0.24625	0.47375	0.395	0.37	0.29	0.31	0.29125	0.31875	0.32875	0.36	0.4325	0.47125	0.40375	0.14875	0.28125	0.34625	-1.6	0.433333	-0.76	-0.4	-0.433333	0.3828	0.322967	0.3393	0.360129	0.367078
0.27	0.12	0.12	0.12	0.27	0.27	0.12	0.12	0.12	0.95	0.73	0.12	0.5	0.73	0.27	0.27	0.5	0.27	0.5	0.95	0.5475	0.51125	0.575	0.5075	0.21875	0.5875	0.49	0.38875	0.30875	0.1875	0.1675	0.42375	0.28125	0.17125	0.5225	0.47125	0.3275	0.1025	0.1575	0.22375	4.5	0.433333	0.78	1.11022e-16	-0.744444	0.2293	0.327867	0.33232	0.351257	0.377389
0.27	0.27	0.5	0.73	0.12	0.5	0.73	0.12	0.27	0.12	0.12	0.27	0.12	0.05	1	0.27	0.27	0.12	0.12	0.12	0.47125	0.41625	0.48	0.3275	0.2375	0.5775	0.36625	0.30375	0.2425	0.39875	0.29125	0.3575	0.37625	0.28375	0.40375	0.41375	0.4325	0.12125	0.205	0.40375	-1.6	2.36667	1.02	0	0.111111	0.3715	0.307333	0.34918	0.362457	0.339578
0.73	0.12	0.12	0.12	0.98	0.27	0.12	0.12	0.12	0.73	0.5	0.12	0.5	0.27	0.27	0.27	0.5	0.12	0.27	0.95	0.395	0.37875	0.415	0.34375	0.24	0.49	0.33875	0.2725	0.26125	0.33125	0.2625	0.32	0.31	0.36875	0.46375	0.36625	0.385	0.1975	0.29625	0.3	4.2	0.733333	0.64	0.871429	0.355556	0.3212	0.377933	0.35952	0.334757	0.314789
0.5	0.95	0.5	0.27	0.12	0.27	0.27	0.98	0.27	0.12	0.12	0.5	0.12	0.12	0.27	0.5	0.27	0.12	0.12	0.12	0.3475	0.36625	0.29125	0.30625	0.335	0.49	0.32	0.10875	0.2425	0.39875	0.32875	0.3575	0.37625	0.3025	0.355	0.30875	0.395	0.18875	0.29625	0.395	-0.4	0.1	0.64	0.914286	0.1	0.4411	0.398933	0.34624	0.299071	0.320044
0.5	0.27	0.88	0.95	0.05	0.95	0.88	0.12	0.27	0.12	0.12	0.5	0.88	0.05	0.12	0.5	0.5	0.05	0.12	0.12	0.37625	0.45125	0.24375	0.22125	0.335	0.465	0.2725	0.1975	0.2425	0.39	0.32	0.37625	0.3	0.31125	0.265	0.30875	0.36625	0.18875	0.29625	0.395	-3.5	0.2	0.7	-0.285714	-0.222222	0.4345	0.346167	0.29854	0.324043	0.329767
0.27	0.12	0.12	0.12	0.12	0.88	0.12	0.05	0.12	0.98	0.5	0.12	0.5	0.27	0.05	0.27	0.88	0.05	0.12	0.73	0.37375	0.4575	0.325	0.31125	0.29875	0.44625	0.355	0.19375	0.2525	0.16625	0.1875	0.41125	0.3	0.255	0.24125	0.30625	0.2625	0.28	0.325	0.2025	4.5	-0.1	-0.92	-0.7	-0.822222	0.1629	0.243467	0.31512	0.338157	0.325878
0.12	0.05	0.05	0.02	1	0.05	0.05	0.02	0.5	0.12	0.27	0.05	0.12	0.95	0.02	0.12	0.12	0.73	1	0.12	0.3925	0.43875	0.2775	0.235	0.18875	0.49375	0.27875	0.185	0.18625	0.38125	0.2925	0.3925	0.395	0.22625	0.12625	0.30625	0.3575	0.195	0.31	0.3825	-1.3	-0.233333	-1.74	-1.42857	-0.144444	0.133	0.233333	0.32096	0.320029	0.301978
0.12	1	0.27	0.12	0.02	0.5	0.27	0.05	0.27	0.05	0.27	0.95	0.27	0.05	0.12	0.27	0.12	0.05	0.12	0.05	0.31625	0.32	0.24125	0.21375	0.20375	0.495	0.25125	0.16875	0.20625	0.42125	0.34	0.28	0.405	0.33875	0.08625	0.26875	0.32875	0.27125	0.40125	0.3825	-3.9	-3.23333	-1.22	-0.728571	-0.111111	0.4041	0.3358	0.27292	0.279357	0.291622
0.73	0.98	0.27	0.27	0.05	0.98	0.5	0.12	0.27	0.05	0.05	0.88	0.27	0.05	0.12	0.5	0.27	0.05	0.12	0.12	0.21125	0.21875	0.27	0.195	0.2	0.46375	0.29875	0.04375	0.1875	0.4975	0.47125	0.26	0.48125	0.3575	0.0675	0.21125	0.33875	0.2625	0.40125	0.42125	-4.5	-3.1	-1.22	0.414286	0.355556	0.4703	0.356233	0.27162	0.249857	0.273233
0.02	0.02	0.01	0.01	0.05	0.05	0.02	0.02	0.05	0.02	0.05	0.02	0.12	0.5	0.01	0.02	0.05	1	0.73	0.02	0.35625	0.33875	0.22625	0.12375	0.20875	0.47625	0.26375	0.16375	0.19625	0.4925	0.4625	0.33875	0.405	0.30125	0.08125	0.27125	0.3375	0.14375	0.31625	0.43375	-0.9	-0.3	-0.06	0.314286	0.7	0.1943	0.273667	0.29062	0.265957	0.254889
0.27	0.05	0.05	0.02	0.12	0.05	0.05	0.02	0.12	0.98	0.73	0.05	0.5	0.5	0.05	0.12	0.27	0.12	0.88	0.95	0.30625	0.335	0.20875	0.11	0.2	0.38125	0.25125	0.16	0.17875	0.34125	0.4375	0.32625	0.4175	0.33	0.07625	0.23125	0.215	0.2625	0.31625	0.28875	4.5	2.7	1.48	0.442857	0.622222	0.1564	0.1929	0.26492	0.285443	0.254056
0.12	0.12	0.05	0.05	0.12	0.73	0.12	0.02	0.05	0.98	0.88	0.12	0.73	0.27	0.05	0.12	0.27	0.05	0.12	0.88	0.34375	0.43	0.325	0.16625	0.08125	0.4	0.29875	0.2675	0.1875	0.3325	0.39125	0.37375	0.38875	0.24625	0.08875	0.3075	0.23375	0.18625	0.30125	0.28875	4.5	4.26667	2.3	1.54286	0.377778	0.228	0.22	0.22474	0.249914	0.285222
0.27	0.12	0.73	0.27	0.12	0.5	0.88	0.05	0.12	0.73	0.95	0.27	0.73	0.27	0.12	0.27	0.5	0.05	0.12	0.5	0.3725	0.415	0.24	0.1575	0.085	0.4575	0.28	0.2725	0.17875	0.36375	0.355	0.35875	0.37	0.24625	0.09875	0.34625	0.22375	0.18625	0.30125	0.345	3.8	2.63333	3.24	1.68571	0.377778	0.2756	0.257667	0.21696	0.2418	0.296133
0.95	0.27	0.27	0.12	0.12	0.12	0.12	0.98	0.12	0.05	0.05	0.27	0.12	0.05	0.12	0.5	0.27	0.05	0.05	0.12	0.23	0.28	0.27	0.14875	0.20125	0.38875	0.31875	0.20375	0.15125	0.5525	0.57125	0.255	0.50375	0.30125	0.09	0.27	0.2525	0.18625	0.31	0.4875	-0.4	2.4	1.64	1.25714	1.37778	0.2694	0.233467	0.26838	0.2858	0.262844
0.12	0.12	0.02	0.02	0.12	0.12	0.05	0.02	0.05	0.73	0.98	0.05	0.98	0.5	0.05	0.05	0.12	0.12	0.27	0.5	0.365	0.40625	0.315	0.16625	0.21	0.41625	0.34	0.3275	0.16	0.575	0.51125	0.31375	0.44375	0.21625	0.10375	0.33875	0.29875	0.05875	0.20625	0.56	3.8	-0.0333333	-0.04	1.25714	1.94444	0.1554	0.279433	0.32324	0.287843	0.273333
0.27	0.88	0.98	0.5	0.05	0.88	0.5	0.88	0.5	0.05	0.05	0.5	0.12	0.05	0.12	0.73	0.27	0.05	0.12	0.05	0.3275	0.4275	0.25125	0.1375	0.20625	0.40625	0.34	0.2325	0.2125	0.54375	0.5425	0.37	0.50375	0.21625	0.10375	0.2725	0.28	0.05875	0.14875	0.50375	-3.5	-1.2	0.1	1.21429	0.944444	0.4135	0.357067	0.30226	0.296514	0.333778
0.5	0.88	0.27	0.27	0.05	0.73	0.88	0.12	0.27	0.05	0.05	0.98	0.12	0.05	0.27	0.73	0.27	0.05	0.12	0.12	0.3175	0.4275	0.34	0.16625	0.20625	0.3675	0.2925	0.33125	0.25	0.5125	0.52375	0.31	0.5375	0.21625	0.085	0.29125	0.28	0.0675	0.14875	0.495	-3.9	-0.966667	1.02	0.0285714	0.655556	0.5023	0.362167	0.30612	0.3572	0.384867
0.27	0.05	0.05	0.05	0.98	0.05	0.05	0.5	0.05	0.88	0.88	0.05	0.73	0.27	0.05	0.12	0.27	0.05	0.12	0.88	0.3275	0.53125	0.29125	0.16625	0.08125	0.42375	0.30125	0.28375	0.38125	0.3325	0.335	0.4075	0.40375	0.27375	0.10375	0.34875	0.2325	0.17125	0.25875	0.3525	4.5	1.6	-0.64	0.357143	0.0888889	0.1707	0.320567	0.41512	0.416971	0.4404
