0.12	0.95	0.5	0.12	0.02	0.73	0.27	0.27	0.12	0.5	0.12	0.99	0.12	0.02	0.12	0.12	0.27	0.02	0.05	0.5	0.2375	0.17375	0.24375	0.29125	0.15875	0.14875	0.1475	0.13375	0.2425	0.46375	0.27	0.13	0.33125	0.31375	0.20375	0.2325	0.41375	0.06125	0.23375	0.51125	-0.7	0.633333	0.24	1.17143	0.733333	0.4814	0.299933	0.35962	0.362614	0.414067
0.5	0.27	0.01	0.01	0.95	0.02	0.02	0.01	0.01	0.88	0.27	0.02	0.27	0.05	0.02	0.05	0.27	0.01	0.05	1	0.19	0.255	0.305	0.3175	0.03375	0.22875	0.175	0.16625	0.2525	0.43	0.25125	0.25125	0.30625	0.31	0.2475	0.25	0.49	0.05875	0.225	0.47625	4.2	2.1	1.5	0.0714286	1.02222	0.1217	0.2867	0.2396	0.299286	0.314789
0.02	0.02	0.02	0.01	0.02	0.02	0.01	0.01	0.5	0.27	0.12	0.02	0.12	1	0.01	0.02	0.5	0.27	1	0.73	0.23125	0.3425	0.3225	0.345	0.1975	0.305	0.2525	0.16625	0.2	0.41125	0.25125	0.29875	0.3825	0.1825	0.22	0.28125	0.46125	0.03	0.125	0.425	2.8	3.26667	1.12	1.21429	0.755556	0.257	0.139967	0.2314	0.213257	0.255011
0.12	0.02	0.01	0.01	0.02	0.02	0.01	0.01	0.05	0.5	0.73	0.02	0.88	1	0.01	0.12	0.05	0.12	0.5	0.5	0.26625	0.23875	0.20125	0.285	0.22875	0.305	0.2525	0.1625	0.285	0.50375	0.235	0.27125	0.315	0.2675	0.21625	0.25	0.41375	0.1575	0.24375	0.5575	2.8	0.7	2.16	1.7	1.61111	0.0412	0.184633	0.14294	0.193871	0.208456
0.02	0.05	0.27	1	0	0.5	0.73	0.12	0.05	0.01	0	0.27	0.01	0	0.02	0.12	0.27	0	0.01	0.01	0.2975	0.24375	0.225	0.18875	0.235	0.26375	0.21	0.18	0.20875	0.54625	0.33	0.24	0.45125	0.3925	0.09625	0.22125	0.3675	0.17375	0.30875	0.6375	-3.5	1.26667	1.68	2.4	1.4	0.2557	0.112	0.1508	0.156857	0.253633
0.12	0.02	0.02	0.12	0.05	0.05	0.02	0.02	0.02	0.99	0.73	0.05	0.95	0.27	0.27	0.12	0.73	0.02	0.05	0.95	0.285	0.1625	0.30375	0.375	0.2325	0.2625	0.3275	0.2825	0.3075	0.3675	0.23	0.1775	0.325	0.35875	0.05625	0.26875	0.29125	0.17125	0.30375	0.46375	4.5	0.933333	1.96	1.3	1.43333	0.0391	0.151933	0.14386	0.239943	0.297889
0.73	0.5	0.27	0.27	0.5	0.73	0.73	0.12	0.12	0.12	0.12	0.5	0.73	0.05	0.27	0.95	0.88	0.05	0.27	0.27	0.18	0.13125	0.33375	0.44625	0.06375	0.285	0.34625	0.28375	0.30875	0.38125	0.27875	0.22875	0.38125	0.38625	0.0875	0.22125	0.3575	0.16875	0.285	0.43875	1.8	3.5	0.7	0.842857	0.577778	0.161	0.1408	0.27628	0.3289	0.341411
0.5	0.05	0.02	0.02	0.27	0.27	0.12	0.02	0.73	0.99	0.5	0.05	0.27	0.73	0.02	0.12	0.12	0.88	0.5	0.88	0.24	0.2	0.3775	0.53875	0.09625	0.37375	0.455	0.30125	0.20375	0.2725	0.23125	0.345	0.43	0.1825	0.24125	0.4325	0.48125	0.03375	0.14625	0.28625	4.2	0.833333	1.32	-0.0571429	0.0888889	0.2223	0.3622	0.40108	0.396357	0.386433
0.27	0.12	0.95	0.95	0.05	0.27	0.5	0.98	0.12	0.12	0.05	0.27	0.27	0.02	0.05	0.27	0.12	0.02	0.05	0.27	0.36375	0.20375	0.275	0.4275	0.13625	0.43375	0.44	0.195	0.3075	0.41	0.30625	0.34875	0.43	0.2375	0.27	0.4325	0.50875	0.1325	0.155	0.39125	-3.5	0.1	-0.28	0.214286	0.2	0.7033	0.601767	0.49594	0.454429	0.408311
0.12	0.27	0.88	0.73	0.05	0.27	0.5	0.99	0.88	0.05	0.05	0.27	0.05	0.02	0.05	0.5	0.12	0.02	0.05	0.05	0.41375	0.18125	0.25625	0.33625	0.1375	0.38625	0.36375	0.30375	0.20875	0.4175	0.30625	0.33	0.4575	0.23875	0.2825	0.40375	0.4775	0.13375	0.155	0.41875	-0.4	-2.46667	-0.96	0.114286	0.544444	0.8797	0.6988	0.59618	0.482857	0.411067
0.27	0.5	0.5	0.73	0.05	0.88	0.88	0.12	0.12	0.12	0.05	0.88	0.5	0.05	0.27	0.5	0.95	0.02	0.12	0.12	0.395	0.27375	0.3925	0.44	0.13375	0.3375	0.37625	0.41625	0.31625	0.2875	0.22125	0.31	0.28875	0.20375	0.33125	0.45125	0.345	0.1325	0.1425	0.2975	-3.5	-1.83333	-1.04	-0.2	-0.455556	0.5134	0.6851	0.59934	0.499929	0.450844
0.27	0.12	0.12	0.5	0.05	0.27	0.27	0.05	0.27	0.27	0.12	0.5	0.05	0.05	0.99	0.88	0.73	0.02	0.12	0.12	0.31	0.26	0.4075	0.43625	0.0775	0.32375	0.3625	0.41	0.28375	0.37875	0.3075	0.29625	0.36375	0.28875	0.20875	0.2875	0.26875	0.12875	0.115	0.37375	-1.6	-0.433333	-0.42	-1.44286	-0.188889	0.6622	0.471233	0.51478	0.5249	0.433589
0.88	0.12	0.12	0.05	0.12	0.5	0.27	0.12	0.27	0.73	0.88	0.27	0.88	0.73	0.27	0.27	0.27	0.05	0.12	0.73	0.205	0.2875	0.49625	0.52375	0.04125	0.32375	0.43875	0.4325	0.255	0.26	0.18375	0.41	0.28875	0.11875	0.3025	0.41125	0.42125	0.0175	0.08625	0.30625	3.8	0.6	-1.24	-0.342857	-0.744444	0.2381	0.3936	0.41826	0.425243	0.444511
0.27	0.02	0.05	0.05	0.01	0.12	0.12	1	0.02	0	0	0.12	0.01	0.01	0.12	0.12	0.02	0.01	0.01	0.01	0.28125	0.2875	0.38875	0.40625	0.15875	0.34	0.3975	0.20125	0.27375	0.455	0.40625	0.3975	0.48625	0.325	0.3175	0.4025	0.4525	0.02625	0.1275	0.4725	-0.4	-0.366667	0.3	-0.4	-0.0444444	0.2805	0.305233	0.31672	0.345371	0.367122
0.12	0.99	0.73	0.95	0.02	0.27	0.5	0.05	0.12	0.02	0.05	0.5	0.05	0.02	0.88	0.5	0.5	0.01	0.02	0.05	0.31875	0.195	0.2275	0.3125	0.15375	0.37875	0.41125	0.25875	0.16625	0.4525	0.40875	0.4075	0.56625	0.32375	0.2225	0.32625	0.41125	0.02625	0.12625	0.47625	-4.5	-0.233333	0.46	0.5	-0.388889	0.3971	0.227767	0.2484	0.273	0.295756
0.05	0.01	0.01	0.01	0.05	0.01	0.01	0	0.01	1	0.88	0.01	0.88	0.73	0.01	0.02	0.05	0.02	0.05	0.88	0.3	0.2575	0.25625	0.34	0.15	0.30375	0.3775	0.265	0.1675	0.40625	0.4225	0.36125	0.51	0.32	0.29875	0.32625	0.3825	0.02875	0.11375	0.42	4.2	-0.366667	0.26	0.228571	0.422222	0.0057	0.241133	0.20214	0.212314	0.241489
0.27	0.27	0.73	0.27	0.05	0.5	0.73	0.27	0.5	0.5	0.27	0.73	0.5	0.05	0.05	0.5	0.88	0.02	0.27	0.95	0.25375	0.24375	0.185	0.27875	0.14625	0.215	0.26875	0.2275	0.16375	0.45	0.5175	0.22375	0.56625	0.52375	0.17125	0.1625	0.19375	0.145	0.195	0.41125	-0.8	2.06667	-0.36	0.228571	0.911111	0.3206	0.111033	0.19352	0.181871	0.179533
0.27	0.02	0.02	0.01	0.88	0.02	0.02	0.01	0.02	0.95	0.95	0.02	0.98	0.95	0.02	0.05	0.12	0.05	0.27	0.88	0.235	0.29375	0.36875	0.415	0.14625	0.24625	0.3575	0.33625	0.205	0.30875	0.32875	0.3125	0.41125	0.35375	0.2325	0.27625	0.3175	0.1975	0.2425	0.3625	2.8	-0.5	1.3	0.685714	0.688889	0.0068	0.188267	0.1191	0.156743	0.172156
0.27	0.5	0.27	0.88	0.02	0.73	0.99	0.5	0.12	0.05	0.12	0.73	0.73	0.02	0.05	0.27	0.27	0.02	0.05	0.12	0.21625	0.265	0.4225	0.425	0.25375	0.17625	0.33125	0.15625	0.22375	0.4225	0.435	0.31875	0.44375	0.47	0.22	0.2675	0.35875	0.20125	0.28375	0.45875	-3.5	1.03333	1.02	1.58571	0.344444	0.2374	0.0897333	0.13888	0.124543	0.224089
0.05	0.02	0.01	0.01	0.05	0.02	0.12	0.12	0.02	0.73	0.99	0.02	0.88	0.73	0.01	0.02	0.27	0.05	0.05	0.5	0.29125	0.235	0.3975	0.4775	0.28125	0.29375	0.4875	0.2125	0.34	0.3975	0.35375	0.455	0.48125	0.39375	0.12125	0.29875	0.35875	0.2025	0.34375	0.49625	3.8	1.03333	1.54	0.485714	0.411111	0.025	0.122333	0.1091	0.230571	0.205033
0.12	0.27	0.27	0.27	0.02	0.05	0.12	0.02	0.73	0.12	0.27	0.12	0.12	1	0.01	0.05	0.05	0.95	0.99	0.12	0.39875	0.20875	0.36625	0.44625	0.3975	0.29125	0.48875	0.23125	0.2525	0.41125	0.34	0.45625	0.48125	0.28375	0.1225	0.355	0.4425	0.08875	0.2225	0.55625	2.8	2.8	0.28	0.0428571	0.411111	0.1046	0.100433	0.25732	0.217	0.205244
0.73	0.27	0.88	0.88	0.95	0.27	0.27	0.73	0.12	0.05	0.05	0.27	0.12	0.27	0.73	0.73	0.5	0.5	0.5	0.27	0.29	0.175	0.19875	0.3375	0.275	0.2025	0.38	0.10875	0.26625	0.3575	0.34875	0.3475	0.41875	0.36875	0.15125	0.20875	0.2775	0.1425	0.25	0.41875	1.8	0.366667	0.2	0.242857	0.322222	0.1717	0.3414	0.25496	0.217114	0.213878
0.12	0.27	0.73	1	0.01	0.27	0.88	0.05	0.27	0.01	0.02	0.88	0.02	0.01	0.05	0.27	0.5	0.01	0.12	0.02	0.3475	0.2825	0.2775	0.33625	0.37375	0.2625	0.36375	0.19875	0.27875	0.2775	0.2675	0.39375	0.32375	0.28375	0.23625	0.26625	0.26875	0.19875	0.26625	0.37375	-3.5	-1.86667	0.28	0.514286	-0.422222	0.7479	0.381733	0.25148	0.2401	0.267322
0.5	0.27	0.27	0.5	0.27	0.5	0.88	0.12	0.95	0.5	0.27	0.88	0.5	0.12	0.05	0.5	0.5	0.05	0.5	0.73	0.3575	0.2225	0.335	0.29125	0.34125	0.145	0.2425	0.1425	0.24125	0.225	0.2275	0.305	0.1875	0.26875	0.2325	0.26625	0.36	0.1925	0.215	0.30375	-3.9	-1.06667	-0.6	-0.585714	-0.111111	0.2256	0.327033	0.31022	0.306214	0.242933
0.98	0.05	0.02	0.02	0.95	0.02	0.02	0.05	0.02	0.5	0.05	0.12	0.12	0.12	0.02	0.5	0.5	0.01	0.02	0.98	0.41375	0.24875	0.36625	0.35125	0.375	0.205	0.33625	0.13875	0.35625	0.14875	0.1375	0.4	0.13125	0.18	0.2375	0.2975	0.38875	0.1925	0.27125	0.3325	4.2	-0.433333	-1.74	-1.08571	-0.333333	0.0076	0.2105	0.37344	0.293829	0.2408
0.01	0	0	0.01	0	0.01	0.01	0	0	0	0.12	0.01	0	0	1	0.01	0.01	0	0	0	0.5825	0.3125	0.3975	0.41	0.50625	0.2625	0.44625	0.17625	0.30125	0.19875	0.10125	0.49	0.165	0.07625	0.12	0.38625	0.4775	0.1375	0.165	0.4425	-1.6	-0.433333	-1.18	-1.08571	-1.03333	0.3983	0.2979	0.22744	0.270129	0.263222
0.12	0.88	0.5	0.12	0.73	0.5	0.5	0.05	0.27	0.27	0.27	1	0.12	0.01	0.02	0.05	0.05	0.01	0.02	0.27	0.47875	0.2025	0.35	0.30125	0.29625	0.23	0.3575	0.08125	0.34375	0.15875	0.07625	0.3475	0.13625	0.04125	0.1525	0.32375	0.44375	0.07375	0.10125	0.38125	-3.9	-2.06667	-0.04	-1.08571	-1.62222	0.4878	0.301333	0.18348	0.207057	0.248022
0.73	0.02	0.27	0.02	0.02	0.02	0.02	0.12	0.5	0.12	0.05	0.02	0.12	0.01	0.02	0.5	1	0.01	0.02	0.27	0.3875	0.27625	0.2875	0.18875	0.38375	0.25625	0.3075	0.06625	0.2825	0.2675	0.1075	0.36	0.14	0.165	0.14625	0.23375	0.2625	0.07875	0.12	0.38125	-0.7	-0.933333	-1.58	-1.02857	-0.922222	0.0179	0.1705	0.24324	0.179814	0.166478
0.98	0.01	0.01	0.01	1	0.02	0.01	0.02	0.01	0.12	0.05	0.02	0.05	0.02	0.02	0.27	0.5	0.01	0.02	0.98	0.3275	0.36625	0.2925	0.13	0.29	0.2275	0.21375	0.06625	0.23125	0.29625	0.18375	0.3125	0.14875	0.21125	0.1425	0.215	0.2775	0.07875	0.12	0.31125	1.8	-0.8	-1.96	-1.22857	-0.988889	0.0058	0.110033	0.17056	0.180729	0.1508
0.5	0.73	0.5	0.73	0.12	0.5	0.99	0.27	0.27	0.02	0.05	0.73	0.27	0.05	0.05	0.27	0.27	0.5	0.12	0.02	0.375	0.3325	0.2625	0.12875	0.315	0.28375	0.15125	0.09125	0.25875	0.2525	0.18375	0.31875	0.14	0.195	0.15125	0.215	0.30625	0.01875	0.11125	0.32375	-3.5	-1.73333	-0.62	-1.64286	-1.25556	0.3064	0.1157	0.0758	0.1359	0.175322
0.01	0.27	1	0.12	0	0.5	0.05	0.02	0.73	0	0	0.12	0.01	0	0.01	0.27	0.27	0	0.01	0.05	0.4375	0.3925	0.20625	0.205	0.3325	0.285	0.27	0.12375	0.26375	0.3175	0.3	0.39625	0.26375	0.2925	0.0325	0.21625	0.31125	0.0875	0.1875	0.35375	-3.5	-1.4	-1.38	-0.828571	-0.655556	0.0349	0.118433	0.08912	0.0988286	0.133222
0	0	0	0	0	0	0	0	0.01	0.73	0.05	0	0.05	1	0	0	0	0.05	0.27	0.02	0.53375	0.3175	0.27125	0.2675	0.36625	0.2875	0.22	0.1225	0.32125	0.19875	0.2625	0.28875	0.25	0.1725	0.03375	0.30625	0.3725	0.08125	0.155	0.415	2.8	-1.73333	-1.38	-0.185714	-0.311111	0.014	0.0444667	0.13362	0.0990429	0.0858889
0.27	0.98	0.05	0.02	0.5	0.27	0.12	0.02	0.05	0.73	0.88	0.5	0.5	0.5	0.02	0.12	0.12	0.05	0.5	0.88	0.47125	0.22625	0.29375	0.29625	0.31625	0.3425	0.23625	0.13875	0.31625	0.2175	0.215	0.2575	0.27	0.24875	0.0625	0.32	0.355	0.095	0.18625	0.3075	-4.5	0.0333333	0.08	-0.557143	-0.311111	0.0845	0.108933	0.07622	0.107043	0.134167
0.88	0.5	0.27	0.73	0.27	0.95	0.5	0.5	0.5	0.05	0.05	0.88	0.27	0.02	0.12	0.5	0.5	0.02	0.05	0.12	0.335	0.31875	0.29875	0.24	0.25375	0.28875	0.22125	0.19875	0.35	0.3025	0.34625	0.27	0.3075	0.32125	0.0625	0.33	0.27875	0.1125	0.255	0.3425	1.8	0.366667	0.62	-0.157143	-0.555556	0.2283	0.110733	0.0816	0.1279	0.1823
0.02	0.02	0.05	0.01	0.02	0.02	0.02	0.01	0.5	0.5	1	0.02	0.73	0.73	0.01	0.02	0.05	0.05	0.5	0.27	0.41375	0.35	0.355	0.33	0.27625	0.4525	0.27625	0.28875	0.35	0.25875	0.23625	0.39625	0.25	0.2325	0.10375	0.41875	0.36375	0.0525	0.19875	0.33625	3.8	1.6	-0.08	0.285714	-0.555556	0.0194	0.103167	0.16928	0.185629	0.210422
0.88	0.01	0.02	0.5	1	0.02	0.05	0.02	0.01	0.05	0.02	0.02	0.05	0.05	0.02	0.5	0.27	0.01	0.02	0.73	0.3675	0.4275	0.325	0.36375	0.16	0.48125	0.3575	0.3	0.35375	0.32125	0.365	0.50375	0.34	0.32375	0.11625	0.3875	0.33625	0.06375	0.2725	0.2875	-0.8	0.766667	0.74	-0.614286	-0.6	0.0618	0.177867	0.24018	0.263557	0.266422
0.5	0.27	0.5	0.27	0.12	0.73	0.27	0.27	0.5	0.27	0.5	0.27	0.73	0.12	0.27	0.73	0.98	0.12	0.5	0.27	0.44875	0.48625	0.3275	0.4075	0.27625	0.4075	0.36375	0.3925	0.2975	0.2175	0.31375	0.50625	0.255	0.19625	0.1475	0.3925	0.2625	0.05	0.19375	0.37625	-0.7	-0.633333	-0.32	-0.528571	-0.955556	0.4524	0.317733	0.30642	0.328471	0.331311
0.5	0.27	0.27	0.27	0.27	0.27	0.27	0.98	0.73	0.12	0.27	0.5	0.12	0.12	0.12	0.73	0.27	0.12	0.12	0.5	0.43	0.37875	0.365	0.41125	0.20125	0.465	0.36375	0.3925	0.35375	0.2075	0.295	0.50625	0.3025	0.25625	0.17875	0.3925	0.39875	0.10625	0.2975	0.27125	-0.4	-1.53333	-1.86	-0.842857	-0.144444	0.439	0.483633	0.41032	0.381286	0.348256
0.27	0.5	0.73	0.73	0.05	0.88	0.95	0.5	0.27	0.12	0.12	0.88	0.27	0.05	0.27	0.5	0.5	0.05	0.12	0.12	0.41125	0.32125	0.28875	0.2775	0.21	0.285	0.23125	0.50875	0.45875	0.21625	0.3225	0.36375	0.265	0.3725	0.16	0.45	0.37	0.14625	0.41375	0.31875	-3.5	-2.6	-1.78	-0.985714	-0.388889	0.5595	0.512467	0.51756	0.412371	0.344689
0.5	0.88	0.73	0.88	0.05	0.73	0.73	0.12	0.27	0.05	0.05	0.98	0.05	0.05	0.12	0.5	0.27	0.05	0.12	0.12	0.38125	0.2725	0.28375	0.2575	0.2075	0.3025	0.2575	0.555	0.41125	0.16375	0.20875	0.35	0.20375	0.4	0.1775	0.45375	0.4075	0.17375	0.47625	0.28625	-3.9	-2.6	-1.08	-0.928571	-0.955556	0.5389	0.565467	0.47448	0.431571	0.346789
0.27	0.73	0.5	0.12	0.05	0.12	0.27	0.99	0.05	0.12	0.12	0.27	0.05	0.05	0.5	0.27	0.12	0.05	0.12	0.27	0.315	0.38125	0.4325	0.4125	0.08375	0.43875	0.37125	0.45	0.4525	0.155	0.2	0.55875	0.2	0.395	0.13375	0.435	0.4075	0.17375	0.47625	0.1825	-0.4	-0.5	-1.08	-1.01429	-1.3	0.598	0.457967	0.42592	0.372414	0.393244
0.12	0.12	0.12	0.05	0.05	0.27	0.12	0.73	0.73	0.5	0.5	0.73	0.27	0.98	0.12	0.12	0.5	0.5	0.95	0.27	0.28625	0.4575	0.53625	0.45	0.07	0.335	0.3625	0.57375	0.3675	0.075	0.0925	0.50125	0.08375	0.32625	0.15	0.39625	0.2525	0.10375	0.31625	0.15	2.8	0.666667	-0.64	-1.51429	-1.26667	0.237	0.343733	0.32168	0.378257	0.400333
0.5	0.27	0.12	0.12	0.12	0.12	0.12	0.95	0.88	0.12	0.12	0.12	0.12	0.88	0.12	0.73	0.5	0.27	0.98	0.12	0.21	0.41125	0.59375	0.41375	0.14625	0.335	0.335	0.43	0.2725	0.1225	0.14	0.54875	0.17875	0.33875	0.14125	0.35125	0.3375	0.12	0.30375	0.16875	-0.4	0.366667	-0.64	-1.07143	-1.31111	0.1962	0.157167	0.30988	0.372071	0.356656
0.01	0.01	0.01	0	0	0.01	0.01	0	0.12	0.01	0.02	0.01	0.02	0.95	0	0.05	0.12	0.27	1	0.01	0.27125	0.415	0.55	0.37125	0.2175	0.2725	0.2925	0.4925	0.39625	0.23125	0.2	0.54375	0.19125	0.33875	0.24125	0.43625	0.4325	0.11625	0.32	0.23	-1.3	-1.86667	-0.64	-0.628571	-0.644444	0.0383	0.238133	0.29352	0.301643	0.309478
0.12	0.73	0.98	0.98	0.01	0.5	0.5	0.05	0.12	0.05	0.02	0.98	0.02	0.01	0.05	0.12	0.12	0.01	0.02	0.05	0.19625	0.215	0.3375	0.13875	0.2725	0.12	0.14	0.47125	0.36375	0.2825	0.2	0.3	0.19125	0.575	0.22	0.365	0.4	0.205	0.46125	0.24375	-3.9	-1.86667	-1.36	-0.214286	0.1	0.4799	0.3448	0.2553	0.235486	0.251256
0.12	0.27	0.95	0.5	0.01	0.05	0.05	1	0.5	0.01	0.02	0.27	0.02	0.5	0.02	0.27	0.12	0.01	0.05	0.01	0.16375	0.18375	0.34125	0.2175	0.26625	0.22375	0.16875	0.23	0.435	0.27875	0.18625	0.37	0.18625	0.57	0.1625	0.31875	0.38625	0.2	0.53375	0.22125	-0.4	-1.7	-0.78	-0.214286	-0.211111	0.5162	0.347333	0.24304	0.203757	0.193533
0.27	0.05	0.73	0.05	0.95	0.12	0.05	0.05	0.12	0.12	0.27	0.27	0.73	0.12	0.05	0.98	0.95	0.02	0.05	0.5	0.1325	0.32125	0.41625	0.27	0.1425	0.19625	0.1875	0.25875	0.425	0.2025	0.09375	0.38875	0.06625	0.495	0.145	0.24875	0.22625	0.13625	0.41625	0.1275	-0.8	0.433333	0.04	-0.614286	-1.02222	0.0459	0.232333	0.23836	0.186943	0.207389
0.27	0.27	0.27	0.27	0.5	0.27	0.5	0.05	0.5	0.88	0.5	0.73	0.27	0.12	0.95	0.5	0.88	0.02	0.27	0.5	0.07625	0.26125	0.52125	0.22875	0.19875	0.165	0.1175	0.14125	0.26875	0.215	0.1125	0.31875	0.17125	0.39125	0.01875	0.25125	0.17875	0.10375	0.26875	0.2375	2.5	1.5	0.18	-1.07143	-0.477778	0.1349	0.0652333	0.15808	0.233143	0.187733
0.01	0	0	0	0.5	0	0	0	0.01	0.5	0.05	0	0.05	1	0	0	0.01	0.5	0.27	0.27	0.11375	0.3	0.55625	0.2775	0.20125	0.26	0.19375	0.14875	0.3175	0.38625	0.22875	0.42375	0.2875	0.19625	0.14	0.31375	0.30625	0.0125	0.1775	0.375	2.8	0.7	-0.64	0.128571	0.166667	0.0149	0.0761	0.12718	0.167343	0.207867
0.01	0.02	0.5	0.27	0	0.5	0.05	0.01	1	0.05	0.01	0.12	0.01	0.5	0.01	0.05	0.01	0.01	0.73	0.05	0.11375	0.26875	0.405	0.18375	0.26375	0.16875	0.14	0.14375	0.24125	0.4375	0.2325	0.40875	0.2925	0.2575	0.2575	0.3075	0.325	0.0725	0.11875	0.3975	-3.2	-1.63333	0.42	0.828571	0.422222	0.0785	0.1517	0.12186	0.124957	0.2153
0.02	1	0.5	0.02	0	0.12	0.27	0.01	0.27	0	0.01	0.88	0.02	0	0.01	0.27	0.05	0	0.01	0.01	0.10375	0.1275	0.40875	0.27125	0.26375	0.24375	0.14	0.14125	0.3325	0.44375	0.23125	0.31375	0.29125	0.26375	0.2575	0.30875	0.33875	0.07375	0.205	0.4025	-4.5	-1.06667	0.82	0.714286	0.422222	0.3617	0.153167	0.13878	0.196514	0.234556
0.05	0.01	0.5	0.01	0.12	0.02	0.01	0.01	0.01	0.98	0.5	0.02	0.5	0.05	0.01	0.27	0.05	0.01	0.02	1	0.0675	0.24625	0.32375	0.26625	0.13125	0.2425	0.1725	0.15	0.3525	0.3125	0.17	0.39375	0.14625	0.3675	0.2575	0.18875	0.22125	0.085	0.31625	0.21875	4.5	1.5	-0.06	0.3	0.822222	0.0193	0.200167	0.24516	0.275743	0.258256
0.05	0.05	0.02	0.12	0.02	0.5	0.12	0.01	0.02	1	0.5	0.12	0.73	0.27	0.02	0.05	0.27	0.02	0.27	0.88	0.04875	0.20875	0.35125	0.21875	0.08375	0.15125	0.0975	0.14375	0.29	0.29125	0.19875	0.29125	0.20875	0.33125	0.13875	0.1875	0.09875	0.14375	0.31375	0.28125	4.5	2.46667	0.5	0.3	0.755556	0.2195	0.261867	0.36736	0.310643	0.248633
0.12	0.5	0.27	0.5	0.01	0.27	0.12	0.02	0.5	0.01	0.01	0.98	0.02	0	1	0.12	0.27	0	0.01	0.01	0.13	0.15375	0.32125	0.1725	0.145	0.195	0.09875	0.14375	0.23	0.47625	0.31625	0.18625	0.325	0.33125	0.0175	0.19375	0.1125	0.1175	0.31875	0.475	-1.6	0.833333	1.96	1.02857	0.722222	0.5468	0.485267	0.34686	0.306329	0.247911
0.05	0.12	0.98	0.95	0.01	0.27	0.27	0.98	0.5	0.01	0.01	0.27	0.02	0.05	0.02	0.5	0.27	0.01	0.02	0.01	0.14	0.205	0.1725	0.085	0.16	0.2575	0.1075	0.02375	0.19625	0.47	0.315	0.275	0.32625	0.2625	0.14	0.1425	0.11375	0.115	0.2275	0.475	-0.4	0.266667	1.44	2.02857	0.688889	0.6895	0.4985	0.35266	0.255857	0.2516
0.01	0.01	0.05	0	0.01	0.01	0.05	0.12	0.02	0.05	0.27	0.05	0.05	1	0.05	0.02	0.01	0.12	0.95	0.02	0.205	0.09625	0.2325	0.235	0.27	0.2775	0.10375	0.255	0.225	0.4675	0.2825	0.195	0.3225	0.15	0.1375	0.2025	0.25	0.1025	0.11125	0.4875	2.8	1.43333	1.04	0.885714	1.14444	0.2592	0.332333	0.31044	0.269057	0.217389
0.12	0.01	0.01	0	0.02	0.02	0.01	0	0.01	0.73	0.73	0.01	1	0.05	0.01	0.27	0.12	0.5	0.5	0.88	0.2	0.09625	0.18125	0.23625	0.255	0.275	0.10875	0.39375	0.22625	0.26	0.1625	0.2	0.1425	0.2625	0.1425	0.14375	0.2325	0.055	0.165	0.255	1.9	2.4	0.66	0.185714	0.6	0.0483	0.1053	0.22342	0.245386	0.219311
0.73	0.01	0.01	0.01	0.98	0.12	0.01	0.01	0.01	0.99	0.5	0.02	0.27	0.73	0.01	0.12	0.12	0.27	0.05	0.95	0.12375	0.09125	0.19375	0.345	0.25125	0.23375	0.10875	0.4825	0.315	0.1025	0.12875	0.18625	0.1425	0.14375	0.14125	0.17125	0.20125	0.08125	0.1875	0.13875	2.5	0.3	0.66	0.357143	-0.288889	0.0084	0.0561333	0.09628	0.1725	0.207556
0.02	0.05	0.02	0.02	0.12	1	0.27	0.01	0.73	0	0	0.12	0.02	0	0.01	0.02	0.02	0	0.01	0.05	0.2125	0.02625	0.16125	0.29625	0.36	0.105	0.06375	0.48625	0.165	0.31625	0.19625	0.05375	0.205	0.36	0.14125	0.23125	0.18625	0.12125	0.225	0.28375	-3.5	-0.466667	0.02	-0.0857143	0.2	0.1117	0.0579667	0.05176	0.0902429	0.168244
0.5	0.02	0.05	0.27	0.88	0.02	0.02	1	0.02	0.02	0.01	0.02	0.02	0.05	0.02	0.27	0.88	0.01	0.01	0.12	0.20875	0.04875	0.05	0.16125	0.2975	0.20875	0.12375	0.24625	0.2825	0.375	0.2275	0.0475	0.2175	0.35375	0.22875	0.22875	0.16875	0.125	0.285	0.33625	-0.4	-1.43333	-1.06	-0.0857143	0.166667	0.0538	0.0673667	0.06484	0.0807857	0.1351
0.12	0.01	0.05	0.02	0.01	0.01	0.01	1	0.01	0	0	0.02	0.01	0	0.01	0.05	0.02	0.01	0	0	0.34625	0.14	0.15375	0.22625	0.42	0.27125	0.21	0.3225	0.34375	0.38625	0.21	0.1325	0.24625	0.26875	0.315	0.345	0.30875	0.11625	0.20125	0.36375	-0.4	-1.43333	-1	-0.457143	-0.644444	0.0366	0.0680333	0.10176	0.129771	0.155767
0.05	0.01	0.12	1	0.95	0.27	0.12	0.73	0.73	0	0	0.02	0	0	0.01	0.12	0.02	0	0	0.02	0.4025	0.15375	0.1775	0.195	0.3025	0.27	0.2575	0.48	0.34375	0.2975	0.125	0.14625	0.12875	0.29625	0.37625	0.365	0.35625	0.0575	0.145	0.2575	-3.5	-0.366667	-0.44	-1.45714	-1.21111	0.1137	0.114433	0.15766	0.192171	0.220078
0.12	0.02	0.02	0.12	0.02	0.12	0.02	0.05	0.02	0.73	0.05	0.02	0.27	1	1	0.5	0.05	0.05	0.27	0.27	0.3175	0.185	0.31125	0.4225	0.29875	0.28875	0.3025	0.62625	0.4375	0.085	0.05875	0.15875	0.095	0.0825	0.285	0.365	0.46	0.02	0.1075	0.11375	2.8	-0.466667	-1.26	-1.41429	-1.87778	0.193	0.232633	0.23594	0.2658	0.261267
0.5	0.27	0.12	0.12	0.27	0.12	0.5	0.05	0.73	0.5	0.27	0.12	0.12	0.05	0.73	0.73	0.99	0.05	0.5	0.5	0.35875	0.18125	0.35875	0.42625	0.255	0.17	0.215	0.75	0.26	0.115	0.0325	0.165	0.145	0.2025	0.3325	0.425	0.4025	0.0225	0.08	0.08125	-0.7	-0.8	-1.82	-1.85714	-1.53333	0.3912	0.343133	0.35404	0.312271	0.302667
0.73	0.73	0.88	0.27	0.12	0.5	0.73	0.73	0.5	0.12	0.12	0.73	0.27	0.27	0.73	0.73	0.27	0.05	0.27	0.12	0.30125	0.2125	0.29125	0.43625	0.17	0.1825	0.24625	0.6025	0.30125	0.19375	0.05625	0.1775	0.2425	0.175	0.33625	0.425	0.505	0.02375	0.11375	0.17625	-4.5	-2.8	-1.82	-1.85714	-1.56667	0.4452	0.487833	0.40712	0.376229	0.356111
0.5	0.12	0.27	0.73	0.02	0.27	0.5	0.99	0.73	0.02	0.05	0.12	0.05	0.27	0.5	0.5	0.5	0.02	0.05	0.05	0.34875	0.3025	0.395	0.3825	0.1825	0.2725	0.28875	0.57	0.27375	0.2075	0.06625	0.31375	0.27125	0.17625	0.36625	0.4625	0.47625	0.0275	0.1425	0.21875	-3.2	-3.73333	-2.46	-1.45714	-1.56667	0.6271	0.4838	0.46538	0.436386	0.389589
0.12	0.27	0.98	0.95	0.02	0.12	0.27	0.5	0.05	0.02	0.02	0.12	0.27	0.02	0.27	0.5	0.98	0.02	0.02	0.05	0.42375	0.285	0.2975	0.26375	0.07875	0.29125	0.39375	0.665	0.27	0.20875	0.07125	0.32625	0.24625	0.20875	0.50375	0.51	0.42	0.02875	0.1475	0.21875	-3.5	-2.36667	-2.46	-1.91429	-1.22222	0.3791	0.496833	0.4941	0.457086	0.416378
0.73	0.27	0.5	0.05	0.02	0.05	0.05	1	0.02	0.01	0.01	0.27	0.27	0.01	0.12	0.73	0.5	0.02	0.02	0.02	0.36625	0.37375	0.37	0.42375	0.09125	0.37625	0.5375	0.65875	0.33375	0.125	0.0725	0.415	0.24625	0.11875	0.4125	0.48125	0.565	0.11375	0.17625	0.195	-0.4	-1.53333	-1.64	-1.87143	-1.96667	0.4843	0.466067	0.47264	0.451886	0.435867
0.27	0.73	0.27	0.5	0.05	0.5	0.5	0.5	0.12	0.27	0.05	0.73	0.95	0.05	0.05	0.27	0.98	0.02	0.05	0.5	0.42375	0.2975	0.4175	0.35875	0.11625	0.31125	0.48125	0.74875	0.23625	0.0325	0.03625	0.37625	0.14875	0.11	0.42125	0.5725	0.44375	0.11	0.20125	0.075	-0.7	-0.5	-1.08	-1.78571	-1.97778	0.5348	0.452333	0.41818	0.440914	0.411178
0.27	0.12	0.27	0.05	0.01	0.5	0.12	1	0.02	0.01	0.01	0.5	0.02	0.01	0.02	0.12	0.02	0.01	0.01	0.27	0.33875	0.285	0.34125	0.38375	0.10875	0.25125	0.44	0.59625	0.18875	0.175	0.08875	0.37625	0.29375	0.09625	0.34875	0.5025	0.5925	0.1075	0.1875	0.19875	-0.4	-0.5	-1.16	-1.44286	-0.977778	0.3379	0.409167	0.41604	0.375471	0.386789
0.27	0.02	0.05	0.27	0.12	0.27	0.73	1	0.02	0.01	0.01	0.12	0.02	0.01	0.88	0.5	0.05	0.01	0.01	0.02	0.2825	0.345	0.33625	0.27125	0.09375	0.24875	0.30375	0.47375	0.13125	0.1875	0.0975	0.47125	0.29	0.15375	0.28875	0.395	0.52875	0.23	0.30625	0.23	-0.4	-1.56667	-1.24	-0.3	-0.766667	0.3548	0.3537	0.35298	0.353557	0.349067
0.27	0.73	0.12	0.5	0.12	0.73	0.95	0.5	0.5	0.05	0.05	0.88	0.27	0.27	0.12	0.5	0.73	0.73	0.5	0.05	0.35875	0.25625	0.22	0.13875	0.1825	0.17875	0.27625	0.59875	0.09875	0.18125	0.09125	0.3675	0.2275	0.12	0.4125	0.36625	0.33625	0.13875	0.24375	0.25375	-3.9	-1.7	-0.2	-0.428571	-0.422222	0.3684	0.2974	0.29116	0.325457	0.349956
0.5	0.12	0.27	0.05	0.5	0.05	0.5	0.27	0.05	0.02	0.02	0.27	0.02	0.02	0.73	1	0.5	0.02	0.73	0.02	0.2725	0.39	0.1725	0.29875	0.16625	0.29125	0.445	0.53625	0.18625	0.19875	0.09625	0.50125	0.24	0.1525	0.44	0.275	0.33625	0.2275	0.24625	0.26125	-0.8	-0.0666667	-0.38	-0.385714	-0.766667	0.169	0.254367	0.2811	0.304357	0.355433
0.05	0.02	0.27	0.02	0.02	0.02	0.02	0.01	0.02	1	0.5	0.5	0.5	0.12	0.12	0.02	0.5	0.02	0.12	0.88	0.32875	0.4025	0.23	0.255	0.2225	0.295	0.53375	0.5125	0.18125	0.07625	0.03625	0.50375	0.07625	0.14875	0.60125	0.3975	0.305	0.2275	0.37875	0.15375	4.5	0.8	-0.38	-0.828571	-1.12222	0.2257	0.227433	0.28756	0.332314	0.3615
0.05	0.5	0.01	0.05	0.01	0.02	0.02	0.01	0.27	0.12	0.12	0.5	0.02	0.73	0.88	0.02	0.02	1	1	0.05	0.32875	0.32875	0.24375	0.24625	0.31375	0.2475	0.525	0.38875	0.15	0.21875	0.145	0.45625	0.14	0.19625	0.5375	0.385	0.365	0.21375	0.33	0.23875	-1.3	0.933333	-0.3	-1.32857	-0.766667	0.2876	0.300133	0.3206	0.365829	0.3569
0.73	0.27	0.12	0.12	0.73	0.02	0.27	1	0.27	0.01	0.01	0.05	0.02	0.01	0.5	0.27	0.12	0.01	0.01	0.27	0.30125	0.38875	0.33375	0.295	0.21125	0.2475	0.52125	0.17375	0.23875	0.23375	0.16375	0.58875	0.14375	0.29125	0.59375	0.35375	0.40875	0.3375	0.45875	0.21125	-0.4	-1.73333	-0.92	-0.371429	-1.11111	0.3871	0.402767	0.40468	0.355557	0.375267
0.27	0.73	0.27	0.88	0.27	0.27	0.95	0.27	0.27	0.12	0.02	0.73	0.12	0.02	0.95	0.5	0.27	0.02	0.27	0.05	0.3875	0.2425	0.39125	0.2625	0.25375	0.13125	0.4275	0.205	0.17875	0.215	0.1575	0.4275	0.09875	0.25625	0.585	0.2775	0.3325	0.245	0.36375	0.23375	-3.5	-2.6	-1.26	-0.757143	-1.06667	0.5336	0.503367	0.41884	0.405714	0.387911
0.27	0.73	0.73	0.12	0.02	0.5	0.73	0.05	0.05	0.27	0.05	0.98	0.12	0.12	0.73	0.27	0.73	0.02	0.5	0.5	0.3875	0.23375	0.33375	0.385	0.22375	0.15875	0.5175	0.20125	0.20625	0.195	0.15375	0.4725	0.09875	0.2425	0.555	0.1875	0.21875	0.24375	0.245	0.17625	-3.9	-1.53333	-1.7	-1.9	-1.36667	0.5894	0.473167	0.46534	0.442357	0.425733
0.27	0.01	0.12	0.01	0.73	0.12	0.05	0.01	0.02	0.27	0.5	0.12	0.05	1	0.27	0.02	0.02	0.88	0.5	0.12	0.415	0.38375	0.5	0.45875	0.135	0.26625	0.63375	0.2675	0.33	0.07625	0.0375	0.55125	0.05125	0.18	0.66	0.25	0.3075	0.13625	0.26375	0.11625	2.8	-1.53333	-2.32	-2.21429	-2.25556	0.2965	0.468667	0.48436	0.474043	0.447033
0.73	0.27	0.88	0.73	0.02	0.27	0.95	0.27	0.73	0.02	0.05	0.73	0.05	0.05	0.95	0.5	0.5	0.01	0.05	0.02	0.36625	0.295	0.46625	0.36875	0.225	0.26	0.525	0.29625	0.29875	0.09875	0.1125	0.50375	0.06375	0.33125	0.58375	0.27875	0.26	0.12625	0.2575	0.1375	-3.5	-1.4	-2.32	-2.65714	-1.8	0.5201	0.432933	0.47952	0.478371	0.455856
0.5	0.02	0.73	1	0	0.05	0.88	0.02	0.02	0.01	0.01	0.27	0.01	0	0.5	0.12	0.27	0	0	0.01	0.36625	0.4025	0.5325	0.3825	0.1425	0.3475	0.5625	0.23625	0.3875	0.1325	0.17875	0.665	0.1	0.37	0.64	0.355	0.365	0.1325	0.29625	0.1675	-3.5	-3.5	-2.24	-1.75714	-1.25556	0.4822	0.5039	0.44512	0.454571	0.479778
0.5	0.05	0.27	0.27	0.01	0.5	1	0.02	0.05	0.01	0.02	0.88	0.02	0.01	0.27	0.05	0.05	0.01	0.01	0.01	0.33875	0.39875	0.57125	0.37	0.11375	0.26375	0.44375	0.205	0.4125	0.20875	0.2975	0.5125	0.14625	0.4	0.5525	0.30375	0.365	0.135	0.32375	0.2525	-3.5	-3.5	-2.24	-0.557143	-0.444444	0.5094	0.469667	0.45922	0.456429	0.437744
0.27	0.5	0.99	0.5	0.02	0.5	0.27	0.5	0.98	0.05	0.02	0.27	0.05	0.5	0.5	0.27	0.5	0.02	0.27	0.02	0.39625	0.37	0.405	0.3325	0.1125	0.26375	0.4775	0.145	0.32375	0.185	0.30625	0.59	0.13375	0.32625	0.5425	0.27625	0.25125	0.1325	0.23125	0.195	-3.5	-1.4	-0.64	-0.414286	-0.444444	0.4174	0.431267	0.47568	0.436257	0.422144
0.12	0.05	0.5	0.05	0.02	0.12	0.05	0.5	0.73	0.05	0.27	0.73	0.12	0.99	0.95	0.73	0.12	0.05	0.5	0.12	0.3825	0.4875	0.485	0.39	0.02125	0.33	0.50125	0.145	0.4775	0.1525	0.21375	0.5325	0.12125	0.2625	0.45375	0.21875	0.2975	0.02125	0.2025	0.16875	2.8	1.26667	0.82	-0.471429	-1.11111	0.367	0.462267	0.4103	0.4261	0.397444
0.5	0.88	0.5	0.5	0.05	0.5	0.5	0.27	0.27	0.27	0.5	0.88	0.27	0.27	0.5	0.5	0.73	0.05	0.27	0.5	0.25875	0.35625	0.49875	0.36125	0.0175	0.26375	0.38875	0.14625	0.45875	0.15625	0.19375	0.4375	0.1025	0.36125	0.40625	0.2475	0.2775	0.0225	0.25875	0.1525	4.5	3.7	0.74	-0.428571	-0.8	0.6024	0.3749	0.39822	0.367814	0.394656
0.05	0.73	0.12	0.05	0.05	0.05	0.12	0.02	0.5	0.73	0.98	0.12	0.5	0.27	0.02	0.02	0.05	0.05	0.5	0.73	0.34375	0.49125	0.48875	0.3075	0.02	0.37625	0.38875	0.29375	0.46125	0.10375	0.1475	0.60875	0.0875	0.36375	0.41875	0.32625	0.3625	0.025	0.23625	0.1375	3.8	1.46667	0.8	-0.0285714	-0.455556	0.1553	0.402233	0.32958	0.365757	0.398533
0.5	0.95	0.12	0.05	0.02	0.5	0.27	0.05	0.27	0.12	0.12	0.99	0.05	0.02	0.88	0.27	0.27	0.01	0.02	0.05	0.2875	0.58125	0.46125	0.3075	0.02375	0.2725	0.26	0.29	0.49875	0.185	0.255	0.48125	0.15625	0.45625	0.40125	0.30375	0.34375	0.03	0.3575	0.22375	-3.9	-1.1	0.1	0.414286	-0.244444	0.449	0.226167	0.35518	0.38	0.395111
0.01	0.5	0.27	0.02	0	0.27	0.02	0.01	1	0.01	0.01	0.12	0.02	0.98	0.01	0.02	0.01	0.02	0.5	0.01	0.32125	0.57625	0.32125	0.25	0.02375	0.24	0.26375	0.3575	0.28625	0.1925	0.28125	0.59	0.16875	0.365	0.44875	0.30375	0.315	0.0275	0.355	0.22625	-3.2	-2.6	-0.88	-0.214286	0.1	0.0742	0.3394	0.33812	0.395943	0.370267
0.12	0.05	0.99	0.95	0.02	0.12	0.5	0.05	0.12	0.27	0.12	0.12	0.05	0.12	0.12	0.5	0.95	0.02	0.27	0.27	0.32625	0.64125	0.175	0.13	0.0525	0.25	0.2	0.2925	0.39625	0.26375	0.34375	0.505	0.26	0.36375	0.31875	0.18625	0.30125	0.1125	0.38375	0.28875	-0.7	-1.43333	-1.96	-0.914286	0.288889	0.495	0.3621	0.40278	0.337571	0.349556
0.73	0.95	0.27	0.12	0.02	0.5	0.5	0.95	0.27	0.05	0.12	0.88	0.12	0.02	0.12	0.27	0.27	0.02	0.05	0.12	0.19	0.42	0.2025	0.17125	0.04875	0.14125	0.1525	0.14625	0.34375	0.34875	0.405	0.30125	0.3275	0.34875	0.2575	0.15375	0.30125	0.1075	0.38	0.36375	-0.4	-0.9	-1.26	-0.814286	0.211111	0.5171	0.4969	0.35174	0.341186	0.297867
0.5	0.99	0.05	0.27	0.01	0.12	0.12	0.02	0.12	0.05	0.02	0.73	0.12	0.5	0.99	0.12	0.12	0.01	0.5	0.02	0.33125	0.32625	0.22125	0.1525	0.04625	0.18875	0.21875	0.35125	0.3025	0.25875	0.29625	0.31125	0.2675	0.25625	0.14875	0.295	0.32875	0.165	0.26375	0.2875	-1.6	-0.8	0.28	0.285714	-0.3	0.4786	0.3965	0.37302	0.296643	0.313678
0.05	0.01	0.02	0.01	0	0.01	0.05	1	0.01	0	0.12	0.27	0.12	0.73	0.01	0.02	0.01	0.01	0.73	0	0.3275	0.33125	0.21	0.17875	0.06	0.1425	0.2275	0.2225	0.28375	0.25625	0.3025	0.24625	0.38625	0.2875	0.16125	0.27625	0.32375	0.165	0.235	0.29875	-0.4	0.833333	1.18	0.628571	0.344444	0.1938	0.284333	0.30146	0.328557	0.280333
0.27	0.12	0.05	0.02	0.27	0.05	0.02	0.02	0.73	0.88	0.88	0.05	0.88	0.12	0.02	0.27	0.95	0.73	0.5	0.88	0.42375	0.26125	0.175	0.1775	0.08875	0.11	0.2625	0.35875	0.07125	0.16	0.20875	0.265	0.38	0.2425	0.1925	0.27625	0.21125	0.07375	0.20375	0.22125	4.5	2.63333	1.1	1	0.9	0.1806	0.170533	0.25756	0.279114	0.291078
0.02	0.01	0	0	0.02	0.01	0.12	0	0	0.73	0.99	0.01	0.88	0.05	0.01	0.01	0.05	0.01	0.02	0.95	0.455	0.37875	0.1825	0.07625	0.18	0.115	0.22125	0.36125	0.2575	0.15125	0.21375	0.28875	0.38	0.23875	0.18125	0.28	0.2675	0.1625	0.26375	0.2125	3.8	2.5	1.8	1.31429	0.588889	0.1372	0.205133	0.19162	0.229657	0.269122
0.95	0.02	0.05	0.05	0.02	0.05	0.27	0.73	0.02	0.01	0.01	0.05	0.02	0.01	0.02	1	0.12	0.5	0.02	0.02	0.37	0.32125	0.17625	0.07	0.24	0.0625	0.17375	0.21375	0.2275	0.26875	0.3275	0.23625	0.4875	0.275	0.17125	0.2325	0.31625	0.10125	0.29125	0.32875	-0.8	1.63333	2.24	1.04286	0.833333	0.2976	0.194567	0.18704	0.203771	0.279256
0.02	0.01	0	0	0.12	0.02	0.27	0	0.01	0.05	0.27	0.01	1	0.5	0	0.02	0.12	0.01	0.02	0.12	0.48625	0.21375	0.21	0.13375	0.2275	0.085	0.22125	0.4275	0.21625	0.25875	0.29375	0.18375	0.3525	0.1525	0.0525	0.355	0.36375	0.1625	0.23	0.32	1.9	0.966667	0.64	1.35714	0.966667	0.1489	0.2058	0.2104	0.262986	0.285256
1	0.05	0.02	0.02	0.5	0.05	0.27	0.12	0.02	0.12	0.02	0.05	0.73	0.01	0.27	0.27	0.05	0.01	0.02	0.27	0.3725	0.27	0.315	0.16375	0.18125	0.11375	0.23	0.29	0.21625	0.25625	0.31125	0.255	0.37375	0.12375	0.1425	0.33625	0.3775	0.27125	0.14	0.335	1.8	0.0666667	0.24	0.657143	0.833333	0.1709	0.205733	0.30462	0.313271	0.322856
0.12	0.88	1	0.12	0.5	0.12	0.27	0.05	0.88	0.05	0.27	0.27	0.05	0.02	0.02	0.27	0.5	0.01	0.27	0.27	0.455	0.185	0.31125	0.2725	0.14875	0.11375	0.26125	0.3875	0.1275	0.155	0.17	0.255	0.35	0.10875	0.1775	0.33625	0.2175	0.18	0.04875	0.22625	-3.5	0.0333333	0.32	-0.114286	-0.0555556	0.2974	0.358867	0.35162	0.3697	0.347667
0.98	0.5	0.27	0.12	0.5	0.12	0.27	0.5	0.05	0.27	0.05	0.5	0.12	0.27	0.05	0.88	0.73	0.02	0.27	0.12	0.36	0.24625	0.465	0.30625	0.14875	0.175	0.26125	0.34625	0.23375	0.0425	0.08	0.24	0.23375	0.07375	0.235	0.3775	0.30625	0.17875	0.10875	0.14125	1.8	-0.7	-0.38	-0.5	-0.555556	0.6083	0.479433	0.42828	0.384886	0.363056
0.5	0.12	0.27	0.73	0.01	0.27	0.5	1	0.02	0.01	0.01	0.27	0.02	0.01	0.02	0.12	0.5	0.01	0.01	0.05	0.41125	0.3825	0.58375	0.23875	0.2225	0.165	0.205	0.28375	0.26875	0.07375	0.08375	0.325	0.245	0.11125	0.2375	0.3625	0.32625	0.1175	0.1725	0.14875	-0.4	-0.0666667	-1.44	-0.871429	-0.855556	0.5326	0.5577	0.47488	0.403	0.337489
0.12	0.5	0.88	0.27	0.01	0.27	0.12	0.02	0.02	0.05	0.01	0.88	0.02	0.01	1	0.12	0.05	0.88	0.01	0.27	0.49	0.3675	0.59875	0.31125	0.20875	0.19625	0.225	0.53125	0.27	0.0625	0.05	0.2625	0.12125	0.04875	0.1175	0.4225	0.4775	0.00875	0.17125	0.1075	-1.6	-1.83333	-0.88	-1.62857	-1.11111	0.5322	0.489567	0.47054	0.388229	0.3555
0.05	0.27	1	0.99	0.01	0.12	0.27	0.73	0.88	0	0	0.27	0.01	0.01	0.05	0.27	0.12	0	0.02	0.01	0.4075	0.3925	0.64375	0.28125	0.25625	0.215	0.17875	0.43375	0.1625	0.055	0.055	0.33875	0.03375	0.0625	0.205	0.495	0.525	0.1175	0.17	0.1125	-3.5	-1.93333	-1.94	-1.18571	-1.4	0.4039	0.403933	0.36238	0.390171	0.341611
0.12	0.12	0.5	0.27	0.02	0.5	0.12	0.12	0.02	0.05	0.05	0.12	0.02	0.02	0.5	0.95	0.99	0.01	0.5	0.12	0.38625	0.31625	0.5875	0.3625	0.1925	0.2775	0.27375	0.505	0.19375	0.0425	0.015	0.3575	0.02875	0.05875	0.1475	0.41	0.3875	0.115	0.0775	0.065	-0.7	-2.56667	-1.94	-1.55714	-1.4	0.2757	0.249033	0.31806	0.309829	0.324944
0.88	0.73	1	0.12	0.12	0.12	0.05	0.73	0.27	0	0	0.5	0.01	0.05	0.01	0.12	0.05	0	0.27	0.01	0.17	0.1775	0.49125	0.36625	0.12375	0.31	0.24875	0.36625	0.1575	0.03	0.04875	0.2475	0.02125	0.14625	0.2175	0.40375	0.415	0.22375	0.135	0.07	-3.5	-1.53333	-1.78	-2	-1.28889	0.0675	0.218067	0.2208	0.2548	0.258522
0.27	0.27	0.73	0.12	0.01	0.27	0.05	1	0.02	0	0	0.12	0.01	0	0.02	0.5	0.88	0.01	0.01	0.01	0.185	0.22	0.49125	0.275	0.1375	0.26375	0.18625	0.2075	0.20125	0.12	0.08125	0.26125	0.08125	0.27625	0.21375	0.3475	0.25	0.23625	0.27625	0.0975	-0.4	-1.56667	-1.78	-1.37143	-0.933333	0.311	0.141467	0.1695	0.180271	0.204344
0.27	0.02	0.5	0.5	0.88	0.05	0.05	0.05	0.02	0.01	0.05	0.05	0.02	0.12	0.02	1	0.5	0	0.02	0.05	0.1725	0.18875	0.41	0.19375	0.03	0.2575	0.17125	0.32375	0.19875	0.2375	0.13625	0.16	0.16875	0.37	0.08875	0.27125	0.29375	0.12875	0.28	0.15	-0.8	-1.56667	-1.08	-0.471429	-0.255556	0.0459	0.1681	0.11646	0.129	0.146367
0.02	0.12	0.05	0.05	0	1	0.88	0.01	0.27	0	0	0.27	0.02	0	0.01	0.27	0.27	0	0.01	0	0.2125	0.145	0.4325	0.12875	0.26125	0.12625	0.04875	0.24	0.09125	0.245	0.1575	0.10125	0.20125	0.39875	0.08625	0.34375	0.4325	0.13	0.28125	0.2175	-3.5	-0.5	0.18	0.271429	0.411111	0.1474	0.0679333	0.11196	0.0911	0.103044
0.01	0	0	0	0.05	0	0	0	0.01	0.12	0.27	0	0.05	1	0.12	0	0.01	0.88	0.5	0.05	0.2325	0.15125	0.3825	0.10375	0.34375	0.20375	0.15	0.22875	0.18375	0.2575	0.2275	0.135	0.2575	0.38125	0.04375	0.2925	0.46375	0.025	0.2675	0.2875	2.8	0.7	1.16	1.12857	0.411111	0.0105	0.0676333	0.05184	0.0834571	0.0797444
0.01	0	0	0	0.01	0.05	0	0	0.12	0.73	0.27	0	0.5	1	0	0.05	0.01	0.12	0.88	0.27	0.2325	0.1225	0.2725	0.18	0.34	0.21625	0.20625	0.22875	0.17	0.215	0.2425	0.16375	0.23375	0.39	0.06375	0.33375	0.52	0.1225	0.20125	0.36875	2.8	3.36667	1.82	1.08571	1	0.045	0.0219667	0.04546	0.0484571	0.107989
0.02	0	0	0	0.02	0	0	0	0	1	0.5	0	0.73	0.88	0	0.01	0.02	0.01	0.05	0.73	0.28875	0.1225	0.2725	0.2875	0.34	0.2225	0.29125	0.11875	0.18875	0.18375	0.21625	0.25875	0.20625	0.40625	0.18375	0.31	0.42375	0.13625	0.30625	0.31625	4.5	3.26667	2.38	1.45714	0.611111	0.0104	0.0231333	0.02918	0.0878571	0.1362
0.12	0.02	0.73	0.02	0.98	0.02	0.12	0.02	0.27	0.05	0.12	0.02	0.27	0.12	0.02	0.12	1	0.01	0.02	0.5	0.33375	0.15125	0.22875	0.22875	0.22875	0.27625	0.285	0.125	0.1675	0.36375	0.2725	0.265	0.27625	0.48875	0.185	0.2625	0.36125	0.13875	0.3225	0.35375	2.5	2.1	2.18	1.4	0.622222	0.014	0.0301333	0.09142	0.1475	0.134978
0.27	0.05	0.05	0.02	0.73	0.12	0.05	0.02	0.5	0.27	0.88	0.12	0.5	0.88	0.27	0.27	0.98	0.05	0.88	0.73	0.34625	0.13875	0.37	0.34125	0.26125	0.1725	0.275	0.1575	0.11125	0.3375	0.17875	0.28125	0.2475	0.395	0.2775	0.2725	0.345	0.135	0.215	0.3275	-0.7	1.2	0.84	0.9	0.622222	0.066	0.1339	0.1954	0.150986	0.176611
0.88	0.5	0.12	0.73	0.05	0.27	0.5	0.73	0.27	0.27	0.12	0.73	0.27	0.12	0.05	0.5	0.5	0.02	0.12	0.88	0.27125	0.08875	0.3675	0.28625	0.3425	0.245	0.32875	0.075	0.26375	0.3375	0.24625	0.21125	0.27625	0.48375	0.2925	0.25875	0.40625	0.15375	0.36625	0.305	1.8	-0.933333	-0.2	-1.26883e-16	0.211111	0.3217	0.317533	0.2003	0.219143	0.250278
0.73	0.27	0.73	0.98	0.02	0.27	0.73	0.12	0.05	0.02	0.02	0.88	0.02	0.01	0.98	0.27	0.12	0.01	0.02	0.05	0.29125	0.11875	0.29125	0.255	0.36	0.24	0.30125	0.15125	0.2775	0.31125	0.35	0.19375	0.33625	0.40625	0.1775	0.2825	0.455	0.17375	0.275	0.40875	-3.9	-0.933333	-1.4	-0.771429	0.322222	0.5649	0.307167	0.30192	0.313871	0.259189
0.73	0.27	0.88	0.05	0.95	0.5	0.12	0.12	0.12	0.5	0.12	0.12	0.12	0.02	0.05	0.73	0.98	0.02	0.12	0.12	0.29125	0.12125	0.395	0.49625	0.24125	0.2175	0.46875	0.15375	0.27125	0.12625	0.275	0.295	0.2325	0.295	0.30875	0.23	0.36	0.17125	0.25625	0.30875	-0.7	-2.7	-1.44	-0.585714	-0.566667	0.0349	0.373967	0.42342	0.329757	0.291556
0.27	0.05	0.5	0.95	0.01	0.27	0.73	0.27	0.05	0.01	0.01	0.5	0.02	0.01	1	0.5	0.12	0.01	0.01	0.02	0.34875	0.2375	0.4425	0.44375	0.2375	0.25875	0.41125	0.2575	0.30875	0.1825	0.275	0.27875	0.2175	0.29625	0.2025	0.2775	0.34875	0.17375	0.2825	0.26	-3.5	-1.7	-1.04	-0.985714	-0.888889	0.5221	0.410167	0.38412	0.363429	0.361689
0.02	0.05	0.05	0.27	0.02	0.73	0.88	0.05	1	0.12	0.05	0.05	0.05	0.95	0.02	0.12	0.02	1	0.95	0.02	0.36125	0.35	0.555	0.58875	0.14625	0.29625	0.44875	0.345	0.1425	0.1375	0.16625	0.44375	0.1575	0.07	0.2975	0.35375	0.245	0.045	0.0575	0.18375	-0.9	-0.2	-0.96	-1.3	-1.24444	0.6735	0.440267	0.33148	0.409643	0.410878
0.02	0.01	0	0	0.12	0.01	0.01	0	0.01	0.27	1	0.01	0.73	0.27	0.01	0.01	0.02	0.27	0.05	0.27	0.285	0.295	0.60875	0.53375	0.1425	0.38625	0.50125	0.26625	0.3575	0.08625	0.0475	0.36	0.04125	0.155	0.29375	0.33875	0.185	0.14	0.27875	0.0575	3.8	-0.2	-0.9	-1.3	-1.8	0.1252	0.3668	0.45354	0.401614	0.397967
0.02	0.02	0.98	1	0	0.05	0.73	0.02	0.02	0	0	0.05	0	0	0.12	0.05	0.12	0	0	0	0.285	0.2625	0.3975	0.28875	0.2175	0.35	0.3225	0.25125	0.35125	0.18	0.20375	0.2475	0.145	0.19	0.1725	0.33375	0.28	0.17375	0.285	0.20875	-3.5	-0.0333333	-0.98	-1.65714	-0.9	0.3017	0.357367	0.45086	0.425986	0.338244
0.12	0.73	0.73	0.5	0.01	0.12	0.27	1	0.5	0.01	0.01	0.27	0.05	0.12	0.12	0.27	0.05	0.02	0.12	0.01	0.19625	0.14125	0.31875	0.345	0.1	0.28	0.36625	0.11375	0.27625	0.235	0.25	0.20625	0.18625	0.17875	0.16875	0.2175	0.18125	0.16875	0.2575	0.3175	-0.4	-2.6	-1.44	-0.557143	-0.355556	0.6452	0.4852	0.35726	0.355314	0.338611
0.12	0.95	0.5	0.5	0.01	0.88	0.5	0.5	0.12	0.02	0.05	0.99	0.05	0.01	0.05	0.5	0.05	0.01	0.02	0.12	0.1625	0.1075	0.285	0.22625	0.09875	0.15125	0.24625	0.1425	0.31875	0.32375	0.25875	0.05375	0.19875	0.31625	0.0525	0.12625	0.1675	0.175	0.33125	0.3075	-3.9	-2.5	-1.36	0.171429	0.344444	0.5087	0.453133	0.3377	0.264557	0.2834
0.27	0.02	0.5	0.02	0.12	0.27	0.05	0.05	1	0.01	0.12	0.02	0.02	0.12	0.01	0.27	0.02	0.05	0.99	0.12	0.15625	0.2175	0.28125	0.25375	0.0825	0.1375	0.19375	0.3175	0.085	0.31	0.24375	0.17	0.19625	0.18375	0.055	0.1425	0.17	0.045	0.09125	0.305	-3.2	-0.966667	0.18	0.0285714	0.4	0.2055	0.2472	0.285	0.250271	0.212856
0.73	0.02	0.02	0.02	0.5	0.02	0.02	0.02	0.01	0.5	0.27	0.02	0.12	0.02	0.12	0.27	0.98	0.01	0.02	0.99	0.1025	0.335	0.35625	0.26	0.02125	0.28625	0.30625	0.32375	0.27	0.21625	0.1025	0.2925	0.1075	0.16875	0.0425	0.15625	0.11	0.01875	0.2975	0.165	4.2	1.73333	0.82	0.471429	-0.455556	0.0274	0.0903667	0.161	0.212686	0.239656
0.12	0.01	0	0	0.02	0.01	0.01	0	0	0.95	0.5	0.01	0.5	0.05	0.02	0.02	0.12	0	0.02	1	0.1825	0.335	0.23625	0.1375	0.08375	0.2825	0.2175	0.32375	0.26875	0.27875	0.13625	0.28875	0.075	0.17125	0.04125	0.18375	0.2175	0.02	0.3	0.28875	4.2	3.73333	1.52	-0.0285714	0.4	0.0382	0.0302667	0.06698	0.172857	0.216022
0	0	0	0	0	0	0	0	0.01	0.73	0.12	0	0.12	1	0	0	0.01	0.05	0.5	0.05	0.245	0.25125	0.15125	0.08125	0.1	0.275	0.19125	0.20125	0.2075	0.42375	0.27375	0.29	0.17875	0.0525	0.03125	0.18625	0.34375	0.01375	0.25875	0.52875	2.8	2.2	1.38	1.12857	0.0111111	0.0252	0.034	0.09916	0.1129	0.1847
0.12	0	0.02	0.01	0	0.01	0.01	1	0.01	0	0	0.01	0	0	0	0.02	0.01	0	0	0	0.24875	0.16625	0.12	0.13625	0.1	0.255	0.25125	0.105	0.22625	0.51375	0.28375	0.275	0.19	0.1775	0.03125	0.18375	0.3525	0.02	0.325	0.5225	-0.4	-0.5	1.38	1.02857	0.0555556	0.0386	0.1434	0.11148	0.135443	0.177367
0.05	0.95	0.12	0.05	0.01	0.95	0.88	0.02	0.5	0.01	0.02	0.99	0.12	0.05	0.02	0.12	0.5	0.02	0.73	0.02	0.23	0.05125	0.1075	0.1625	0.085	0.10625	0.13875	0.34625	0.0425	0.51125	0.26625	0.1525	0.17375	0.15625	0.02875	0.2	0.29125	0.0125	0.11	0.505	-3.9	-0.0333333	-0.24	-0.0714286	0.366667	0.3664	0.164667	0.1765	0.194771	0.175833
0.05	0.01	0	0	0.02	0.01	0.01	0	0	0.95	0.5	0.01	0.12	0.05	0.01	0.02	0.12	0	0.02	1	0.15375	0.2	0.12625	0.2	0.02375	0.33125	0.3075	0.3525	0.1375	0.365	0.2825	0.335	0.28375	0.26375	0.0175	0.19375	0.23125	0.0475	0.2875	0.2925	4.2	-1.2	-1.5	-0.728571	0.111111	0.089	0.2729	0.26	0.2167	0.205589
0.5	0.05	0.05	0.05	0.12	0.05	0.05	0.02	0.02	0.95	0.73	0.27	0.5	0.12	0.02	0.27	0.95	0.02	0.27	0.98	0.0975	0.2275	0.23	0.31875	0.01	0.35875	0.41125	0.38375	0.14125	0.2475	0.1975	0.335	0.17625	0.25	0.02875	0.25125	0.1275	0.045	0.255	0.17125	-3.9	-1.06667	-1.5	-0.857143	-0.744444	0.3633	0.298333	0.29062	0.255271	0.282156
0.27	0.27	0.27	0.95	0.01	0.73	0.99	0.73	0.27	0.01	0.01	0.88	0.02	0.01	0.05	0.5	0.12	0.01	0.05	0.02	0.14125	0.20125	0.20875	0.2075	0.03	0.27625	0.29625	0.29625	0.11	0.38375	0.335	0.26125	0.255	0.1725	0.02625	0.22875	0.34875	0.04125	0.22625	0.41	-3.5	-2.6	-0.34	-1.3	-0.555556	0.4427	0.332567	0.27638	0.353657	0.289633
0.05	0.05	0.5	0.27	0.01	0.02	0.02	1	0.02	0	0	0.02	0.01	0	0.01	0.5	0.02	0.01	0	0	0.1875	0.23	0.17875	0.29125	0.045	0.36625	0.4175	0.14	0.14125	0.47625	0.455	0.36875	0.375	0.18875	0.0325	0.22875	0.36625	0.04375	0.295	0.53625	-0.4	-0.666667	-1.88	-0.1	-0.0444444	0.1917	0.309867	0.40404	0.314529	0.286578
0.12	0.27	0.05	0.27	0.02	0.88	0.5	0.05	0.27	0.27	0.88	0.5	1	0.88	0.02	0.12	0.12	0.27	0.73	0.27	0.1875	0.2025	0.2825	0.4075	0.04375	0.23125	0.3575	0.2625	0.13875	0.44375	0.34875	0.295	0.2425	0.07875	0.035	0.32375	0.35375	0.01125	0.175	0.5025	1.9	-0.666667	-0.2	-0.1	9.86865e-17	0.2952	0.404733	0.34988	0.3034	0.296356
0.12	0.27	0.88	1	0.01	0.27	0.88	0.27	0.05	0.01	0.05	0.27	0.02	0.01	0.12	0.73	0.12	0	0.01	0.01	0.2725	0.2925	0.27	0.35	0.045	0.3975	0.37125	0.24125	0.2	0.39125	0.42375	0.44625	0.4125	0.18375	0.0275	0.3075	0.3725	0.0475	0.2775	0.44375	-3.5	0.966667	1.34	-0.0428571	-0.266667	0.7273	0.371667	0.26356	0.316414	0.338289
0.12	0.01	0.05	0.01	0.05	0.02	0.02	0.01	0.01	0.88	0.5	0.02	0.27	0.27	0.01	0.05	0.95	0.01	0.05	1	0.2125	0.32	0.37375	0.4675	0.0275	0.42375	0.47375	0.2725	0.20375	0.28875	0.38625	0.445	0.4425	0.15125	0.04	0.36125	0.15625	0.045	0.24125	0.28875	4.5	1.73333	0.72	0.714286	0.377778	0.0925	0.276967	0.3161	0.3198	0.298856
0.27	0.01	0.01	0	0.12	0.02	0.01	0.02	0.01	0.73	0.95	0.01	0.95	0.12	0.01	0.02	0.05	0.02	0.5	0.99	0.25125	0.32	0.4075	0.4125	0.01875	0.395	0.47625	0.195	0.17625	0.3075	0.33125	0.4275	0.3575	0.17	0.04	0.365	0.26	0.04375	0.18125	0.29	4.2	1.73333	0.7	1.04286	0.377778	0.0111	0.186	0.35034	0.293614	0.269367
0.12	0.95	0.5	0.98	0.01	0.73	0.88	0.05	0.73	0.02	0.05	0.88	0.05	0.05	0.05	0.5	0.5	0.02	0.5	0.02	0.355	0.25875	0.4025	0.29	0.0375	0.395	0.45625	0.1	0.14625	0.43	0.4775	0.42625	0.48375	0.185	0.04875	0.33375	0.26375	0.045	0.215	0.42625	-3.5	0.833333	1.78	0.271429	-0.0777778	0.4544	0.310633	0.20656	0.276771	0.322978
0.73	0.73	0.73	0.27	0.02	0.73	0.5	0.05	0.27	0.27	0.27	0.99	0.5	0.02	0.05	0.5	0.27	0.02	0.12	0.27	0.32625	0.25875	0.3825	0.36	0.09625	0.31875	0.475	0.1	0.185	0.475	0.4025	0.35625	0.365	0.17	0.0525	0.3525	0.36875	0.0175	0.23375	0.48375	1.8	0.0666667	0.18	0.128571	0.0222222	0.4664	0.309733	0.22352	0.269186	0.312989
0.02	0.01	0.05	0	0.02	0.01	0.01	0.01	0.01	1	0.88	0.01	0.99	0.12	0.01	0.02	0.05	0.01	0.02	0.73	0.43375	0.34875	0.39125	0.33125	0.12875	0.46625	0.53625	0.18125	0.22625	0.41625	0.335	0.555	0.3075	0.15875	0.16125	0.355	0.44375	0.02125	0.25125	0.44	1.9	0.0666667	-1.56	-0.114286	0.366667	0.0084	0.217367	0.35614	0.2853	0.262067
0.73	0.27	0.5	0.5	0.01	0.5	1	0.12	0.05	0.01	0.02	0.73	0.02	0.01	0.05	0.5	0.05	0.01	0.02	0.02	0.36375	0.32125	0.3625	0.3775	0.13	0.4175	0.44375	0.22875	0.22625	0.43625	0.3825	0.49625	0.40125	0.14125	0.18875	0.38	0.44875	0.0225	0.26	0.46625	-3.5	-2.03333	-0.3	-0.771429	-0.222222	0.1773	0.286633	0.30632	0.322143	0.282322
0.73	0.5	0.95	0.27	0.05	0.73	0.73	0.27	0.5	0.27	0.27	0.88	0.12	0.05	0.12	0.73	0.5	0.02	0.27	0.12	0.3925	0.3825	0.3675	0.52875	0.1125	0.4775	0.58625	0.27	0.2025	0.31875	0.235	0.53875	0.27625	0.1275	0.24125	0.41125	0.44875	0.02125	0.22875	0.36375	-4.5	-1.73333	-0.74	-0.385714	-1.18889	0.6742	0.352267	0.26684	0.296486	0.3737
0.5	0.05	0.12	0.12	0.5	0.27	0.27	0.05	0.12	0.88	0.5	0.05	0.5	0.73	0.05	0.27	0.73	0.05	0.5	0.98	0.46875	0.43	0.5275	0.535	0.0575	0.535	0.625	0.325	0.1925	0.2425	0.2025	0.62375	0.22875	0.03875	0.25875	0.51625	0.42	0.01625	0.14375	0.26875	2.8	-0.7	-1.28	-1.28571	-1.18889	0.2053	0.382833	0.32012	0.348929	0.407444
0.27	0.27	0.27	0.5	0.27	0.73	0.88	0.88	0.12	0.27	0.12	0.88	0.05	0.02	0.95	0.27	0.5	0.02	0.05	0.12	0.4125	0.32625	0.5275	0.57625	0.085	0.42	0.5775	0.3375	0.22125	0.285	0.21625	0.41125	0.22375	0.1275	0.1425	0.51625	0.42125	0.01875	0.1875	0.34375	-0.4	0.533333	-1.48	-2.05714	-1.43333	0.269	0.2497	0.45136	0.456029	0.399578
0.27	0.05	0.27	0.88	0.05	0.12	0.27	0.5	0.05	0.05	0.02	0.27	0.05	0.02	0.27	0.73	0.99	0.02	0.12	0.5	0.425	0.47625	0.53625	0.59125	0.11625	0.58625	0.6675	0.38625	0.29125	0.19	0.125	0.605	0.1625	0.11375	0.24125	0.47125	0.41625	0.01875	0.17875	0.2675	-0.8	-1.9	-1.28	-1.61429	-2.07778	0.2748	0.4591	0.46814	0.487214	0.466533
0.5	0.73	0.5	0.98	0.02	0.73	0.88	0.5	0.27	0.05	0.02	0.5	0.05	0.05	0.5	0.5	0.5	0.02	0.5	0.27	0.3075	0.36375	0.44625	0.53125	0.12125	0.45	0.46875	0.3725	0.25875	0.19125	0.1225	0.5	0.16125	0.10875	0.33125	0.44	0.53375	0.0175	0.13	0.3275	-4.5	-2.93333	-1.92	-1.52857	-1.76667	0.8335	0.622133	0.5062	0.478186	0.485967
0.5	0.88	0.95	0.88	0.02	0.73	0.73	0.27	0.27	0.02	0.02	0.73	0.05	0.02	0.12	0.88	0.5	0.01	0.05	0.12	0.25	0.345	0.305	0.525	0.13	0.3925	0.43	0.40125	0.21125	0.22375	0.18	0.47125	0.2375	0.14	0.37	0.3925	0.5625	0.0225	0.24375	0.4225	-3.5	-2.8	-2.62	-2.02857	-1.35556	0.7581	0.6624	0.5746	0.499171	0.476922
0.05	0.12	0.88	0.98	0.01	0.27	0.73	0.98	0.5	0	0	0.12	0.01	0.02	0.02	0.5	0.05	0.01	0.02	0.01	0.30625	0.525	0.36125	0.56	0.08375	0.52625	0.50625	0.3125	0.25875	0.13125	0.135	0.66	0.195	0.06375	0.41	0.4975	0.59	0.0225	0.27625	0.32875	-0.4	-2.6	-2.6	-2.08571	-2.1	0.3956	0.588233	0.59008	0.545429	0.498844
0.12	0.99	0.12	0.5	0.05	0.73	0.12	0.02	0.5	0.02	0.05	0.95	0.5	0.01	0.12	0.12	0.5	0.01	0.02	0.5	0.27875	0.445	0.485	0.68	0.04625	0.41125	0.5825	0.32875	0.25	0.0975	0.11625	0.55625	0.13375	0.06375	0.4025	0.545	0.53375	0.02125	0.2725	0.25875	-3.9	-1.66667	-1.86	-2.52857	-2.48889	0.611	0.452933	0.54194	0.563686	0.518022
0.02	0.05	0.01	0.12	0.02	0.02	0.02	0.01	0.01	0.02	0	0.12	0.01	0	1	0.02	0.5	0	0.01	0.27	0.29125	0.5575	0.46625	0.62375	0.135	0.4875	0.5625	0.26875	0.33875	0.215	0.15375	0.6275	0.2225	0.15375	0.27375	0.46875	0.425	0.035	0.265	0.34875	-0.7	-1.8	-1.94	-2.44286	-1.9	0.3522	0.518667	0.47084	0.5077	0.489244
0.27	0.5	0.27	0.12	0.12	0.27	0.27	0.27	0.12	0.5	0.73	0.88	0.73	0.27	0.05	0.73	0.73	0.05	0.73	0.73	0.2125	0.52875	0.3775	0.5075	0.12625	0.39875	0.48375	0.18875	0.30625	0.21125	0.075	0.58875	0.16	0.12875	0.33625	0.35125	0.44375	0.02875	0.11875	0.37625	-0.8	-1.8	-2.64	-1.3	-1.47778	0.5928	0.4492	0.48004	0.401657	0.421678
0.5	0.73	0.5	0.5	0.12	0.88	0.88	0.05	0.73	0.12	0.12	0.95	0.12	0.12	0.27	0.73	0.5	0.05	0.73	0.12	0.12375	0.39	0.23	0.35	0.12625	0.23125	0.31625	0.1825	0.19625	0.38125	0.1825	0.48875	0.245	0.15125	0.29375	0.2425	0.41625	0.0275	0.115	0.52875	-3.9	-2.86667	-0.96	-1.34286	-0.588889	0.4026	0.479	0.361	0.377343	0.338822
0.12	0.5	0.5	0.98	0.01	0.27	0.88	0.05	0.05	0.02	0.02	0.88	0.05	0.01	0.99	0.27	0.5	0.01	0.02	0.05	0.25625	0.46625	0.135	0.20125	0.1725	0.3075	0.2875	0.09375	0.2525	0.485	0.22875	0.57375	0.28625	0.1775	0.21625	0.3	0.52	0.03375	0.21625	0.6275	-3.9	-1.1	-0.96	-0.142857	-0.344444	0.4416	0.286667	0.33564	0.291829	0.325467
0.27	0.01	0.01	0.05	0.73	0.02	0.01	0.01	0.27	0.99	0.27	0.01	0.27	0.73	0.12	0.02	0.12	0.12	0.05	0.99	0.2375	0.495	0.3	0.3775	0.0775	0.31	0.4725	0.13	0.285	0.3625	0.1925	0.67375	0.19875	0.0875	0.31625	0.37875	0.52	0.02	0.21625	0.45	4.5	-0.0333333	0.1	0.214286	-0.3	0.0158	0.2276	0.21956	0.280857	0.327244
0.12	0.95	0.05	0.05	0.05	0.27	0.5	0.12	0.12	0.5	0.12	0.95	0.27	0.12	0.05	0.27	0.88	0.02	0.05	0.95	0.2875	0.3775	0.29625	0.36375	0.285	0.2775	0.41	0.11625	0.30375	0.48375	0.2175	0.5425	0.20375	0.16625	0.20125	0.43625	0.3775	0.03375	0.21625	0.53125	-0.7	2.76667	1.24	-0.171429	0.0555556	0.2254	0.0845333	0.19412	0.285743	0.312733
0.02	0	0	0	0.02	0	0	0	0	1	0.27	0	0.12	0.05	0	0.01	0.05	0	0.02	0.73	0.28125	0.43625	0.28375	0.36125	0.275	0.28375	0.50125	0.2225	0.3375	0.36	0.1075	0.5575	0.1325	0.1425	0.20375	0.3925	0.405	0.03125	0.13	0.47375	4.5	1.86667	1.32	0.742857	0.1	0.0124	0.171067	0.2312	0.259886	0.291656
0.73	0.5	0.12	0.27	0.27	0.27	0.5	0.27	0.27	0.73	0.27	0.73	0.27	0.12	0.12	0.5	0.88	0.02	0.12	0.73	0.145	0.2975	0.22125	0.29875	0.23125	0.25875	0.4525	0.185	0.275	0.47	0.155	0.38125	0.11375	0.125	0.16125	0.255	0.25375	0.025	0.0325	0.55	1.8	0.933333	0.92	1.24286	0.144444	0.2754	0.304933	0.27236	0.254386	0.297644
0.12	0.73	0.95	0.98	0.01	0.5	0.73	0.27	0.98	0.01	0.01	0.88	0.02	0.01	0.05	0.5	0.12	0.01	0.05	0.02	0.2125	0.20875	0.05625	0.08875	0.26875	0.19875	0.315	0.18	0.1825	0.67625	0.30875	0.255	0.2575	0.17125	0.0475	0.22375	0.2925	0.11625	0.045	0.695	-3.5	0.266667	0.98	0.1	1	0.627	0.374667	0.3079	0.317343	0.296
0.27	0.05	0.02	0.01	1	0.01	0.01	0.01	0.01	0.5	0.05	0.01	0.05	0.02	0.01	0.73	0.12	0.01	0.01	0.88	0.19375	0.355	0.205	0.31375	0.06	0.32	0.52625	0.22625	0.30375	0.49375	0.2725	0.48125	0.22625	0.08125	0.0525	0.3025	0.31125	0.10375	0.05	0.47	2.5	-0.466667	-0.62	0.742857	0.111111	0.2216	0.417233	0.39672	0.346114	0.395411
