0.05	0.27	0.88	0.99	0.01	0.73	0.88	0.12	0.12	0.01	0.01	0.5	0.02	0.01	0.88	0.5	0.27	0.01	0.05	0.05	0.31	0.34	0.46875	0.49125	0.08125	0.2825	0.49	0.08375	0.26625	0.37125	0.38375	0.33125	0.51625	0.1325	0.27625	0.44625	0.5275	0.1475	0.23625	0.42375	-3.5	-1.2	0.94	0.385714	-0.166667	0.5251	0.346233	0.29766	0.389357	0.479167
0.5	0.5	0.5	0.73	0.05	0.12	0.5	0.27	0.12	0.73	0.95	0.5	0.88	0.27	0.05	0.27	0.12	0.05	0.12	0.5	0.225	0.3025	0.45875	0.58125	0.0675	0.35875	0.595	0.05625	0.285	0.385	0.37	0.30375	0.5125	0.185	0.38	0.4425	0.43875	0.23125	0.28375	0.415	3.8	1.6	-0.08	-0.0142857	0.122222	0.1338	0.251933	0.33994	0.375543	0.408922
0.27	0.12	0.12	0.12	0.27	0.05	0.27	0.02	0.02	0.88	0.88	0.12	0.5	0.12	0.02	0.27	0.5	0.99	0.12	0.95	0.2825	0.35875	0.4775	0.64875	0.0875	0.44375	0.67125	0.0875	0.2975	0.36625	0.455	0.39875	0.54125	0.2125	0.33625	0.4425	0.385	0.11375	0.31125	0.35875	4.5	2.33333	0	-0.285714	0.122222	0.0969	0.264933	0.37926	0.379214	0.393289
0.05	0.88	0.5	0.95	0.01	0.5	0.88	0.05	0.73	0.02	0.02	0.27	0.73	0.27	0.95	0.27	0.12	0.02	0.88	0.05	0.33875	0.29125	0.51875	0.605	0.12	0.44375	0.62375	0.09625	0.2975	0.3975	0.47375	0.38	0.49375	0.16625	0.25125	0.51875	0.48875	0.23125	0.225	0.42375	-1.3	-0.1	1.08	0.171429	-0.377778	0.5641	0.412467	0.34992	0.401014	0.403478
0.12	0.12	0.88	0.99	0.01	0.27	0.88	0.02	0.95	0.02	0.02	0.12	0.02	0.01	0.5	0.5	0.73	0.01	0.12	0.5	0.33	0.31	0.51875	0.52375	0.12	0.45375	0.595	0.1475	0.27	0.38875	0.4825	0.31	0.57375	0.2025	0.3925	0.57875	0.47	0.23125	0.29125	0.3675	-3.5	-0.966667	0.18	0.571429	-0.0333333	0.5764	0.5063	0.42964	0.389486	0.4292
0.27	0.05	0.27	0.73	0.05	0.27	0.73	0.05	0.27	0.88	0.88	0.05	0.95	0.73	0.12	0.73	0.12	0.73	0.5	0.5	0.3675	0.31875	0.5475	0.4475	0.11625	0.45375	0.56625	0.2475	0.37375	0.28625	0.37625	0.29	0.4575	0.1175	0.4525	0.57875	0.54625	0.14125	0.24375	0.37625	1.9	-0.766667	-0.86	-0.0857143	0.311111	0.3784	0.495733	0.49914	0.4577	0.427156
0.5	0.12	0.27	0.05	0.5	0.73	0.5	0.05	0.05	0.27	0.73	0.5	0.73	0.12	0.12	0.88	0.95	0.02	0.27	0.27	0.33875	0.31	0.5475	0.5325	0.06875	0.49125	0.595	0.22875	0.42	0.28625	0.29125	0.23375	0.39	0.1625	0.46125	0.64875	0.49	0.33375	0.26375	0.3575	-0.7	0.166667	-0.76	-0.785714	-0.2	0.5324	0.451733	0.50858	0.516243	0.4718
0.5	0.27	0.73	0.5	0.05	0.5	0.5	0.12	0.73	0.27	0.27	0.27	0.73	0.05	0.27	0.73	0.95	0.02	0.12	0.5	0.39625	0.29125	0.49	0.47625	0.15375	0.5475	0.62375	0.33625	0.36625	0.21	0.30125	0.25375	0.3425	0.1625	0.5025	0.725	0.49	0.30125	0.27375	0.30125	-0.7	-0.733333	-0.14	-0.714286	-0.744444	0.4444	0.529367	0.49464	0.512171	0.520933
0.5	0.27	0.88	0.12	0.02	0.73	0.5	0.5	0.12	0.05	0.12	0.27	0.05	0.05	0.73	0.98	0.73	0.01	0.27	0.12	0.48125	0.2725	0.4425	0.43875	0.17125	0.5475	0.5475	0.2975	0.4425	0.25	0.38	0.31125	0.4275	0.14375	0.43625	0.77	0.53625	0.3025	0.2075	0.37625	-0.8	-0.633333	-0.68	-0.271429	-0.688889	0.6113	0.5208	0.52608	0.506843	0.508689
0.5	0.27	0.5	0.12	0.02	0.73	0.5	0.95	0.27	0.05	0.02	0.27	0.02	0.05	0.98	0.73	0.27	0.01	0.05	0.12	0.52875	0.34875	0.4425	0.33	0.17625	0.605	0.5	0.36125	0.32	0.25375	0.3925	0.33	0.43125	0.1575	0.43375	0.83	0.565	0.36375	0.2825	0.32	-0.4	-0.666667	-0.62	-0.657143	-0.344444	0.5067	0.5512	0.52742	0.517629	0.488011
0.5	0.5	0.5	0.73	0.12	0.88	0.5	0.12	0.27	0.12	0.12	0.5	0.12	0.02	0.12	0.98	0.5	0.88	0.05	0.12	0.50125	0.31625	0.41	0.1625	0.1725	0.5675	0.41125	0.46125	0.2875	0.245	0.3925	0.2975	0.3625	0.19375	0.58875	0.7225	0.5275	0.16625	0.25375	0.3675	-0.8	-0.533333	-0.64	-0.614286	-0.133333	0.5356	0.527133	0.52932	0.497329	0.472056
0.73	0.12	0.12	0.12	0.5	0.27	0.5	0.95	0.27	0.27	0.5	0.05	0.12	0.05	0.5	0.73	0.5	0.73	0.05	0.73	0.44375	0.355	0.43875	0.3425	0.065	0.6625	0.41125	0.35375	0.2825	0.1925	0.255	0.2975	0.27125	0.175	0.65125	0.75375	0.5	0.1825	0.22125	0.2575	-0.4	-0.666667	-0.56	0.0285714	-0.233333	0.5391	0.509533	0.48512	0.467386	0.450322
0.73	0.73	0.27	0.27	0.12	0.73	0.27	0.12	0.73	0.12	0.5	0.73	0.73	0.12	0.88	0.88	0.27	0.02	0.5	0.27	0.39625	0.27875	0.33125	0.2675	0.14	0.54875	0.41125	0.4575	0.14	0.26875	0.34	0.19375	0.195	0.28375	0.60375	0.65875	0.425	0.33125	0.26	0.28625	-0.8	-0.533333	0.28	-0.0857143	0.266667	0.4539	0.4611	0.43074	0.428171	0.442156
0.5	0.73	0.5	0.12	0.05	0.73	0.5	0.98	0.12	0.05	0.02	0.27	0.02	0.12	0.73	0.73	0.5	0.5	0.5	0.05	0.39625	0.33625	0.255	0.38125	0.1525	0.52	0.3825	0.29375	0.26375	0.33375	0.4475	0.25125	0.34	0.39625	0.565	0.6175	0.3675	0.27625	0.28875	0.3325	-0.4	0.866667	0.12	0.514286	0.777778	0.3903	0.359667	0.39098	0.408771	0.3926
0.05	0.02	0.01	0	0.12	0.12	0.02	0.02	0.01	0.88	0.98	0.02	0.5	0.99	0.5	0.12	0.05	0.02	0.27	0.88	0.4525	0.40625	0.2875	0.4725	0.1475	0.53875	0.49	0.30125	0.335	0.2575	0.35875	0.31125	0.2925	0.3725	0.53375	0.665	0.4525	0.35	0.42125	0.27625	3.8	0.6	0.96	1.17143	1.28889	0.2348	0.320633	0.35734	0.355871	0.382856
0.27	0.05	0.12	0.88	0.02	0.88	0.5	0.02	0.01	0	0.01	0.05	0	0	1	0.88	0.73	0	0.01	0	0.3775	0.43125	0.245	0.33375	0.16	0.425	0.45875	0.2925	0.36375	0.44375	0.55625	0.355	0.43125	0.5275	0.51875	0.48125	0.32	0.365	0.48125	0.38625	-1.6	2	1.88	1.82857	0.988889	0.3368	0.314167	0.29962	0.338714	0.370144
0.12	0.27	0.02	0.05	0.27	0.05	0.27	0.12	0.05	0.73	0.95	0.12	0.73	0.99	0.27	0.12	0.12	0.5	0.88	0.27	0.33875	0.49875	0.2575	0.485	0.06875	0.605	0.5475	0.1625	0.41625	0.325	0.39125	0.45	0.34	0.39875	0.5625	0.5	0.34875	0.335	0.4	0.2675	3.8	2	2.8	1.44286	0.533333	0.3709	0.291	0.30536	0.334043	0.361667
0.27	0.73	0.5	0.88	0.05	0.5	0.5	0.05	0.5	0.5	0.5	0.27	0.5	0.95	0.27	0.5	0.5	0.05	0.5	0.27	0.2625	0.38375	0.22625	0.4575	0.08375	0.49125	0.595	0.15875	0.275	0.4575	0.4475	0.37375	0.2925	0.4225	0.455	0.37625	0.35875	0.395	0.39125	0.325	3.8	3.93333	1.34	0.857143	0.544444	0.1653	0.3184	0.34264	0.3444	0.3477
0.5	0.12	0.27	0.73	0.05	0.27	0.88	0.05	0.73	0.27	0.27	0.5	0.12	0.73	0.5	0.5	0.5	0.12	0.88	0.5	0.28125	0.38375	0.19875	0.52375	0.08	0.44375	0.51875	0.05125	0.24625	0.59	0.53625	0.345	0.4	0.46875	0.45375	0.31875	0.3025	0.325	0.29625	0.38125	4.2	1.5	0.76	0.214286	1.08889	0.419	0.335167	0.36784	0.357743	0.332567
0.12	0.73	0.27	0.5	0.12	0.73	0.73	0.05	0.5	0.73	0.73	0.88	0.73	0.27	0.5	0.27	0.12	0.98	0.27	0.12	0.41375	0.39625	0.2125	0.5675	0.07125	0.405	0.5975	0.055	0.28875	0.4375	0.39	0.3575	0.27625	0.465	0.45375	0.395	0.4675	0.2775	0.35375	0.33375	-3.5	-1.26667	-0.14	1.08571	0.866667	0.4212	0.434333	0.3593	0.345929	0.347111
0.27	0.88	0.12	0.5	0.02	0.88	0.98	0.01	0.73	0.05	0.12	0.88	0.12	0.01	0.12	0.12	0.12	0.99	0.27	0.05	0.42375	0.48125	0.335	0.5675	0.0875	0.33875	0.6225	0.09125	0.2925	0.52375	0.46625	0.47	0.38625	0.5	0.37875	0.395	0.3825	0.27625	0.355	0.345	-4.5	-2.9	0	0.8	0.544444	0.4628	0.404067	0.37706	0.345186	0.3852
0.27	0.27	0.5	0.88	0.02	0.27	0.88	0.02	0.05	0.95	0.5	0.27	0.12	0.27	0.02	0.27	0.73	0.05	0.05	0.73	0.415	0.5575	0.4075	0.6325	0.11625	0.51875	0.71125	0.1375	0.405	0.32625	0.315	0.59375	0.30125	0.35	0.36375	0.42375	0.3825	0.3325	0.2875	0.2325	-0.7	-0.233333	-0.48	-0.385714	0.0444444	0.3282	0.348367	0.3664	0.418657	0.393222
0.88	0.12	0.05	0.5	0.02	0.12	0.27	0.12	0.12	0.88	0.5	0.27	0.5	0.27	0.95	0.27	0.05	0.01	0.12	0.73	0.30625	0.4875	0.41625	0.5725	0.1125	0.47625	0.72625	0.11875	0.335	0.39125	0.37125	0.5625	0.1975	0.35625	0.21375	0.3625	0.40625	0.365	0.32625	0.26125	4.5	1.86667	-0.68	-1.08571	0.122222	0.2541	0.316	0.41808	0.4221	0.385833
0.73	0.73	0.12	0.12	0.12	0.27	0.5	0.05	0.12	0.12	0.27	0.5	0.12	0.5	0.5	0.5	0.99	0.5	0.12	0.12	0.29625	0.45875	0.48375	0.62	0.15625	0.515	0.67875	0.1275	0.2775	0.48625	0.3725	0.58125	0.245	0.2425	0.21	0.38125	0.3175	0.29	0.21875	0.30875	1.8	0.6	0.08	0.0571429	0.122222	0.3657	0.433133	0.41414	0.376043	0.403122
0.5	0.88	0.95	0.88	0.05	0.5	0.95	0.27	0.27	0.01	0.01	0.95	0.27	0.02	0.02	0.73	0.05	0	0.02	0.02	0.31625	0.36375	0.36125	0.49625	0.1525	0.42875	0.6225	0.095	0.23	0.51875	0.4325	0.44875	0.22625	0.39125	0.24125	0.3525	0.435	0.2325	0.26	0.36875	-4.5	-1.13333	1.12	1.3	0.933333	0.6796	0.496133	0.36826	0.392014	0.401867
0.05	0.27	0.98	0.95	0.5	0.88	0.88	0.5	0.27	0.05	0.12	0.5	0.05	0.05	0.05	0.5	0.73	0.01	0.12	0.05	0.3725	0.345	0.43375	0.51625	0.10875	0.33375	0.61875	0.175	0.20125	0.57	0.46625	0.48625	0.2725	0.40125	0.22875	0.4575	0.3975	0.11	0.22	0.3925	-0.7	-0.233333	1.06	1.94286	1.04444	0.4431	0.407167	0.43236	0.403686	0.404911
0.01	0.02	0.12	0.02	0.02	0.01	0.01	0	0.01	0.95	0.95	0.02	0.05	1	0	0.01	0.01	0.27	0.88	0.5	0.35875	0.46125	0.60125	0.585	0.18125	0.5	0.74	0.2375	0.29	0.34	0.3025	0.6225	0.26	0.25125	0.235	0.51875	0.41125	0.07375	0.125	0.25125	4.5	2.66667	1.46	0.8	0.733333	0.0988	0.372167	0.4412	0.437414	0.432811
0.27	0.5	0.88	0.73	0.5	0.73	0.73	0.05	0.27	0.27	0.05	0.88	0.12	0.05	0.02	0.88	0.73	0.01	0.02	0.27	0.2225	0.4775	0.50625	0.44	0.1525	0.4575	0.67875	0.2175	0.245	0.425	0.44375	0.6	0.28	0.35125	0.1475	0.3825	0.33	0.13875	0.22375	0.29875	4.2	4.16667	1.66	0.0428571	0.144444	0.5746	0.3611	0.40332	0.467929	0.4665
0.05	0.12	0.12	0.27	0.02	0.27	0.73	0.01	0.27	0.88	0.95	0.27	0.73	0.98	0.27	0.27	0.12	0.02	0.5	0.5	0.15875	0.43375	0.58625	0.4825	0.20375	0.48125	0.61625	0.21625	0.23	0.45875	0.42125	0.61625	0.2225	0.175	0.05375	0.39625	0.2825	0.075	0.14875	0.34625	3.8	1.5	1.1	0.571429	0.444444	0.4099	0.491567	0.43056	0.450457	0.472067
0.27	0.12	0.73	0.73	0.12	0.5	0.88	0.88	0.5	0.5	0.5	0.73	0.27	0.12	0.05	0.73	0.5	0.02	0.05	0.27	0.08375	0.325	0.3975	0.315	0.185	0.39	0.47875	0.19875	0.1675	0.505	0.47625	0.44	0.24625	0.28	0.07875	0.24875	0.22875	0.075	0.2025	0.3725	-3.5	-1.06667	0.04	1.31429	0.9	0.4902	0.493133	0.52226	0.446557	0.436611
0.12	0.95	0.98	0.5	0.12	0.73	0.98	0.02	0.5	0.01	0.02	0.88	0.02	0.02	0.02	0.27	0.12	0.02	0.05	0.05	0.13	0.2975	0.25875	0.24	0.1375	0.37	0.475	0.25	0.225	0.5625	0.5225	0.4775	0.28625	0.2875	0.07875	0.35375	0.21875	0.07375	0.19375	0.4	-3.5	-2.6	0.1	0.614286	0.544444	0.5793	0.542267	0.4905	0.483943	0.464456
0.05	0.73	0.05	0.05	0.27	0.5	0.5	0.01	0.02	0.88	0.73	0.95	0.73	0.12	0.27	0.05	0.12	0.27	0.05	0.88	0.1375	0.3225	0.36625	0.29375	0.11625	0.3975	0.53375	0.37625	0.28375	0.335	0.315	0.46625	0.19125	0.15	0.0475	0.38125	0.2175	0.00875	0.08375	0.23375	-0.8	0.0666667	-0.74	-0.542857	-1.23358e-17	0.5573	0.517467	0.48062	0.500957	0.505378
0	0	0	0	0.05	0	0	0	0	1	0.99	0.02	0.27	0.02	0	0	0	0	0	0.73	0.22	0.41375	0.29625	0.21125	0.1725	0.43125	0.53875	0.495	0.34375	0.28625	0.27625	0.47875	0.24	0.17125	0.08	0.3875	0.20375	0.04125	0.09375	0.22125	4.5	1.1	-0.82	-1.14286	-0.966667	0.4158	0.444533	0.52132	0.509129	0.528022
0.12	0.01	0.05	0	0	0	0	1	0	0	0	0	0	0	0	0.01	0	0	0	0	0.2	0.3975	0.275	0.1775	0.1825	0.43125	0.4475	0.36875	0.3725	0.3025	0.2875	0.4475	0.18375	0.17625	0.04625	0.415	0.20375	0.04125	0.15375	0.25	-0.4	0.0666667	-0.2	-1.28571	-1.07778	0.3605	0.49	0.49888	0.5503	0.520222
0.27	0.88	0.12	0.12	0.12	0.95	0.95	0.05	0.73	0.02	0.01	0.95	0.12	0.01	0.02	0.88	0.27	0	0.05	0.05	0.18125	0.27375	0.175	0.07125	0.15875	0.25	0.21875	0.5025	0.21875	0.2375	0.22375	0.2375	0.135	0.16	0.0375	0.23	0.1075	0.04	0.14125	0.21	-3.9	-1.56667	-0.94	-0.385714	-0.733333	0.6937	0.5071	0.5431	0.516071	0.484156
0	0	0.05	0	0	0	0	1	0	0	0	0	0	0	0	0.01	0	0	0	0	0.23375	0.3275	0.095	0.0575	0.25	0.36875	0.325	0.3875	0.2625	0.2725	0.22875	0.35625	0.21	0.165	0.07125	0.39625	0.23625	0.03875	0.15625	0.2725	-0.4	-2.93333	-1.28	-0.328571	-0.733333	0.4671	0.6464	0.52788	0.460114	0.4477
0.88	0.5	0.27	0.02	0.73	0.5	0.27	0.99	0.73	0	0	0.05	0.05	0.12	0.01	0.88	0.5	0	0.05	0.02	0.12	0.17375	0.06125	0.04875	0.125	0.24375	0.22875	0.3875	0.16875	0.1775	0.14	0.23125	0.11875	0.135	0.03625	0.28125	0.16	0.005	0.14375	0.285	-4.5	-0.7	-1.28	-1.47143	-0.177778	0.7784	0.5284	0.4889	0.4366	0.407244
0.01	0	0	0	0.05	0.27	0	0	0.5	0.01	0.05	0	0.01	1	0	0.5	0.12	0.02	0.98	0	0.22875	0.2425	0.095	0.05125	0.295	0.275	0.26375	0.51125	0.28875	0.05375	0.01125	0.2375	0.09625	0.14125	0.0375	0.33	0.2075	0.12625	0.1525	0.2025	2.8	-0.7	-1.2	-0.814286	-0.777778	0.3397	0.4279	0.4004	0.4127	0.381711
0.27	0	0	0	0.05	0	0	1	0	0	0	0	0	0	0	0.12	0	0.01	0	0	0.1875	0.36375	0.09125	0.0525	0.29625	0.37125	0.32625	0.26125	0.46125	0.06125	0.05125	0.3625	0.18875	0.26875	0.0375	0.3825	0.22875	0.13	0.30875	0.20375	-0.4	-0.366667	-0.28	-0.385714	-1.23333	0.1656	0.252167	0.34562	0.340171	0.363844
0.27	0.5	0.27	0.27	0.73	0.73	0.88	0.05	0.12	0.27	0.05	0.88	0.5	0.05	0.27	0.73	0.88	0.01	0.12	0.5	0.27625	0.19125	0.045	0.00375	0.2875	0.16125	0.0975	0.49875	0.36125	0.025	0.04375	0.13375	0.11125	0.26125	0.00125	0.19875	0.085	0.13	0.2875	0.14125	-3.5	0.1	0.44	-0.971429	-0.844444	0.2512	0.203333	0.22714	0.301971	0.2938
0.02	0	0	0	0	0	0	0	0	0.12	0.02	0	0.05	0	0	0	0.01	0	0	1	0.31375	0.36375	0.135	0.07125	0.385	0.315	0.29875	0.3825	0.41	0.135	0.08125	0.35375	0.23	0.2825	0.0375	0.3225	0.30375	0.165	0.365	0.17	4.2	-0.0666667	-1.02	-0.385714	-1.23333	0.1932	0.210133	0.19914	0.199814	0.280333
0	0.05	0	0	0.73	0.02	0.01	0	0.73	0.02	0.01	0.02	0.05	0.95	0	0.01	0	0.99	1	0.05	0.22125	0.2975	0.11625	0.07125	0.29375	0.25125	0.27875	0.26	0.34625	0.21	0.205	0.3475	0.28625	0.21125	0.03625	0.21375	0.24375	0.16625	0.3525	0.32	-0.9	-0.4	-1.02	-1.34286	-0.833333	0.186	0.192967	0.17868	0.2007	0.206633
0.05	0.98	0.02	0.01	0.01	0.5	0.5	0	0.88	0.05	0.27	1	0.73	0.02	0	0.05	0.05	0.02	0.27	0.01	0.22	0.3	0.2325	0.18875	0.38	0.22	0.25125	0.2625	0.35625	0.2075	0.1725	0.335	0.215	0.20875	0.09875	0.20875	0.31375	0.285	0.3275	0.3275	-4.5	-1.93333	-1.1	-1.41429	-1.64444	0.1997	0.149667	0.19762	0.193486	0.247156
0.98	0	0.02	0	0.73	0	0	1	0.05	0	0	0	0	0	0	0.02	0	0	0	0.05	0.07625	0.425	0.35125	0.2525	0.285	0.31625	0.32	0.1375	0.4625	0.21375	0.20625	0.49375	0.30625	0.21125	0.1	0.23125	0.3225	0.28625	0.36125	0.3225	-0.4	-2.93333	-2.12	-1.55714	-1.64444	0.0633	0.202967	0.182	0.258229	0.3099
0.05	0.88	0.5	0.27	0.05	0.5	0.73	0.02	0.27	0.73	0.27	0.88	0.5	0.12	0.02	0.27	0.88	0.27	0.5	0.73	0.165	0.34375	0.29125	0.2475	0.28	0.28125	0.2375	0.25625	0.45375	0.10375	0.1725	0.38375	0.215	0.1925	0.07	0.2	0.22125	0.25125	0.29875	0.19	-3.9	-1.73333	-2.84	-2.21429	-1.64444	0.3459	0.174767	0.28568	0.334957	0.345978
0.12	0.02	0.12	0.02	0.73	0.01	0.12	0.01	0.95	0.5	0.98	0.02	0.5	0.5	0	0.02	0.01	1	0.95	0.27	0.16875	0.46625	0.3725	0.37	0.20125	0.43375	0.42375	0.26	0.4025	0.20875	0.115	0.5825	0.2425	0.17875	0.16375	0.265	0.42	0.19375	0.2575	0.21375	-0.9	-3.1	-2.02	-2.58571	-2.5	0.1151	0.388467	0.3918	0.390657	0.371989
0.05	0.95	0.95	0.95	0.02	0.5	0.27	0.02	0.73	0.02	0.05	0.88	0.12	0.05	0.5	0.5	0.73	0	0.05	0.02	0.21125	0.34375	0.26875	0.25375	0.26125	0.37	0.40375	0.25875	0.33875	0.385	0.245	0.4725	0.3175	0.15	0.10125	0.20375	0.3325	0.195	0.26	0.36375	-4.5	-1.93333	-2.64	-2.44286	-1.93333	0.7044	0.5166	0.49432	0.423171	0.353544
0.05	0.02	0.95	0.5	0.01	0.27	0.05	1	0.02	0	0	0.27	0	0	0.01	0.27	0.02	0	0	0	0.33	0.3375	0.26625	0.30875	0.26375	0.33625	0.36875	0.1375	0.3175	0.3825	0.2175	0.42375	0.2475	0.15375	0.1625	0.22875	0.415	0.1925	0.2325	0.37125	-0.4	-2.8	-2.56	-1.78571	-1.23333	0.7303	0.6702	0.5106	0.416986	0.341167
0.05	0.73	0.27	0.5	0.01	0.95	0.95	0.02	0.27	0.12	0.05	0.88	0.27	0.02	0.05	0.73	0.95	0	0.12	0.12	0.21	0.24875	0.34875	0.30875	0.1725	0.25125	0.25625	0.135	0.28	0.49125	0.245	0.3475	0.27625	0.1525	0.1575	0.16875	0.3	0.1925	0.2175	0.475	-3.5	-2.46667	-1.54	-0.971429	-0.722222	0.5759	0.577833	0.49158	0.380186	0.335089
0.12	0.12	0.27	0.73	0.05	0.73	0.88	0.02	0.27	0.73	0.27	0.73	0.27	0.27	0.73	0.27	0.73	0.27	0.12	0.73	0.195	0.22125	0.28625	0.24625	0.16125	0.2175	0.175	0.1325	0.24625	0.32375	0.18375	0.38125	0.21375	0.10625	0.07	0.1925	0.2175	0.125	0.155	0.3075	-3.5	-0.933333	-0.28	-0.242857	-0.722222	0.4273	0.341067	0.36836	0.364971	0.311989
0.27	0	0	0	0.5	0	0	0	0	0.95	0.12	0	0.27	0.27	0	0	0.02	0	0.12	1	0.17625	0.35625	0.31125	0.33625	0.0475	0.4175	0.27625	0.135	0.16375	0.325	0.095	0.58875	0.27	0.04625	0.1625	0.23875	0.39625	0.03375	0.0375	0.35	4.2	0.833333	0.64	-0.157143	-0.122222	0.02	0.178533	0.22402	0.284057	0.314156
1	0	0	0	0.02	0	0	0.01	0	0.01	0	0	0.05	0	0	0.02	0	0	0	0.05	0.085	0.2375	0.1925	0.2175	0.12	0.35625	0.2425	0.1325	0.07875	0.55875	0.2275	0.47875	0.40125	0.18375	0.1	0.175	0.31	0.035	0.0525	0.5575	1.8	3.4	0.56	0.542857	0.688889	0.0883	0.0389667	0.13644	0.198957	0.2442
0.02	0	0	0	0	0	0	0	0	0.99	0.27	0	0.5	0.01	0	0	0.01	0	0	1	0.2075	0.2975	0.1925	0.265	0.1225	0.385	0.27	0.015	0.13875	0.43625	0.19625	0.5675	0.3475	0.185	0.16125	0.2625	0.36875	0.05	0.0675	0.44125	4.2	0.7	2.16	1.44286	0.644444	0.0086	0.0783	0.0779	0.127371	0.212711
0	0.05	0	0	0	0.01	0.01	0	0	0	0	1	0	0	0	0	0	0	0	0	0.2375	0.2625	0.22125	0.29375	0.13625	0.3275	0.24125	0.04625	0.19625	0.57875	0.28625	0.42375	0.43875	0.19	0.24625	0.2625	0.3425	0.0525	0.0675	0.585	-3.9	1.6	1.88	1.82857	0.944444	0.138	0.0937333	0.08886	0.130171	0.215478
0.12	0.98	0.05	0.01	0.27	0.88	0.05	0.01	0.02	0.73	0.12	0.95	0.95	0.02	0.01	0.12	0.73	0	0.01	0.88	0.27	0.24125	0.2725	0.31125	0.11125	0.2375	0.23625	0.07625	0.25125	0.41125	0.24375	0.43	0.3775	0.16	0.16875	0.305	0.2225	0.02	0.0575	0.39875	4.5	1.13333	1.36	1.11429	0.833333	0.1346	0.1158	0.16058	0.213143	0.255144
0.05	0	0	0	0.12	0.01	0	0.01	0.05	0.95	0.99	0	0.95	0.88	0	0.01	0.02	0.01	0.05	0.73	0.27875	0.3975	0.37	0.4225	0.07	0.45625	0.3525	0.13875	0.31	0.27125	0.1225	0.64	0.35875	0.02	0.185	0.4375	0.4	0.01875	0.04375	0.3075	2.8	2.16667	0.36	0.214286	-0.0222222	0.0748	0.218767	0.27902	0.312571	0.301822
0.05	0.5	0.95	0.88	0.01	0.5	0.27	0.05	0.5	0	0.02	0.98	0.02	0.02	0.5	0.95	0.5	0.12	0.12	0.02	0.1875	0.42625	0.31375	0.4225	0.09625	0.48625	0.42875	0.195	0.2875	0.4225	0.2775	0.58	0.5025	0.1425	0.185	0.38	0.37375	0.01125	0.05	0.42375	-0.8	0.4	0.24	-0.885714	-0.611111	0.4469	0.374167	0.40828	0.374214	0.348844
0.27	0.5	0.5	0.73	0.12	0.5	0.73	0.27	0.73	0.27	0.5	0.73	0.5	0.05	0.73	0.73	0.73	0.02	0.12	0.27	0.22	0.53625	0.40375	0.50375	0.08375	0.60875	0.49	0.1825	0.2925	0.28	0.19875	0.72125	0.41375	0.14	0.19	0.47	0.35875	0.025	0.0525	0.27375	-0.8	-2.03333	-1.36	-0.828571	-1.57778	0.6008	0.610667	0.46938	0.427571	0.425322
0.5	0.88	0.73	0.88	0.12	0.88	0.88	0.27	0.73	0.12	0.05	0.73	0.73	0.05	0.12	0.73	0.5	0.01	0.05	0.12	0.25375	0.4975	0.4375	0.6075	0.085	0.67	0.58875	0.2925	0.3075	0.30125	0.25625	0.6875	0.4	0.14	0.28125	0.58	0.4025	0.02625	0.0675	0.295	-4.5	-2.93333	-2.62	-2.11429	-1.23333	0.7843	0.6084	0.55672	0.5079	0.452456
0.27	0.27	0.73	0.88	0.02	0.88	0.88	0.5	0.5	0.05	0.02	0.73	0.12	0.01	0.12	0.95	0.73	0	0.05	0.12	0.2825	0.485	0.44625	0.64	0.06625	0.59375	0.6925	0.29625	0.3675	0.28125	0.27875	0.63125	0.42	0.2675	0.2825	0.5525	0.2975	0.14625	0.12875	0.21875	-3.5	-3.83333	-3.36	-2.62857	-1.83333	0.4401	0.578633	0.60672	0.551814	0.450522
0.27	0.73	0.5	0.88	0.12	0.73	0.88	0.5	0.27	0.27	0.27	0.5	0.27	0.12	0.5	0.5	0.27	0.05	0.12	0.27	0.29125	0.49	0.50875	0.7025	0.05375	0.7025	0.78375	0.2975	0.48125	0.22625	0.23375	0.77	0.37375	0.235	0.2375	0.64125	0.38625	0.20125	0.1475	0.17125	-3.5	-3.83333	-3.36	-2.64286	-1.83333	0.5115	0.5495	0.563	0.504714	0.488756
0.5	0.88	0.27	0.5	0.01	0.98	0.95	0.12	0.27	0.12	0.12	0.88	0.27	0.02	0.27	0.5	0.12	0.01	0.02	0.05	0.31875	0.5275	0.51	0.655	0.0725	0.7	0.8325	0.345	0.43375	0.33625	0.28375	0.69125	0.405	0.36375	0.20625	0.585	0.37625	0.19375	0.15125	0.21125	-4.5	-2.93333	-2.64	-2.12857	-2.24444	0.6969	0.5302	0.42958	0.478729	0.469711
0.5	0.12	0.5	0.98	0.01	0.88	0.95	0.88	0.12	0.02	0.01	0.73	0.12	0	0.12	0.88	0.12	0	0.05	0.02	0.2875	0.6225	0.4525	0.5375	0.0575	0.74125	0.86625	0.21625	0.3675	0.34875	0.2375	0.72875	0.4525	0.36625	0.135	0.44875	0.29125	0.255	0.13875	0.215	-0.8	-2.06667	-1.38	-2.12857	-2.54444	0.3822	0.398767	0.42534	0.406043	0.413933
0.12	0.27	0.12	0.27	0.02	0.27	0.88	0.27	0.27	0.5	0.27	0.5	0.5	1	0.02	0.12	0.12	0.95	0.5	0.27	0.39125	0.585	0.51875	0.5225	0.05625	0.77	0.78	0.27375	0.2725	0.33625	0.2325	0.72875	0.405	0.26875	0.135	0.48625	0.32	0.14125	0.09125	0.26	-0.9	0.366667	-1.58	-2.12857	-1.84444	0.1172	0.3061	0.37814	0.357286	0.344644
0.12	0.5	0.27	0.5	0.12	0.73	0.73	0.02	0.73	0.73	0.88	0.88	0.73	0.73	0.02	0.27	0.27	0.5	0.27	0.5	0.39125	0.5375	0.42375	0.4175	0.04125	0.665	0.81375	0.245	0.15875	0.30375	0.155	0.6525	0.36125	0.3025	0.12125	0.3825	0.21625	0.1975	0.115	0.2175	2.8	-0.866667	-1.38	-1.37143	-1.84444	0.4189	0.270533	0.25852	0.307171	0.331
0.5	0.95	0.73	0.12	0.05	0.73	0.73	0.05	0.12	0.73	0.27	0.73	0.27	0.95	0.02	0.5	0.27	0.02	0.05	0.12	0.31625	0.39	0.30375	0.355	0.0975	0.575	0.70375	0.17875	0.20125	0.395	0.26	0.61	0.495	0.275	0.05875	0.29125	0.18875	0.25125	0.13	0.355	-4.5	-1.73333	-0.86	-1.22857	-0.955556	0.2755	0.2644	0.21422	0.252943	0.279056
0.02	0.5	0.27	0.27	0	0.73	1	0	0.05	0.27	0.02	0.88	0.73	0.05	0.01	0.02	0.05	0.5	0.05	0.27	0.3475	0.35125	0.41875	0.3075	0.10875	0.515	0.6425	0.185	0.21	0.47125	0.3675	0.54375	0.5275	0.4475	0.04125	0.38	0.235	0.205	0.21875	0.3925	-3.5	-2.06667	-1.38	-0.471429	-0.6	0.0988	0.178333	0.25424	0.204629	0.221711
0.95	0.73	0.88	0.05	0.12	0.5	0.12	0.12	0.12	0.5	0.27	0.5	0.73	0.27	0.02	0.27	0.73	0.05	0.12	0.73	0.2025	0.34125	0.31375	0.21875	0.12625	0.49625	0.64875	0.06625	0.22	0.55	0.445	0.59125	0.6225	0.45375	0.03125	0.30125	0.22625	0.2675	0.2375	0.42375	1.8	-1.73333	-1.04	-0.528571	-0.9	0.1607	0.192267	0.17926	0.213714	0.2393
0.27	0.12	0.12	0.27	0	0.5	1	0.02	0.05	0.02	0.01	0.5	0	0.01	0.01	0.27	0.05	0	0.01	0.01	0.27875	0.39	0.39625	0.16	0.14125	0.4775	0.44375	0.0475	0.1975	0.66625	0.56625	0.54375	0.775	0.37625	0.0325	0.30125	0.35875	0.1575	0.19125	0.5425	-3.5	0.933333	-0.4	-1.42857	-0.877778	0.3173	0.174	0.16032	0.231086	0.234833
0.05	0	0	0	0.5	0.01	0	0	0	1	0.5	0.01	0.88	0.12	0	0	0.05	0	0.02	0.99	0.3825	0.43375	0.41125	0.14625	0.12625	0.48125	0.4925	0.1575	0.1275	0.515	0.42875	0.605	0.58875	0.28625	0.065	0.42	0.35875	0.0975	0.1625	0.39125	4.5	-0.1	-0.4	-0.885714	-0.722222	0.044	0.1807	0.24866	0.202729	0.233078
0.27	0.12	0.73	0.27	0.05	0.5	0.73	0.12	0.27	0.27	0.73	0.5	0.99	0.5	0.12	0.73	0.27	0.12	0.73	0.5	0.3075	0.41875	0.32	0.13125	0.21	0.4475	0.3725	0.19875	0.14125	0.52125	0.38125	0.57125	0.6325	0.12625	0.05	0.32875	0.3125	0.08125	0.07375	0.44375	-1.3	-0.1	-0.9	0.214286	-0.0111111	0.1808	0.2551	0.23192	0.2462	0.255278
0.27	0.27	0.27	0.05	0.27	0.5	0.12	0.05	0.27	0.88	0.88	0.73	0.88	0.27	0.05	0.5	0.73	0.05	0.27	0.73	0.31125	0.33875	0.34625	0.12625	0.30125	0.3575	0.325	0.20875	0.1375	0.53	0.4825	0.43375	0.64625	0.25875	0.05875	0.38875	0.26375	0.03	0.15875	0.49125	-3.5	-1.83333	0.64	0.228571	0.8	0.5405	0.2661	0.24908	0.291143	0.252867
0.05	0.05	0.02	0.02	0.02	0.12	0.12	0.02	0.02	0.95	0.98	0.12	0.99	0.12	0.02	0.12	0.5	0.02	0.02	0.5	0.2225	0.39875	0.3775	0.215	0.3325	0.46125	0.325	0.19875	0.2775	0.46	0.4375	0.5575	0.5425	0.245	0.0625	0.465	0.2075	0.0275	0.19	0.43	-0.7	0	0.12	1.27143	0.1	0.077	0.3402	0.33534	0.256829	0.315356
0.73	0.73	0.27	0.12	0.5	0.27	0.12	0.88	0.12	0.5	0.27	0.88	0.12	0.12	0.27	0.95	0.27	0.02	0.05	0.27	0.10375	0.29875	0.34625	0.17	0.275	0.38125	0.2	0.08875	0.38375	0.51375	0.525	0.4	0.65125	0.245	0.03	0.3425	0.23	0.0275	0.2	0.4575	4.2	1.8	1.14	-0.0142857	0.133333	0.4031	0.318467	0.3146	0.353843	0.302944
0.12	0.95	0.73	0.27	0.27	0.95	0.5	0.5	0.5	0.05	0.12	0.95	0.73	0.05	0.02	0.5	0.12	0.01	0.05	0.05	0.18	0.39375	0.295	0.21375	0.24375	0.3575	0.24375	0.1375	0.3425	0.45125	0.4825	0.5	0.47125	0.23875	0.18625	0.41375	0.24875	0.02875	0.19875	0.3675	1.9	3.3	0.94	-0.285714	-0.755556	0.4753	0.3185	0.35112	0.357386	0.361578
0.05	0.01	0.02	0.01	0.95	0.01	0.01	0.01	0.02	0.95	0.98	0.01	0.73	0.88	0.01	0.27	0.12	0.02	0.27	0.88	0.155	0.5025	0.4175	0.215	0.15875	0.415	0.215	0.185	0.4925	0.305	0.28375	0.58875	0.3475	0.0875	0.1725	0.3575	0.2175	0.0125	0.095	0.20125	3.8	0.4	0.44	-0.285714	-1	0.0771	0.425167	0.37684	0.361843	0.349256
0.02	0.99	0.88	0.73	0.12	0.95	0.12	0.01	0.99	0.01	0.01	0.88	0.01	0.01	0.02	0.5	0.05	0	0.12	0.01	0.12625	0.34625	0.27625	0.11875	0.23125	0.235	0.18625	0.17875	0.3375	0.4375	0.4175	0.38875	0.3425	0.1775	0.165	0.26625	0.1375	0.00875	0.08	0.3375	-4.5	-1.3	-1.1	-0.685714	-0.111111	0.7231	0.335267	0.41056	0.360829	0.291567
0	0	0.12	0.01	0.02	0.01	0	0	1	0	0	0	0	0.01	0	0.12	0	0	0.12	0	0.1375	0.46375	0.36875	0.20625	0.275	0.3375	0.18625	0.1775	0.33375	0.43875	0.3875	0.48375	0.235	0.16375	0.165	0.29875	0.09625	0.00625	0.0775	0.40125	-3.2	-3.73333	-2.18	-0.642857	0.388889	0.2056	0.500133	0.32948	0.306286	0.290011
0.05	0.98	0.05	0.5	0.02	0.5	0.73	0.01	0.05	0.05	0.01	0.88	0.05	0	1	0.12	0.05	0	0.01	0.05	0.07375	0.3725	0.435	0.13625	0.21875	0.36125	0.11375	0.08125	0.5	0.37	0.3675	0.38625	0.22875	0.15125	0.06875	0.27125	0.07125	0.00375	0.09125	0.3625	-3.5	-3.4	-2.04	-0.371429	-0.122222	0.5717	0.2824	0.31832	0.247386	0.286656
0	0.05	1	0.02	0.05	0.02	0.01	0.01	0.99	0	0	0.27	0	0.12	0	0.05	0.02	0	0.12	0	0.065	0.37	0.225	0.1625	0.19625	0.3025	0.14125	0.01875	0.32	0.40375	0.4775	0.34375	0.1775	0.25375	0.19125	0.2175	0.06125	0.00375	0.19375	0.39625	-3.5	-0.833333	-0.38	-0.971429	-0.0222222	0.0699	0.220967	0.1863	0.289643	0.247578
0.01	0	0	0	0.02	0	0	0	0	1	0.98	0	0.12	0.12	0	0	0.02	0	0	0.95	0.06	0.4375	0.34875	0.165	0.08375	0.31875	0.15625	0.01875	0.50375	0.27875	0.35125	0.41	0.1625	0.20625	0.19	0.1925	0.0525	0.01625	0.2975	0.25875	4.5	1.6	0.18	0.0714286	0.0555556	0.0213	0.0514	0.21976	0.204	0.2679
0.12	0	0	0	0.27	0	0	0	0	0.95	0.73	0	0.12	0.01	0	0	0.12	0	0	1	0.135	0.31375	0.24	0.08875	0.0525	0.20125	0.14375	0.1425	0.38	0.28375	0.38125	0.3	0.16125	0.21875	0.1875	0.1325	0.04875	0.01625	0.2825	0.2525	3.8	2.63333	1.44	1.17143	0.755556	0.063	0.1524	0.13014	0.211771	0.194389
0.27	0.98	0.73	0.05	0.05	0.95	0.27	0.12	0.5	0	0.12	0.98	0.12	0.01	0.5	0.73	0.12	0	0.05	0.01	0.22625	0.19375	0.135	0.08125	0.2	0.0825	0.11	0.13	0.2075	0.465	0.46375	0.17875	0.1675	0.33625	0.125	0.08875	0.055	0.12625	0.385	0.495	-0.4	2.06667	3.04	1.92857	1.31111	0.3729	0.1865	0.16816	0.138886	0.181633
0	0	0	0	0.12	0	0	0	0	0.27	0.99	0	0.27	0.99	0	0	0.01	0.01	0.98	0.27	0.26	0.19375	0.22125	0.04	0.31375	0.13875	0.05875	0.14625	0.265	0.44	0.36	0.19125	0.17625	0.305	0.06375	0.2275	0.06375	0.15875	0.3775	0.51875	2.8	2.3	2.5	2.68571	1.31111	0.1236	0.252167	0.1762	0.141871	0.134578
0.02	0.5	0.01	0.01	0.02	0.12	0.12	0	0.5	0.95	0.95	0.27	0.73	0.5	0	0.02	0.05	0.12	0.98	0.73	0.29125	0.1875	0.12875	0.07	0.35375	0.155	0.105	0.15125	0.14125	0.465	0.45625	0.18625	0.18125	0.385	0.07875	0.31	0.16625	0.17875	0.45375	0.52375	4.5	3.03333	2.1	1.54286	1.31111	0.26	0.148367	0.18176	0.16	0.167067
0.73	0	0.01	0.12	0.12	0.01	0.02	1	0	0	0	0	0	0	0	0.02	0.12	0	0	0.01	0.21625	0.36	0.19125	0.1475	0.35375	0.27875	0.24	0.04125	0.295	0.46125	0.45875	0.33	0.26375	0.43875	0.09375	0.3725	0.18875	0.2	0.61	0.51	1.8	2.7	1.48	0.5	0.377778	0.0615	0.137433	0.13682	0.202757	0.214111
0.88	0.02	0.01	0	0.98	0.01	0	0.02	0.12	0.5	0.05	0.01	0.05	0.95	0	0.5	0.05	0.88	0.99	0.95	0.1975	0.42	0.25375	0.2725	0.21875	0.34125	0.3525	0.27375	0.3425	0.28625	0.3675	0.42	0.24875	0.325	0.20375	0.375	0.245	0.09625	0.4925	0.2825	1.8	0.0333333	0.22	6.34413e-17	-0.433333	0.0908	0.100167	0.18456	0.213014	0.277211
0.05	0	0.01	0.12	1	0	0.05	0.02	0.01	0.12	0.05	0	0.27	0.73	0.01	0.5	0.01	0.27	0.88	0.5	0.30125	0.3625	0.2725	0.36125	0.225	0.28625	0.40375	0.36875	0.35625	0.34875	0.3675	0.36125	0.26875	0.36625	0.23125	0.34625	0.2975	0.1875	0.53375	0.3525	-3.5	-1.73333	-1.46	-0.9	-0.777778	0.1482	0.200433	0.2215	0.285486	0.303467
0.27	0.5	0.27	0.27	0.27	0.27	0.5	0.05	0.5	0.88	0.73	0.5	0.5	0.27	0.12	0.73	0.88	0.27	0.73	0.5	0.33625	0.3625	0.33125	0.405	0.36375	0.315	0.41	0.45625	0.3575	0.25375	0.22125	0.36125	0.26875	0.3625	0.30875	0.38	0.25	0.24875	0.4925	0.38125	-3.5	-3.63333	-2.52	-2.04286	-1.13333	0.3623	0.3184	0.33538	0.335371	0.354022
0.12	0.88	0.5	0.73	0.12	0.88	0.98	0.12	0.73	0.02	0.05	0.88	0.05	0.05	0.12	0.5	0.27	0.05	0.27	0.12	0.415	0.315	0.36375	0.40875	0.4425	0.28625	0.3975	0.51	0.32875	0.27625	0.25	0.3425	0.29625	0.36125	0.4	0.4975	0.41125	0.295	0.46125	0.4	-3.9	-3.63333	-3.58	-2.35714	-1.71111	0.4447	0.4793	0.43906	0.409243	0.390289
0.12	0.5	0.5	0.88	0.05	0.5	0.88	0.88	0.5	0.05	0.05	0.73	0.05	0.05	0.88	0.5	0.5	0.05	0.05	0.12	0.38625	0.425	0.425	0.4375	0.47	0.395	0.47	0.38125	0.42	0.30625	0.3125	0.42375	0.35875	0.395	0.39625	0.5575	0.43	0.38625	0.55125	0.46125	-3.5	-3.63333	-2.96	-2.71429	-2.01111	0.6309	0.5616	0.52514	0.480043	0.436044
0.27	0.5	0.88	0.88	0.12	0.5	0.73	0.88	0.5	0.12	0.12	0.5	0.5	0.12	0.73	0.5	0.5	0.12	0.27	0.12	0.32	0.485	0.43875	0.52875	0.3725	0.45625	0.58	0.44125	0.43875	0.26875	0.33125	0.51375	0.35875	0.30125	0.525	0.58625	0.515	0.30125	0.43375	0.37625	-3.5	-2.46667	-2.4	-2.34286	-2.28889	0.6092	0.606233	0.56996	0.526486	0.463878
0.5	0.5	0.73	0.5	0.5	0.5	0.5	0.73	0.5	0.27	0.5	0.5	0.5	0.5	0.73	0.5	0.5	0.5	0.5	0.5	0.3	0.5475	0.51875	0.62375	0.23375	0.56625	0.72125	0.4725	0.5475	0.24125	0.28375	0.605	0.33125	0.16875	0.6425	0.5575	0.5475	0.22625	0.32875	0.28125	-0.4	-1.53333	-1.8	-1.94286	-2.28889	0.5786	0.5914	0.57568	0.523486	0.479233
0.5	0.5	0.5	0.5	0.5	0.5	0.5	0.5	0.5	0.27	0.5	0.5	0.5	0.27	0.73	0.73	0.73	0.27	0.27	0.5	0.2725	0.595	0.52	0.59625	0.215	0.56625	0.665	0.50125	0.51875	0.2225	0.31125	0.605	0.37875	0.22625	0.66125	0.4525	0.42375	0.23625	0.3575	0.28125	-0.7	-0.666667	-1.24	-1.88571	-1.47778	0.5864	0.5461	0.51776	0.500871	0.444744
0.5	0.5	0.5	0.5	0.27	0.5	0.5	0.73	0.5	0.27	0.5	0.5	0.5	0.27	0.73	0.5	0.5	0.73	0.5	0.5	0.29125	0.49125	0.46375	0.50625	0.3525	0.45875	0.545	0.46	0.46125	0.31125	0.42375	0.4975	0.49125	0.31125	0.6475	0.425	0.425	0.2975	0.4175	0.28125	-0.9	-0.766667	-1.24	-0.842857	-1.14444	0.4733	0.467	0.4532	0.418157	0.400467
0.5	0.5	0.5	0.73	0.27	0.5	0.73	0.5	0.27	0.27	0.27	0.5	0.5	0.27	0.88	0.73	0.73	0.27	0.27	0.27	0.2775	0.42875	0.40125	0.3675	0.34625	0.39625	0.40625	0.37875	0.43	0.42875	0.57	0.40625	0.595	0.3675	0.51875	0.33375	0.335	0.34875	0.44125	0.38625	-0.7	-1.7	-0.4	-0.471429	-0.333333	0.3413	0.367	0.34786	0.337729	0.334311
0.12	0.5	0.5	0.5	0.27	0.88	0.95	0.12	0.88	0.05	0.05	0.73	0.05	0.05	0.95	0.27	0.27	0.05	0.27	0.12	0.30625	0.36625	0.29125	0.28625	0.34625	0.28625	0.2875	0.31625	0.29125	0.565	0.61625	0.315	0.6225	0.395	0.41875	0.32875	0.33125	0.36125	0.40875	0.515	-3.5	-0.133333	-0.44	0.128571	0.522222	0.2864	0.226533	0.23982	0.260143	0.267867
0.05	0.88	0.05	0.05	0.12	0.27	0.05	0.05	0.27	0.73	0.95	0.5	0.88	0.5	0.27	0.12	0.12	0.12	0.73	0.5	0.25375	0.25625	0.25625	0.28	0.30875	0.30125	0.3375	0.23375	0.32	0.4525	0.50375	0.28125	0.58125	0.33875	0.4125	0.3	0.40625	0.2925	0.41375	0.42	3.8	-0.2	0.5	0.828571	0.477778	0.0519	0.128167	0.15226	0.177971	0.215422
0.27	0.05	0.05	0.01	0.99	0.02	0.02	0.02	0.27	0.73	0.95	0.02	0.95	0.73	0.01	0.05	0.05	1	0.98	0.12	0.16625	0.3	0.19625	0.31375	0.1375	0.3325	0.40375	0.17625	0.29125	0.41875	0.44125	0.285	0.51	0.27625	0.3875	0.21875	0.32375	0.14875	0.34875	0.405	-0.9	2.23333	1.48	0.842857	0.166667	0.0462	0.0445333	0.08624	0.125586	0.172722
0.01	0	0	0	0	0	0	0	0.02	0.99	0.99	0	0.88	0.5	0	0	0.01	0	0.01	0.73	0.13625	0.24375	0.14	0.2525	0.23	0.2725	0.34375	0.0875	0.29375	0.3525	0.465	0.225	0.45625	0.39625	0.2975	0.1625	0.26625	0.2925	0.5325	0.26625	3.8	2.36667	2.02	0.442857	0.122222	0.0355	0.0309667	0.05028	0.1057	0.145433
0.12	0	0	0	0.12	0	0	0	0	0.99	0.27	0	0.27	0.12	0	0	0.01	0	0.01	1	0.1225	0.18125	0.0775	0.16125	0.305	0.2125	0.2525	0.02625	0.3725	0.41	0.6125	0.1625	0.595	0.41625	0.1875	0.0725	0.1775	0.25875	0.51375	0.30875	4.2	2.4	0.56	0.757143	-0.155556	0.0112	0.0511	0.08032	0.0973143	0.119544
0.01	0	0	0	0.05	0.01	0	0	0.12	0.05	0.5	0	1	0.5	0	0.12	0.95	0.02	1	0.12	0.18375	0.18125	0.03	0.1325	0.28625	0.16375	0.2525	0.07375	0.2625	0.5225	0.58	0.1625	0.49875	0.3625	0.1925	0.115	0.04125	0.25	0.35625	0.40625	-0.8	-0.0333333	0.48	-0.242857	-0.155556	0.1066	0.106633	0.11662	0.105371	0.148056
0.02	0.02	0.02	0.73	0	0.5	1	0.01	0.27	0	0	0.05	0	0	0.27	0.01	0	0	0	0	0.1825	0.13125	0.14625	0.0375	0.28	0.1025	0.12375	0.185	0.32875	0.4375	0.53	0.20375	0.5475	0.36375	0.125	0.12875	0.15125	0.23875	0.48125	0.35875	-3.5	-1.86667	-0.92	-0.614286	-0.933333	0.2021	0.1788	0.13118	0.176343	0.186389
0	0	0	0	0.02	0	0	0	0.27	0	0.73	0	0	1	0	0	0	0.88	1	0	0.1525	0.12875	0.1575	0.13	0.15375	0.165	0.24625	0.30875	0.295	0.34625	0.32125	0.24125	0.42875	0.1475	0.1575	0.13	0.14625	0.00375	0.23375	0.345	-1.3	-2.66667	-2.46	-1.61429	-0.877778	0.2277	0.179367	0.23754	0.227971	0.217211
0.5	0	0	0	0.99	0.02	0	0.01	0.88	0.73	0.73	0	1	0.05	0	0.01	0.02	0	0.12	0.88	0.10375	0.13	0.27625	0.24	0.12375	0.16875	0.26125	0.30875	0.21625	0.13125	0.1975	0.2425	0.195	0.20375	0.16375	0.25375	0.23375	0.11375	0.345	0.14375	-3.2	-2.66667	-2.94	-2.27143	-1.38889	0.1083	0.293	0.2956	0.2726	0.233122
0.5	0.5	0.12	0.27	0.05	0.5	0.95	0.5	0.12	0.01	0.02	0.73	0.01	0	0.99	0.73	0.12	0	0	0.02	0.09125	0.0675	0.26125	0.20625	0.22625	0.10875	0.1425	0.2475	0.31125	0.13125	0.3775	0.15125	0.3	0.21	0.04	0.16375	0.22	0.11375	0.35875	0.16	-3.5	-3.3	-2.32	-2.27143	-1.43333	0.543	0.3494	0.3199	0.2829	0.232511
0.05	0.5	1	0.02	0.02	0.27	0.02	0.95	0.95	0	0.05	0.88	0.27	0.01	0	0.12	0.05	0.01	0.73	0	0.18	0.15875	0.185	0.3475	0.2575	0.19875	0.35	0.20625	0.31125	0.12875	0.37375	0.195	0.1575	0.2375	0.16625	0.2875	0.14375	0.14375	0.26125	0.15375	-3.2	-2.36667	-2.22	-1.22857	-1.03333	0.3969	0.421167	0.3101	0.254843	0.246689
0.01	0.01	0.12	0.02	0	0.02	0	1	0	0	0.01	0.27	0	0	0	0.05	0.01	0	0	0.01	0.1975	0.28	0.38375	0.38	0.26125	0.2775	0.3375	0.205	0.50625	0.13	0.37875	0.35625	0.1975	0.245	0.13375	0.38625	0.1825	0.15125	0.38625	0.15375	-0.4	-1.46667	-0.82	-0.642857	-1.03333	0.3236	0.299733	0.28958	0.255771	0.279167
0.12	0.01	0.95	0.88	0.73	0.05	0.12	0.01	0	0	0	0.01	0.01	0	0.05	1	0.73	0	0.02	0	0.19875	0.31375	0.2825	0.2725	0.17375	0.28	0.32375	0.33	0.59625	0.24	0.38	0.40375	0.23	0.24375	0.13375	0.27	0.095	0.16	0.3825	0.24625	-0.8	0.866667	0.44	-0.685714	-1.03333	0.1787	0.169333	0.22782	0.310929	0.267367
0.02	0	0	0	0	0	0	0	0	0.27	1	0	0.12	0.12	0	0	0	0	0	0.27	0.15	0.31625	0.40125	0.3825	0.14375	0.28375	0.33875	0.33	0.48875	0.23375	0.28875	0.405	0.20125	0.225	0.14	0.39375	0.185	0.16	0.37625	0.165	3.8	1.93333	0.38	-0.371429	-0.255556	0.0057	0.139533	0.24732	0.250714	0.257689
0.27	0.73	0.27	0.88	0.27	0.5	0.73	0.12	0.95	0.02	0.5	0.5	0.12	0.73	0.02	0.5	0.27	0.27	0.95	0.05	0.0625	0.285	0.415	0.2725	0.105	0.25	0.14375	0.255	0.48	0.26375	0.35125	0.37	0.20625	0.1825	0.015	0.3025	0.19875	0.12625	0.32	0.19125	2.8	1.03333	0.2	0.628571	-0.255556	0.2342	0.244767	0.2069	0.197043	0.251178
0.12	0.5	0.73	0.99	0.01	0.88	0.88	0.05	0.88	0.01	0	0.73	0.05	0.05	0.01	0.73	0.27	0.05	0.27	0.01	0.10875	0.37	0.3425	0.3475	0.14125	0.26	0.21375	0.23625	0.4325	0.26625	0.41	0.35	0.18375	0.2675	0.05	0.35	0.2075	0.1525	0.315	0.19875	-3.5	-0.666667	1.12	0.185714	-0.4	0.4944	0.283367	0.1754	0.220014	0.285533
0.12	0.27	0.02	0	0.05	0.05	0.01	0.01	0.99	0.88	0.73	0.12	0.27	0.99	0.05	0.02	0.02	0.95	0.99	0.73	0.14125	0.5075	0.5075	0.48375	0.17	0.42375	0.385	0.17875	0.52875	0.19125	0.32375	0.5025	0.17125	0.2125	0.155	0.495	0.27125	0.055	0.31625	0.11375	-1.3	-0.333333	-0.34	-0.342857	-0.5	0.1215	0.212367	0.27114	0.295357	0.294811
0.01	0.01	0	0	0.02	0	0	0	0.02	0.95	1	0	0.88	0.02	0	0	0.01	0	0.05	0.5	0.155	0.63	0.45375	0.38875	0.0975	0.515	0.4625	0.2125	0.7125	0.21625	0.29625	0.62625	0.10875	0.33625	0.2775	0.435	0.29125	0.175	0.43375	0.205	3.8	-0.333333	-1.8	-1.07143	-0.488889	0.0212	0.209033	0.36552	0.3527	0.331544
0.05	0.98	0.5	0.27	0.01	0.73	0.12	0.02	1	0	0.02	0.95	0.05	0.27	0.01	0.5	0.5	0	0.5	0.01	0.14875	0.515	0.39125	0.355	0.105	0.42625	0.4475	0.21	0.59	0.41125	0.4175	0.51375	0.3075	0.38125	0.31	0.37875	0.2325	0.175	0.3925	0.295	-3.5	-1.4	-1.36	-1.57143	-0.444444	0.4844	0.4039	0.34806	0.392	0.338122
0.27	0.95	0.88	0.73	0.05	0.73	0.73	0.73	0.5	0.01	0.02	0.95	0.02	0.01	0.27	0.73	0.12	0	0.01	0.02	0.09375	0.4425	0.40125	0.31	0.0725	0.37875	0.31375	0.12125	0.54875	0.41	0.3575	0.485	0.3025	0.32875	0.385	0.40625	0.365	0.14125	0.33625	0.29	-4.5	-3.1	-1.24	-0.471429	-0.833333	0.7061	0.532533	0.42562	0.330643	0.366367
0.27	0.88	0.73	0.12	0.27	0.5	0.5	0.5	0.88	0.27	0.05	0.88	0.12	0.5	0.88	0.5	0.27	0.12	0.73	0.05	0.085	0.39	0.33	0.26375	0.04625	0.3125	0.32375	0.14375	0.39375	0.41	0.41625	0.4025	0.3175	0.32375	0.37	0.34625	0.31875	0.245	0.2275	0.3	-1.3	-2.16667	-1.16	-0.385714	0.0222222	0.4071	0.540833	0.43436	0.383057	0.332333
0.12	0.73	0.5	0.12	0.12	0.73	0.73	0.27	0.5	0.27	0.05	0.88	0.12	0.02	0.98	0.5	0.88	0.01	0.02	0.5	0.1225	0.4375	0.4475	0.355	0.06125	0.36875	0.4125	0.205	0.35125	0.315	0.33125	0.4975	0.29	0.275	0.46125	0.435	0.3025	0.1425	0.19875	0.1675	-0.7	0.733333	-0.6	-0.328571	-0.222222	0.5093	0.3271	0.43516	0.4069	0.358844
0.01	0.05	0	0	0.05	0.02	0	0	0	0.88	0.99	0.05	0.88	0.73	0.27	0.05	0.02	0	0.12	0.5	0.16875	0.6125	0.54375	0.4325	0.07375	0.58	0.595	0.245	0.47375	0.15375	0.15125	0.6925	0.17625	0.18625	0.565	0.55375	0.51875	0.1775	0.195	0.1675	4.2	0.933333	1.14	-0.328571	-0.688889	0.0649	0.3542	0.33156	0.389143	0.3835
0.05	0.12	0.73	0.98	0.05	0.12	0.27	0.12	0.12	0.02	0.02	0.27	0.05	0.05	0.88	0.95	0.95	0	0.01	0.02	0.19125	0.60625	0.39	0.27625	0.10625	0.49125	0.5475	0.2275	0.335	0.3525	0.38875	0.58	0.365	0.2525	0.4875	0.385	0.3425	0.18	0.14875	0.24125	-0.7	2.56667	0.7	0.257143	-0.0888889	0.4884	0.247133	0.32216	0.323	0.331856
0.05	0.01	0.01	0.01	0.02	0.12	0.73	0	0.02	0.27	0.5	0	0.27	0.5	0.5	0.02	0.05	1	0.12	0.12	0.19125	0.535	0.37625	0.30625	0.195	0.40625	0.4	0.15375	0.3	0.43	0.445	0.51	0.445	0.305	0.5025	0.425	0.44625	0.1175	0.225	0.345	4.2	0	0.76	0.714286	0.911111	0.1881	0.345533	0.26892	0.267643	0.256622
0.27	0.5	0.73	0.73	0.02	0.73	0.95	0.27	0.27	0.12	0.05	0.88	0.05	0.12	0.88	0.73	0.5	0.02	0.05	0.12	0.16375	0.4825	0.305	0.26375	0.17625	0.35875	0.34375	0.0725	0.25	0.4175	0.50125	0.4125	0.46375	0.2925	0.3475	0.365	0.39	0.23125	0.17625	0.345	-3.5	0.1	0.3	1.45714	0.622222	0.3601	0.263767	0.25986	0.199029	0.237711
0.27	0.73	0.27	0.5	0.05	0.98	0.73	0.05	0.5	0.27	0.5	0.73	0.73	0.02	0.12	0.5	0.88	0.27	0.12	0.5	0.15	0.3625	0.3	0.2775	0.19125	0.23625	0.28	0.06625	0.15875	0.49	0.50125	0.32125	0.4875	0.4125	0.32	0.33125	0.23375	0.3175	0.28375	0.32625	-0.4	-0.666667	1.34	0.3	1.12222	0.2431	0.2076	0.16798	0.2236	0.183667
0.27	1	0	0	0.27	0.12	0.01	0	0.01	0.73	0.95	0.27	0.73	0.12	0	0.05	0.02	0.02	0.02	0.12	0.2725	0.3225	0.33375	0.34	0.28	0.3425	0.37	0.07875	0.22	0.4325	0.38375	0.37375	0.46875	0.3425	0.30125	0.44375	0.35375	0.34875	0.2825	0.345	1.9	2	-0.28	0.942857	0.855556	0.0196	0.0972333	0.17774	0.1571	0.176667
0.27	0.27	0.05	0	0.73	0.05	0.01	0.02	0.12	0.88	0.95	0.12	0.88	0.88	0.01	0.12	0.05	0.5	0.73	0.95	0.3	0.49	0.25125	0.22375	0.23125	0.4275	0.35125	0.07625	0.25375	0.5025	0.5	0.45	0.50625	0.275	0.1925	0.35	0.265	0.3225	0.28375	0.33	4.5	0.833333	1.18	0.6	1.35556	0.029	0.0951667	0.1103	0.1305	0.138033
0.27	0.95	0.88	0.5	0.12	0.73	0.27	0.12	0.73	0.02	0.05	0.98	0.05	0.02	0.02	0.73	0.27	0.05	0.27	0.05	0.29625	0.40625	0.16125	0.2825	0.305	0.45125	0.3375	0.18625	0.19	0.57625	0.55	0.345	0.57625	0.32	0.12875	0.33375	0.23375	0.25375	0.32625	0.4275	-3.9	1.46667	1.62	1.64286	0.8	0.2369	0.0962667	0.06206	0.0991571	0.128644
0.01	0	0	0	0.27	0	0	0	0	1	0.5	0	0.99	0.88	0	0	0.01	0.95	0.95	0.73	0.405	0.4625	0.18	0.25375	0.34625	0.45125	0.25375	0.1675	0.2475	0.5625	0.55	0.3575	0.5625	0.19875	0.02125	0.34875	0.31375	0.13875	0.23625	0.45	3.8	0.566667	2	1.58571	1.11111	0.0229	0.0872333	0.08628	0.0792286	0.0895333
0.99	0	0	0	0.98	0.01	0	0.05	0	0.88	0.5	0.01	0.73	0.27	0	0.5	0.12	0	0.01	0.27	0.37375	0.37125	0.14625	0.19125	0.36125	0.3275	0.1625	0.1575	0.185	0.5775	0.57875	0.265	0.505	0.2725	0.00625	0.28625	0.19625	0.22375	0.33875	0.47875	1.8	3.13333	0.94	1.21429	1.35556	0.0019	0.0551667	0.1012	0.0775857	0.0631222
0.27	0.73	0.12	0.05	0.12	0.73	0.12	0.12	0.5	0.73	0.95	0.73	0.5	0.27	0.02	0.27	0.27	0.27	0.73	0.73	0.46375	0.2775	0.19375	0.21875	0.46875	0.3325	0.2375	0.16375	0.18375	0.50625	0.4375	0.26	0.44875	0.25875	0.005	0.41875	0.18125	0.1875	0.24875	0.40875	3.8	1.6	1.58	0.828571	1.05556	0.1407	0.0820667	0.05544	0.0742143	0.0911667
0.02	0.02	0.12	0.98	0	0.99	0.88	0.98	0.12	0	0	0.02	0	0	0	0.5	0.02	0	0	0	0.57125	0.3325	0.1875	0.1025	0.3925	0.29375	0.14125	0.17875	0.21625	0.4875	0.4375	0.33375	0.40125	0.1825	0.00625	0.38125	0.2075	0.15875	0.24875	0.38125	-0.8	0.766667	1.18	1.27143	0.511111	0.1036	0.0841333	0.05194	0.0792286	0.0889556
0.88	0	0	0	0.5	0	0.01	0	0	0.99	0.5	0	0.88	0.01	0	0.12	0.88	0	0.01	0.98	0.43	0.21625	0.0925	0.1625	0.33	0.32625	0.21625	0.28625	0.14	0.47125	0.4925	0.21375	0.41	0.185	0.00375	0.3375	0.06625	0.1525	0.21375	0.28625	-0.7	0.1	0.66	0.671429	1.36667	0.0081	0.0390333	0.10596	0.0772571	0.0633333
1	0	0	0	0.88	0	0	0.02	0	0.27	0.73	0	0.01	0	0	0.5	0.05	0	0	0.27	0.5325	0.25	0.18375	0.225	0.34	0.4175	0.33625	0.28625	0.23125	0.4425	0.46375	0.2475	0.41	0.0825	0.00625	0.3525	0.2025	0.03625	0.1025	0.3175	1.8	0.1	-0.18	0.957143	1.14444	0.0054	0.0951667	0.07964	0.0778857	0.0840222
0.27	0.98	0.5	0.27	0.27	0.88	0.73	0.12	0.5	0.01	0.27	0.95	0.05	0.01	0.01	0.88	0.05	0	0.02	0.02	0.5	0.1275	0.12125	0.19125	0.30875	0.30625	0.245	0.2675	0.2875	0.365	0.45875	0.1275	0.31375	0.17	0.005	0.24375	0.1875	0.1275	0.22375	0.315	-0.8	0.2	0.74	0.671429	0.588889	0.272	0.0955	0.06018	0.0876571	0.103156
0.88	0	0	0	0	0	0	1	0	0	0	0	0	0	0	0.05	0.01	0	0	0	0.39	0.15875	0.16875	0.21875	0.41875	0.325	0.32125	0.1425	0.2875	0.30875	0.49875	0.155	0.32	0.14	0.00375	0.31375	0.15875	0.09375	0.135	0.22875	-0.4	0.866667	1.24	0.328571	0.588889	0.0091	0.0958	0.10038	0.0977286	0.0883556
0	0	0	0	0.12	0	0	0	0	0.88	0.99	0	1	0.05	0	0	0	0	0	0.27	0.49875	0.1575	0.15625	0.0975	0.40375	0.20375	0.3025	0.14625	0.3975	0.19875	0.375	0.15375	0.19625	0.135	0.005	0.25875	0.15875	0.09375	0.14125	0.195	3.8	1.73333	0.24	0.971429	0.322222	0.0063	0.0748333	0.13412	0.0976429	0.0893778
0.95	0.27	0.73	0.5	0.73	0.73	0.95	0.02	0.73	0.05	0.5	0.27	0.12	0.05	0.02	0.5	0.27	0.02	0.05	0.27	0.3325	0.18625	0.15625	0.0975	0.28	0.20375	0.30125	0.15875	0.425	0.19375	0.38875	0.15375	0.23	0.14875	0.0175	0.3	0.0775	0.0975	0.14875	0.0875	1.8	0.8	1.16	0.257143	0.611111	0.2091	0.129833	0.08122	0.112986	0.145822
0	0	0	0	0.12	0	0	0	0.95	0	0	0	0	0.98	0	0.01	0	0.73	1	0	0.36	0.31125	0.33875	0.27875	0.26125	0.405	0.53	0.22125	0.5075	0.18125	0.375	0.27875	0.2775	0.0475	0.035	0.36125	0.13875	0.02375	0.06375	0.1025	-3.2	0.8	0.6	0.642857	0.0222222	0.1741	0.130233	0.10196	0.147857	0.193533
0	0	0	0	0.73	0	0	0	0	0.27	1	0	0.5	0.02	0	0	0	0	0	0.02	0.38875	0.25125	0.31	0.27875	0.27625	0.3575	0.4725	0.24	0.62625	0.20875	0.25	0.2225	0.2425	0.2	0.0675	0.315	0.195	0.23375	0.22	0.16	3.8	-0.866667	0.22	0.2	0.611111	0.0075	0.0981333	0.20392	0.208671	0.194122
0.01	0.01	0.02	0.01	0	0.02	0.73	0.01	1	0	0	0.01	0.01	0.01	0.01	0.01	0.01	0	0.05	0	0.34	0.3125	0.37	0.34	0.43	0.4175	0.44375	0.17625	0.56375	0.305	0.4375	0.28375	0.36625	0.26375	0.1575	0.37	0.255	0.29625	0.27625	0.225	-3.2	0.833333	-0.84	0.3	1.12222	0.1128	0.212133	0.24906	0.247386	0.252422
0.5	0.5	0.73	0.5	0.12	0.73	0.95	0.12	0.95	0.12	0.12	0.27	0.27	0.12	0.12	0.95	0.5	0.05	0.12	0.12	0.34125	0.31375	0.34375	0.34125	0.4625	0.39125	0.47875	0.225	0.6325	0.2425	0.36125	0.31375	0.27125	0.30625	0.20625	0.315	0.25625	0.3525	0.33	0.23875	1.9	-1.6	0.7	0.642857	0.655556	0.5161	0.354567	0.2697	0.293771	0.314078
0.27	0.73	0.73	0.95	0.12	0.88	0.88	0.5	0.88	0.12	0.12	0.73	0.27	0.12	0.12	0.5	0.27	0.12	0.27	0.12	0.31375	0.31375	0.315	0.285	0.43375	0.34375	0.43125	0.2375	0.6125	0.29875	0.36125	0.285	0.31875	0.3625	0.26625	0.37125	0.3425	0.40375	0.3675	0.2675	-3.5	0.966667	0.78	1.04286	0.377778	0.4348	0.4094	0.37496	0.349071	0.354967
0.5	0.5	0.27	0.27	1	0.5	0.27	0.27	0.5	0.5	0.27	0.5	0.27	0.27	0.27	0.5	0.5	0.95	0.27	0.5	0.3475	0.405	0.435	0.4325	0.37125	0.45375	0.57	0.3575	0.60375	0.285	0.405	0.37625	0.38125	0.28375	0.31	0.4325	0.37625	0.27125	0.305	0.2825	4.5	1.73333	1.34	0.4	0.344444	0.2773	0.4153	0.46464	0.430443	0.402089
0.5	0.5	0.5	0.5	0.5	0.5	0.5	0.5	0.5	0.5	0.5	0.5	0.5	0.5	0.73	0.5	0.5	0.5	0.5	0.5	0.43875	0.43875	0.46875	0.4375	0.405	0.51625	0.60375	0.39125	0.66625	0.285	0.31375	0.43875	0.3525	0.28625	0.315	0.5425	0.43875	0.41875	0.33875	0.31375	4.2	2.76667	0.82	0.357143	-0.122222	0.5338	0.457433	0.47684	0.499786	0.460344
0.5	0.5	0.5	0.5	0.5	0.5	0.5	0.5	0.5	0.5	0.5	0.5	0.5	0.5	0.5	0.5	0.5	0.5	0.5	0.5	0.5	0.5475	0.5575	0.5275	0.43875	0.605	0.60375	0.42375	0.6325	0.3	0.32875	0.5475	0.36625	0.3	0.37625	0.6325	0.5	0.43375	0.3475	0.32875	-0.4	1.03333	0.82	0.0285714	-0.2	0.5612	0.557367	0.50952	0.502029	0.480089
0.5	0.5	0.5	0.5	0.5	0.5	0.5	0.5	0.5	0.5	0.5	0.5	0.5	0.5	0.5	0.5	0.73	0.5	0.5	0.5	0.4525	0.5475	0.52875	0.48	0.4575	0.62375	0.5	0.42375	0.5475	0.31875	0.37625	0.57625	0.4425	0.31875	0.485	0.5475	0.4425	0.43375	0.3475	0.32875	-0.7	-1.53333	-0.16	-0.0285714	-0.588889	0.5771	0.578833	0.56042	0.481414	0.447767
0.5	0.5	0.5	0.5	0.5	0.5	0.5	0.73	0.5	0.27	0.5	0.5	0.5	0.5	0.5	0.5	0.5	0.5	0.5	0.5	0.4525	0.56625	0.5475	0.3675	0.4575	0.57625	0.405	0.42375	0.5475	0.33875	0.3675	0.595	0.415	0.305	0.5925	0.51875	0.47125	0.43375	0.31625	0.3475	-3.5	-1.53333	-1.78	-0.9	-1.23358e-16	0.5982	0.569033	0.51176	0.473971	0.415389
0.73	0.27	0.5	0.27	0.5	0.5	0.5	0.5	0.5	0.27	0.5	0.5	0.5	0.27	0.5	0.88	0.5	0.73	0.5	0.27	0.3625	0.5325	0.51375	0.3625	0.42375	0.51375	0.37125	0.41875	0.4875	0.40125	0.3675	0.53375	0.4725	0.41	0.55875	0.41125	0.41125	0.2875	0.3925	0.43625	-0.4	-2.6	-2.02	-1.24286	9.86865e-17	0.5318	0.4735	0.44456	0.4182	0.3902
0.5	0.88	0.73	0.73	0.27	0.73	0.73	0.27	0.73	0.12	0.12	0.88	0.12	0.12	0.27	0.73	0.5	0.12	0.12	0.12	0.34375	0.39375	0.4225	0.2425	0.39625	0.4225	0.28	0.385	0.39625	0.4825	0.415	0.42375	0.49125	0.3725	0.49875	0.37	0.35125	0.30125	0.44	0.515	-3.9	-1.96667	-1.52	-0.542857	-0.266667	0.2905	0.349167	0.35782	0.345257	0.338689
0.12	0.5	0.5	0.12	0.27	0.88	0.12	0.12	0.27	0.27	0.5	0.5	0.88	0.27	0.99	0.27	0.27	0.05	0.12	0.12	0.32875	0.38125	0.38875	0.25625	0.33375	0.3425	0.29375	0.34125	0.51625	0.40125	0.305	0.40875	0.33375	0.29375	0.34625	0.365	0.3175	0.2475	0.41125	0.4525	-1.6	-1.23333	0.08	-0.185714	-0.577778	0.2252	0.2197	0.2483	0.272843	0.278456
0.27	0.88	0.88	0.05	0.12	0.5	0.12	0.73	0.88	0.05	0.05	0.88	0.05	0.01	0.98	0.27	0.27	0.12	0.02	0.27	0.2475	0.39625	0.28	0.2025	0.3525	0.32875	0.2325	0.20875	0.3925	0.36625	0.305	0.31375	0.375	0.265	0.285	0.3025	0.22625	0.17625	0.36125	0.37125	1.8	1.56667	0.52	-0.142857	-1	0.1434	0.139733	0.15598	0.190114	0.238322
0.01	0	0	0	0.73	0	0	0	0.02	1	0.27	0.01	0.73	0.88	0	0.02	0.02	0.01	0.88	0.98	0.21875	0.44375	0.39	0.27125	0.21375	0.32875	0.1875	0.20875	0.4375	0.21375	0.215	0.36	0.2275	0.09375	0.345	0.27125	0.195	0.1275	0.19125	0.22	4.5	2.7	0.66	-0.728571	-1	0.0506	0.0880667	0.1017	0.144986	0.188944
0.12	0	0	0	0.05	0	0	0	0	1	0.5	0	0.27	0.05	0.02	0.02	0.02	0	0.5	0.98	0.11375	0.41	0.3275	0.2375	0.23625	0.26625	0.125	0.14625	0.3775	0.30375	0.2475	0.29875	0.285	0.22625	0.28	0.16125	0.13375	0.0375	0.1775	0.29625	1.8	1.03333	0.08	-0.671429	-0.533333	0.0702	0.0466333	0.09984	0.125457	0.131644
0	0.02	0	0	0	0.01	0	0	1	0	0	0	0	0.02	0	0	0	0	0.27	0	0.17625	0.33125	0.25125	0.14625	0.20875	0.17625	0.03625	0.1125	0.16125	0.41375	0.295	0.31375	0.30375	0.215	0.24875	0.0875	0.08875	0.0225	0.19125	0.40375	-3.2	-1.96667	-0.98	0.1	-0.533333	0.0191	0.101733	0.10192	0.0955857	0.119289
0	1	0.01	0	0.5	0.01	0.01	0.05	0.12	0	0.05	0.12	0	0.01	0	0	0	0	0	0	0.28375	0.14625	0.18875	0.13125	0.1275	0.0675	0.02125	0.10625	0.2375	0.38	0.2275	0.2375	0.19375	0.1825	0.24375	0.1775	0.14625	0.01625	0.21	0.395	-4.5	-3.73333	-1.12	-0.714286	-0.444444	0.2159	0.1296	0.09502	0.100714	0.0958222
0.01	0	0.5	1	0	0	0.02	0	0	0	0	0	0	0	0	0	0	0	0	0	0.35875	0.28	0.08	0.03375	0.1775	0.06875	0.0675	0.055	0.17625	0.375	0.23375	0.205	0.2025	0.1825	0.155	0.2625	0.175	0.00125	0.20875	0.3625	-3.5	-1.4	-2.26	-1.47143	-1.07778	0.1538	0.1286	0.11684	0.0954857	0.121411
0	0	0	0	0	0	0	0	0	0.99	0.99	0	0.5	0.5	0	0	0.01	0	0.01	0.88	0.35875	0.28	0.2675	0.16	0.08875	0.06875	0.07	0.055	0.17375	0.12625	0.07625	0.20375	0.04875	0.01	0.155	0.26625	0.17125	0	0.0975	0.13	3.8	-1.2	-1.78	-2.28571	-1.96667	0.0161	0.1164	0.11582	0.138843	0.124244
0.88	0.27	0.12	0	0	0.02	0.02	0	0	0	0	1	0	0	0	0.12	0.12	0	0	0	0.23375	0.24625	0.2525	0.16	0.205	0.06625	0.0675	0.055	0.17375	0.25	0.22875	0.07875	0.0925	0.06875	0.1525	0.24875	0.15625	0	0.03625	0.24	-3.9	-0.3	-1.66	-2.32857	-1.66667	0.1793	0.0698	0.14738	0.146986	0.116756
0.98	0	0.01	0	0.12	0.01	0.01	0.12	0	0	0.01	0.01	0	0	0.95	0.99	0.73	0	0	0.05	0.22125	0.2775	0.26625	0.16	0.19	0.06625	0.06875	0.04	0.04875	0.25625	0.3525	0.2025	0.215	0.08125	0.03375	0.14	0.08	0	0.0025	0.23625	-0.8	-2.86667	-1.66	-1.04286	-0.888889	0.014	0.189	0.13184	0.116543	0.136922
0.88	0.95	0.5	0.27	0.02	0.5	0.5	0.27	0.27	0.01	0.05	0.5	0.12	0	0.27	0.95	0.5	0	0.01	0.01	0.23375	0.03375	0.20375	0.12625	0.14	0.00375	0.00625	0.015	0	0.37375	0.465	0.12625	0.2625	0.08125	0.11875	0.145	0.11125	0	0.00125	0.36375	-3.9	-2.73333	-1.52	-1.26883e-16	0.0777778	0.3737	0.1546	0.12918	0.123229	0.114556
0	0	1	0.01	0.02	0	0	0	0	0	0	0	0	0	0	0.05	0	0	0	0	0.3575	0.1675	0.18875	0.15875	0.14	0.06875	0.08125	0.11125	0.04875	0.375	0.4725	0.2225	0.28	0.08375	0.1525	0.34875	0.265	0	0.005	0.365	-3.5	-0.966667	0.02	0.0571429	0.0333333	0.0761	0.150867	0.13344	0.123014	0.116489
0	0	0	0	0.98	0	0	0	0	1	0.73	0	0.12	0.02	0	0	0.01	0	0	0.98	0.42	0.20125	0.405	0.27	0.0225	0.13125	0.205	0.1175	0.14	0.12875	0.26	0.285	0.2175	0.02	0.1675	0.465	0.29625	0	0.00625	0.135	4.5	1.6	1.02	0.0571429	-0.822222	0.0028	0.0931667	0.13356	0.121857	0.178156
0	0	0	0	0	0	0	0	0	0.05	1	0	0.98	0.12	0	0	0	0	0	0.02	0.31625	0.20125	0.51375	0.39375	0.1475	0.19125	0.3125	0.1325	0.25	0.2475	0.2275	0.25125	0.11	0.00875	0.1825	0.48375	0.28875	0	0.0125	0.255	3.8	4.16667	1.02	-0.385714	-0.777778	0.2006	0.0726667	0.09306	0.201443	0.223311
0	0	0	0	0	0	0	0	0	0.95	0.99	0	0.5	0.01	0	0	0.02	0	0	0.98	0.2	0.2075	0.60375	0.40875	0.1475	0.1925	0.31375	0.2275	0.28375	0.15	0.3375	0.265	0.2925	0.145	0.06375	0.3625	0.1975	0.11875	0.1225	0.135	4.2	1.36667	0.94	-0.328571	-0.733333	0.0146	0.1288	0.19206	0.231729	0.261333
0.12	0.12	0.88	1	0	0.02	0.12	0.5	0.12	0	0.01	0.27	0.02	0.02	0	0.73	0.73	0	0.02	0	0.08125	0.165	0.55375	0.3125	0.23625	0.19	0.34625	0.1375	0.345	0.30125	0.46	0.2025	0.3525	0.145	0.03125	0.18625	0.165	0.11875	0.12125	0.36625	-3.9	-1.2	-0.66	0.114286	-0.377778	0.1712	0.2523	0.30864	0.271743	0.242389
0.5	0.27	0.73	0.88	0.02	0.5	0.99	0.05	0.73	0.02	0.02	0.5	0.12	0.01	0.12	0.88	0.27	0	0.02	0.02	0.15625	0.1475	0.4475	0.32625	0.355	0.13	0.2375	0.2	0.26875	0.39	0.4925	0.175	0.4025	0.1475	0.135	0.1675	0.22875	0.11875	0.1225	0.48625	-3.9	-3.76667	-1.5	-0.628571	0.288889	0.5711	0.442667	0.33976	0.300371	0.234422
0.05	0.27	0.99	0.99	0.02	0.5	0.88	0.12	0.88	0	0.01	0.73	0	0.01	0.12	0.27	0.05	0	0.05	0	0.215	0.23875	0.41625	0.3125	0.3425	0.145	0.25375	0.19125	0.36	0.2675	0.40375	0.27125	0.4025	0.145	0.135	0.245	0.25625	0.11875	0.12125	0.38125	-3.5	-2.6	-2.48	-0.814286	0.0666667	0.5857	0.504333	0.37748	0.272343	0.243489
0.05	0.05	0.73	0.12	0.12	0.02	0.02	0.88	0.27	0.12	0.88	0.12	0.98	0.98	0	0.02	0.02	0.95	0.88	0.05	0.215	0.26625	0.44875	0.42125	0.33	0.205	0.36125	0.09625	0.43625	0.37125	0.28875	0.3475	0.1725	0.01	0.15	0.27625	0.26125	0	0.0175	0.49625	-0.4	-1.53333	-1.2	-1.05714	0.144444	0.3562	0.3817	0.34412	0.282314	0.2219
0.05	0.73	0.98	0.5	0.73	0.5	0.88	0.05	0.88	0.27	0.05	0.27	0.12	0.01	0.01	0.27	0.95	0	0.02	0.88	0.33875	0.18125	0.42	0.37375	0.3725	0.14625	0.255	0.31	0.36	0.23625	0.26875	0.33	0.2175	0.13	0.14875	0.3675	0.205	0.11875	0.125	0.27625	-0.7	0.466667	0.08	0.142857	-0.122222	0.2032	0.187933	0.24678	0.258757	0.231478
0.98	0.01	0	0	0.99	0	0	0.05	0	0.73	0.27	0.01	0.5	0.01	0.95	0.05	0.05	0	0.01	0.98	0.2075	0.25625	0.43875	0.43625	0.34	0.20625	0.35125	0.2475	0.455	0.17875	0.24	0.32875	0.1675	0.1275	0.03125	0.30375	0.22625	0.11875	0.12375	0.26375	2.5	1.43333	1.68	0.957143	-0.0777778	0.0044	0.0973333	0.1309	0.191571	0.242911
0.02	0.73	0.01	0	0.88	0.12	0.02	0	0.88	0	0.01	1	0	0	0	0.01	0.01	0	0.02	0.12	0.265	0.1325	0.34625	0.32625	0.3575	0.12875	0.225	0.2475	0.25375	0.2675	0.285	0.1425	0.2175	0.2525	0.135	0.19875	0.1975	0.12	0.135	0.37125	2.5	3.16667	2.12	0.957143	0.777778	0.0844	0.0317	0.07982	0.147057	0.183378
0	0	0	0	0	0	0	0	0	1	0.95	0	0.12	0.01	0	0	0.01	0	0	0.99	0.26125	0.19	0.22625	0.20375	0.465	0.08125	0.1175	0.3575	0.25375	0.1425	0.16625	0.1775	0.2025	0.25	0.12	0.16875	0.19125	0.12	0.13125	0.2625	4.5	2.93333	1.56	1.55714	1.12222	0.0063	0.0638333	0.094	0.101214	0.149644
0.99	0	0.02	0	0.95	0.01	0.01	0.88	0	0.02	0	0.01	0	0	0	0.98	0.5	0	0	0.05	0.13375	0.18375	0.1325	0.18875	0.365	0.0775	0.11375	0.1375	0.22	0.28375	0.3	0.16125	0.2175	0.23875	0.12	0.045	0.16125	0.00375	0.02375	0.465	1.8	0.933333	1.82	1.6	1.58889	0.1008	0.127067	0.10018	0.112486	0.137367
0	0	0.05	1	0	0	0.01	0	0	0	0	0	0	0	0	0	0	0	0	0	0.37625	0.0925	0.0075	0.00125	0.48375	0.0175	0.005	0.24375	0.11	0.2525	0.29375	0.13	0.205	0.23875	0.11875	0.2575	0.13875	0.00375	0.02125	0.36375	-3.5	0.7	1.24	1.78571	1.86667	0.2741	0.136733	0.13972	0.146957	0.123689
0	0	0	0	0.05	0	0	0	0	0	0.12	0	0.02	1	0	0	0	0.01	0.12	0.02	0.31625	0.21625	0.02875	0.1275	0.36	0.08	0.02125	0.2525	0.11625	0.16375	0.25125	0.25125	0.14625	0.11875	0.00625	0.26625	0.195	0.0025	0.00625	0.245	3.8	-0.0333333	1.1	1.68571	2.05556	0.0353	0.197167	0.1876	0.146343	0.150367
0	0	0.02	0.01	0	0	0	1	0	0	0	0.01	0	0	0	0.02	0	0	0	0	0.3475	0.21625	0.04	0.14125	0.2625	0.15625	0.08125	0.13375	0.02125	0.255	0.375	0.1875	0.24	0.35375	0.0125	0.29625	0.2275	0.06625	0.0525	0.295	-0.4	2.4	1.1	1.64286	1.27778	0.2821	0.1877	0.18346	0.180371	0.182022
0.02	0	0	0	0.27	0	0	0	0	0.27	1	0	0.98	0.88	0	0.01	0.27	0.02	0.02	0.73	0.37875	0.2225	0.0575	0.17625	0.32	0.19	0.09625	0.2925	0.08375	0.20625	0.24125	0.2225	0.2125	0.36125	0.0275	0.3125	0.22625	0.12625	0.14125	0.17125	3.8	1.73333	2.64	0.742857	0.422222	0.2457	0.202633	0.17754	0.218729	0.201956
1	0	0.01	0	0.73	0.01	0.01	0.02	0	0	0	0.01	0.02	0.01	0	0.99	0.27	0	0	0.02	0.1475	0.25625	0.145	0.295	0.15875	0.27875	0.20375	0.2425	0.1175	0.27125	0.38125	0.25375	0.3475	0.47625	0.14625	0.13	0.22625	0.13125	0.1775	0.26875	1.8	3.26667	0.98	0.785714	-0.166667	0.0801	0.1901	0.24434	0.2061	0.247222
0.5	1	0.12	0.01	0.05	0.5	0.12	0.12	0.05	0.02	0.05	0.98	0.05	0.05	0.05	0.12	0.5	0	0.01	0.05	0.24375	0.19375	0.1875	0.27875	0.25875	0.30875	0.28	0.32125	0.22125	0.28375	0.39	0.195	0.3775	0.48625	0.2025	0.33	0.26	0.1375	0.23875	0.29875	4.2	0.5	0.42	-0.257143	0.133333	0.2445	0.2313	0.22506	0.273657	0.285889
0.27	0.73	0.12	0.12	0.05	0.73	0.5	0.05	0.12	0.73	0.88	0.5	0.73	0.88	0.05	0.27	0.27	0.5	0.27	0.5	0.335	0.26125	0.27875	0.375	0.2675	0.31375	0.32375	0.44	0.24625	0.22875	0.28625	0.3175	0.32375	0.2725	0.265	0.4025	0.35125	0.13625	0.225	0.255	-4.5	-1.16667	-1.04	-0.314286	-0.0888889	0.3693	0.2665	0.27756	0.322229	0.3438
0.27	0.05	0.12	0.27	0.73	0.27	0.12	0.27	0.5	0.88	0.88	0.27	0.88	0.95	0.12	0.12	0.27	0.5	0.73	0.73	0.3975	0.40875	0.33875	0.44625	0.1975	0.4625	0.4625	0.32125	0.2325	0.2725	0.32	0.43625	0.3675	0.27875	0.29	0.51	0.46125	0.15125	0.1825	0.28875	-3.2	-3.73333	-1.56	-0.6	-0.122222	0.1857	0.3544	0.38596	0.366629	0.375967
0.12	0.27	0.73	0.95	0.12	0.73	0.88	0.5	0.27	0.27	0.12	0.27	0.12	0.05	0.95	0.5	0.5	0.02	0.27	0.12	0.42875	0.415	0.35375	0.48	0.24625	0.49625	0.45875	0.32625	0.32375	0.33	0.305	0.49875	0.4025	0.29625	0.22	0.5525	0.49	0.215	0.3475	0.28875	-3.5	-2.5	-2.04	-0.957143	-0.933333	0.5082	0.438667	0.44836	0.436843	0.413678
0.27	0.5	0.5	0.88	0.12	0.73	0.73	0.73	0.88	0.12	0.12	0.5	0.27	0.12	0.5	0.73	0.5	0.05	0.5	0.27	0.31875	0.40125	0.44375	0.58	0.18875	0.58625	0.53875	0.32875	0.3575	0.36375	0.33875	0.5025	0.44375	0.32	0.33875	0.49125	0.56625	0.22625	0.4375	0.30125	-0.8	-0.833333	-1.28	-2.05714	-1.21111	0.6221	0.562267	0.48882	0.4855	0.462833
0.5	0.27	0.73	0.88	0.12	0.27	0.73	0.88	0.27	0.27	0.12	0.5	0.27	0.12	0.5	0.73	0.5	0.5	0.27	0.12	0.29	0.3675	0.4625	0.6125	0.1975	0.64375	0.5575	0.32875	0.49	0.405	0.395	0.41375	0.52875	0.3475	0.395	0.5675	0.595	0.185	0.58375	0.37625	1.8	0.1	-1.34	-1.51429	-1.17778	0.5565	0.5834	0.5687	0.507386	0.490044
0.5	0.5	0.5	0.73	0.12	0.73	0.73	0.27	0.27	0.5	0.27	0.73	0.5	0.12	0.27	0.73	0.88	0.12	0.12	0.5	0.29	0.33875	0.5675	0.72625	0.20625	0.58625	0.58625	0.4325	0.56625	0.3	0.28125	0.385	0.4425	0.2525	0.4325	0.625	0.605	0.17625	0.63125	0.3	-0.7	-0.8	-0.78	-0.414286	-1.06667	0.5716	0.571067	0.57156	0.550771	0.505411
0.12	0.27	0.73	0.95	0.05	0.73	0.73	0.27	0.5	0.12	0.12	0.5	0.5	0.12	0.27	0.73	0.73	0.05	0.88	0.12	0.36625	0.42375	0.5575	0.69875	0.13875	0.615	0.63375	0.46125	0.59375	0.3	0.2525	0.4425	0.395	0.1675	0.48	0.6725	0.68125	0.15625	0.47875	0.31875	-3.5	-1.63333	0.28	-0.414286	-0.211111	0.5851	0.559733	0.54502	0.550686	0.530644
0.27	0.12	0.5	0.73	0.27	0.73	0.5	0.27	0.88	0.12	0.27	0.27	0.5	0.27	0.5	0.73	0.88	0.12	0.95	0.27	0.395	0.47125	0.58625	0.64125	0.15875	0.58625	0.615	0.46125	0.575	0.3	0.28125	0.52875	0.4425	0.17625	0.395	0.70125	0.69125	0.17875	0.45125	0.3475	-0.7	0.1	-0.78	0.342857	0.377778	0.5225	0.532333	0.53524	0.520786	0.524211
0.5	0.5	0.5	0.27	0.12	0.5	0.27	0.27	0.5	0.5	0.5	0.27	0.73	0.27	0.5	0.73	0.73	0.12	0.95	0.5	0.395	0.47125	0.58625	0.6225	0.1775	0.58625	0.58625	0.40375	0.54625	0.2525	0.27125	0.52875	0.47125	0.17625	0.395	0.70125	0.76625	0.20625	0.4225	0.31875	4.5	0.1	0.26	0.342857	0.288889	0.4894	0.5065	0.50348	0.505614	0.515322
0.27	0.73	0.73	0.88	0.12	0.73	0.73	0.27	0.73	0.12	0.12	0.5	0.27	0.12	0.12	0.73	0.73	0.05	0.5	0.27	0.37625	0.5	0.585	0.47	0.165	0.58625	0.4525	0.3275	0.59375	0.2725	0.31	0.52875	0.5575	0.1825	0.41375	0.70125	0.82625	0.155	0.45125	0.33875	-3.5	1.83333	1.32	0.214286	-0.3	0.5076	0.469933	0.47652	0.5014	0.508489
0.5	0.5	0.27	0.27	0.12	0.5	0.5	0.5	0.95	0.5	0.5	0.5	0.5	0.27	0.5	0.5	0.73	0.27	0.27	0.5	0.31875	0.57625	0.61375	0.48875	0.165	0.58625	0.42375	0.35625	0.62375	0.1775	0.24375	0.5	0.5	0.1825	0.3475	0.73	0.82625	0.1275	0.48	0.28125	4.5	0.933333	1.14	0.214286	-0.577778	0.4128	0.4569	0.48044	0.488529	0.492989
0.5	0.5	0.73	0.27	0.5	0.5	0.5	0.5	0.5	0.27	0.5	0.73	0.5	0.27	0.5	0.73	0.73	0.27	0.12	0.5	0.36625	0.605	0.48	0.37625	0.12625	0.5575	0.36625	0.32875	0.62	0.30125	0.29125	0.4425	0.5475	0.25875	0.405	0.625	0.76875	0.12375	0.395	0.385	1.8	1.56667	-0.46	-0.142857	-0.688889	0.4503	0.4684	0.48156	0.475614	0.478256
0.5	0.88	0.5	0.27	0.12	0.5	0.27	0.27	0.27	0.12	0.27	0.5	0.73	0.12	0.5	0.73	0.95	0.27	0.27	0.27	0.4425	0.605	0.4525	0.2875	0.25	0.5	0.3475	0.33875	0.54125	0.39625	0.34875	0.5	0.56625	0.25875	0.34875	0.5675	0.64625	0.115	0.26375	0.49875	-1.6	-1.1	-0.4	-1.42857	-0.144444	0.5421	0.4958	0.46646	0.470343	0.458667
0.12	0.73	0.95	0.27	0.02	0.5	0.12	0.27	0.88	0.05	0.05	0.73	0.5	0.02	0.27	0.73	0.98	0.02	0.05	0.05	0.43375	0.5625	0.33625	0.255	0.25375	0.44	0.335	0.43	0.40375	0.3425	0.31625	0.44	0.505	0.23875	0.40625	0.47875	0.5525	0.1375	0.17875	0.46625	-3.5	-2.76667	-2.2	-0.328571	-0.688889	0.495	0.489733	0.4744	0.447286	0.436011
0.27	0.88	0.27	0.27	0.12	0.5	0.27	0.73	0.73	0.12	0.12	0.5	0.27	0.27	0.12	0.73	0.88	0.12	0.12	0.27	0.39625	0.455	0.3925	0.15125	0.2325	0.35125	0.2275	0.34	0.3375	0.325	0.29375	0.40875	0.50625	0.19375	0.50125	0.47875	0.59875	0.12	0.10875	0.41125	-3.2	-3.73333	-1.72	-1.02857	-0.377778	0.4321	0.459867	0.45358	0.4291	0.413356
0.5	0.5	0.12	0.05	0.12	0.5	0.27	0.05	0.02	0.88	0.5	0.27	0.88	0.73	0.73	0.12	0.27	0.02	0.05	0.95	0.32	0.455	0.38375	0.15125	0.22375	0.30375	0.17125	0.36375	0.3225	0.2775	0.24625	0.39	0.43	0.22125	0.485	0.49875	0.59	0.1325	0.2025	0.37375	-4.5	-1.16667	-1.48	-1.38571	-1.31111	0.4525	0.410267	0.40226	0.408157	0.402522
0.88	0.5	0.05	0.02	0.88	0.27	0.12	0.12	0.02	0.73	0.5	0.5	0.88	0.12	0.05	0.27	0.12	0.05	0.05	0.95	0.2725	0.5025	0.3075	0.12375	0.12875	0.27625	0.13	0.41625	0.275	0.265	0.19875	0.36125	0.36875	0.32625	0.51	0.395	0.52375	0.205	0.2975	0.31375	4.2	-0.233333	-0.92	-1.71429	-2.01111	0.3462	0.3614	0.364	0.375757	0.373844
0.05	0.01	0.02	0.01	0.05	0.02	0.02	1	0.01	0	0.02	0.02	0.01	0.01	0.73	0.02	0.01	0.05	0.05	0.02	0.31375	0.45375	0.24875	0.09125	0.2175	0.245	0.10875	0.2725	0.305	0.34125	0.225	0.35875	0.38625	0.34	0.3625	0.335	0.41875	0.29625	0.38875	0.39625	-0.4	1.03333	-1.06	-1.85714	-1.97778	0.2855	0.3118	0.34064	0.3325	0.327433
0.12	0.02	0.5	0.05	0.05	0.02	0.02	0.01	0.05	0.05	0.01	0.02	0.05	0.01	0.73	0.73	1	0.01	0.01	0.05	0.29625	0.395	0.07125	0.0525	0.30625	0.185	0.09375	0.36375	0.205	0.43875	0.33	0.2675	0.44375	0.34	0.32875	0.1575	0.26375	0.29875	0.38875	0.4775	-0.7	-1.66667	-1.06	-1.58571	-1.37778	0.3037	0.3015	0.28858	0.288543	0.287544
0.12	0.12	0.05	0.05	0.05	0.12	0.05	0.01	0.12	0.88	0.5	0.12	0.5	0.95	0.98	0.05	0.05	0.27	0.95	0.88	0.3875	0.2725	0.09375	0.12875	0.29125	0.11	0.05625	0.275	0.105	0.32	0.25375	0.1925	0.35375	0.18875	0.37375	0.2425	0.27375	0.25125	0.25625	0.34	-3.9	-3.03333	-2.16	-0.671429	-0.822222	0.3153	0.2704	0.24422	0.243329	0.2438
0.5	0.88	0.05	0.02	0.5	0.05	0.02	0.99	0.12	0.02	0.12	0.73	0.01	0.5	0.02	0.05	0.05	0.88	0.88	0.02	0.2775	0.115	0.07875	0.12625	0.22	0.05625	0.02625	0.14625	0.1025	0.32	0.24125	0.0825	0.305	0.15375	0.5275	0.2275	0.24	0.175	0.25875	0.32875	-4.5	-3.23333	-1.7	-1.01429	-0.5	0.1922	0.210633	0.21432	0.199357	0.207678
0	0	0	0	0	0	0	0	0.5	0	0	0	0	0.12	0	0	0	1	1	0	0.23	0.1625	0.07875	0.1325	0.1725	0.035	0.13875	0.255	0.055	0.23125	0.19375	0.1125	0.19625	0.18625	0.52375	0.2	0.23125	0.15375	0.2375	0.2125	-1.3	-1.3	-1.2	-1.18571	-1.35556	0.1244	0.150867	0.16126	0.176771	0.1851
0.05	0.27	0.01	0	0.73	0.02	0	0.01	0.12	0.88	0.88	0	1	0.02	0	0.02	0.73	0	0.01	0.73	0.30875	0.13375	0.0775	0.13125	0.16625	0.03125	0.1375	0.13	0.1075	0.18375	0.14375	0.11125	0.16125	0.2125	0.43375	0.2575	0.14125	0.36375	0.48	0.24125	1.9	0.8	-0.74	-1.58571	-0.844444	0.136	0.0996	0.12368	0.153814	0.168911
1	0	0	0.88	0	0	0	0.02	0	0	0	0	0	0	0.73	0.73	0.01	0	0	0	0.26625	0.17125	0.01875	0.0175	0.2575	0.03375	0.1375	0.13375	0.1225	0.41	0.37125	0.11125	0.37125	0.32375	0.25375	0.08375	0.12125	0.36875	0.57125	0.4175	1.8	0.7	-0.54	-0.428571	-0.344444	0.0384	0.1006	0.11384	0.128743	0.159222
0	0	0	0	0	0	0	0	0	0.02	0.02	0	0	0	1	0	0	0.02	0	0	0.43875	0.2475	0.10375	0.18375	0.26625	0.11	0.19375	0.15	0.17	0.33125	0.36875	0.15875	0.41875	0.2675	0.1125	0.26	0.17875	0.395	0.515	0.34125	-1.6	-1.1	0.56	0.757143	-0.3	0.1274	0.102933	0.11692	0.132214	0.182967
0	0	0	0.05	0	0.05	1	0	0.02	0	0	0.01	0	0	0	0	0	0	0	0	0.41	0.2	0.16	0.26625	0.26625	0.16	0.12875	0.13625	0.18625	0.34625	0.39	0.12875	0.48	0.23875	0.26875	0.345	0.2825	0.32125	0.43875	0.3725	-3.5	-0.3	0.94	0.442857	-0.188889	0.143	0.136733	0.13302	0.190014	0.227033
0.73	0.05	0.02	0	0.73	0.01	0.01	0.01	0.05	0.5	0.5	0.01	0.73	0.12	0.01	0.5	0.02	0.73	1	0.98	0.38125	0.285	0.24875	0.335	0.20875	0.2275	0.315	0.25375	0.15375	0.29875	0.3425	0.19125	0.40375	0.22375	0.30125	0.37375	0.3425	0.12	0.20375	0.265	4.2	1.5	-0.12	-0.328571	-0.133333	0.1398	0.166433	0.23114	0.2547	0.276211
0.73	0.05	0.02	0.02	0.05	0.02	0.02	0.05	0.05	0.98	0.95	0.02	0.73	0.88	0.02	0.05	0.12	0.05	0.73	0.73	0.4375	0.31375	0.31	0.395	0.23625	0.28625	0.37625	0.28125	0.1725	0.22	0.2675	0.2525	0.37	0.18875	0.3625	0.49	0.30125	0.29625	0.29875	0.29625	3.8	1.5	-0.5	-0.7	0.155556	0.2165	0.2951	0.32342	0.330214	0.296644
0.5	0.73	0.73	0.5	0.12	0.73	0.5	0.12	0.5	0.27	0.5	0.5	0.88	0.5	0.12	0.73	0.5	0.5	0.5	0.27	0.40375	0.29125	0.3125	0.2875	0.26125	0.26	0.37875	0.3325	0.17875	0.3425	0.3575	0.255	0.41375	0.29875	0.32125	0.37625	0.315	0.3025	0.39	0.3875	-3.5	-1.06667	0.04	0.171429	-0.433333	0.529	0.444767	0.40822	0.357714	0.349533
0.27	0.5	0.5	0.73	0.5	0.5	0.5	0.88	0.27	0.12	0.27	0.5	0.5	0.27	0.27	0.73	0.88	0.27	0.27	0.27	0.495	0.3825	0.40375	0.32125	0.27625	0.35125	0.44125	0.3	0.27	0.3925	0.44625	0.3175	0.52375	0.39	0.24	0.4675	0.33	0.39125	0.48125	0.45	-3.5	-2.6	0.1	0.171429	-0.0444444	0.5888	0.5616	0.44424	0.410771	0.397733
0.5	0.73	0.73	0.5	0.27	0.5	0.5	0.95	0.27	0.12	0.12	0.5	0.12	0.12	0.27	0.73	0.5	0.12	0.12	0.12	0.5	0.46375	0.4375	0.40625	0.33875	0.43625	0.37875	0.325	0.30125	0.42625	0.49875	0.42625	0.63375	0.4425	0.3025	0.53	0.44	0.44375	0.5625	0.5025	-0.8	0.0666667	-1.36	-0.157143	-0.0888889	0.567	0.4919	0.50382	0.470971	0.450111
0.5	0.5	0.5	0.5	0.27	0.5	0.5	0.27	0.27	0.73	0.73	0.5	0.73	0.5	0.5	0.5	0.5	0.73	0.5	0.73	0.47125	0.54875	0.555	0.46875	0.31	0.4975	0.44	0.47125	0.405	0.32125	0.39375	0.4875	0.5	0.41375	0.335	0.55875	0.52875	0.31	0.5	0.3375	4.5	0.0666667	-0.28	-1.25714	-0.911111	0.3199	0.4671	0.51026	0.527814	0.486633
0.5	0.5	0.73	0.5	0.27	0.5	0.5	0.5	0.5	0.27	0.27	0.5	0.5	0.5	0.5	0.5	0.5	0.5	0.5	0.27	0.41375	0.605	0.58625	0.5	0.36625	0.5575	0.5	0.54625	0.4325	0.29	0.395	0.5475	0.5	0.36625	0.395	0.615	0.57625	0.42375	0.47125	0.3375	-3.5	0.966667	-0.36	-1.21429	-1.02222	0.5144	0.465167	0.51538	0.519171	0.492767
0.5	0.5	0.5	0.5	0.5	0.5	0.5	0.5	0.5	0.27	0.5	0.5	0.5	0.5	0.5	0.73	0.5	0.5	0.5	0.5	0.36625	0.6325	0.5575	0.5	0.32875	0.585	0.52875	0.59375	0.46125	0.27125	0.31875	0.60375	0.405	0.31	0.47125	0.5575	0.57625	0.3675	0.47125	0.29	1.9	-1.83333	-0.84	-0.314286	-1.02222	0.5612	0.563333	0.49568	0.473871	0.477444
0.27	0.88	0.5	0.5	0.27	0.73	0.5	0.27	0.27	0.27	0.27	0.88	0.5	0.27	0.5	0.5	0.5	0.27	0.5	0.27	0.42375	0.525	0.49625	0.415	0.32875	0.49625	0.46875	0.51375	0.47125	0.31875	0.405	0.495	0.34875	0.4275	0.44	0.5575	0.4725	0.36875	0.5625	0.3475	-3.9	-1.73333	-1.18	-0.7	-0.722222	0.6144	0.548033	0.48604	0.448743	0.429611
0.5	0.5	0.73	0.5	0.5	0.5	0.5	0.5	0.88	0.27	0.27	0.5	0.27	0.27	0.5	0.5	0.73	0.27	0.88	0.27	0.33875	0.48375	0.48625	0.44375	0.2725	0.465	0.40875	0.4	0.36375	0.305	0.3925	0.4825	0.365	0.44625	0.40875	0.58875	0.505	0.355	0.53375	0.335	-3.2	-1.43333	-1.18	-1.45714	-0.322222	0.4685	0.451533	0.46138	0.425657	0.383322
0.27	0.5	0.5	0.27	0.5	0.5	0.5	0.88	0.5	0.27	0.5	0.5	0.5	0.5	0.5	0.5	0.5	0.73	0.5	0.27	0.3675	0.43625	0.48625	0.4725	0.25375	0.465	0.465	0.33375	0.46875	0.2475	0.2875	0.4825	0.3075	0.38875	0.40875	0.6175	0.58125	0.2125	0.5525	0.2775	2.8	-1.3	-1.72	-0.557143	-1.25556	0.2717	0.3771	0.3808	0.373657	0.375089
0.12	0.95	0.27	0.5	0.05	0.95	0.73	0.5	0.73	0.12	0.12	0.95	0.12	0.05	0.73	0.5	0.5	0.05	0.5	0.12	0.38625	0.40875	0.42625	0.38375	0.2825	0.4375	0.4075	0.32125	0.38	0.2325	0.30375	0.48875	0.32625	0.38375	0.32375	0.58875	0.525	0.2375	0.49125	0.265	-3.5	-0.5	-0.38	-1.38571	-1.36667	0.3911	0.2737	0.288	0.3286	0.345733
0.5	0.02	0.01	0.05	0.27	0.02	0.02	0.01	0.12	0.5	0.73	0.01	0.05	0.98	0.02	0.5	0.05	0.05	1	0.5	0.38625	0.46375	0.39875	0.37875	0.31125	0.4925	0.435	0.335	0.4	0.16625	0.16625	0.545	0.2875	0.205	0.35125	0.6225	0.61	0.175	0.36625	0.24625	-0.8	-0.5	-0.52	-1.47143	-1.37778	0.1583	0.233267	0.24346	0.276571	0.291333
0.05	0.02	0.88	0.73	0.05	0.02	0.02	0.27	0.02	0.01	0.02	0.02	0.02	0.27	0.02	0.98	0.99	0.01	0.27	0.02	0.40875	0.35375	0.22875	0.35625	0.305	0.40125	0.375	0.26875	0.37875	0.19375	0.22125	0.43375	0.22875	0.26	0.28875	0.5	0.43	0.14625	0.395	0.2725	2.8	-0.633333	-1.98	-0.757143	-1.33333	0.1504	0.184833	0.23916	0.219871	0.224978
0.5	0.12	0.27	0.5	0.12	0.5	0.95	0.12	0.73	0.27	0.12	0.5	0.5	0.27	0.5	0.73	0.88	0.05	0.27	0.27	0.29125	0.27875	0.21375	0.3225	0.23375	0.27875	0.19625	0.225	0.18	0.25	0.18125	0.31125	0.22625	0.22625	0.16625	0.46875	0.35875	0.1075	0.285	0.3325	-3.9	-1.86667	-0.92	-1.65714	-0.477778	0.2458	0.215467	0.17526	0.183514	0.174244
0.5	0.73	0.02	0.02	0.05	0.73	0.27	0.02	0.02	0	0.02	1	0.27	0.01	0.05	0.27	0.05	0.02	0.01	0.02	0.2575	0.14	0.1825	0.34875	0.18	0.1875	0.21875	0.1275	0.2075	0.25	0.13125	0.18625	0.1925	0.315	0.16	0.46375	0.4	0.145	0.38	0.33	-4.5	-2.2	-1.46	-0.514286	-0.933333	0.2502	0.1892	0.14704	0.129343	0.146022
0.88	0.01	0.02	0.01	0.95	0.01	0.01	0.12	0.05	0.12	0.01	0.01	0.12	0	0.01	1	0.73	0	0	0.73	0.305	0.11125	0.15	0.2875	0.06375	0.15875	0.16	0.0675	0.1125	0.22	0.1175	0.19125	0.2025	0.31	0.07375	0.435	0.255	0.14125	0.31875	0.22625	1.8	-2.06667	-1.12	-0.585714	-0.344444	0.0716	0.113	0.11934	0.109257	0.108411
0	0	0.01	1	0	0	0.02	0	0	0	0	0	0	0	0	0	0	0	0	0	0.3525	0.11	0.15	0.1575	0.21125	0.1575	0.15625	0.08125	0.10375	0.17875	0.11875	0.19125	0.3025	0.3125	0.0725	0.4975	0.34	0.15	0.31625	0.2575	-3.5	0.933333	-0.6	-0.728571	-0.0444444	0.0172	0.0335667	0.07372	0.0952857	0.0909556
0.01	0	0	0	0	0	0	0	0	0.98	0.05	0	0.73	0	0	0	0.05	0	0	1	0.4075	0.1075	0.04125	0.19125	0.205	0.155	0.15625	0.1725	0.10125	0.055	0.11	0.18875	0.20875	0.27875	0.07	0.3775	0.21	0.14875	0.2825	0.13	4.5	-0.1	0.66	0.1	-0.4	0.0119	0.0156	0.0342	0.0603429	0.0749667
0	0	0	0	0	0	0	0	0.01	0	0	0	0	0.95	0	0	0	1	1	0	0.3525	0.0925	0.0075	0.12875	0.28125	0.0925	0.0375	0.1575	0.00875	0.2675	0.16375	0.12625	0.3475	0.12875	0.0075	0.28625	0.10875	0.0175	0.12375	0.34625	-1.3	1.66667	0.68	0.685714	0.455556	0.0177	0.0274	0.02012	0.0255286	0.0487444
0.88	0	0.01	0	0.02	0	0	0.12	0	0	0	0	0.05	0	0	1	0.02	0	0	0	0.1825	0.00125	0.00375	0.12625	0.30625	0.00125	0.00375	0.14	0.0075	0.3775	0.28	0.00125	0.4175	0.26125	0.00125	0.13	0.21	0.14	0.24875	0.4675	1.8	0.8	1.3	0.971429	1.42222	0.0526	0.0238333	0.01798	0.0167	0.0216444
0	0	0	0	0.5	0	0	0	0	0.05	0.73	0	0.73	1	0	0	0	0.12	0.98	0.02	0.21625	0	0.0025	0.125	0.19	0	0.0025	0.14	0.00125	0.4475	0.31125	0	0.44125	0.17	0	0.13	0.1275	0.125	0.1325	0.465	1.9	1.1	1.16	2.07143	1.53333	0.0012	0.0201	0.01756	0.0151429	0.0143444
0.5	0	0	0	0	0	0	1	0	0	0	0	0	0	0	0.02	0	0	0	0	0.15625	0	0.00125	0	0.2675	0	0	0.015	0.0075	0.56375	0.525	0	0.62375	0.38625	0	0.1275	0.13	0.265	0.365	0.4825	-0.4	1.76667	2.26	1.82857	1.82222	0.0065	0.00583333	0.01528	0.0142857	0.0168667
0.05	0	0	0	0.73	0	0	0	0	0.99	0.5	0	0.88	0.02	0	0	0.02	0	0	1	0.2125	0	0.00125	0.0025	0.1775	0.03375	0.125	0.14	0.0075	0.3175	0.45625	0.00125	0.4225	0.38375	0	0.13	0.12375	0.265	0.365	0.23875	3.8	2.53333	2.46	1.88571	0.933333	0.0098	0.00753333	0.00594	0.0174571	0.0176667
0.02	0	0	0	0.27	0	0	0	0	0.88	0.95	0	0.88	0.12	0	0.02	0.88	0	0.01	0.99	0.21875	0	0.00125	0.0025	0.26875	0.03375	0.125	0.14	0.00625	0.455	0.5225	0.00125	0.54625	0.25875	0	0.1275	0.0225	0.14	0.24	0.35	4.2	3.6	1.9	1.12857	1.57778	0.0063	0.00733333	0.01368	0.0126714	0.0162
0.27	0	0	0	0.5	0	0	0	0	0.73	0.99	0	0.99	0.27	0	0	0.05	0	0.05	0.73	0.16875	0	0	0.0025	0.27125	0.035	0.125	0.125	0.00625	0.59625	0.63625	0.0025	0.6175	0.35	0	0.0075	0.1575	0.14125	0.25	0.50125	2.8	2.03333	1.28	1.5	1.57778	0.0059	0.0173667	0.0162	0.0131429	0.0135222
0.02	0	0	0	0.12	0	0	0	0.05	0.88	0.98	0	0.73	0.73	0	0	0.02	1	0.88	0.12	0.23375	0.015	0.00625	0.00375	0.375	0.0375	0.13125	0.14	0.0025	0.57375	0.5475	0.00875	0.57375	0.17	0.00125	0.12625	0.28625	0.00125	0.03	0.5775	-0.9	-0.533333	1.42	1.81429	0.866667	0.0399	0.0216333	0.01514	0.0162857	0.0247111
0.01	0	0	0.02	0.01	0.27	1	0	0	0	0	0.01	0	0	0	0	0.02	0	0	0.05	0.1875	0.1375	0.04	0.0075	0.45125	0.0375	0.02125	0.13875	0.02375	0.68625	0.685	0.07	0.67125	0.2675	0.0075	0.13875	0.2925	0.14125	0.25	0.58875	-3.5	0.0333333	0.94	0.628571	0.411111	0.0191	0.0211667	0.01958	0.0294429	0.0531667
0.02	0	0	0	0.27	0	0	0	0	0.99	0.98	0	0.99	0.05	0	0	0.05	0	0.01	0.88	0.2425	0.25625	0.07375	0.04375	0.44625	0.1625	0.20875	0.1725	0.0575	0.4725	0.53375	0.19	0.5	0.2925	0.04125	0.1725	0.32	0.15625	0.2825	0.39375	4.5	0.933333	-0.52	-0.614286	0.266667	0.0045	0.0173667	0.03878	0.0660571	0.0824333
0.73	0	0	0	0.27	0.01	0	0	0	0.98	0.95	0.01	0.73	0.88	0	0.02	0.27	0.01	0.12	0.95	0.21375	0.36625	0.13625	0.0775	0.44625	0.22375	0.27125	0.20625	0.12	0.3975	0.43375	0.29875	0.45625	0.18875	0.15125	0.23	0.245	0.17	0.2825	0.295	1.8	0.6	-1.24	-0.657143	-0.288889	0.0285	0.0449667	0.08332	0.104243	0.125344
0.27	0.12	0.05	0.01	0.95	0.02	0.05	0.12	0.02	0.02	0.01	0.05	0.12	0.02	0.01	0.95	1	0	0.05	0.02	0.32875	0.385	0.22125	0.11	0.3325	0.25625	0.29875	0.225	0.15125	0.48875	0.49	0.3275	0.4425	0.325	0.26875	0.17625	0.18125	0.18625	0.31875	0.3825	-4.5	-2.4	-0.04	-0.642857	-0.1	0.1019	0.131	0.13414	0.154614	0.178256
0.12	0.98	0.27	0.05	0.5	0.27	0.12	0.99	0.12	0.02	0.12	0.5	0.05	0.05	0.05	0.12	0.05	0.12	0.88	0.02	0.4075	0.31125	0.25625	0.1675	0.38875	0.25875	0.3525	0.22625	0.16625	0.47	0.3875	0.305	0.39375	0.26375	0.32625	0.37125	0.36	0.10875	0.1675	0.43	-4.5	-2.16667	-1.1	0.5	-0.0444444	0.2626	0.212567	0.21174	0.220757	0.241589
0.5	0.95	0.27	0.27	0.95	0.73	0.5	0.27	0.27	0.27	0.27	0.95	0.5	0.27	0.27	0.27	0.27	0.12	0.27	0.27	0.3925	0.40625	0.31875	0.2475	0.39375	0.23	0.27125	0.4075	0.18125	0.4725	0.38375	0.31	0.37125	0.25125	0.3325	0.44375	0.3925	0.1425	0.2775	0.42625	2.5	-0.933333	-0.56	-0.2	0.3	0.2732	0.309433	0.30246	0.307243	0.303256
0.5	0.88	0.5	0.27	0.27	0.5	0.5	0.27	0.5	0.27	0.12	0.88	0.27	0.12	0.88	0.5	0.5	0.12	0.12	0.27	0.4525	0.50625	0.3525	0.31	0.47875	0.32125	0.33375	0.44125	0.215	0.41125	0.3425	0.38125	0.33875	0.355	0.3475	0.4775	0.42	0.17625	0.3575	0.37875	-0.8	2.06667	0.26	-0.514286	0.3	0.3925	0.3826	0.40406	0.385186	0.354567
0.73	0.27	0.73	0.27	0.27	0.27	0.27	0.27	0.27	0.5	0.5	0.27	0.27	0.5	0.95	0.5	0.27	0.12	0.27	0.5	0.395	0.645	0.38625	0.3725	0.47875	0.41125	0.425	0.50375	0.335	0.29375	0.21	0.49	0.28125	0.23125	0.44875	0.56625	0.4775	0.20875	0.38625	0.29375	4.5	1.1	1.08	0.771429	-0.255556	0.4821	0.494833	0.46636	0.437243	0.401467
0.5	0.27	0.5	0.5	0.12	0.27	0.5	0.88	0.27	0.73	0.27	0.27	0.27	0.27	0.5	0.73	0.5	0.5	0.5	0.5	0.4525	0.6925	0.47125	0.405	0.4125	0.5	0.48125	0.475	0.395	0.29625	0.27125	0.54625	0.32875	0.32	0.595	0.48125	0.38625	0.195	0.41375	0.35375	-0.4	1.23333	1.48	0.957143	-0.144444	0.6099	0.555367	0.50498	0.4641	0.446322
0.27	0.73	0.5	0.88	0.5	0.5	0.73	0.73	0.27	0.27	0.12	0.5	0.27	0.12	0.27	0.73	0.5	0.27	0.27	0.27	0.5	0.575	0.5	0.46125	0.33625	0.5	0.5475	0.4325	0.4425	0.385	0.30875	0.5175	0.35625	0.36625	0.68	0.52875	0.4425	0.22375	0.36625	0.41375	-0.4	1.23333	1	0.1	-0.0333333	0.5741	0.5501	0.5166	0.4973	0.4817
0.5	0.73	0.5	0.5	0.27	0.5	0.5	0.27	0.5	0.5	0.5	0.5	0.5	0.73	0.73	0.5	0.5	0.27	0.5	0.5	0.4425	0.49	0.52875	0.5375	0.28	0.47125	0.605	0.575	0.47125	0.3375	0.2425	0.46125	0.29875	0.31875	0.65125	0.58625	0.4425	0.2425	0.41375	0.385	4.5	0.3	-0.6	-0.285714	-0.455556	0.4663	0.497	0.5213	0.524229	0.472778
0.5	0.5	0.5	0.5	0.27	0.5	0.5	0.5	0.73	0.27	0.27	0.27	0.27	0.27	0.88	0.73	0.5	0.27	0.5	0.5	0.395	0.5	0.5	0.595	0.26125	0.5275	0.665	0.5275	0.41375	0.33875	0.29	0.49	0.35625	0.395	0.5375	0.5575	0.41375	0.23375	0.41375	0.36625	-3.2	-0.733333	-1.22	-1.11429	-0.755556	0.4506	0.474167	0.51552	0.482914	0.478011
0.5	0.5	0.5	0.5	0.27	0.73	0.73	0.5	0.5	0.27	0.27	0.5	0.5	0.5	0.73	0.5	0.5	0.27	0.5	0.5	0.3375	0.5575	0.42375	0.595	0.2425	0.55625	0.63625	0.50875	0.42375	0.3675	0.3375	0.49	0.40375	0.3375	0.5475	0.5575	0.4425	0.23375	0.395	0.395	-3.5	-3.4	-1.4	-1.55714	-0.833333	0.5056	0.5124	0.43928	0.458586	0.442011
0.27	0.5	0.5	0.88	0.27	0.5	0.88	0.5	0.5	0.27	0.27	0.5	0.27	0.27	0.5	0.5	0.5	0.12	0.27	0.27	0.31875	0.53875	0.395	0.5	0.2425	0.5575	0.57	0.405	0.42375	0.2825	0.31	0.49	0.41375	0.36625	0.63875	0.48125	0.395	0.19625	0.3675	0.37625	-3.5	-2.76667	-3	-0.957143	-0.966667	0.581	0.4265	0.43394	0.399157	0.403533
0.27	0.27	0.5	0.5	0.27	0.5	0.73	0.95	0.73	0.12	0.12	0.5	0.27	0.5	0.5	0.5	0.27	0.27	0.88	0.27	0.3	0.53875	0.3475	0.4525	0.1825	0.52875	0.5125	0.26375	0.4525	0.30125	0.405	0.4425	0.4425	0.445	0.61125	0.39625	0.37625	0.25375	0.3825	0.3575	-1.3	-2.76667	-1.6	-1.82857	-1.06667	0.1929	0.4045	0.37544	0.3702	0.358122
0.12	0.73	0.27	0.73	0.12	0.95	0.98	0.12	0.27	0.05	0.27	0.88	0.5	0.27	0.12	0.5	0.27	0.05	0.12	0.12	0.31875	0.42375	0.37625	0.42375	0.23	0.50125	0.51	0.39625	0.53875	0.31	0.3575	0.395	0.385	0.445	0.65875	0.425	0.3475	0.3575	0.50625	0.37625	-3.5	-0.333333	-1.22	-1.55714	-1.71111	0.4396	0.263533	0.32704	0.329457	0.347378
0.27	0.73	0.12	0.27	0.12	0.73	0.27	0.12	0.12	0.73	0.88	0.5	0.88	0.27	0.88	0.27	0.5	0.12	0.12	0.73	0.2525	0.42375	0.4425	0.5375	0.2025	0.52875	0.64625	0.44375	0.5575	0.1975	0.25375	0.4425	0.31875	0.42625	0.46875	0.425	0.27125	0.33	0.44625	0.24375	3.8	-0.433333	-0.78	-1.24286	-1.74444	0.1581	0.2871	0.24392	0.310029	0.353767
0.12	0.12	0.27	0.12	0.12	0.05	0.12	0.05	0.27	0.05	0.05	0.27	0.12	0.27	1	0.12	0.12	0.05	0.05	0.12	0.22375	0.5	0.3675	0.50875	0.18375	0.55625	0.63625	0.39625	0.51	0.35875	0.43375	0.4425	0.47375	0.42625	0.39625	0.39625	0.27125	0.4275	0.455	0.34875	-1.6	0.3	-0.78	-1.24286	-0.933333	0.2636	0.1957	0.27926	0.299614	0.320433
0.12	0.5	0.12	0.12	0.02	0.27	0.12	0.05	0.73	0.27	0.73	0.12	0.5	0.98	0.05	0.05	0.12	0.88	1	0.12	0.22375	0.42375	0.43375	0.46125	0.19625	0.5	0.58875	0.34875	0.5	0.36	0.34875	0.46125	0.42625	0.3375	0.54375	0.405	0.3	0.3425	0.33625	0.40625	-1.3	-1.4	-0.78	-0.514286	-0.0777778	0.1654	0.2662	0.29296	0.301429	0.284411
0.5	0.27	0.5	0.5	0.5	0.73	0.73	0.5	0.73	0.5	0.27	0.5	0.27	0.5	0.73	0.73	0.27	0.88	0.73	0.5	0.1575	0.48125	0.415	0.385	0.13625	0.41375	0.455	0.23625	0.47125	0.35	0.50125	0.385	0.48375	0.36875	0.51875	0.29125	0.28125	0.41875	0.275	0.35875	-1.3	-2.03333	-0.78	0.585714	-0.111111	0.3696	0.3477	0.30246	0.275314	0.308711
0.12	0.5	0.88	0.95	0.05	0.5	0.88	0.88	0.73	0.05	0.05	0.27	0.12	0.12	0.12	0.5	0.12	0.12	0.02	0.05	0.28125	0.42375	0.39625	0.27125	0.1925	0.38625	0.37625	0.23625	0.5	0.4625	0.52875	0.36625	0.5025	0.41625	0.61375	0.34875	0.32875	0.6175	0.3825	0.49125	-3.5	-0.333333	0.38	-0.185714	0.188889	0.5081	0.3611	0.3011	0.311529	0.322967
0.12	0.5	0.05	0.12	0.12	0.27	0.5	0.05	0.27	0.88	0.88	0.27	0.98	0.5	0.27	0.12	0.12	0.98	0.5	0.73	0.31	0.395	0.5475	0.45125	0.2025	0.415	0.5	0.35875	0.63375	0.30125	0.34875	0.36625	0.3475	0.35	0.51875	0.425	0.32875	0.52875	0.34125	0.3775	3.8	1.5	0.32	-0.0714286	-0.622222	0.2056	0.3235	0.35034	0.355	0.365433
0.27	0.27	0.88	0.5	0.27	0.27	0.5	0.12	0.88	0.5	0.27	0.5	0.27	0.27	0.73	0.5	0.73	0.27	0.27	0.73	0.31	0.4425	0.4725	0.40375	0.18375	0.4425	0.5	0.3775	0.615	0.37625	0.4525	0.3375	0.5125	0.37875	0.44625	0.39625	0.27125	0.73625	0.455	0.425	4.2	2.13333	0.42	-0.385714	-0.622222	0.2568	0.291333	0.39	0.408557	0.378122
0.12	0.5	0.73	0.27	0.27	0.27	0.27	0.5	0.5	0.27	0.88	0.27	0.5	0.27	0.98	0.27	0.27	0.88	0.12	0.27	0.42375	0.385	0.5675	0.50875	0.215	0.4425	0.57625	0.3575	0.58625	0.43375	0.3475	0.385	0.455	0.29	0.4425	0.52875	0.37625	0.58375	0.3825	0.55875	-1.6	0.6	0.42	-0.428571	-0.566667	0.4116	0.4121	0.39644	0.409729	0.406756
0.73	0.5	0.5	0.27	0.12	0.5	0.5	0.5	0.5	0.5	0.27	0.5	0.5	0.27	0.27	0.73	0.5	0.88	0.27	0.73	0.3475	0.41375	0.625	0.48	0.23375	0.35625	0.49	0.31	0.52875	0.43375	0.48125	0.3275	0.53125	0.31875	0.47375	0.41375	0.3475	0.5925	0.335	0.53	-0.8	-1.96667	-0.66	-0.0428571	0.0444444	0.5679	0.5066	0.43088	0.397586	0.403478
0.5	0.5	0.5	0.88	0.27	0.73	0.88	0.27	0.73	0.27	0.27	0.5	0.5	0.12	0.27	0.5	0.5	0.27	0.27	0.5	0.37625	0.41375	0.5775	0.37625	0.27125	0.375	0.45125	0.2625	0.4425	0.47125	0.50875	0.385	0.6075	0.35625	0.55	0.41375	0.36625	0.71625	0.36625	0.5675	-3.5	-1.96667	-1.66	0.0142857	0.0444444	0.5403	0.495333	0.46414	0.4168	0.411722
0.27	0.27	0.5	0.12	0.12	0.27	0.12	0.27	0.73	0.27	0.27	0.27	0.73	0.27	0.88	0.27	0.27	1	0.73	0.5	0.48125	0.4425	0.63375	0.5475	0.36625	0.49	0.59375	0.27125	0.47125	0.42375	0.46125	0.4425	0.5475	0.29	0.455	0.46125	0.41375	0.6125	0.28	0.53875	-1.6	-1.96667	-0.5	-1.08571	-0.766667	0.3778	0.447067	0.44984	0.4633	0.4312
0.88	0.27	0.73	0.73	0.27	0.27	0.5	0.27	0.12	0.5	0.5	0.27	0.27	0.27	0.27	0.88	0.5	0.27	0.27	0.73	0.38625	0.415	0.51	0.415	0.32	0.49	0.49875	0.2625	0.4525	0.4425	0.50875	0.41375	0.695	0.29	0.4425	0.32875	0.30875	0.79375	0.36625	0.52875	-0.8	0.6	-1.04	-1.35714	-1.02222	0.4231	0.380333	0.45272	0.458914	0.408867
0.5	0.5	0.73	0.27	0.5	0.27	0.27	0.12	0.27	0.73	0.73	0.27	0.88	0.73	0.27	0.27	0.27	0.95	0.5	0.73	0.48125	0.43375	0.48125	0.4725	0.29125	0.51875	0.55625	0.2525	0.405	0.47125	0.4325	0.47125	0.61875	0.29	0.335	0.405	0.36625	0.69	0.41375	0.5575	4.2	-0.0333333	-1.04	-0.971429	-1.34444	0.3401	0.4485	0.42084	0.385757	0.3874
0.12	0.5	0.5	0.73	0.5	0.88	0.95	0.27	0.27	0.12	0.27	0.73	0.73	0.27	0.73	0.27	0.27	0.5	0.27	0.12	0.5	0.4625	0.53875	0.4725	0.27875	0.4425	0.5275	0.18625	0.405	0.49125	0.47125	0.47	0.6375	0.3475	0.25	0.3475	0.3375	0.67	0.5	0.54875	-3.5	-0.933333	-0.34	-1.11429	-1.68889	0.5823	0.434433	0.35644	0.339771	0.377556
0.73	0.5	0.5	0.73	0.73	0.73	0.88	0.12	0.5	0.5	0.5	0.5	0.73	0.12	0.12	0.27	0.27	0.88	0.27	0.5	0.4525	0.43375	0.53875	0.425	0.23125	0.385	0.46	0.28125	0.31875	0.50125	0.5	0.49875	0.66625	0.385	0.3075	0.31875	0.30875	0.60375	0.5	0.53	-3.5	-1.7	-1.08	-1.44286	-0.833333	0.3809	0.339667	0.3155	0.354271	0.338256
0.12	0.05	0.12	0.05	0.05	0.27	0.12	0.05	0.12	0.88	0.88	0.27	0.99	0.27	0.02	0.05	0.12	0.99	0.5	0.88	0.52875	0.51875	0.5575	0.5575	0.335	0.42375	0.57375	0.27125	0.28125	0.53	0.51	0.5275	0.605	0.42375	0.225	0.375	0.35625	0.49875	0.395	0.53875	1.9	-2.03333	-2.7	-0.728571	-0.188889	0.0558	0.218367	0.34334	0.320486	0.302233
0.5	0.88	0.5	0.27	0.27	0.5	0.5	0.27	0.27	0.73	0.5	0.73	0.5	0.73	0.12	0.27	0.5	0.73	0.73	0.5	0.43375	0.415	0.4525	0.4725	0.38375	0.395	0.4975	0.24375	0.2625	0.5775	0.58625	0.49875	0.72375	0.36625	0.2125	0.3	0.30875	0.50375	0.36625	0.58625	-4.5	-2.16667	-1.16	-0.728571	0.177778	0.2184	0.251167	0.2642	0.279557	0.271989
0.5	0.73	0.73	0.73	0.02	0.5	0.95	0.12	0.5	0.05	0.12	0.95	0.5	0.27	0.05	0.27	0.27	0.27	0.73	0.05	0.405	0.4625	0.395	0.49125	0.35875	0.395	0.52625	0.28125	0.29125	0.605	0.605	0.5	0.67625	0.3475	0.22125	0.32875	0.3375	0.4575	0.31875	0.585	-3.9	-1.4	0.38	0.128571	-0.677778	0.4793	0.294767	0.19874	0.217929	0.294556
0.73	0.27	0.5	0.5	0.12	0.12	0.27	0.88	0.27	0.73	0.73	0.5	0.73	0.27	0.12	0.27	0.27	0.12	0.27	0.73	0.37625	0.54875	0.47125	0.53875	0.285	0.45125	0.61125	0.24375	0.34875	0.50625	0.4975	0.575	0.5625	0.31625	0.18375	0.3575	0.31875	0.415	0.37625	0.4875	4.2	1.5	0.5	0.128571	-0.677778	0.1866	0.239833	0.21776	0.241114	0.297811
0.27	0.5	0.27	0.5	0.27	0.12	0.27	0.12	0.05	0.88	0.73	0.27	0.5	0.73	0.12	0.5	0.5	0.27	0.12	0.95	0.37625	0.54875	0.52875	0.51	0.2375	0.39375	0.535	0.43375	0.405	0.51625	0.4975	0.6325	0.53375	0.2775	0.175	0.32875	0.29	0.2925	0.395	0.43125	4.2	3.63333	0.7	-0.642857	-0.722222	0.0536	0.130367	0.28272	0.320514	0.329811
0.5	0.27	0.27	0.27	0.88	0.27	0.27	0.27	0.12	0.73	0.73	0.5	0.73	0.27	0.27	0.5	0.5	0.05	0.27	0.73	0.3475	0.63375	0.5475	0.5475	0.18875	0.35625	0.5825	0.415	0.39625	0.535	0.4975	0.60375	0.49125	0.36375	0.1875	0.3375	0.29	0.21125	0.4325	0.44	2.5	1.06667	0.78	-0.557143	-0.511111	0.1509	0.249233	0.30918	0.384871	0.366489
0.27	0.73	0.5	0.88	0.05	0.27	0.95	0.27	0.73	0.27	0.5	0.5	0.5	0.12	0.27	0.5	0.27	0.12	0.12	0.27	0.32	0.59125	0.4625	0.56125	0.26125	0.3275	0.45	0.38375	0.32	0.5025	0.47	0.575	0.49125	0.2925	0.26375	0.31	0.27125	0.11125	0.36625	0.4375	-3.5	-1.5	-0.84	0.542857	-0.511111	0.5432	0.435233	0.40564	0.371529	0.366144
0.12	0.73	0.88	0.88	0.01	0.95	0.95	0.73	0.5	0.01	0.02	0.88	0.05	0.02	0.5	0.5	0.12	0.01	0.27	0.02	0.29125	0.5025	0.33875	0.485	0.265	0.195	0.365	0.32625	0.2875	0.535	0.60625	0.4425	0.595	0.27375	0.35375	0.29125	0.27125	0.0925	0.2575	0.465	-3.5	-3.63333	-0.92	-0.7	-0.255556	0.6116	0.6079	0.4721	0.375629	0.3303
0.27	0.73	0.73	0.5	0.5	0.27	0.27	0.88	0.73	0.73	0.5	0.73	0.27	0.27	0.05	0.27	0.27	0.05	0.27	0.27	0.215	0.56	0.405	0.56125	0.20375	0.29875	0.5075	0.2125	0.25875	0.36875	0.46125	0.49	0.49125	0.215	0.5175	0.3775	0.31	0.0875	0.23875	0.3575	-3.9	-1.2	-2.32	-1.52857	-1.11111	0.6689	0.555467	0.48498	0.390357	0.3734
0.12	0.5	0.27	0.12	0.27	0.12	0.5	0.05	0.12	0.88	0.88	0.27	0.88	0.5	0.27	0.12	0.12	0.12	0.95	0.73	0.215	0.56	0.435	0.5525	0.30875	0.33625	0.46	0.30375	0.33125	0.3625	0.445	0.52875	0.44375	0.1575	0.5375	0.34	0.28125	0.06	0.15375	0.24375	3.8	-1.53333	-1.94	-2.38571	-1.07778	0.3859	0.423367	0.40768	0.450871	0.390989
0.05	1	0.05	0.99	0.02	0.27	0.12	0.02	0.27	0.01	0.05	0.5	0.27	0.01	0.73	0.05	0.12	0	0.05	0.02	0.17625	0.4975	0.4625	0.4725	0.2325	0.3175	0.53625	0.33625	0.3125	0.38625	0.4725	0.5	0.49125	0.19125	0.57125	0.34875	0.23375	0.08375	0.23875	0.2475	-4.5	-0.766667	-1.94	-1.24286	-1.53333	0.2153	0.252633	0.40026	0.403543	0.400633
0.12	0.02	0.12	0.12	0.01	0.12	0.27	0.12	0.01	0.05	0.73	0.27	0.88	0.02	1	0.12	0.12	0.01	0.01	0.02	0.1675	0.5625	0.4825	0.59	0.23375	0.39375	0.50875	0.38125	0.2875	0.35375	0.33125	0.52875	0.3675	0.18125	0.595	0.36875	0.2625	0.07	0.235	0.22875	-1.6	-3.2	-0.26	-0.971429	-1.53333	0.1567	0.3155	0.30886	0.350129	0.4244
0.27	0.73	0.88	0.73	0.12	0.27	0.73	0.12	0.27	0.12	0.05	0.73	0.12	0.05	0.98	0.73	0.73	0.12	0.12	0.12	0.1675	0.47375	0.36875	0.495	0.2525	0.3475	0.42375	0.3525	0.28375	0.3775	0.4475	0.4525	0.49	0.20875	0.56875	0.2925	0.23375	0.08875	0.25	0.2475	-3.5	-0.2	-1.34	-0.914286	-1.64444	0.5745	0.314367	0.27922	0.362729	0.408922
0.12	0.27	0.05	0.05	0.88	0.27	0.12	0.02	0.02	0.98	0.98	0.12	0.73	0.5	0.5	0.05	0.12	0.12	0.12	0.5	0.18625	0.47375	0.39625	0.5325	0.205	0.3475	0.52875	0.27	0.2575	0.24125	0.33125	0.47125	0.4425	0.22875	0.685	0.3775	0.31	0.20625	0.335	0.2	4.5	-0.2	-1.14	-2.1	-1.31111	0.2119	0.341367	0.38758	0.375071	0.349333
0.12	0.27	0.27	0.5	0.02	0.27	0.5	0.5	0.12	0.05	0.12	0.5	0.5	0.05	1	0.5	0.12	0.12	0.05	0.05	0.205	0.47375	0.42625	0.5525	0.29375	0.42375	0.48125	0.2375	0.26375	0.28125	0.3625	0.4525	0.42375	0.31375	0.69875	0.3975	0.32875	0.20625	0.2875	0.19875	-1.6	-0.2	-1.72	-1.58571	-2.12222	0.2377	0.402233	0.4507	0.363257	0.365144
0.27	0.27	0.73	0.95	0.05	0.73	0.88	0.73	0.27	0.05	0.05	0.5	0.12	0.05	0.73	0.73	0.5	0.02	0.05	0.12	0.2425	0.3825	0.45375	0.46375	0.32125	0.395	0.48125	0.24	0.245	0.31375	0.38	0.4525	0.47125	0.3275	0.76	0.45375	0.3575	0.28125	0.29625	0.22125	-3.5	-3.2	-1.2	-1.85714	-1.71111	0.7571	0.489033	0.36232	0.416329	0.408711
0.27	0.73	0.73	0.73	0.27	0.73	0.73	0.5	0.73	0.27	0.27	0.73	0.27	0.27	0.27	0.5	0.5	0.27	0.5	0.27	0.29	0.385	0.50125	0.53875	0.41125	0.41375	0.5575	0.2875	0.2775	0.31375	0.295	0.4525	0.405	0.33125	0.78375	0.53	0.405	0.26375	0.2725	0.2625	-4.5	-2.96667	-2.8	-1.47143	-1.25556	0.4723	0.454	0.42558	0.421029	0.434933
0.27	0.27	0.12	0.12	0.88	0.27	0.5	0.12	0.27	0.5	0.5	0.27	0.5	0.88	0.5	0.27	0.27	0.99	0.95	0.27	0.29	0.36625	0.55875	0.615	0.335	0.47125	0.6175	0.335	0.335	0.27625	0.275	0.48125	0.37625	0.26375	0.7425	0.55875	0.405	0.16125	0.2075	0.25375	-0.9	-2.96667	-2.64	-1.75714	-1.25556	0.1326	0.3777	0.49952	0.446857	0.433656
0.27	0.5	0.73	0.73	0.12	0.73	0.5	0.27	0.27	0.27	0.27	0.5	0.5	0.73	0.88	0.73	0.27	0.12	0.5	0.27	0.36625	0.31	0.49125	0.5475	0.445	0.4425	0.69375	0.3475	0.3475	0.21625	0.215	0.44375	0.3475	0.22625	0.63875	0.5575	0.42375	0.365	0.255	0.2825	-3.5	-1.73333	-1.44	-2.02857	-1.55556	0.5282	0.422733	0.42664	0.493329	0.420567
0.5	0.27	0.73	0.73	0.27	0.5	0.5	0.27	0.27	0.27	0.12	0.5	0.27	0.12	0.95	0.73	0.73	0.5	0.12	0.27	0.385	0.32	0.46375	0.5	0.43875	0.4525	0.665	0.3	0.33875	0.30125	0.31	0.39625	0.4325	0.31125	0.6275	0.5575	0.41375	0.4125	0.3025	0.3675	-0.8	-0.6	-1.24	-1.27143	-0.955556	0.6074	0.509433	0.44478	0.398614	0.4009
0.5	0.5	0.5	0.5	0.95	0.27	0.73	0.27	0.73	0.27	0.27	0.5	0.5	0.27	0.73	0.5	0.5	0.12	0.27	0.5	0.385	0.37625	0.435	0.50125	0.3625	0.48125	0.63625	0.215	0.33875	0.31	0.31875	0.44375	0.45125	0.2925	0.655	0.5575	0.41375	0.4725	0.2925	0.33875	2.5	-0.6	-0.7	-0.0857143	-1.06667	0.3927	0.521033	0.43708	0.339814	0.370233
0.27	0.12	0.73	0.73	0.12	0.27	0.98	0.12	0.27	0.05	0.12	0.5	0.12	0.12	0.88	0.73	0.5	0.02	0.05	0.05	0.4425	0.42375	0.34875	0.44375	0.5425	0.48125	0.62375	0.205	0.3675	0.31875	0.3375	0.44375	0.55625	0.28375	0.665	0.52875	0.41375	0.45375	0.2725	0.395	-3.5	0.266667	0.76	-0.6	-0.1	0.563	0.349933	0.34358	0.3896	0.350222
0.73	0.05	0.12	0.12	1	0.5	0.73	0.27	0.12	0.27	0.27	0.05	0.5	0.05	0.05	0.5	0.27	0.88	0.05	0.73	0.36625	0.39875	0.41	0.505	0.32875	0.41875	0.5925	0.1725	0.35375	0.3475	0.37875	0.46625	0.56875	0.305	0.70625	0.525	0.41125	0.25625	0.21625	0.395	1.8	0.7	0.02	0.5	0.211111	0.0941	0.239267	0.31832	0.355886	0.337256
0.5	0.12	0.05	0.12	0.12	0.12	0.27	0.12	0.05	0.73	0.73	0.12	0.95	0.12	0.98	0.5	0.5	0.88	0.05	0.73	0.4525	0.39	0.3425	0.42	0.515	0.40875	0.6025	0.1725	0.4475	0.31875	0.35	0.48625	0.5125	0.2675	0.4825	0.4675	0.3825	0.25625	0.27625	0.42375	3.8	0.366667	0.36	0.885714	0.8	0.0607	0.211967	0.29822	0.271386	0.298333
0.27	0.95	0.27	0.73	0.12	0.73	0.88	0.05	0.73	0.12	0.27	0.88	0.5	0.05	0.73	0.5	0.27	0.12	0.12	0.12	0.43375	0.34375	0.28625	0.37125	0.49625	0.38	0.5825	0.15375	0.42	0.36375	0.39875	0.4475	0.56875	0.2625	0.3975	0.43875	0.35375	0.29	0.2675	0.48125	-4.5	1.16667	1.44	0.785714	0.455556	0.4811	0.278	0.1888	0.2407	0.293522
0.5	0.73	0.27	0.5	0.88	0.73	0.88	0.27	0.5	0.12	0.27	0.73	0.73	0.05	0.5	0.5	0.5	0.02	0.12	0.27	0.3575	0.30875	0.22375	0.3375	0.28875	0.34625	0.49125	0.09375	0.3575	0.4525	0.48875	0.40375	0.56875	0.33875	0.335	0.37625	0.29625	0.29	0.23625	0.51	4.2	0.533333	1.44	0.728571	0.677778	0.2922	0.263067	0.20556	0.240857	0.2549
0.12	0	0	0	0.05	0	0	0.01	0.01	0.95	0.98	0	0.98	0.98	0	0.01	0.02	0.27	0.5	0.95	0.49375	0.38625	0.16625	0.30875	0.38375	0.405	0.47875	0.2025	0.385	0.46125	0.47625	0.4325	0.6475	0.21	0.2875	0.34875	0.29625	0.25625	0.185	0.4525	1.9	2.63333	-0.1	1.11429	1.27778	0.0159	0.162	0.30624	0.233857	0.192611
0.73	0.5	0.12	0.05	0.73	0.27	0.12	0.12	0.95	0.5	0.5	0.73	0.5	0.5	0.02	0.27	0.27	0.12	0.98	0.5	0.38875	0.40875	0.17	0.3025	0.23625	0.4	0.46375	0.16125	0.2675	0.5175	0.6125	0.42625	0.755	0.27875	0.28125	0.31625	0.29375	0.1675	0.1525	0.48	1.8	-0.0666667	1.7	0.842857	0.577778	0.1779	0.252633	0.21904	0.225529	0.2245
0.12	0.73	0.5	0.95	0.12	0.88	0.95	0.05	0.73	0.02	0.05	0.95	0.27	0.01	0.02	0.5	0.27	0.01	0.12	0.12	0.43625	0.475	0.15	0.26625	0.36	0.41875	0.4175	0.16125	0.35125	0.50125	0.6875	0.475	0.75625	0.33125	0.16125	0.2875	0.265	0.19	0.26875	0.45125	-3.9	0.8	1.24	0.842857	-0.233333	0.5641	0.262367	0.16108	0.211243	0.263144
0.12	0	0	0	0.05	0	0	0.01	0	0.98	0.99	0	0.73	0.88	0	0	0.27	0.02	0.02	0.88	0.40375	0.4475	0.17875	0.29375	0.47875	0.4375	0.42625	0.16	0.35125	0.3675	0.53625	0.48375	0.67	0.21625	0.0725	0.29	0.2325	0.17375	0.26625	0.34125	4.5	0.833333	-0.04	-0.257143	0.544444	0.0451	0.203867	0.23412	0.227857	0.209956
0.98	0.01	0	0	0.05	0.01	0	0.73	0	0.95	0.73	0	1	0.02	0	0.02	0.02	0	0.02	0.27	0.24	0.355	0.145	0.23125	0.47875	0.345	0.31625	0.03625	0.28875	0.41875	0.645	0.3925	0.56	0.35125	0.01	0.24	0.2925	0.29875	0.2525	0.5025	1.9	0.633333	-1.1	-0.171429	-0.0222222	0.0024	0.142867	0.28024	0.225929	0.180511
0.5	0.73	0.27	0.12	0.5	0.73	0.73	0.05	0.12	0.27	0.88	0.73	0.88	0.12	0.02	0.5	0.5	0.02	0.27	0.5	0.31875	0.3275	0.22125	0.32625	0.4225	0.37875	0.31625	0.1225	0.395	0.39125	0.50625	0.3925	0.4675	0.21625	0.00875	0.27	0.245	0.2625	0.17375	0.37	-4.5	-2.03333	0.18	-0.557143	-0.377778	0.3811	0.264	0.1679	0.2044	0.2121
0.27	0.88	0.27	0.73	0.5	0.88	0.73	0.05	0.5	0.12	0.88	0.73	0.73	0.05	0.02	0.5	0.27	0.95	0.12	0.12	0.31875	0.30875	0.22125	0.30625	0.3325	0.4175	0.41125	0.11375	0.3475	0.3625	0.45875	0.41125	0.43875	0.19625	0.11625	0.29875	0.27375	0.14625	0.16125	0.37	-3.5	-1.83333	-0.9	-0.185714	-0.377778	0.4085	0.264	0.16432	0.1667	0.250144
0.01	0	0	0	1	0	0	0	0	0.01	0	0	0.27	0	0	0.02	0.01	0	0	0	0.3425	0.39	0.315	0.4025	0.27	0.48	0.49375	0.115	0.3525	0.38875	0.565	0.44625	0.46875	0.2025	0.11875	0.3875	0.30625	0.26375	0.17625	0.385	2.5	-0.633333	-1.54	-0.571429	-0.333333	0.0024	0.146033	0.22388	0.234586	0.245278
0.05	0	0	0	0.88	0	0	0	0	0.5	0.88	0	0.12	0.27	0	0.12	0.73	1	0.01	0.95	0.41375	0.42375	0.315	0.4025	0.27875	0.48125	0.49625	0.1475	0.35875	0.20625	0.3325	0.44875	0.3975	0.06	0.24375	0.40875	0.185	0.13625	0.175	0.17125	-0.9	0.1	-0.28	-1.34286	-0.877778	0.0272	0.109933	0.25172	0.308571	0.2669
0.27	0.5	0.88	0.88	0.05	0.99	0.73	0.02	0.98	0.05	0.02	0.73	0.12	0	0.01	0.73	0.12	0	0.12	0.12	0.355	0.4225	0.315	0.38375	0.3825	0.4475	0.52375	0.06	0.29875	0.15	0.36375	0.4675	0.30625	0.09375	0.245	0.42125	0.2925	0.2675	0.165	0.25625	-1.3	-0.133333	-0.28	-0.757143	-0.888889	0.3002	0.282567	0.27408	0.288371	0.350489
0.5	0.5	0.12	0.5	0.01	0.73	0.88	0.05	0.95	0.12	0.12	0.88	0.12	0.27	0.88	0.5	0.27	0.12	0.73	0.12	0.32625	0.39375	0.4675	0.535	0.33125	0.49875	0.52375	0.05625	0.35	0.1225	0.275	0.47625	0.25875	0.07875	0.13625	0.45	0.245	0.25125	0.06125	0.2	1.8	-1	-0.86	3.17207e-17	-0.188889	0.5203	0.446933	0.32154	0.337829	0.377056
0.05	0.5	0.98	0.99	0.12	0.5	0.88	0.01	0.27	0.12	0.02	0.5	0.05	0.01	0.02	0.73	0.27	0	0.12	0.12	0.34875	0.40875	0.32625	0.3825	0.255	0.4175	0.4325	0.055	0.3725	0.1075	0.1775	0.43375	0.17625	0.105	0.24125	0.35875	0.21125	0.1475	0.1225	0.185	-3.5	-0.7	-0.32	-0.1	-0.3	0.5203	0.426767	0.46704	0.426086	0.337156
0.73	0.27	0	0	0	0.01	0.02	0.27	0.05	0.01	0.01	0.02	0.01	0.01	1	0.27	0.02	0	0.02	0.12	0.26875	0.4375	0.44875	0.50625	0.145	0.47875	0.54	0.0225	0.4025	0.15375	0.19375	0.495	0.14875	0.10625	0.24375	0.415	0.24125	0.14875	0.135	0.185	-0.4	-0.7	0.3	-0.614286	-0.155556	0.2397	0.5049	0.53104	0.429257	0.349611
0.73	0.5	0.88	0.73	0.05	0.73	0.95	0.05	0.5	0.05	0.12	0.88	0.27	0.02	0.02	0.73	0.27	0.05	0.05	0.12	0.2775	0.4425	0.44875	0.4775	0.04375	0.39125	0.43	0.0525	0.3525	0.08625	0.07625	0.45	0.10375	0.07125	0.4	0.465	0.2425	0.0175	0.13125	0.06875	1.8	1.06667	-0.96	0.114286	-0.133333	0.7547	0.5382	0.43686	0.402729	0.4002
0.5	0.5	0.73	0.95	0.05	0.88	0.88	0.05	0.5	0.12	0.27	0.95	0.5	0.27	0.02	0.5	0.27	0.01	0.05	0.05	0.3825	0.38	0.3575	0.34	0.07125	0.24875	0.3475	0.05	0.23	0.13375	0.06125	0.35	0.185	0.165	0.39875	0.405	0.2425	0.0225	0.1175	0.06875	1.8	-0.3	0.5	-0.242857	0.211111	0.6202	0.474767	0.3557	0.397329	0.369322
0	1	0	0	0	0	0	0	0	0	0	0.01	0	0	0	0	0	0	0	0	0.445	0.365	0.4675	0.45875	0.07875	0.35875	0.43875	0.08375	0.18875	0.14	0.11375	0.4675	0.23875	0.1675	0.325	0.52375	0.33375	0.01	0.035	0.075	-4.5	0.366667	0.44	0.514286	0.433333	0.0494	0.261367	0.40426	0.326186	0.368
0.05	0	0	0	0	0	0	0	0.02	0.27	0.12	0.01	0.01	0.01	1	0.01	0	0.01	0	0	0.4475	0.49	0.36	0.445	0.155	0.42	0.45125	0.085	0.24375	0.10625	0.0975	0.4675	0.24625	0.1675	0.19875	0.465	0.33375	0.01	0.0825	0.06625	3.8	-0.466667	0.44	1.11429	0.322222	0.1145	0.215467	0.25778	0.364571	0.362133
0.12	0.27	0.88	0.5	0.12	0.02	0.05	0.02	0.05	0	0.05	0.5	0.02	0	0.27	0.98	0.99	0	0.01	0.02	0.35375	0.4225	0.25	0.3825	0.155	0.41625	0.4425	0.04875	0.23375	0.2625	0.22375	0.40375	0.25	0.17	0.165	0.31	0.20875	0.01125	0.07875	0.1725	-0.7	1.63333	0.84	0.214286	0.866667	0.4825	0.206433	0.23542	0.323543	0.336211
0.88	0	0	0	0.27	0	0	0	0	0.5	0.05	0	1	1	0	0.02	0.12	0	0.01	0.05	0.20125	0.40875	0.25125	0.35375	0.16375	0.39	0.345	0.04625	0.24	0.285	0.3275	0.37125	0.20375	0.0575	0.19625	0.35375	0.29875	0.005	0.10625	0.27625	1.8	1.63333	0.84	0.6	0.233333	0.0223	0.337733	0.31904	0.235857	0.274033
0.5	0.88	0.27	0.5	0.02	0.73	0.73	0.27	0.12	0.05	0.27	0.88	0.05	0.02	0.27	0.95	0.73	0.01	0.02	0.12	0.22	0.34625	0.18875	0.235	0.19125	0.3075	0.25375	0.02125	0.225	0.3325	0.28125	0.2525	0.29375	0.14875	0.19375	0.26625	0.25125	0.09375	0.10125	0.2675	3.8	0.366667	0.98	0.685714	-0.4	0.5084	0.332733	0.29742	0.256671	0.265344
0.12	0.5	0.12	0.88	0.73	0.99	0.98	0.02	0.73	0.12	0.01	0.5	0.12	0.02	0.01	0.27	0.27	0.01	0.5	0.05	0.33	0.36	0.24125	0.25	0.105	0.3375	0.31375	0.05875	0.21125	0.38625	0.3475	0.36125	0.40875	0.1825	0.22875	0.385	0.37125	0.185	0.1325	0.33875	-4.5	1.26667	0.34	-0.414286	0.0222222	0.4675	0.327433	0.23994	0.317743	0.296422
0.05	0	0	0	0.12	0	0	0	0	0.99	0.95	0	0.05	0.02	0	0	0.01	0	0	0.99	0.33375	0.4225	0.25625	0.36	0.18125	0.46125	0.43625	0.06125	0.3	0.335	0.34	0.4225	0.52625	0.2725	0.105	0.4175	0.405	0.185	0.195	0.23625	4.5	-1.3	-0.8	-0.414286	0.0222222	0.0064	0.223	0.34388	0.295829	0.286289
0.27	0.12	0.01	0	0.27	0.5	0.12	0.01	0.5	0.73	0.95	0.12	0.88	0.12	0	0.12	0.12	0	0.27	0.98	0.30625	0.38875	0.23625	0.4075	0.1475	0.4875	0.5375	0.06375	0.265	0.37375	0.34	0.455	0.4225	0.2625	0.0725	0.37125	0.3775	0.19125	0.16125	0.24125	-3.9	-1.1	-1.7	-0.128571	0.0111111	0.1951	0.247833	0.30802	0.295971	0.2772
0.27	0.88	0.5	0.5	0.02	0.95	0.88	0.12	0.5	0.05	0.12	0.88	0.27	0.02	0.27	0.73	0.5	0.73	0.02	0.05	0.25875	0.40375	0.26625	0.4075	0.14625	0.54125	0.56125	0.08375	0.3275	0.39875	0.44375	0.45125	0.38875	0.15625	0.0725	0.355	0.3775	0.10125	0.225	0.3575	-3.9	-2.83333	-0.04	-0.785714	-0.577778	0.542	0.3554	0.21918	0.280586	0.3397
0.5	0.73	0.27	0.5	0.02	0.5	0.73	0.05	0.5	0.5	0.27	0.5	0.99	0.27	0.02	0.27	0.5	0.73	0.73	0.5	0.16875	0.31375	0.26125	0.345	0.20625	0.50625	0.49	0.05875	0.3125	0.46125	0.51375	0.38875	0.41625	0.15625	0.07	0.295	0.28875	0.115	0.13625	0.3775	-0.7	-0.266667	-1.1	-0.642857	-0.577778	0.3291	0.298133	0.29804	0.297343	0.295733
0.01	0	0	0	0	0	0	0	0	0.73	1	0	0.88	0.73	0	0	0.01	0	0	0.12	0.2775	0.46125	0.295	0.30375	0.20875	0.555	0.55	0.06875	0.3175	0.48	0.5125	0.48	0.44875	0.13	0.07375	0.3575	0.37875	0.2075	0.18	0.4525	3.8	0.766667	-1.02	-0.742857	-0.166667	0.0233	0.251033	0.37598	0.312529	0.267422
0.12	0.12	0.73	0.88	0	0.73	0.98	0.05	0.27	0.05	0.05	0.88	0.02	0.02	0.01	0.73	0.88	0.05	0.01	0.05	0.32	0.55625	0.26625	0.285	0.20875	0.5825	0.54625	0.0775	0.4025	0.44375	0.515	0.48	0.55625	0.2175	0.07875	0.28125	0.28375	0.2025	0.185	0.3525	-0.8	-0.166667	0.52	-0.3	-1.05556	0.4007	0.336267	0.29012	0.315043	0.348967
0.5	0.88	0.73	0.5	0.01	0.88	0.95	0.27	0.5	0.02	0.05	0.73	0.12	0.05	0.27	0.5	0.5	0.01	0.27	0.05	0.25375	0.55625	0.375	0.42375	0.175	0.61125	0.65375	0.055	0.37375	0.3575	0.3975	0.6025	0.44875	0.2	0.1375	0.38625	0.33125	0.20875	0.1525	0.2325	-3.5	-0.166667	0.5	-0.242857	-1.01111	0.5848	0.366067	0.26684	0.343371	0.409089
0.01	0.01	0	0	0.5	0	0.01	0	0	1	0.98	0	0.99	0.27	0	0.01	0.02	0.12	0.02	0.73	0.29625	0.58875	0.4375	0.53375	0.12625	0.72125	0.78375	0.07625	0.48375	0.23125	0.28125	0.675	0.32125	0.17625	0.2	0.41875	0.39125	0.105	0.1875	0.14375	3.8	-0.166667	-0.96	-0.642857	-0.966667	0.1127	0.3034	0.41024	0.401529	0.447089
0.5	0.95	0.12	0.05	0.73	0.88	0.73	0.05	0.27	0.5	0.73	0.73	0.27	0.27	0.02	0.5	0.5	0.02	0.12	0.27	0.1875	0.3825	0.5125	0.48	0.09625	0.555	0.60875	0.18875	0.39375	0.23125	0.27875	0.5275	0.28875	0.14375	0.1975	0.33875	0.275	0.0275	0.085	0.14	-0.8	-0.166667	-1.5	-1.68571	-0.933333	0.2127	0.355233	0.47734	0.524486	0.579956
