0.27	0.88	0.12	0.73	0.12	0.95	0.98	0.05	0.12	0.12	0.12	0.88	0.05	0.05	0.05	0.27	0.5	0.02	0.73	0.12	0.1775	0.4625	0.1425	0.19375	0.055	0.325	0.3875	0.15875	0.14625	0.62875	0.3925	0.52375	0.33375	0.23625	0.185	0.165	0.355	0.0325	0.16875	0.68	-3.5	7.40149e-17	0.2	0.628571	0.266667	0.4217	0.324867	0.3838	0.403729	0.504133
0.12	0.73	0.5	0.95	0.05	0.12	0.5	0.02	0.05	0.95	0.27	0.12	0.27	0.05	0.12	0.12	0.88	0.01	0.05	0.88	0.24375	0.48625	0.10375	0.17875	0.06875	0.4425	0.5375	0.1625	0.15625	0.52625	0.37625	0.6225	0.30625	0.2425	0.17625	0.1925	0.3075	0.03375	0.255	0.61875	-0.7	0.1	0.74	-0.2	0.266667	0.3737	0.400433	0.38078	0.449071	0.421689
0.12	0.73	0.12	0.05	0.05	0.27	0.12	0.02	0.12	0.98	0.95	0.5	0.27	0.27	0.02	0.12	0.5	0.02	0.05	0.88	0.27125	0.5475	0.24125	0.41	0.06875	0.5125	0.69375	0.225	0.205	0.41875	0.175	0.665	0.27875	0.215	0.22125	0.28125	0.44	0.03375	0.26375	0.50125	4.5	1	-0.42	0.242857	-0.588889	0.4059	0.434333	0.48516	0.410429	0.4482
0.27	0.95	0.27	0.12	0.12	0.88	0.73	0.05	0.5	0.27	0.05	0.95	0.12	0.02	0.27	0.5	0.5	0.12	0.05	0.73	0.32875	0.4125	0.2225	0.3925	0.18125	0.31625	0.52875	0.33125	0.145	0.41875	0.2275	0.51375	0.2375	0.24125	0.19875	0.23375	0.38375	0.02125	0.26	0.4725	-0.8	0.7	0.2	-0.857143	-0.244444	0.5234	0.543467	0.45442	0.473729	0.453511
0.5	0.27	0.05	0.27	0.02	0.27	0.95	0.05	0.05	0.27	0.12	0.73	0.5	0.5	0.98	0.12	0.27	0.02	0.12	0.73	0.31875	0.57375	0.33875	0.49	0.18125	0.44875	0.605	0.345	0.22875	0.3025	0.19125	0.52875	0.105	0.07375	0.22625	0.32875	0.46	0.0425	0.135	0.3875	-1.6	-0.933333	-0.36	-0.414286	-1.21111	0.7011	0.4975	0.50414	0.497243	0.518022
0.5	0.05	0.12	0.12	0.05	0.12	0.73	1	0.02	0.01	0.02	0.05	0.01	0.05	0.01	0.12	0.02	0.01	0.01	0.27	0.37625	0.61	0.34875	0.48	0.16875	0.41125	0.60125	0.25375	0.2325	0.35375	0.2225	0.56625	0.175	0.13	0.35625	0.3575	0.52	0.05625	0.06375	0.4925	-0.4	-1.83333	-1.34	-0.957143	-0.9	0.268	0.530467	0.54022	0.5524	0.515667
0.27	0.5	0.73	0.95	0.05	0.73	0.88	0.5	0.73	0.05	0.05	0.73	0.05	0.12	0.27	0.73	0.73	0.02	0.12	0.05	0.48125	0.49625	0.225	0.2725	0.225	0.35375	0.5825	0.3475	0.17125	0.2925	0.21875	0.57625	0.17	0.1775	0.41875	0.32875	0.4125	0.06	0.0775	0.4725	-3.5	-1.43333	-2.08	-1.7	-0.511111	0.6223	0.4922	0.5875	0.551629	0.517767
0.73	0.02	0.12	0.05	0.99	0.02	0.02	1	0.02	0.02	0.02	0.12	0.02	0.01	0.12	0.27	0.05	0.02	0.02	0.12	0.53125	0.4675	0.2925	0.39375	0.1075	0.415	0.69	0.2975	0.2475	0.18	0.11	0.59625	0.14625	0.16	0.55875	0.4625	0.52625	0.05875	0.08625	0.41625	-0.4	-2.8	-1.9	-1.18571	-1.18889	0.5863	0.656133	0.52738	0.532943	0.485556
0.27	0.73	0.73	0.95	0.02	0.5	0.88	0.12	0.27	0.02	0.05	0.88	0.05	0.02	0.95	0.5	0.5	0.12	0.05	0.05	0.64625	0.3225	0.1975	0.28125	0.21625	0.36375	0.60125	0.435	0.245	0.16125	0.115	0.50125	0.16125	0.15875	0.48375	0.43375	0.44125	0.03375	0.0825	0.3675	-4.5	-1.86667	-1.26	-1.18571	-1.53333	0.7598	0.5822	0.5523	0.449357	0.481822
0.73	0.95	0.27	0.5	0.05	0.5	0.73	0.27	0.12	0.27	0.27	0.5	0.12	0.05	0.12	0.5	0.73	0.12	0.05	0.5	0.58875	0.32375	0.35875	0.41375	0.2125	0.3925	0.5925	0.425	0.2725	0.11125	0.07875	0.57625	0.105	0.09875	0.55625	0.51	0.44125	0.03375	0.07375	0.235	-0.7	-0.8	-0.88	-1.68571	-1.85556	0.4005	0.517633	0.45104	0.481043	0.485222
0.73	0.27	0.12	0.12	0.5	0.27	0.5	0.27	0.27	0.5	0.27	0.88	0.27	0.5	0.88	0.5	0.73	0.05	0.27	0.5	0.54125	0.40375	0.45375	0.5375	0.15125	0.40875	0.545	0.425	0.25375	0.08125	0.07625	0.52875	0.08625	0.0375	0.46625	0.52875	0.45375	0.0425	0.05125	0.2025	2.8	0.166667	-1.58	-1.82857	-1.85556	0.3926	0.303033	0.43174	0.496671	0.524
0.98	0.02	0.05	0.12	0.05	0.05	0.12	0.12	0.02	0.05	0.05	0.05	0.05	0.02	0.99	0.73	0.73	0.01	0.02	0.5	0.4825	0.375	0.405	0.54375	0.20375	0.43625	0.4975	0.3875	0.25625	0.1325	0.09875	0.60375	0.11375	0.085	0.425	0.51875	0.425	0.045	0.0825	0.2025	-1.6	-0.9	-1.58	-1.82857	-1.85556	0.116	0.3328	0.42612	0.501057	0.4729
0.73	0.5	0.12	0.12	0.02	0.95	0.88	0.27	0.73	0.12	0.12	0.95	0.27	0.02	0.5	0.5	0.27	0.02	0.05	0.27	0.4375	0.43125	0.415	0.54375	0.09	0.4125	0.4625	0.25	0.18	0.2125	0.15	0.58625	0.1175	0.14625	0.4775	0.5475	0.58625	0.0475	0.11	0.3075	-3.9	-3.33333	-1.52	-1.68571	-1.88889	0.4898	0.445833	0.46942	0.415714	0.439333
0.5	0.5	0.88	0.88	0.02	0.5	0.73	0.12	0.12	0.12	0.05	0.95	0.12	0.05	0.73	0.73	0.5	0.02	0.05	0.12	0.52375	0.34125	0.22875	0.33	0.15	0.4075	0.3725	0.255	0.2225	0.30125	0.215	0.4775	0.16375	0.1425	0.33125	0.45875	0.50125	0.0325	0.10625	0.445	-4.5	-2.93333	-2.78	-1.68571	-1.11111	0.7317	0.612833	0.42338	0.3991	0.355633
0.12	0.01	0.73	0.73	0.01	0.02	0.12	1	0.02	0	0	0.05	0.01	0.01	0.05	0.27	0.12	0.01	0.05	0.01	0.51375	0.3175	0.27625	0.32	0.16	0.43875	0.42	0.145	0.2825	0.345	0.22125	0.59	0.19625	0.15625	0.4075	0.545	0.58	0.02125	0.115	0.50625	-0.4	-2.8	-2.6	-1.72857	-0.566667	0.617	0.5037	0.45702	0.343943	0.342256
0.05	0.02	0.27	1	0.02	0.73	0.12	0.05	0.5	0.01	0.01	0.5	0.05	0.02	0.05	0.88	0.5	0	0.12	0.05	0.44625	0.28375	0.31875	0.27125	0.11125	0.3175	0.35875	0.23	0.19	0.405	0.2775	0.425	0.2675	0.2025	0.29875	0.40875	0.4475	0.01875	0.10625	0.5625	-3.5	-1.53333	-1.32	-0.9	-0.411111	0.1624	0.354533	0.36036	0.367386	0.300578
0.12	0.95	0.27	0.05	0.05	0.73	0.5	0.05	0.12	0.73	0.5	0.88	0.27	0.5	0.05	0.27	0.88	0.05	0.27	0.73	0.33	0.2275	0.40375	0.49875	0.10125	0.3175	0.33	0.22125	0.36	0.30875	0.21125	0.405	0.235	0.155	0.17625	0.40875	0.31125	0.02625	0.11875	0.415	-0.7	-0.566667	0.42	0.257143	-0.588889	0.2842	0.151033	0.27004	0.299914	0.321667
0.73	0.01	0	0	0.5	0.01	0.01	0.01	0	0.73	0.5	0.01	0.27	0.02	0.01	0.02	0.05	0	0.02	1	0.16375	0.2825	0.4225	0.49	0.0575	0.28875	0.28125	0.1925	0.29875	0.29625	0.21125	0.395	0.20375	0.3375	0.11875	0.3775	0.3825	0.0925	0.26875	0.35375	2.5	2	1.34	0.442857	-0.3	0.0065	0.190267	0.15014	0.239071	0.279378
0.27	0.27	0.5	0.27	0.12	0.27	0.5	0.27	0.5	0.5	0.27	0.5	0.27	0.12	0.05	0.73	0.98	0.02	0.12	0.88	0.1925	0.27875	0.28375	0.4375	0.10875	0.285	0.22	0.15125	0.23625	0.3725	0.24875	0.325	0.20375	0.32125	0.02875	0.26	0.3225	0.09	0.265	0.46375	4.2	3.63333	1.4	0.314286	0.122222	0.2801	0.101367	0.17882	0.166529	0.220289
0.12	0.01	0	0	0.12	0.01	0.01	0	0.01	0.99	0.73	0.01	0.88	0.88	0.01	0.02	0.05	0.02	0.27	0.99	0.23	0.31125	0.2575	0.3825	0.19875	0.31625	0.2675	0.185	0.29625	0.31375	0.1975	0.38125	0.1325	0.225	0.02875	0.33	0.4575	0.09	0.24	0.455	4.2	1.73333	1.28	0.714286	0.122222	0.0175	0.201133	0.14382	0.171886	0.154733
0.12	0.5	0.73	0.99	0	0.05	0.27	0.05	1	0	0.01	0.27	0.01	0.12	0.01	0.12	0.02	0.12	0.27	0	0.23875	0.3575	0.1475	0.14	0.2175	0.2825	0.235	0.17875	0.125	0.45125	0.30125	0.405	0.32625	0.35125	0.02875	0.3175	0.5175	0.19625	0.34375	0.5875	-3.2	-0.1	0.64	0.757143	0.722222	0.3058	0.144167	0.1825	0.135143	0.163667
0.01	0	0	0	0.12	0	0	0	0.12	0.02	0.12	0	0.02	1	0	0	0.01	0.5	1	0.05	0.2525	0.31625	0.22	0.29125	0.23	0.20375	0.2125	0.185	0.25375	0.44875	0.34375	0.34375	0.35375	0.28875	0.03	0.305	0.4425	0.2525	0.31	0.6	-1.3	-1.73333	-0.28	0.671429	1.22222	0.1092	0.204967	0.13188	0.1689	0.146022
0.27	0.73	0.27	0.73	0.05	0.73	0.73	0.05	0.12	0.5	0.12	0.88	0.12	0.02	0.05	0.5	0.95	0.02	0.12	0.88	0.1625	0.28625	0.20125	0.2625	0.21	0.17375	0.23	0.1925	0.31625	0.4075	0.315	0.32375	0.37	0.42375	0.05625	0.3025	0.38125	0.34625	0.45125	0.43375	-0.7	-0.8	-0.74	0.614286	0.555556	0.1999	0.112033	0.17694	0.1468	0.205167
0.27	0.01	0.02	0.02	0.73	0.01	0.01	1	0.01	0.02	0.05	0.01	0.05	0	0.01	0.12	0.27	0.01	0	0.05	0.13125	0.345	0.2925	0.4425	0.11	0.26375	0.2725	0.055	0.33	0.405	0.29	0.385	0.34625	0.41125	0.0575	0.2925	0.3775	0.345	0.4525	0.4275	-0.4	0.266667	0.66	-0.485714	-0.3	0.027	0.156567	0.14086	0.221271	0.252167
0.12	0.88	0.12	0.05	0.05	0.5	0.12	0.05	0.12	0.12	0.12	0.95	0.73	0.27	0.05	0.88	0.95	0.95	0.95	0.12	0.15	0.2375	0.31375	0.50125	0.18125	0.21625	0.29125	0.29875	0.3175	0.26875	0.19	0.2725	0.1525	0.26875	0.05375	0.22875	0.28875	0.22625	0.30125	0.29625	1.9	1.76667	0.22	-0.528571	-0.811111	0.2428	0.131733	0.22678	0.278029	0.310244
0.12	0.12	0.12	0.27	0.27	0.05	0.05	0.05	0.27	0.73	0.95	0.12	0.5	0.88	0.05	0.05	0.27	0.88	0.73	0.88	0.15	0.3325	0.25625	0.38375	0.15625	0.37625	0.385	0.29875	0.18875	0.2075	0.09125	0.46125	0.18625	0.18	0.05875	0.38	0.48125	0.25375	0.31	0.2925	3.8	0.733333	-0.34	-0.4	-0.888889	0.1254	0.302333	0.32742	0.3396	0.3343
0.27	0.5	0.12	0.5	0.27	0.5	0.88	0.12	0.5	0.88	0.27	0.73	0.5	0.12	0.27	0.5	0.5	0.27	0.27	0.5	0.22125	0.31875	0.27125	0.37	0.1475	0.35375	0.39125	0.29625	0.16	0.24875	0.22375	0.495	0.19875	0.165	0.14125	0.33875	0.51375	0.27	0.2575	0.4525	-3.5	-1.06667	-0.34	-0.857143	-1.17778	0.5388	0.455767	0.43006	0.385657	0.366511
0.02	0.02	0.98	1	0	0.27	0.12	0.12	0.5	0	0	0.12	0.01	0	0.02	0.27	0.27	0	0.01	0	0.225	0.28875	0.13125	0.21625	0.17625	0.2925	0.3975	0.29	0.1475	0.3875	0.27625	0.4625	0.3075	0.3025	0.16625	0.30625	0.43	0.31625	0.36625	0.43875	-3.5	-2.46667	-1.5	-1.35714	-0.788889	0.7031	0.594033	0.48596	0.438814	0.364978
0.12	0.02	0.27	0.5	0.01	0.12	0.27	1	0.02	0	0	0.05	0.01	0.01	0.02	0.27	0.02	0.01	0.01	0.01	0.2125	0.29375	0.2325	0.40125	0.085	0.3725	0.49625	0.0575	0.24	0.38625	0.27125	0.47625	0.3075	0.3075	0.18	0.325	0.43375	0.32875	0.38125	0.4375	-0.4	-2.6	-3.04	-1.22857	-1.13333	0.5402	0.588533	0.5407	0.430714	0.398989
0.12	0.5	0.27	0.27	0.02	0.88	0.95	0.05	0.12	0.12	0.05	0.95	0.05	0.02	0.05	0.5	0.88	0.27	0.12	0.73	0.23125	0.13875	0.28	0.48625	0.11125	0.24875	0.43	0.2925	0.21875	0.35875	0.2525	0.27875	0.21375	0.275	0.17625	0.30875	0.29875	0.18	0.25125	0.33875	-3.9	-2.73333	-1.78	-2.27143	-1.43333	0.5223	0.4872	0.47016	0.460386	0.394533
0.73	0.27	0.12	0.12	0.05	0.27	0.88	0.05	0.12	0.5	0.5	0.88	0.12	0.12	0.88	0.12	0.5	0.02	0.12	0.95	0.2025	0.15875	0.4025	0.48625	0.08	0.33375	0.4475	0.39625	0.19125	0.2225	0.08	0.30625	0.1575	0.1675	0.08125	0.4725	0.4225	0.10375	0.16625	0.2075	-3.9	-1.66667	-1.78	-1.88571	-1.94444	0.3991	0.369167	0.39616	0.412371	0.389844
0.05	0.01	0.01	0	0.01	0.01	0.02	0	0.02	0.73	0.27	0.01	0.5	1	0	0.01	0.05	0.12	0.73	0.27	0.2875	0.23875	0.435	0.4725	0.11375	0.36625	0.53625	0.42125	0.20375	0.14625	0.1375	0.415	0.08125	0.07625	0.19125	0.48625	0.47875	0.14875	0.16625	0.2925	2.8	-1.53333	-1.86	-1.5	-2.05556	0.1861	0.3061	0.32866	0.323814	0.375433
0.27	0.05	0.12	1	0.01	0.5	0.95	0.02	0.27	0.01	0.01	0.05	0.05	0.05	0.12	0.27	0.05	0.12	0.12	0.05	0.34875	0.24625	0.36125	0.3325	0.12	0.33375	0.4675	0.51375	0.125	0.27	0.185	0.4575	0.17	0.21	0.18875	0.51125	0.5075	0.15125	0.2475	0.35375	-3.5	-0.5	-1.24	-2.08571	-2.05556	0.3331	0.240633	0.24084	0.305086	0.373022
0.27	0.12	0.5	0.5	0.27	0.27	0.27	0.98	0.05	0.02	0.02	0.27	0.02	0.02	0.05	0.98	0.73	0.02	0.02	0.05	0.3675	0.3575	0.39	0.395	0.08875	0.43875	0.62875	0.275	0.18375	0.28375	0.19	0.5425	0.20625	0.215	0.21	0.45125	0.45375	0.165	0.265	0.35875	-0.8	-1.7	-1.36	-2.02857	-2.51111	0.2027	0.206333	0.24284	0.327814	0.377278
0.5	0.05	0.95	0.12	0.05	0.12	0.12	0.88	0.05	0.02	0.02	0.27	0.12	0.12	0.12	0.98	0.88	0.02	0.05	0.05	0.415	0.31875	0.41875	0.51875	0.11625	0.38125	0.59125	0.405	0.175	0.27	0.185	0.48625	0.2025	0.2025	0.20125	0.4225	0.33125	0.13375	0.26125	0.27	-0.8	-2.03333	-2.62	-2.11429	-2.46667	0.0832	0.231667	0.3419	0.353443	0.399622
0.27	0.88	0.27	0.27	0.5	0.5	0.73	0.27	0.5	0.5	0.5	0.73	0.27	0.27	0.27	0.5	0.5	0.73	0.88	0.5	0.415	0.24375	0.5225	0.57625	0.06	0.41	0.515	0.50875	0.16625	0.1625	0.0775	0.42875	0.18375	0.2025	0.10625	0.53	0.4075	0.04875	0.205	0.11	-4.5	-2.93333	-2.82	-3.01429	-2.46667	0.4091	0.391233	0.39098	0.4302	0.421667
0.73	0.12	0.5	0.88	0.05	0.5	0.5	0.88	0.12	0.27	0.12	0.5	0.27	0.12	0.12	0.73	0.5	0.02	0.05	0.27	0.36625	0.34375	0.52625	0.59125	0.12125	0.42375	0.55625	0.4475	0.27375	0.10625	0.0975	0.47125	0.1275	0.09875	0.25	0.5625	0.46375	0.125	0.22375	0.12	-3.5	-4.16667	-3.36	-3.07143	-2.95556	0.6814	0.556333	0.49512	0.467971	0.440244
0.27	0.98	0.88	0.5	0.02	0.73	0.88	0.05	0.27	0.12	0.05	0.95	0.27	0.02	0.12	0.5	0.27	0.02	0.05	0.05	0.42375	0.245	0.46625	0.51625	0.13	0.33875	0.3925	0.55125	0.255	0.215	0.215	0.4425	0.23125	0.22875	0.2375	0.56375	0.50125	0.125	0.3275	0.20375	-4.5	-3.83333	-3.98	-3.18571	-2.25556	0.5785	0.6611	0.59798	0.489486	0.428067
0.73	0.12	0.95	0.88	0.02	0.27	0.5	0.99	0.05	0.01	0.01	0.5	0.12	0.02	0.05	0.27	0.05	0.02	0.12	0.02	0.395	0.4	0.4575	0.46875	0.11125	0.45375	0.51625	0.32625	0.29125	0.24125	0.25125	0.55625	0.2625	0.2325	0.27375	0.56125	0.52875	0.21375	0.33125	0.2925	-3.5	-3.96667	-3.4	-2.67143	-2.6	0.7234	0.633133	0.58682	0.509529	0.461556
0.5	0.5	0.27	0.73	0.05	0.88	0.88	0.27	0.5	0.12	0.12	0.88	0.12	0.27	0.27	0.5	0.73	0.05	0.5	0.12	0.3675	0.34875	0.425	0.47375	0.16375	0.365	0.455	0.3075	0.24375	0.31625	0.35375	0.4775	0.33875	0.31125	0.2325	0.4125	0.34875	0.2225	0.3875	0.365	-3.9	-3	-2.14	-2.58571	-2.2	0.5975	0.558067	0.49524	0.5231	0.457756
0.12	0.05	0.27	0.73	0.05	0.12	0.12	0.12	0.5	0.05	0.05	0.12	0.05	0.02	1	0.5	0.5	0.02	0.05	0.12	0.415	0.38625	0.45375	0.5025	0.1075	0.48875	0.56875	0.3075	0.19625	0.35375	0.33375	0.5725	0.3475	0.3425	0.17	0.4125	0.40625	0.14125	0.34875	0.4125	-1.6	-0.9	-2.02	-1.68571	-1.48889	0.3533	0.391433	0.48036	0.432757	0.4456
0.27	0.12	0.02	0.02	0.05	0.05	0.02	0.02	0.27	0.73	0.88	0.27	0.88	0.99	0.02	0.05	0.12	0.12	0.95	0.5	0.31125	0.365	0.42375	0.48125	0.10375	0.45	0.52	0.21	0.24375	0.35375	0.33875	0.4925	0.32	0.22125	0.27875	0.38375	0.3975	0.12875	0.23625	0.44125	2.8	-0.9	-0.76	-0.771429	-0.677778	0.2235	0.3603	0.34548	0.392929	0.375611
0.5	0.5	0.5	0.5	0.12	0.73	0.88	0.12	0.12	0.12	0.27	0.73	0.12	0.05	0.27	0.73	0.73	0.73	0.12	0.73	0.255	0.20125	0.26	0.3925	0.09375	0.27625	0.3175	0.31625	0.24375	0.415	0.40875	0.31875	0.3825	0.3375	0.23375	0.2425	0.29375	0.05125	0.335	0.4075	-3.9	0.566667	0.4	0.271429	-0.222222	0.5041	0.258867	0.28592	0.296943	0.355833
0.05	0.02	0.01	0.01	0.5	0.02	0.01	0.01	0.12	0.73	0.95	0.02	0.73	1	0.01	0.02	0.12	0.12	0.88	0.73	0.2825	0.28	0.265	0.40625	0.05	0.44125	0.47375	0.22125	0.32875	0.3525	0.32875	0.43625	0.30625	0.21875	0.275	0.41625	0.42625	0.1275	0.24	0.4675	2.8	0.266667	1.48	0.771429	-0.266667	0.049	0.284267	0.22556	0.2688	0.336122
0.27	0.73	0.5	0.5	0.05	0.73	0.88	0.12	0.12	0.73	0.27	0.73	0.27	0.27	0.5	0.5	0.73	0.05	0.12	0.88	0.2075	0.19125	0.28875	0.31625	0.13375	0.2575	0.27	0.29875	0.2725	0.33875	0.4	0.32875	0.36375	0.2775	0.1825	0.3275	0.27375	0.13125	0.27375	0.435	1.9	2.83333	0.84	0.442857	-0.222222	0.2997	0.1334	0.26096	0.296329	0.346
0.05	0.02	0.01	0	0.02	0.12	0.01	0	0.27	0.95	0.99	0.01	0.88	0.12	0.01	0.05	0.05	0.02	0.05	0.88	0.25375	0.3925	0.37875	0.35	0.13375	0.44125	0.455	0.31375	0.25375	0.32	0.31	0.495	0.315	0.3275	0.18125	0.4125	0.35875	0.135	0.29125	0.42625	3.8	1.76667	0.84	-0.457143	-0.433333	0.0515	0.250567	0.26934	0.362457	0.368
0.05	0.05	0.05	0.27	0.01	0.02	0.12	1	0.12	0	0	0.02	0.01	0.01	0.01	0.05	0.05	0.01	0.01	0.01	0.235	0.37625	0.3725	0.315	0.14375	0.45	0.44125	0.1875	0.24125	0.41	0.415	0.49375	0.4375	0.34	0.18	0.40875	0.3775	0.1275	0.24	0.595	-0.4	-0.166667	-0.42	-0.4	-0.277778	0.4005	0.332667	0.39682	0.3692	0.363178
0.5	0.27	0.5	0.5	0.05	0.88	0.88	0.12	0.73	0.12	0.05	0.73	0.12	0.02	0.12	0.95	0.5	0.02	0.12	0.5	0.11875	0.2875	0.25375	0.22375	0.12625	0.2525	0.2375	0.2825	0.15	0.505	0.485	0.315	0.47125	0.33875	0.16625	0.22	0.23625	0.03625	0.21375	0.505	-3.9	-2.6	-1.5	-0.2	0.655556	0.546	0.5443	0.44714	0.387929	0.322633
0.12	0.5	0.95	0.5	0.27	0.12	0.12	1	0.05	0.01	0.01	0.73	0.12	0.01	0.02	0.27	0.12	0.01	0.01	0.01	0.19375	0.31875	0.2025	0.2375	0.0375	0.37875	0.4225	0.17375	0.2225	0.43375	0.3775	0.43125	0.3825	0.21625	0.3025	0.33625	0.28375	0.085	0.11875	0.4775	-3.5	-3.63333	-1.42	0.171429	-0.155556	0.6864	0.594567	0.47286	0.365	0.365122
0.27	0.95	0.5	0.5	0.02	0.98	0.73	0.12	0.5	0.12	0.05	0.73	0.27	0.27	0.5	0.73	0.5	0.02	0.12	0.05	0.20375	0.1725	0.2025	0.20875	0.0625	0.1825	0.29875	0.39375	0.1525	0.32875	0.33875	0.3425	0.33	0.15	0.18125	0.23125	0.1475	0.0775	0.09	0.3775	-3.5	-0.933333	-0.44	-1.01429	-0.411111	0.5513	0.4726	0.4206	0.419271	0.338978
0.12	0.02	0.01	0.01	0.12	0.02	0.02	0.01	0.02	0.5	0.73	0.27	0.99	0.98	0.01	0.02	0.27	0.05	0.5	0.98	0.2175	0.2875	0.2625	0.27	0.04875	0.28875	0.3875	0.4075	0.18125	0.225	0.24	0.41375	0.24	0.17125	0.24125	0.315	0.1725	0.19625	0.09875	0.1575	4.2	1.73333	-0.56	-1.01429	-0.933333	0.1801	0.2902	0.39768	0.371257	0.337489
0.02	0.01	0	0	0.02	0.01	0.01	0	0	1	0.88	0.01	0.5	0.05	0.27	0.12	0.05	0.01	0.02	0.5	0.23875	0.31625	0.2725	0.36	0.09375	0.35	0.49875	0.28625	0.175	0.1775	0.2225	0.4775	0.3025	0.2875	0.21	0.33	0.2275	0.20125	0.16	0.2225	4.5	1.4	0.06	-0.585714	-1.27778	0.1392	0.250233	0.27328	0.2987	0.310133
0.27	0.5	0.05	0.12	0.01	0.27	0.73	0.02	0.02	0.05	0.05	0.95	0.02	0.01	1	0.27	0.12	0.5	0.01	0.02	0.17875	0.28375	0.26625	0.3925	0.09125	0.3175	0.42125	0.275	0.09625	0.34375	0.35375	0.33125	0.43875	0.29625	0.11	0.22625	0.2475	0.14	0.1525	0.25375	-4.5	-0.133333	0.58	-0.585714	-1.23333	0.4314	0.211667	0.17064	0.222686	0.291856
0.5	0.01	0.05	0.27	0	0.02	0.5	1	0.01	0	0	0.02	0	0	0.01	0.12	0.02	0	0	0.12	0.245	0.28875	0.1625	0.3175	0.12125	0.425	0.45	0.15125	0.125	0.36375	0.365	0.37125	0.4325	0.29875	0.24625	0.27375	0.25125	0.20375	0.155	0.255	-0.4	-1.93333	-0.96	-0.585714	-0.888889	0.0644	0.177967	0.16548	0.198429	0.220167
0.01	0.01	0	0	0.01	0.01	0.01	0	0.02	0.5	0.88	0.12	0.88	1	0	0.01	0.02	1	0.5	0.05	0.30625	0.1725	0.1075	0.29	0.12375	0.30625	0.4225	0.2625	0.0625	0.405	0.37125	0.27	0.39875	0.2025	0.1875	0.2025	0.25125	0.07875	0.08375	0.37625	-0.9	-1.6	-2.56	-1.24286	-0.0333333	0.0381	0.0856	0.21394	0.178586	0.160767
0.12	0.27	0.12	0.98	0.27	0.5	1	0.02	0.05	0.12	0.01	0.27	0.02	0.01	0.02	0.27	0.27	0.01	0.02	0.05	0.34	0.22875	0.125	0.18125	0.13875	0.33375	0.35875	0.2925	0.09	0.48125	0.48	0.28	0.445	0.2375	0.24625	0.20125	0.24875	0.2025	0.09625	0.345	-3.5	-2.63333	-1.74	-1.28571	-0.3	0.1543	0.1913	0.1359	0.161086	0.175211
0.27	0.5	0.5	0.88	0.02	0.88	0.98	0.05	0.12	0.5	0.27	0.5	0.73	0.05	0.05	0.27	0.73	0.02	0.05	0.27	0.3525	0.21375	0.11125	0.2275	0.17	0.31875	0.375	0.4125	0.0875	0.31125	0.3525	0.3125	0.3	0.22875	0.21125	0.24875	0.27625	0.2025	0.12375	0.2575	-3.5	-2.46667	-0.82	-0.385714	-1.18889	0.3815	0.192333	0.12636	0.143757	0.2114
0.88	0.05	0.12	0.05	0.5	0.73	0.12	0.99	0.27	0.12	0.05	0.12	0.05	0.02	0.12	0.5	0.05	0.02	0.02	0.12	0.305	0.2225	0.15375	0.3175	0.11125	0.31	0.39375	0.295	0.185	0.415	0.465	0.275	0.5075	0.24625	0.07875	0.1925	0.36125	0.14125	0.12875	0.33625	-0.4	0.1	-0.28	-0.828571	-0.477778	0.0412	0.146467	0.18076	0.200971	0.169122
0.27	0.02	0.01	0.01	0.05	0.02	0.02	0.01	0.01	0.95	0.98	0.02	0.88	0.5	0.02	0.05	0.5	0.02	0.05	0.95	0.3525	0.335	0.195	0.30375	0.29	0.45875	0.3775	0.29875	0.2225	0.31375	0.355	0.41	0.41875	0.1875	0.12375	0.29625	0.33625	0.1425	0.13125	0.2325	4.2	1.86667	-0.28	-0.428571	-0.522222	0.0167	0.122667	0.24288	0.2028	0.210467
0.5	0.73	0.27	0.12	0.5	0.73	0.5	0.27	0.27	0.73	0.73	0.5	0.5	0.27	0.5	0.27	0.5	0.05	0.12	0.73	0.4325	0.26	0.16875	0.29625	0.23875	0.38375	0.37875	0.2725	0.19375	0.37	0.31	0.42625	0.39	0.0975	0.12625	0.30125	0.3675	0.01625	0.09375	0.37625	1.8	0.833333	0.8	-0.0428571	0.0444444	0.3101	0.2639	0.17676	0.243114	0.256067
0.27	0.12	0.27	0.27	0.02	0.27	0.12	0.99	0.05	0.02	0.12	0.5	0.05	0.02	0.02	0.5	0.73	0.02	0.27	0.02	0.4525	0.30375	0.1875	0.17	0.265	0.38	0.3075	0.305	0.21625	0.44375	0.385	0.39875	0.44375	0.1275	0.185	0.25375	0.3075	0.01875	0.07875	0.45875	-3.5	0.0666667	0.72	1.05714	0.388889	0.4649	0.2753	0.25582	0.252686	0.294289
0.5	0.12	0.01	0.01	0.02	0.05	0.02	0.02	0.95	0.5	0.73	0.27	1	0.12	0.01	0.05	0.12	0.01	0.02	0.5	0.405	0.2475	0.1725	0.21125	0.2625	0.38875	0.3225	0.51125	0.095	0.32125	0.27625	0.38	0.24875	0.10875	0.195	0.31	0.3075	0.01875	0.105	0.36625	1.9	-0.8	0.72	1.05714	0.388889	0.0509	0.317433	0.34218	0.317986	0.272589
0.27	0.88	0.27	0.12	0.98	0.5	0.27	0.05	0.05	0.02	0.05	1	0.12	0.01	0.27	0.5	0.27	0.01	0.05	0.12	0.3575	0.2375	0.1875	0.225	0.0825	0.3325	0.395	0.39	0.18875	0.42875	0.37	0.3925	0.3675	0.1225	0.15375	0.25375	0.37375	0.07875	0.105	0.41375	-0.8	1.76667	0.28	-0.0428571	-0.0666667	0.4365	0.311967	0.37982	0.3422	0.305722
0.88	0.12	0.05	0.05	0.05	0.12	0.5	0.05	0.05	0.73	0.27	0.73	0.27	0.05	0.5	0.27	0.27	0.02	0.27	0.98	0.3575	0.45375	0.22	0.235	0.255	0.3925	0.37875	0.395	0.19375	0.255	0.235	0.5425	0.245	0.14625	0.125	0.31	0.32625	0.19375	0.0775	0.22125	4.2	1	0.28	-0.942857	-0.333333	0.4485	0.4611	0.32408	0.346386	0.313667
0.05	0.01	0.27	0.12	0	0.01	0.05	1	0.01	0	0	0.05	0	0	0.01	0.12	0.02	0	0.05	0	0.41375	0.48625	0.22125	0.3025	0.20125	0.3775	0.4825	0.24875	0.19875	0.28875	0.1925	0.675	0.25	0.13375	0.13	0.32875	0.41375	0.1925	0.09625	0.315	-0.4	0.1	-1	-0.185714	-0.966667	0.4983	0.377667	0.38178	0.292571	0.306133
0.12	0.05	0.12	0.95	0	0.73	1	0.73	0.05	0	0.01	0.12	0.12	0	0.12	0.27	0.12	0.01	0.01	0.01	0.405	0.4675	0.2075	0.16625	0.205	0.25625	0.35	0.16125	0.18875	0.40875	0.295	0.605	0.2625	0.25	0.115	0.25	0.31625	0.19125	0.0825	0.43375	-3.5	-2.8	-0.48	-1.01429	-0.155556	0.1862	0.3413	0.31212	0.319914	0.2638
0.27	0.73	0.5	0.27	0.02	0.73	0.95	0.05	0.12	0.5	0.12	0.95	0.12	0.02	0.05	0.5	0.73	0.5	0.05	0.12	0.33875	0.3825	0.22125	0.3125	0.215	0.28375	0.3875	0.25	0.095	0.39375	0.2525	0.53	0.1525	0.26625	0.1375	0.2775	0.3475	0.1625	0.1375	0.44875	-4.5	-2.06667	-2.1	-0.357143	-0.444444	0.3394	0.2046	0.27088	0.269543	0.282411
0.88	0.99	0.05	0.02	0.5	0.12	0.12	0.05	0.05	0.27	0.12	0.95	0.05	0.73	0.02	0.27	0.12	0.95	0.05	0.27	0.24375	0.24125	0.245	0.33	0.155	0.29875	0.45875	0.245	0.09875	0.54375	0.30875	0.40625	0.20875	0.295	0.10875	0.24625	0.405	0.1075	0.14625	0.5375	1.8	-2.2	-1.26	-1.05714	0.144444	0.0882	0.2233	0.188	0.236671	0.235933
0.12	0.88	0.5	0.73	0.02	0.5	0.88	0.05	0.27	0.27	0.12	0.88	0.27	0.12	0.05	0.27	0.95	0.02	0.05	0.5	0.2625	0.24625	0.245	0.26875	0.21125	0.27	0.31625	0.245	0.09875	0.455	0.28125	0.415	0.15	0.36625	0.1675	0.275	0.38625	0.2225	0.115	0.38875	-3.9	0.566667	-0.7	-0.357143	-0.411111	0.2423	0.138133	0.19444	0.168086	0.215989
0.27	0.01	0.01	0.01	0.05	0.02	0.01	0.02	0.01	0.98	0.95	0.01	0.27	0.95	0.01	0.02	0.05	0.02	0.12	0.98	0.3	0.35625	0.27875	0.35875	0.21	0.3625	0.48125	0.13875	0.13625	0.36875	0.18375	0.5325	0.15625	0.38625	0.295	0.3825	0.51125	0.285	0.1625	0.33125	3.8	-0.266667	1.1	0.0285714	-0.544444	0.0839	0.181533	0.1302	0.179914	0.180222
0.12	0.12	0.5	0.5	0.12	0.27	0.27	0.05	0.27	0.88	0.5	0.5	0.12	0.27	0.12	0.5	0.98	0.27	0.5	0.73	0.3375	0.35125	0.29375	0.2975	0.2025	0.27375	0.43375	0.05875	0.18875	0.3825	0.24	0.51875	0.1625	0.4725	0.39	0.3225	0.38625	0.25375	0.11625	0.3675	-0.7	2.53333	0.58	0.442857	-0.544444	0.2184	0.106833	0.16636	0.156629	0.232667
0.12	0.01	0.01	0.01	0.98	0.01	0.01	0.01	0.01	0.99	0.5	0.01	0.5	0.95	0.01	0.02	0.12	0.02	0.12	0.98	0.36625	0.28875	0.3075	0.35875	0.1075	0.2775	0.4575	0.06375	0.22125	0.32125	0.335	0.495	0.19125	0.4475	0.4	0.335	0.40875	0.285	0.28125	0.33625	4.5	1	1.04	-0.314286	-0.188889	0.0182	0.168533	0.15318	0.238057	0.214878
0.27	0.05	0.5	0.27	0.02	0.27	0.12	0.05	0.27	0.02	0.05	0.73	0.02	0.01	1	0.5	0.95	0.01	0.02	0.02	0.36	0.16625	0.3025	0.4425	0.2275	0.245	0.49125	0.1625	0.1975	0.41125	0.3825	0.2925	0.25125	0.475	0.28	0.275	0.305	0.16875	0.29	0.42875	-0.8	0.7	-0.42	0.0571429	-0.188889	0.269	0.154533	0.26804	0.229057	0.218022
0.5	0.02	0.05	0.12	0.02	0.27	0.5	0.12	0.05	0.02	0.05	0.12	0.05	0.99	0.99	0.73	0.12	0.5	0.5	0.02	0.3225	0.06125	0.2975	0.37	0.22625	0.18375	0.34	0.1475	0.25375	0.38	0.37	0.26	0.21625	0.45625	0.275	0.21375	0.29125	0.215	0.34875	0.3725	-1.6	-1.96667	-0.54	-0.228571	0.1	0.1764	0.367867	0.26022	0.233714	0.225622
0.27	0.12	0.73	0.95	0.01	0.27	0.88	0.12	0.73	0.01	0.01	0.5	0.02	0.01	0.99	0.27	0.05	0.01	0.02	0.05	0.35125	0.0625	0.22625	0.29875	0.2225	0.2725	0.2975	0.27	0.29	0.265	0.2575	0.22625	0.18875	0.46125	0.365	0.28375	0.3	0.275	0.39625	0.2475	-3.5	-2.13333	-1.08	-0.314286	-0.366667	0.6582	0.337967	0.27988	0.2469	0.247689
0.5	0.12	0.12	0.27	0.12	0.5	0.88	0.05	0.12	0.12	0.88	0.27	0.73	0.5	0.02	0.12	0.05	0.5	0.99	0.12	0.4175	0.08125	0.33125	0.38375	0.2	0.2725	0.37375	0.30625	0.42375	0.1475	0.10125	0.3025	0.09125	0.36875	0.58125	0.33125	0.24	0.1825	0.21875	0.1625	-1.3	-1	-1.18	-1.01429	-0.0888889	0.1793	0.318	0.28822	0.284657	0.299044
0.98	0.05	0.5	0.95	0.5	0.12	0.5	0.88	0.12	0.02	0.05	0.05	0.05	0.01	0.05	0.27	0.12	0.01	0.02	0.05	0.405	0.2075	0.31625	0.36	0.0325	0.42875	0.53875	0.21625	0.485	0.05125	0.17625	0.43875	0.12875	0.32625	0.5825	0.34375	0.25	0.24375	0.33125	0.06375	1.8	-0.266667	-0.94	-0.642857	-0.666667	0.1165	0.202167	0.30944	0.343457	0.395011
0.05	0.01	0.01	0	0.01	0.01	0.05	0	0.5	0.02	0.02	0.01	0.02	0.95	0	0.01	0.01	0.88	1	0.05	0.52125	0.2125	0.40625	0.555	0.09375	0.4425	0.6425	0.44375	0.51375	0.05	0.175	0.38625	0.1325	0.21	0.4975	0.3475	0.16	0.13625	0.26875	0.06375	-1.3	0.0333333	0.12	-0.514286	-0.622222	0.3107	0.236567	0.31392	0.444243	0.392456
0.27	0.12	0.12	0.27	0.01	0.73	0.05	1	0.98	0.05	0.01	0.12	0.02	0.01	0.73	0.12	0.05	0.01	0.02	0.01	0.5225	0.25875	0.40125	0.5125	0.15375	0.38125	0.58625	0.31	0.5575	0.10625	0.28875	0.3725	0.18875	0.295	0.2975	0.305	0.155	0.18875	0.3625	0.1575	-0.4	0.0333333	0.24	-0.0714286	-0.8	0.2825	0.4246	0.45444	0.385357	0.429689
0.88	0.27	0.73	0.5	0.05	0.5	0.88	0.27	0.73	0.05	0.12	0.88	0.05	0.02	0.88	0.73	0.5	0.02	0.05	0.12	0.5225	0.25875	0.24875	0.38	0.15375	0.41	0.40625	0.49625	0.5125	0.12	0.28875	0.30625	0.18875	0.3075	0.27875	0.2575	0.1075	0.18875	0.3625	0.14375	1.8	0.233333	-0.2	-0.342857	-0.588889	0.6806	0.615	0.48034	0.432814	0.446733
0.5	0.95	0.27	0.5	0.02	0.88	0.95	0.12	0.5	0.12	0.27	0.88	0.12	0.12	0.05	0.27	0.27	0.02	0.05	0.12	0.54125	0.165	0.35375	0.36125	0.1575	0.33375	0.29375	0.6325	0.54125	0.0975	0.1625	0.30625	0.09125	0.23375	0.5025	0.315	0.145	0.12875	0.245	0.13125	-0.7	0.233333	-0.58	-0.828571	-0.488889	0.8819	0.602833	0.5205	0.532114	0.522744
0.27	0.05	0.73	0.88	0.02	0.27	0.5	0.99	0.88	0.01	0.01	0.27	0.02	0.02	0.27	0.27	0.12	0.02	0.5	0.02	0.48125	0.3625	0.2675	0.22875	0.10125	0.4575	0.37875	0.42875	0.5125	0.1425	0.25125	0.49875	0.13125	0.27875	0.5025	0.34375	0.1825	0.21875	0.24875	0.2	-0.4	-1.43333	-0.82	-0.7	-0.188889	0.246	0.546467	0.62632	0.611071	0.570456
0.73	0.5	0.12	0.05	0.5	0.5	0.05	0.05	0.88	0.5	0.95	0.12	0.5	0.73	0.12	0.5	0.12	0.05	0.27	0.73	0.48	0.32	0.3575	0.3475	0.055	0.4425	0.49125	0.5525	0.465	0.2025	0.19375	0.55	0.1025	0.105	0.53625	0.32875	0.215	0.12	0.1675	0.215	-3.2	-1.73333	-1.26	0	0.455556	0.5115	0.523033	0.66288	0.6487	0.5414
0.88	0.27	0.12	0.12	0.05	0.27	0.27	0.88	0.12	0.12	0.12	0.73	0.05	0.12	0.99	0.5	0.12	0.02	0.05	0.05	0.51875	0.3675	0.3575	0.32	0.125	0.41375	0.4725	0.3575	0.4525	0.25	0.3025	0.4925	0.17125	0.18625	0.46125	0.37625	0.22375	0.12875	0.19875	0.31375	-1.6	-1.73333	-0.22	0.385714	0.322222	0.8116	0.728833	0.59568	0.5585	0.550711
0.27	0.05	0.5	0.12	0.12	0.27	0.05	0.99	0.12	0.01	0.02	0.27	0.02	0.01	0.98	0.12	0.12	0.02	0.05	0.02	0.595	0.395	0.23375	0.2725	0.125	0.385	0.42375	0.3725	0.395	0.26375	0.30625	0.5025	0.18375	0.20375	0.4775	0.395	0.22375	0.1325	0.19875	0.3175	-0.4	0.833333	0.76	0.257143	-0.0555556	0.8634	0.7403	0.55632	0.484843	0.524033
0.27	0.73	0.27	0.27	0.05	0.5	0.73	0.12	0.27	0.27	0.5	0.98	0.27	0.27	0.27	0.5	0.27	0.73	0.5	0.5	0.5475	0.225	0.35125	0.30125	0.1375	0.28	0.2825	0.5575	0.405	0.2225	0.21875	0.36625	0.17125	0.26625	0.575	0.37625	0.205	0.05625	0.17	0.24875	4.5	2.86667	1.08	0.0857143	-0.333333	0.5459	0.486167	0.52728	0.512629	0.486778
0.5	0.12	0.12	0.12	0.12	0.12	0.5	0.05	0.12	0.99	0.5	0.27	0.27	0.27	0.12	0.12	0.27	0.12	0.12	0.88	0.60375	0.32875	0.3125	0.225	0.14125	0.35625	0.31125	0.47625	0.32875	0.14625	0.2325	0.5125	0.2025	0.27	0.59375	0.5	0.2525	0.13625	0.17	0.2325	4.5	2.46667	1.08	0.0857143	-0.0888889	0.0492	0.320467	0.45306	0.517643	0.475467
0.73	0.27	0.12	0.12	0.12	0.27	0.12	0.27	0.12	0.05	0.05	0.27	0.12	0.05	1	0.5	0.12	0.05	0.05	0.12	0.54625	0.2625	0.33125	0.31	0.085	0.30875	0.415	0.4575	0.28125	0.26375	0.185	0.53125	0.17375	0.22125	0.53125	0.4525	0.38	0.20125	0.15125	0.29875	-1.6	0.433333	0.52	0.571429	0.188889	0.3663	0.285333	0.3897	0.4223	0.444333
0.88	0.27	0.12	0.12	0.12	0.27	0.27	0.5	0.27	0.05	0.05	0.5	0.12	0.05	1	0.5	0.5	0.05	0.05	0.12	0.5275	0.235	0.3225	0.30125	0.09375	0.28125	0.3775	0.325	0.25375	0.34	0.2925	0.42625	0.23	0.24	0.41375	0.405	0.38	0.205	0.16	0.38375	-1.6	-2.13333	-0.02	0.528571	0.788889	0.4405	0.451133	0.30936	0.332	0.354744
0.12	0.27	0.98	0.88	0.05	0.27	0.5	0.73	0.73	0.05	0.05	0.5	0.27	0.88	0.12	0.5	0.27	0.12	0.27	0.05	0.60375	0.24375	0.1675	0.225	0.15	0.33875	0.405	0.175	0.215	0.4575	0.3525	0.4075	0.27125	0.16875	0.4075	0.405	0.45625	0.2	0.16	0.50875	-3.2	-1	-1.06	0.428571	1.3	0.5466	0.3771	0.34578	0.254771	0.272789
0.95	0.27	0.27	0.12	0.12	0.5	0.5	0.27	0.12	0.12	0.12	0.73	0.27	0.05	0.27	0.88	0.5	0.05	0.12	0.27	0.4675	0.15375	0.22875	0.28625	0.13625	0.2475	0.31375	0.2175	0.3675	0.42125	0.315	0.27125	0.24375	0.36375	0.355	0.29625	0.395	0.20875	0.22625	0.43375	1.8	-0.7	0.02	0.385714	1.11111	0.1442	0.307367	0.27358	0.265714	0.215044
0.5	0.12	0.27	0.73	0.05	0.27	0.5	0.12	0.5	0.5	0.12	0.27	0.12	0.12	0.5	0.5	0.99	0.5	0.05	0.5	0.47625	0.1725	0.2475	0.31875	0.13125	0.32375	0.375	0.2325	0.33875	0.25625	0.255	0.405	0.235	0.3225	0.3175	0.34375	0.3625	0.13875	0.22625	0.31	-0.7	1.63333	1.18	1.01429	0.222222	0.2313	0.126933	0.21064	0.217129	0.240378
0.88	0.05	0.05	0.05	0.12	0.05	0.12	0.05	0.05	0.73	0.98	0.12	0.5	0.27	0.05	0.12	0.5	0.05	0.12	0.73	0.3525	0.14875	0.26125	0.38875	0.14125	0.31875	0.40875	0.2075	0.38	0.345	0.175	0.39125	0.1875	0.30375	0.25	0.33125	0.4425	0.19	0.21375	0.39125	3.8	2.43333	2.38	0.742857	0.866667	0.0053	0.1208	0.10656	0.1938	0.200122
0.12	0.12	0.12	0.27	0.5	0.73	0.5	0.02	0.27	0.95	0.5	0.12	0.5	0.27	0.05	0.12	0.5	0.05	0.27	0.95	0.34375	0.12125	0.27125	0.40875	0.08	0.2625	0.45125	0.15125	0.38125	0.31375	0.235	0.4475	0.175	0.29875	0.13125	0.3025	0.49875	0.185	0.195	0.3825	4.2	3.6	1.32	1.8	0.655556	0.1258	0.0524333	0.13316	0.116286	0.179156
0.01	0.01	0.05	0	0.01	0	0	0	0.88	0.05	0.27	0.12	0.05	1	0	0.01	0.01	0.73	0.88	0.12	0.3575	0.10375	0.15875	0.3325	0.14125	0.3225	0.45375	0.0625	0.215	0.4825	0.38125	0.38625	0.3075	0.13125	0.12375	0.25625	0.54125	0.0875	0.1	0.59875	2.8	1.16667	2.3	1.04286	1.43333	0.0262	0.143067	0.0877	0.131657	0.1198
0.12	0.12	0.27	0.99	0.01	0.5	0.99	0.02	0.27	0.05	0.02	0.88	0.05	0.01	0.05	0.12	0.5	0.01	0.05	0.12	0.23125	0.11875	0.13125	0.2	0.12875	0.23125	0.2825	0.02875	0.38625	0.5775	0.5075	0.3225	0.33625	0.26375	0.08625	0.1475	0.4325	0.17375	0.2225	0.65625	-3.5	1.16667	0.84	1.68571	1.65556	0.2772	0.102467	0.137	0.100386	0.149711
0.12	0.01	0.01	0	0.27	0.01	0.01	0	0	0.99	0.27	0.01	0.12	0.05	0.01	0.02	0.27	0.01	0.02	1	0.23125	0.18	0.1925	0.3425	0.0925	0.32125	0.46125	0.1075	0.3725	0.4	0.46375	0.51625	0.31875	0.24625	0.035	0.2075	0.37125	0.11375	0.2225	0.48625	4.2	-0.933333	0.76	1.68571	1.3	0.004	0.177667	0.11432	0.158686	0.179122
0.05	0.12	0.27	0.5	0.01	0.5	0.99	0.02	0.5	0.02	0.05	0.95	0.02	0.01	0.05	0.27	0.95	0.01	0.05	0.27	0.16375	0.16125	0.155	0.275	0.11625	0.25625	0.325	0.1	0.305	0.55375	0.46	0.38625	0.33125	0.3275	0.025	0.16375	0.23875	0.14125	0.2375	0.60875	-3.5	1.5	0.96	0.528571	1.3	0.2518	0.0894	0.19176	0.211571	0.215533
0.12	0.02	0.01	0	0.05	0.02	0.02	0	0.01	0.5	0.99	0.01	0.88	0.27	0.01	0.02	0.12	0.02	0.12	0.95	0.14625	0.1925	0.2825	0.36625	0.05	0.34375	0.5025	0.1025	0.42375	0.37625	0.28125	0.6125	0.16375	0.2625	0.03	0.195	0.28625	0.135	0.1975	0.40625	3.8	1.36667	0.88	0.671429	0.444444	0.0124	0.225867	0.23552	0.2554	0.291789
