0.95	0.05	0.05	0.02	0.05	0.12	0.05	0.05	0.12	0.27	0.27	0.73	0.5	0.27	0.5	0.73	0.12	0.99	0.99	0.27	0.27875	0.56625	0.2275	0.37375	0.02375	0.52625	0.5725	0.04375	0.24125	0.1175	0.19	0.60625	0.285	0.14875	0.3775	0.40875	0.405	0.27375	0.13	0.2575	1.8	1.8	0.16	0.0142857	-0.811111	0.158	0.3301	0.4237	0.399514	0.4535
0.5	0.88	0.27	0.5	0.02	0.99	0.95	0.05	0.5	0.12	0.05	0.73	0.88	0.02	0.05	0.5	0.73	0.02	0.05	0.12	0.35375	0.46375	0.18125	0.295	0.0275	0.38875	0.375	0.04	0.25125	0.24375	0.2175	0.54625	0.2375	0.18	0.42125	0.4375	0.42375	0.395	0.25625	0.285	1.8	-0.1	0.86	0.0142857	-0.877778	0.3915	0.292533	0.2674	0.349114	0.382833
0.05	0.73	0.5	0.73	0.01	0.27	0.12	0.05	0.73	0.01	0.02	0.99	0.02	0.02	0.02	0.27	0.27	1	0.05	0.02	0.4375	0.55875	0.13375	0.15	0.02875	0.485	0.4175	0.03625	0.24125	0.25875	0.31125	0.56125	0.3575	0.18125	0.3125	0.46625	0.48125	0.27375	0.26	0.2975	-3.9	0.233333	-0.2	-0.528571	-0.877778	0.3281	0.246067	0.24058	0.2837	0.335056
0.01	0.01	0	0	0.01	0	0	0	0.02	0.27	0.27	0	0.73	1	0	0.01	0.02	0.12	0.5	0.73	0.3825	0.64	0.1875	0.24125	0.0225	0.595	0.42375	0.0375	0.44875	0.2075	0.27125	0.65375	0.25625	0.05875	0.1975	0.395	0.3925	0.3825	0.23125	0.18	2.8	-1.53333	-1.46	-1.28571	-1.15556	0.0186	0.2178	0.27742	0.253514	0.253511
0.27	0.73	0.27	0.27	0.02	0.88	0.95	0.05	0.12	0.12	0.88	0.88	0.27	0.05	0.05	0.27	0.27	0.05	0.27	0.12	0.27375	0.43375	0.14125	0.19875	0.02125	0.4575	0.245	0.02625	0.43625	0.33375	0.27125	0.48375	0.42375	0.205	0.08375	0.255	0.285	0.3825	0.3725	0.3125	-3.5	-1.73333	-2.52	-2	-1.14444	0.3067	0.2225	0.24502	0.2404	0.214078
0.27	1	0.12	0.12	0.02	0.5	0.27	0.02	0.73	0.88	0.05	0.5	0.12	0.02	0.02	0.27	0.88	0.02	0.12	0.12	0.16125	0.40875	0.245	0.34	0.0175	0.6	0.3575	0.03	0.37875	0.2675	0.3475	0.455	0.38625	0.2375	0.03125	0.17875	0.2275	0.265	0.35875	0.3125	-4.5	-3.83333	-2.38	-1.98571	-1.73333	0.3422	0.2928	0.19264	0.196743	0.209933
0.27	0.73	0.12	0.05	0.01	1	0.5	0.02	0.27	0.02	0.73	0.88	0.12	0.02	0.05	0.12	0.12	0.02	0.05	0.02	0.16125	0.3475	0.32125	0.32	0.0225	0.4475	0.30125	0.0575	0.38875	0.36625	0.2625	0.35	0.2825	0.25	0.14375	0.245	0.3225	0.26875	0.47125	0.31625	-3.5	-3.73333	-2.56	-1.92857	-2.02222	0.2295	0.212633	0.2061	0.167114	0.234222
0.02	0.05	0.05	0.12	0	0.73	0.05	0.01	1	0.12	0.05	0.02	0.02	0.02	0.01	0.12	0.02	0.01	0.27	0.27	0.24875	0.4325	0.33	0.2825	0.02875	0.51	0.43375	0.115	0.22125	0.3675	0.35125	0.44375	0.3075	0.25375	0.26875	0.3025	0.3925	0.15125	0.4525	0.2975	-3.2	-1.6	-2.56	-2.44286	-1.67778	0.0662	0.1272	0.1689	0.251614	0.275033
0.12	0.02	0.02	0.05	0.05	0.05	0.02	0.01	0.12	0.98	0.73	0.02	1	0.27	0.02	0.02	0.12	0.88	0.95	0.95	0.26875	0.45	0.39625	0.325	0.0275	0.68625	0.47125	0.23375	0.3625	0.24125	0.23875	0.45875	0.1275	0.10375	0.38625	0.405	0.4875	0.03375	0.31125	0.13625	1.9	-1.6	-1.82	-2.05714	-2.06667	0.0859	0.0909333	0.22248	0.307143	0.316789
0.05	0.12	0.73	1	0.02	0.88	0.27	0.05	0.27	0.5	0.05	0.12	0.05	0.5	0.05	0.12	0.27	0.02	0.73	0.27	0.30625	0.38	0.365	0.1875	0.04375	0.56375	0.355	0.2375	0.42	0.30125	0.27625	0.39875	0.3225	0.08375	0.4675	0.46875	0.52625	0.15	0.39625	0.22125	-3.5	-0.8	-1.28	-1.51429	-1.76667	0.1207	0.272233	0.31566	0.3146	0.353456
0.5	0.12	0.88	0.27	0.05	0.27	0.73	0.27	0.12	0.05	0.05	0.27	0.05	0.12	0.98	0.88	0.73	0.05	0.88	0.05	0.3075	0.27	0.34625	0.2975	0.04375	0.66875	0.2975	0.29875	0.3625	0.28125	0.285	0.35125	0.3225	0.19125	0.47125	0.45	0.3925	0.15	0.39625	0.24875	-0.8	-1.7	-0.78	-1.12857	-1.06667	0.6101	0.4754	0.3813	0.372771	0.361133
0.5	0.73	0.5	0.5	0.05	0.5	0.73	0.5	0.12	0.12	0.05	0.88	0.12	0.05	0.98	0.73	0.73	0.05	0.12	0.12	0.33625	0.165	0.47	0.325	0.0575	0.5775	0.26875	0.33	0.3625	0.30375	0.25625	0.25625	0.3325	0.23125	0.55625	0.545	0.44	0.1625	0.51875	0.3	-0.8	-0.766667	-1.32	-0.414286	-0.477778	0.6954	0.566633	0.49146	0.422071	0.387833
0.27	0.12	0.5	0.27	0.05	0.73	0.27	0.95	0.27	0.12	0.05	0.12	0.27	0.05	0.95	0.73	0.88	0.05	0.05	0.12	0.39625	0.32625	0.57375	0.3725	0.0725	0.49125	0.35375	0.36375	0.2525	0.30375	0.28375	0.3825	0.42125	0.24375	0.62125	0.64	0.51	0.17625	0.585	0.3	-0.7	-0.766667	-0.26	-0.428571	-0.211111	0.3944	0.5755	0.54958	0.476914	0.443556
0.5	0.27	0.73	0.12	0.12	0.73	0.27	0.12	0.73	0.12	0.5	0.5	0.88	0.12	0.73	0.88	0.73	0.12	0.73	0.12	0.415	0.3675	0.66125	0.495	0.0725	0.51875	0.385	0.52875	0.29	0.19625	0.17	0.36625	0.235	0.26375	0.66125	0.72875	0.57625	0.06375	0.39625	0.215	-0.8	0.1	0.26	-0.0428571	-0.511111	0.6367	0.4808	0.52152	0.540771	0.482722
0.73	0.12	0.12	0.27	0.05	0.73	0.27	0.73	0.12	0.27	0.12	0.27	0.12	0.5	0.98	0.88	0.27	0.05	0.27	0.12	0.41375	0.43375	0.70875	0.47	0.085	0.4425	0.385	0.48	0.4425	0.14875	0.2175	0.41375	0.33875	0.16	0.74625	0.805	0.63375	0.07625	0.425	0.19625	1.8	0.933333	0.26	-0.0428571	-0.211111	0.4113	0.505933	0.49598	0.516243	0.538089
0.5	0.5	0.73	0.5	0.12	0.5	0.27	0.5	0.27	0.27	0.5	0.73	0.27	0.27	0.73	0.73	0.5	0.12	0.27	0.5	0.41375	0.49	0.6325	0.49875	0.07625	0.5	0.35625	0.5375	0.4425	0.17625	0.1975	0.41375	0.32875	0.2075	0.7175	0.7475	0.605	0.0675	0.33	0.17625	1.8	0.933333	0.24	-0.0428571	-0.511111	0.4698	0.482933	0.50478	0.505329	0.520756
0.27	0.73	0.88	0.27	0.12	0.27	0.27	0.73	0.27	0.12	0.27	0.27	0.88	0.12	0.5	0.88	0.73	0.12	0.73	0.27	0.395	0.4325	0.61375	0.49875	0.07625	0.52875	0.35625	0.4525	0.5375	0.195	0.235	0.37625	0.2525	0.2825	0.63	0.6525	0.5	0.12375	0.3825	0.205	-0.8	0.0666667	0.24	-0.442857	-0.566667	0.5677	0.491967	0.50124	0.513857	0.469711
0.5	0.5	0.95	0.88	0.12	0.27	0.27	0.5	0.88	0.12	0.27	0.27	0.12	0.5	0.12	0.88	0.5	0.05	0.12	0.27	0.33875	0.44625	0.54375	0.38875	0.195	0.4375	0.3225	0.36375	0.4275	0.1825	0.23125	0.36125	0.31625	0.23	0.55875	0.56375	0.42125	0.1275	0.45375	0.19625	-0.8	-0.8	-0.82	-0.514286	-0.211111	0.4384	0.5417	0.5098	0.456614	0.429489
0.27	0.5	0.5	0.95	0.05	0.27	0.27	0.27	0.88	0.27	0.05	0.27	0.12	0.05	0.98	0.73	0.27	0.05	0.5	0.12	0.33875	0.4275	0.63375	0.475	0.29875	0.36125	0.38	0.3925	0.37	0.15125	0.19875	0.31375	0.2125	0.305	0.36625	0.50625	0.45	0.115	0.34875	0.2025	-0.8	-1.7	-1.44	-0.414286	-0.511111	0.619	0.503833	0.46304	0.402486	0.409544
0.27	0.95	0.88	0.73	0.05	0.5	0.5	0.5	0.27	0.27	0.27	0.73	0.12	0.27	0.5	0.27	0.73	0.05	0.12	0.27	0.31	0.41875	0.68125	0.53125	0.29875	0.36	0.40875	0.30625	0.5225	0.15125	0.17125	0.285	0.23125	0.23	0.31875	0.56375	0.45	0.115	0.425	0.23125	-3.5	-1.86667	-0.78	-1.17143	-1.1	0.4541	0.436367	0.35598	0.400686	0.426778
0.12	0.5	0.5	0.27	0.05	0.5	0.73	0.05	0.88	0.12	0.12	0.12	0.12	0.5	0.05	0.12	0.12	0.5	1	0.12	0.3575	0.41875	0.64375	0.58875	0.29	0.3125	0.4375	0.30625	0.41875	0.2275	0.19	0.30375	0.3225	0.1825	0.29	0.50625	0.52625	0.04625	0.2875	0.25	-1.3	-0.766667	-1.32	-1.55714	-1.08889	0.236	0.240833	0.35974	0.4005	0.393733
0.05	0	0.01	0	1	0	0	0.01	0	0.02	0.02	0	0.02	0.01	0	0.02	0.02	0.01	0.01	0.05	0.33875	0.4525	0.59625	0.59	0.15875	0.3475	0.4975	0.22125	0.4975	0.335	0.26	0.29125	0.35	0.24375	0.235	0.41125	0.45375	0.095	0.32625	0.25875	2.5	-0.766667	-1.86	-1.17143	-0.788889	0.0324	0.241867	0.34922	0.3625	0.344944
0.27	0.12	1	0.88	0.88	0.12	0.73	0.12	0.27	0.02	0.02	0.12	0.05	0.27	0.05	0.27	0.73	0.02	0.27	0.02	0.34	0.4975	0.445	0.385	0.165	0.40875	0.40625	0.15125	0.36875	0.335	0.24125	0.36125	0.44125	0.16375	0.22	0.3325	0.33625	0.09	0.285	0.2625	-3.5	-1.5	-0.78	-0.785714	-1.13333	0.4572	0.352	0.29288	0.292443	0.3635
0.5	0.5	0.88	0.5	0.05	0.95	0.73	0.27	0.73	0.27	0.12	0.5	0.27	0.12	0.12	0.88	0.73	0.05	0.5	0.5	0.31125	0.51	0.48875	0.3475	0.29625	0.3625	0.40625	0.1325	0.31125	0.285	0.2375	0.37125	0.41375	0.17875	0.1225	0.2275	0.365	0.0825	0.2	0.25	-3.5	-1.7	-0.14	-0.842857	-1.13333	0.5664	0.398667	0.2714	0.314057	0.350633
0.73	0.05	0.05	0.5	0.05	0.12	0.73	0.05	0.05	0.73	0.5	0.27	1	0.12	0.05	0.12	0.5	0.02	0.05	0.5	0.255	0.5725	0.545	0.25875	0.29125	0.4375	0.35	0.1125	0.36875	0.3125	0.1625	0.41875	0.31375	0.1475	0.13125	0.295	0.30875	0.08125	0.24375	0.27875	1.9	0.1	-1.42	-0.771429	-1.24444	0.1724	0.289133	0.386	0.352229	0.330611
0.05	0.5	0.01	0.01	0.02	0.05	0.02	0.01	0.02	0.88	0.73	0.05	1	0.12	0.01	0.02	0.05	0.02	0.05	0.27	0.34	0.51625	0.61125	0.3775	0.29125	0.44625	0.38125	0.22125	0.325	0.29375	0.13375	0.5225	0.3325	0.09125	0.13625	0.355	0.365	0.02125	0.18125	0.355	1.9	-0.0333333	-0.88	-1.77143	-1.48889	0.1286	0.302133	0.3952	0.386729	0.356889
0.73	0.98	0.73	0.12	0.05	0.88	0.27	0.05	0.12	0.12	0.12	0.95	0.88	0.12	0.05	0.5	0.27	0.02	0.05	0.27	0.255	0.51875	0.61125	0.37	0.165	0.3575	0.38375	0.2175	0.31875	0.49625	0.29875	0.52	0.47	0.18125	0.13375	0.29875	0.35	0.02625	0.27125	0.41125	-3.9	-0.933333	-1.08	-1.77143	-1.34444	0.6054	0.4124	0.3367	0.388914	0.367856
0.27	0.98	0.73	0.27	0.27	0.73	0.27	0.27	0.88	0.12	0.12	0.73	0.12	0.02	0.27	0.5	0.5	0.02	0.05	0.5	0.3125	0.5375	0.50125	0.2475	0.03375	0.395	0.32625	0.1775	0.22375	0.50875	0.31125	0.5475	0.57375	0.2225	0.1025	0.29875	0.35375	0.03875	0.36125	0.4425	-0.8	-3.06667	-2.16	-0.728571	-1.03333	0.5032	0.460833	0.39672	0.326729	0.340367
0.05	1	0.5	0.02	0.01	0.27	0.05	0.12	0.05	0.95	0.05	0.88	0.05	0.02	0.5	0.05	0.05	0.01	0.02	0.5	0.31125	0.56375	0.51125	0.23125	0.06625	0.4525	0.325	0.19625	0.34625	0.3775	0.31125	0.57625	0.56375	0.21	0.15	0.355	0.41	0.03625	0.30875	0.38625	-4.5	-2.93333	-1.78	-1.1	-1.07778	0.2739	0.416533	0.39722	0.332071	0.334989
0.12	0.5	0.99	0.73	0.02	0.5	0.27	0.88	0.5	0.12	0.12	0.73	0.27	0.05	0.05	0.5	0.12	0.02	0.5	0.5	0.22625	0.6825	0.50625	0.17125	0.06125	0.47125	0.26875	0.2175	0.375	0.3925	0.2425	0.595	0.4175	0.19375	0.31875	0.3175	0.3725	0.095	0.305	0.33	-3.5	-1.4	-1.14	-1.92857	-1.67778	0.4725	0.2925	0.3181	0.3877	0.401467
0.05	0.5	0.73	0.05	0.02	0.12	0.27	0.02	0.05	0.88	0.73	0.88	1	0.73	0.02	0.05	0.12	0.05	0.73	0.5	0.24375	0.7425	0.57125	0.28875	0.065	0.63125	0.3	0.33	0.55125	0.19375	0.08125	0.66125	0.21625	0.10875	0.355	0.4625	0.42875	0.21125	0.3325	0.31125	3.8	-0.133333	-1.76	-1.87143	-2.38889	0.1311	0.271133	0.32106	0.411314	0.462533
0.27	0.27	0.12	0.05	0.05	0.27	0.27	0.02	0.27	0.12	0.12	0.12	0.12	0.5	0.02	0.27	0.99	0.12	0.99	0.5	0.1275	0.64875	0.55625	0.27375	0.18	0.5025	0.26625	0.32375	0.50875	0.275	0.14375	0.6375	0.2175	0.1225	0.34875	0.37375	0.2875	0.2	0.29375	0.28	-0.7	-0.266667	-1.56	-2.4	-1.67778	0.2098	0.2863	0.42042	0.436314	0.411311
0.27	0.73	0.73	0.12	0.05	0.95	0.5	0.27	0.88	0.05	0.05	0.88	0.12	0.02	0.73	0.88	0.73	0.02	0.05	0.05	0.1	0.53125	0.395	0.23375	0.1475	0.34125	0.21875	0.26125	0.32875	0.33125	0.14	0.57625	0.205	0.18125	0.28875	0.24125	0.26375	0.21125	0.4675	0.3075	-3.9	-2.7	-1.76	-1.4	-2.02222	0.518	0.4995	0.46156	0.417814	0.382222
0.12	0.5	0.5	0.73	0.02	0.5	0.5	0.98	0.73	0.02	0.02	0.27	0.05	0.02	0.95	0.27	0.27	0.5	0.5	0.05	0.14625	0.4975	0.4525	0.27375	0.1525	0.3975	0.275	0.19125	0.35625	0.21875	0.14	0.63375	0.21	0.19375	0.3225	0.37375	0.3775	0.26	0.415	0.2475	-3.5	-3.96667	-2.02	-1.45714	-1.7	0.7707	0.655633	0.46422	0.3848	0.407078
0.12	0.98	0.27	0.27	0.05	0.95	0.27	0.05	0.98	0.05	0.05	0.73	0.12	0.12	0.27	0.73	0.5	0.98	0.5	0.12	0.14625	0.4375	0.36375	0.255	0.1525	0.38875	0.36125	0.2	0.26875	0.31	0.2125	0.51875	0.23	0.2375	0.4075	0.2875	0.39625	0.20375	0.3675	0.295	-4.5	-1.83333	-2.66	-2.22857	-0.844444	0.6782	0.5311	0.47054	0.437157	0.415356
0.02	0	0	0	1	0	0	0	0	0.01	0.01	0	0.01	0	0	0.01	0.01	0	0	0.02	0.15375	0.50375	0.43125	0.2975	0.03125	0.49875	0.3675	0.20625	0.50875	0.205	0.12625	0.50625	0.12	0.1625	0.44	0.3775	0.44875	0.32	0.44875	0.245	2.5	-1.96667	-2.2	-1.52857	-1.65556	0.1444	0.354667	0.46646	0.485329	0.404056
0.05	0.5	0.05	0.02	0.01	0.12	0.12	0.02	0.05	0.5	0.02	1	0.02	0.01	0.5	0.05	0.05	0.01	0.5	0.27	0.13125	0.41	0.4725	0.29125	0.15125	0.4525	0.32125	0.2025	0.47125	0.14375	0.1125	0.36875	0.11	0.105	0.3775	0.35375	0.445	0.30625	0.385	0.185	-3.9	-1	-0.66	-1.47143	-1.65556	0.2414	0.294467	0.42172	0.415529	0.387022
0.27	0.5	0.73	0.95	0.02	0.27	0.5	0.27	0.12	0.02	0.02	0.73	0.02	0.12	0.99	0.5	0.5	0.88	0.05	0.02	0.07125	0.31875	0.29625	0.16	0.145	0.315	0.21125	0.1375	0.355	0.23125	0.1125	0.2925	0.10125	0.21375	0.225	0.1875	0.29875	0.21	0.4975	0.24375	-1.6	-0.433333	-0.46	-1.07143	-0.911111	0.4976	0.428667	0.29196	0.3135	0.330378
0.12	0.5	0.05	0.12	0.05	0.88	0.73	0.02	0.05	0.88	0.73	0.27	0.5	0.5	0.05	0.27	0.5	0.05	0.12	0.95	0.10875	0.2575	0.32	0.17375	0.145	0.17875	0.12125	0.04875	0.27375	0.245	0.14	0.31875	0.06875	0.17875	0.225	0.185	0.27125	0.25375	0.4325	0.24375	4.2	-0.3	-1.1	-0.0285714	-0.0555556	0.547	0.358	0.27438	0.217786	0.245211
0.01	0.05	1	0.12	0	0.05	0.05	0.02	0.99	0	0	0.05	0.01	0.01	0.01	0.05	0.05	0	0.88	0	0.10875	0.25375	0.17375	0.1425	0.145	0.1975	0.17875	0.0575	0.15875	0.3825	0.25875	0.2575	0.1175	0.2275	0.1975	0.12375	0.26625	0.13875	0.3375	0.34875	-3.5	7.40149e-17	0.24	0.214286	0.0888889	0.0294	0.210967	0.22774	0.197757	0.192078
0.12	0.02	0.5	0.02	0.02	0.02	0.02	0.01	0.02	0.12	0.02	0.02	0.05	0.05	0.02	0.12	1	0.02	0.98	0.27	0.18375	0.2725	0.27	0.2175	0.02	0.235	0.305	0.15	0.28625	0.3725	0.26125	0.295	0.2025	0.225	0.2025	0.22375	0.25625	0.13875	0.3275	0.3275	-0.7	-0.466667	1.4	0.314286	-0.577778	0.0565	0.0313667	0.12906	0.191843	0.207156
0.01	0	0	0	0.01	0	0	0	0.02	0.27	0.05	0	0.05	1	0	0	0.01	0.12	0.5	0.27	0.20625	0.275	0.43625	0.3275	0.0225	0.31375	0.355	0.155	0.28625	0.29375	0.2575	0.20625	0.20625	0.1075	0.265	0.35125	0.465	0.12625	0.3275	0.3	2.8	2.1	-0.08	0.0428571	-0.233333	0.0082	0.0229667	0.05966	0.160771	0.244644
0.27	0.01	0.01	0.01	0.05	0.02	0.01	0.02	0.01	0.99	0.95	0.02	0.27	0.12	0.01	0.02	0.05	0.02	0.05	0.98	0.17375	0.245	0.35	0.21	0.02125	0.2925	0.30625	0.13375	0.27875	0.26375	0.2525	0.175	0.21	0.325	0.25875	0.30125	0.46	0.13875	0.4875	0.22375	4.2	1.26667	-0.08	-0.671429	0.366667	0.0042	0.0708	0.1098	0.165314	0.228511
0.01	0.5	0.05	0.02	0	0.27	0.05	0.12	1	0.27	0.27	0.02	0.02	0.02	0.01	0.02	0.01	0.01	0.5	0.01	0.30125	0.18375	0.43	0.30375	0.0275	0.2425	0.32	0.18125	0.21125	0.25	0.2525	0.20375	0.185	0.2775	0.25875	0.35875	0.465	0.24375	0.4225	0.24125	-3.2	-0.833333	-0.1	0.371429	0.1	0.2	0.161433	0.21426	0.211457	0.2263
0.73	0.12	0.27	0.5	0.02	0.27	0.98	0.73	0.05	0.05	0.05	0.27	0.73	0.02	0.05	0.88	0.88	0.02	0.02	0.12	0.24375	0.24	0.4	0.35125	0.0275	0.27	0.3075	0.10875	0.2975	0.28	0.2825	0.22875	0.10125	0.27875	0.34375	0.33625	0.44125	0.24375	0.37875	0.2425	-3.5	-2.5	0.1	0.728571	0.1	0.2801	0.352967	0.2831	0.278686	0.272333
0.12	0.5	0.88	0.88	0.02	0.73	0.5	0.05	0.05	0.02	0.02	0.27	0.05	0.02	0.98	0.95	0.73	0.01	0.02	0.05	0.32	0.19125	0.2625	0.3025	0.03125	0.2125	0.36625	0.19375	0.29625	0.39125	0.375	0.22875	0.27125	0.27875	0.22625	0.315	0.35	0.24375	0.2625	0.34125	-0.8	-0.166667	-0.38	-0.171429	0.644444	0.5788	0.403767	0.38768	0.3409	0.267111
0.27	0.27	0.05	0.02	0.05	0.12	0.12	0.12	0.05	0.5	0.88	0.5	0.27	0.98	0.95	0.12	0.5	0.88	0.88	0.12	0.3625	0.33	0.4575	0.425	0.02875	0.41125	0.47625	0.19125	0.35625	0.30375	0.2675	0.3225	0.2525	0.03625	0.23625	0.43375	0.41125	0.1225	0.09875	0.39	3.8	1.6	-0.44	-0.171429	-0.0555556	0.3524	0.4861	0.43642	0.341657	0.3075
0.88	0.5	0.73	0.88	0.05	0.73	0.88	0.5	0.5	0.05	0.05	0.5	0.05	0.02	0.05	0.73	0.5	0.88	0.05	0.12	0.375	0.39125	0.4625	0.35	0.02875	0.36625	0.41375	0.20375	0.31375	0.25125	0.255	0.43	0.2525	0.14375	0.35375	0.4175	0.49625	0.12125	0.19875	0.27375	1.8	0.7	1.1	-0.214286	-0.322222	0.5271	0.441067	0.3823	0.366186	0.353444
0.27	0.12	0.98	0.98	0.02	0.27	0.88	0.05	0.73	0.02	0.02	0.5	0.05	0.02	0.73	0.73	0.73	0.01	0.05	0.12	0.48375	0.3775	0.42625	0.33625	0.03875	0.3925	0.40875	0.24625	0.16125	0.345	0.2875	0.43	0.28375	0.2325	0.27	0.42125	0.5575	0.23125	0.1425	0.39625	-3.5	0.833333	0.56	0.542857	0.5	0.4437	0.326767	0.34088	0.385843	0.338511
0.12	0.01	0.01	0.01	0.05	0.02	0.01	0.01	0.01	0.98	0.73	0.02	0.73	0.05	0.01	0.02	0.12	0.01	0.05	0.99	0.41375	0.37625	0.51375	0.395	0.1575	0.39	0.395	0.16	0.245	0.22125	0.19375	0.45625	0.10875	0.2275	0.35375	0.4025	0.52625	0.23	0.14	0.275	4.2	-0.933333	0.16	1.25714	1.16667	0.0095	0.274967	0.35394	0.312529	0.316344
0.5	0.88	0.73	0.12	0.02	0.98	0.5	0.05	0.5	0.05	0.05	0.98	0.12	0.02	0.05	0.12	0.27	0.02	0.05	0.73	0.385	0.2675	0.405	0.3625	0.165	0.24125	0.33375	0.25875	0.24	0.34125	0.2825	0.39375	0.185	0.29125	0.24125	0.38125	0.45	0.23375	0.22875	0.3075	-3.5	0.833333	0.64	1.07143	1.16667	0.3717	0.2663	0.26164	0.2737	0.329944
0.98	0.73	0.73	0.27	0.05	0.27	0.27	0.5	0.12	0.12	0.02	0.88	0.05	0.02	0.05	0.5	0.73	0.01	0.02	0.05	0.30625	0.315	0.5175	0.40375	0.1575	0.43375	0.38125	0.27875	0.39125	0.2725	0.19125	0.3775	0.19375	0.175	0.15625	0.41	0.42125	0.13125	0.21375	0.38375	1.8	0.833333	1.84	0.7	0.355556	0.4177	0.285	0.18902	0.298571	0.341344
0.27	0.01	0.01	0.01	0.05	0.02	0.01	0.01	0.01	0.99	0.5	0.02	0.27	0.73	0.02	0.05	0.73	0.02	0.05	0.99	0.31875	0.4525	0.55	0.36	0.15375	0.43625	0.395	0.34	0.37625	0.1725	0.14	0.5325	0.16625	0.08625	0.27625	0.4375	0.42125	0.0225	0.21	0.26625	4.2	2.83333	0.84	0.7	-0.277778	0.0656	0.187967	0.32736	0.300186	0.343844
0.02	0	0	0	1	0	0	0	0	0.02	0.01	0	0.01	0.01	0	0.02	0.02	0.01	0	0.02	0.37875	0.45375	0.5525	0.30125	0.03875	0.4675	0.34875	0.3975	0.30125	0.2975	0.21375	0.56375	0.19875	0.23625	0.22125	0.44125	0.4525	0.025	0.225	0.3875	2.5	1.96667	0.84	-0.457143	-0.277778	0.0806	0.282467	0.34402	0.377343	0.350611
0.27	0.5	0.73	0.73	0.05	0.5	0.5	0.88	0.5	0.05	0.05	0.73	0.05	0.5	0.12	0.88	0.27	0.05	0.73	0.05	0.36625	0.405	0.46625	0.22375	0.1575	0.43625	0.29125	0.3775	0.24375	0.29	0.15125	0.485	0.2125	0.18375	0.2675	0.39375	0.46875	0.02125	0.13375	0.3825	-0.8	-0.6	-0.3	-0.457143	-0.277778	0.7012	0.412267	0.3704	0.396329	0.380978
0.12	0.5	0.95	0.5	0.02	0.95	0.27	0.73	0.88	0.02	0.12	0.27	0.27	0.05	0.27	0.73	0.73	0.05	0.73	0.05	0.4325	0.32875	0.41	0.3	0.17375	0.34875	0.29125	0.405	0.1675	0.32125	0.17	0.45375	0.185	0.3	0.36125	0.46	0.49625	0.025	0.1425	0.325	-3.5	-2.73333	-1.84	-0.114286	0.311111	0.455	0.5686	0.4582	0.377057	0.398633
0.27	0.88	0.27	0.27	0.02	0.5	0.73	0.5	0.27	0.12	0.12	0.88	0.05	0.02	0.98	0.5	0.5	0.02	0.05	0.12	0.2975	0.22375	0.40625	0.2975	0.2925	0.37375	0.2025	0.37375	0.23125	0.3	0.1825	0.27	0.2125	0.30375	0.3575	0.46	0.44	0.03	0.24	0.31625	-3.9	-3.63333	-1.5	-0.457143	0.388889	0.5496	0.503067	0.49864	0.443486	0.364656
0.5	0.12	0.99	0.5	0.05	0.5	0.5	0.5	0.12	0.05	0.12	0.73	0.05	0.5	0.27	0.73	0.27	0.02	0.12	0.12	0.26875	0.38	0.34875	0.35875	0.285	0.43375	0.32125	0.3875	0.2825	0.1875	0.12625	0.41	0.185	0.15875	0.55375	0.45875	0.3925	0.03375	0.2875	0.19875	-3.5	-1.06667	-0.98	-0.457143	-0.511111	0.5046	0.445667	0.46452	0.447957	0.434867
0.27	0.12	0.05	0.12	0.05	0.27	0.05	0.73	0.05	0.95	0.27	0.12	0.88	0.12	0.5	0.5	0.5	0.02	0.05	0.98	0.30125	0.4425	0.59125	0.4975	0.1625	0.4775	0.41125	0.37375	0.35375	0.07875	0.14	0.50125	0.08625	0.2075	0.54	0.5475	0.4525	0.035	0.3025	0.095	4.2	0.833333	0.22	-0.9	-1.17778	0.2828	0.439333	0.3959	0.447429	0.510844
0.88	0.27	0.5	0.5	0.12	0.73	0.27	0.12	0.27	0.27	0.27	0.27	0.12	0.5	0.95	0.5	0.95	0.05	0.12	0.27	0.225	0.395	0.535	0.3925	0.15375	0.3725	0.33625	0.46375	0.27875	0.1725	0.14	0.45375	0.18125	0.1125	0.53125	0.5	0.39625	0.03125	0.32125	0.1925	1.8	2.83333	0.22	-0.9	-1.13333	0.5306	0.308433	0.42548	0.491629	0.484944
0.05	0.27	0.02	0.02	1	0.02	0.02	0.02	0.02	0.05	0.12	0.02	0.05	0.02	0.73	0.27	0.05	0.02	0.12	0.05	0.3475	0.4425	0.58625	0.42375	0.075	0.4525	0.3675	0.495	0.2625	0.23125	0.1775	0.5425	0.17125	0.1725	0.54	0.5	0.45125	0.035	0.245	0.27625	2.5	0.133333	0.22	-0.4	-1.13333	0.1119	0.446667	0.47744	0.479986	0.517844
0.27	0.5	0.27	0.73	0.02	0.5	0.73	0.12	0.27	0.02	0.05	0.99	0.05	0.05	0.88	0.27	0.12	0.05	0.5	0.05	0.32	0.41375	0.58375	0.335	0.20125	0.3925	0.27875	0.4825	0.26	0.2825	0.18625	0.4025	0.2275	0.1725	0.41375	0.52875	0.49	0.035	0.20625	0.295	-3.9	-1.63333	-0.7	-0.4	-0.777778	0.6975	0.5246	0.5145	0.5152	0.535689
0.05	0.5	1	0.73	0.02	0.12	0.27	0.12	0.5	0.05	0.27	0.12	0.05	0.02	0.12	0.5	0.73	0.02	0.05	0.05	0.29125	0.41375	0.49375	0.335	0.1975	0.3925	0.28875	0.435	0.27875	0.27375	0.145	0.53	0.22375	0.1475	0.4775	0.47125	0.395	0.03875	0.33875	0.2825	-3.5	-2.6	-1.76	-1.1	-0.777778	0.7644	0.643333	0.5586	0.576257	0.498333
0.27	0.27	0.73	0.27	0.05	0.12	0.12	0.99	0.12	0.12	0.05	0.5	0.05	0.12	0.5	0.5	0.27	0.05	0.95	0.12	0.23625	0.42875	0.52375	0.37875	0.3125	0.365	0.3025	0.2375	0.3225	0.1525	0.23	0.47375	0.1475	0.1825	0.37	0.415	0.39625	0.035	0.2225	0.16625	-0.4	-2.46667	-2.4	-1.85714	-0.966667	0.4681	0.6612	0.67826	0.524514	0.470456
0.27	0.88	0.88	0.27	0.27	0.88	0.27	0.88	0.5	0.27	0.27	0.73	0.12	0.05	0.12	0.5	0.27	0.05	0.12	0.5	0.1325	0.4375	0.53375	0.3225	0.36125	0.19375	0.265	0.23875	0.36625	0.1025	0.17125	0.47375	0.13	0.19125	0.30125	0.3675	0.34	0.04375	0.435	0.0875	-3.5	-1.53333	-2.32	-1.85714	-1.31111	0.7511	0.643133	0.57244	0.513086	0.428722
0.27	0.88	0.5	0.27	0.05	0.5	0.73	0.5	0.5	0.5	0.12	0.73	0.5	0.05	0.12	0.73	0.88	0.05	0.12	0.27	0.14125	0.51375	0.64125	0.3825	0.27	0.3575	0.29625	0.29	0.455	0.13	0.2375	0.58125	0.13875	0.195	0.21625	0.3675	0.29125	0.0475	0.42625	0.125	-0.7	-2.56667	-1.12	-1.48571	-1.97778	0.7102	0.543233	0.42594	0.435586	0.444022
0.05	0.12	1	0.5	0.02	0.12	0.12	0.12	0.5	0.01	0.01	0.88	0.02	0.27	0.02	0.5	0.12	0.02	0.73	0.02	0.16875	0.5525	0.56	0.26875	0.2775	0.34875	0.2875	0.32875	0.4275	0.19125	0.2475	0.445	0.195	0.16375	0.125	0.4875	0.4625	0.04625	0.29	0.1525	-3.5	-0.566667	-1.3	-1.48571	-1.63333	0.1684	0.3035	0.36332	0.362043	0.3684
0.05	0.01	0.02	0.01	1	0.05	0.01	0.02	0.02	0.05	0.73	0.05	0.27	0.5	0.02	0.05	0.05	0.02	0.02	0.12	0.19625	0.595	0.6675	0.2725	0.15875	0.43375	0.33	0.36	0.535	0.195	0.1575	0.64375	0.22	0.13875	0.1725	0.59125	0.49	0.05	0.435	0.14875	2.5	-0.766667	-1.3	-1.54286	-1.38889	0.0319	0.118433	0.26302	0.297586	0.360167
0.05	0.95	0.73	0.05	0.73	0.12	0.12	0.02	1	0.02	0.02	0.5	0.05	0.5	0.02	0.12	0.5	0.12	0.99	0.02	0.19625	0.535	0.57875	0.2675	0.20125	0.50125	0.36375	0.3275	0.4125	0.19	0.24625	0.5875	0.2475	0.1575	0.11625	0.63875	0.49125	0.03375	0.22875	0.16125	-1.3	-0.766667	-1.32	-1.22857	-1.43333	0.155	0.1455	0.12436	0.2889	0.375067
0.12	0.88	0.5	0.5	0.05	0.95	0.73	0.05	0.73	0.5	0.5	0.88	0.5	0.05	0.05	0.5	0.27	0.05	0.05	0.12	0.21625	0.525	0.53125	0.1925	0.25875	0.3975	0.31625	0.22	0.4175	0.11125	0.215	0.51125	0.19125	0.21375	0.22	0.62	0.5775	0.03875	0.3375	0.12	-3.5	-1.86667	-0.88	-1.24286	-1.12222	0.2496	0.1405	0.22874	0.273471	0.350344
0.27	0.05	0.12	0.05	0.05	0.05	0.05	0.05	0.05	0.02	0.02	0.05	0.02	0.02	0.05	1	0.73	0.01	0.02	0.02	0.17	0.52	0.5175	0.215	0.255	0.45	0.31125	0.15875	0.4425	0.2	0.37	0.525	0.31125	0.33625	0.20625	0.46875	0.41625	0.04375	0.36	0.2175	-0.8	-1.86667	-1.54	-0.842857	-0.833333	0.0169	0.318933	0.3428	0.324929	0.280689
0.27	0.73	0.88	0.27	0.05	0.73	0.5	0.27	0.88	0.12	0.27	0.88	0.5	0.05	0.5	0.88	0.88	0.05	0.5	0.12	0.1975	0.51125	0.36	0.21625	0.255	0.46875	0.35	0.1225	0.39875	0.18875	0.34	0.37375	0.255	0.305	0.26625	0.5125	0.41625	0.03875	0.27125	0.205	-1.3	-0.966667	-1.42	-0.928571	-0.533333	0.6903	0.436467	0.41752	0.332271	0.2966
0.27	0.73	0.73	0.27	0.12	0.73	0.5	0.73	0.12	0.05	0.05	0.5	0.05	0.27	0.05	0.95	0.73	0.02	0.27	0.12	0.1975	0.5125	0.41	0.21625	0.1275	0.465	0.35125	0.125	0.49375	0.31375	0.395	0.4175	0.3875	0.23	0.3225	0.5	0.44375	0.0425	0.3125	0.30875	-0.8	-0.933333	-0.34	-0.857143	-0.311111	0.6022	0.607033	0.38426	0.354643	0.295189
0.5	0.73	0.27	0.12	0.05	0.88	0.5	0.05	0.27	0.12	0.5	0.5	0.12	0.05	0.98	0.73	0.73	0.02	0.05	0.27	0.16875	0.39625	0.43875	0.23125	0.0475	0.43375	0.33875	0.21	0.3525	0.33625	0.35125	0.3575	0.37875	0.19625	0.20625	0.54625	0.50625	0.02875	0.21875	0.37875	-0.7	0.133333	-0.34	0.285714	-0.244444	0.5286	0.4047	0.4432	0.321729	0.280233
0.05	0.01	0.01	0	0.02	0.02	0.01	0.01	0.02	0.73	0.88	0.01	0.98	1	0.01	0.02	0.05	0.05	0.27	0.95	0.225	0.41	0.4425	0.30625	0.05125	0.45625	0.3425	0.21125	0.38375	0.26	0.275	0.32375	0.3	0.1625	0.3275	0.5875	0.6675	0.025	0.295	0.37	1.9	0.133333	0.82	0.3	-0.244444	0.0833	0.307833	0.30898	0.322229	0.265778
0.27	0.73	0.5	0.73	0.02	0.95	0.88	0.05	0.98	0.02	0.02	0.5	0.05	0.05	0.95	0.73	0.27	0.02	0.5	0.02	0.16625	0.31375	0.36625	0.20875	0.17	0.33375	0.2275	0.2025	0.2575	0.3475	0.38125	0.25625	0.415	0.27875	0.20375	0.375	0.55	0.0275	0.26375	0.48625	-0.8	1.86667	0.84	-0.0142857	0.122222	0.3116	0.138033	0.19262	0.240686	0.264356
0.05	0.02	0.27	0.01	0.05	0.02	0.02	0.5	0.02	0.98	0.95	0.02	0.88	0.12	0.02	0.02	0.12	0.02	0.12	0.95	0.16625	0.43375	0.40375	0.29875	0.16625	0.45	0.335	0.1275	0.30125	0.2275	0.2375	0.325	0.255	0.26625	0.26375	0.3875	0.55	0.02375	0.26375	0.37	4.5	1	0.28	0.457143	-0.233333	0.0192	0.117067	0.1108	0.155243	0.233644
0.05	0.02	0.5	0.02	0.02	0.02	0.02	0.02	0.02	0.27	0.12	0.02	0.05	0.01	0.02	0.27	1	0.01	0.02	0.73	0.13875	0.405	0.3175	0.27	0.16125	0.3925	0.335	0.0975	0.405	0.3725	0.4575	0.2775	0.415	0.3375	0.26	0.24375	0.36375	0.02875	0.2575	0.445	-0.7	0.1	0.4	-0.0857143	-0.533333	0.0204	0.0530333	0.09496	0.138857	0.195033
0.12	0.27	0.27	0.98	0.05	0.27	0.27	0.02	0.73	0.5	0.27	0.12	0.73	0.73	0.05	0.12	0.88	0.05	0.88	0.73	0.10125	0.37375	0.3275	0.16875	0.1575	0.285	0.275	0.0975	0.31625	0.42	0.3825	0.29375	0.34875	0.24375	0.14875	0.2625	0.41125	0.02375	0.15	0.445	-3.5	-0.566667	-0.34	-0.857143	-0.533333	0.1195	0.048	0.11542	0.163343	0.184711
0.02	0	0	0	1	0	0	0.02	0	0.01	0.01	0	0.01	0	0	0.01	0.01	0	0	0.02	0.14125	0.44	0.39375	0.325	0.03875	0.35	0.37	0.21875	0.515	0.3925	0.3075	0.39875	0.33125	0.2125	0.16	0.38375	0.605	0.02625	0.2325	0.4175	2.5	-1.83333	-1.94	-0.842857	-0.788889	0.0041	0.179167	0.16252	0.181071	0.291267
0.05	0.98	0.95	0.27	0.05	0.73	0.5	0.12	0.27	0.12	0.05	0.95	0.05	0.02	0.05	0.27	0.73	0.02	0.12	0.12	0.195	0.28875	0.30375	0.215	0.16125	0.2025	0.2125	0.3225	0.365	0.39125	0.3025	0.25125	0.32625	0.20625	0.145	0.37	0.515	0.02375	0.1575	0.40875	-4.5	-1.83333	-1.94	-1.54286	-0.788889	0.4139	0.224233	0.24558	0.327229	0.356244
0.05	0.5	0.27	0.05	0.05	0.27	0.5	0.01	0.95	0.5	0.98	0.12	0.5	0.73	0.02	0.05	0.12	0.05	0.12	0.5	0.25125	0.38	0.38875	0.30375	0.17	0.3675	0.24375	0.33625	0.2925	0.2275	0.07375	0.415	0.175	0.165	0.18	0.5175	0.6675	0.02375	0.1575	0.2575	-3.5	-2.9	-1.32	-1.55714	-1.37778	0.2547	0.3681	0.43014	0.452371	0.384033
0.27	0.73	0.12	0.27	0.05	0.27	0.27	0.05	0.27	0.73	0.05	0.73	0.27	0.02	0.12	0.73	0.99	0.02	0.05	0.27	0.25125	0.45875	0.455	0.28875	0.17	0.48375	0.3325	0.335	0.39	0.1675	0.18125	0.45875	0.20375	0.255	0.28375	0.4325	0.49625	0.02875	0.17	0.20125	-0.7	-1.53333	-1.98	-1.17143	-1.73333	0.4357	0.577567	0.6086	0.473771	0.453256
0.27	0.27	0.27	0.27	0.02	0.27	0.5	0.98	0.88	0.02	0.02	0.73	0.12	0.02	0.05	0.88	0.73	0.02	0.05	0.02	0.25125	0.5925	0.40875	0.16875	0.17	0.45625	0.27625	0.21875	0.3325	0.30375	0.16625	0.45875	0.19375	0.255	0.39625	0.405	0.43375	0.1325	0.185	0.20375	-0.4	-0.633333	-1.24	-2.08571	-1.48889	1.0423	0.791467	0.57968	0.5651	0.493278
0.73	0.5	0.73	0.12	0.05	0.5	0.12	0.98	0.05	0.12	0.02	0.27	0.05	0.02	0.88	0.88	0.27	0.02	0.02	0.05	0.1975	0.56625	0.35375	0.19	0.0425	0.43	0.32625	0.21875	0.45125	0.305	0.1675	0.5225	0.20375	0.25625	0.4175	0.46625	0.6	0.1325	0.19	0.2	-0.8	-0.666667	-1.32	-1.62857	-1.94444	0.8964	0.736	0.65742	0.5745	0.553233
0.5	0.27	0.27	0.5	0.12	0.88	0.27	0.5	0.12	0.05	0.05	0.5	0.12	0.5	0.27	0.98	0.73	0.05	0.12	0.12	0.25375	0.56375	0.41625	0.17125	0.03	0.3825	0.26	0.27	0.51875	0.30125	0.16375	0.40875	0.2225	0.19625	0.60625	0.4825	0.51375	0.16	0.16875	0.17875	-0.8	-1.83333	-1.44	-1.35714	-1.83333	0.2693	0.603033	0.66622	0.615786	0.600778
0.27	0.88	0.88	0.12	0.02	0.95	0.5	0.05	0.12	0.02	0.05	0.98	0.05	0.02	0.95	0.27	0.5	0.02	0.05	0.05	0.27875	0.425	0.30625	0.2125	0.16125	0.34	0.16875	0.325	0.4	0.24375	0.0425	0.33375	0.17	0.165	0.51875	0.56625	0.52875	0.1575	0.1625	0.12625	-3.9	-2	-1.68	-1.75714	-1.16667	0.6434	0.464133	0.5665	0.6738	0.587556
0.12	0.88	0.05	0.02	0.02	0.05	0.05	0.02	0.88	0.88	0.12	0.12	0.5	0.73	0.88	0.05	0.12	0.88	1	0.5	0.32625	0.45625	0.48625	0.2825	0.1575	0.52875	0.225	0.3375	0.3625	0.0475	0.03375	0.46	0.08625	0.07625	0.575	0.565	0.515	0.05	0.07125	0.05125	-1.3	-2.26667	-2.22	-1.34286	-0.888889	0.4797	0.5556	0.55558	0.544286	0.585489
0.05	0.02	0.02	0.02	0.01	0.02	0.02	0.02	0.12	0.12	0.02	0.05	0.02	0.01	1	0.5	0.88	0	0.01	0.02	0.3025	0.53125	0.45625	0.24875	0.17125	0.5	0.16625	0.215	0.3625	0.14125	0.045	0.37875	0.1325	0.22625	0.55375	0.4	0.33	0.19125	0.31375	0.11	-1.6	-2.13333	-1.56	-0.971429	-0.988889	0.5437	0.621733	0.52886	0.475814	0.474267
0.27	0.73	0.99	0.5	0.02	0.73	0.12	0.05	0.88	0.02	0.05	0.27	0.27	0.02	0.95	0.5	0.5	0.27	0.05	0.02	0.2175	0.49875	0.35375	0.18875	0.16625	0.45875	0.20125	0.10375	0.37125	0.145	0.05375	0.43625	0.11	0.225	0.45625	0.38125	0.40625	0.1575	0.3125	0.11875	-3.5	-0.866667	-0.42	-1.04286	-1.33333	0.8418	0.507067	0.4836	0.443243	0.430911
0.02	0	0	0	1	0	0	0	0	0.01	0.01	0	0.01	0	0	0.01	0.01	0	0	0.01	0.29625	0.5625	0.45875	0.25125	0.035	0.5025	0.245	0.11	0.4725	0.155	0.0675	0.4225	0.16125	0.1675	0.60375	0.43	0.49875	0.1875	0.31875	0.12	2.5	0.266667	-0.42	-1.04286	-1.32222	0.1357	0.464867	0.39592	0.423643	0.432989
0.5	0.98	0.73	0.73	0.02	0.88	0.27	0.12	0.73	0.02	0.05	0.88	0.05	0.02	0.5	0.5	0.5	0.02	0.27	0.12	0.23625	0.42125	0.32	0.17875	0.16125	0.28875	0.16375	0.10375	0.3725	0.185	0.0625	0.28125	0.18375	0.2725	0.42875	0.445	0.4975	0.18875	0.34125	0.13375	1.8	1	-0.88	-0.957143	-0.966667	0.4171	0.198033	0.38842	0.396257	0.423567
0.01	0.01	0	0	0.12	0.01	0	0	0.12	0.01	0.01	0.01	0.01	0.5	0	0.01	0.01	0.27	1	0.01	0.37375	0.52375	0.49625	0.30125	0.1525	0.51	0.25375	0.13125	0.43	0.11	0.115	0.4375	0.14125	0.13625	0.49125	0.53375	0.635	0.05375	0.21625	0.1	-1.3	-1.13333	-0.32	-0.828571	-1.21111	0.0413	0.321533	0.27766	0.398386	0.433878
0.27	0.95	0.88	0.12	0.02	0.88	0.5	0.12	0.88	0.05	0.12	0.95	0.12	0.02	0.05	0.73	0.5	0.02	0.05	0.12	0.42625	0.46625	0.4175	0.34625	0.17875	0.49	0.25125	0.205	0.335	0.12375	0.16125	0.37625	0.1875	0.2575	0.375	0.49125	0.555	0.09125	0.3675	0.09875	-3.9	-1.96667	-0.96	-0.828571	-0.833333	0.5062	0.2785	0.36224	0.359914	0.405156
0.88	0.05	0.12	0.5	0.05	0.5	0.5	0.5	0.05	0.12	0.12	0.12	0.27	0.02	0.5	0.88	0.98	0.02	0.12	0.12	0.33125	0.57875	0.5075	0.27	0.175	0.55625	0.34625	0.1575	0.39125	0.14625	0.18875	0.50875	0.15	0.34625	0.20625	0.4725	0.5425	0.06375	0.415	0.11125	-0.7	-1.76667	-2.02	-0.928571	-0.833333	0.288	0.450933	0.39332	0.381271	0.381544
0.27	0.73	0.5	0.27	0.05	0.12	0.12	0.12	0.05	0.27	0.05	0.73	0.27	0.88	0.05	0.88	0.98	0.05	0.5	0.27	0.42	0.61625	0.57	0.31375	0.05125	0.695	0.45625	0.29625	0.4825	0.1275	0.19875	0.555	0.21125	0.24	0.26875	0.48625	0.55625	0.06125	0.37	0.09375	-0.7	-1.63333	-1.4	-1.68571	-1.54444	0.5586	0.473033	0.4421	0.411586	0.411311
0.73	0.73	0.73	0.27	0.05	0.95	0.5	0.12	0.73	0.27	0.5	0.5	0.12	0.12	0.88	0.27	0.73	0.05	0.73	0.12	0.30625	0.60375	0.54125	0.22875	0.05125	0.515	0.39	0.28375	0.43	0.13125	0.1425	0.565	0.23	0.45125	0.13625	0.5625	0.54	0.07375	0.43	0.13125	-3.5	-0.8	-1.32	-2.05714	-2.1	0.5725	0.4721	0.46672	0.463343	0.398522
0.73	0.5	0.27	0.5	0.12	0.73	0.5	0.73	0.12	0.27	0.5	0.5	0.5	0.5	0.12	0.88	0.73	0.05	0.27	0.12	0.31125	0.6325	0.6	0.20125	0.03	0.5425	0.39125	0.2075	0.49375	0.255	0.20375	0.565	0.215	0.45125	0.265	0.4875	0.545	0.04625	0.485	0.24875	1.8	-1.73333	-1.96	-1.95714	-1.45556	0.2852	0.495667	0.48984	0.434171	0.394133
0.12	0.73	0.95	0.27	0.02	0.88	0.88	0.05	0.5	0.27	0.27	0.5	0.12	0.73	0.05	0.5	0.88	0.05	0.5	0.12	0.36875	0.57625	0.4075	0.21625	0.1625	0.41625	0.28375	0.27875	0.33875	0.37125	0.30875	0.4525	0.28125	0.45375	0.27	0.45	0.52625	0.04625	0.54125	0.3525	-3.5	-1.86667	-2.46	-1.21429	-0.522222	0.6293	0.439367	0.43852	0.393286	0.340267
0.12	0.98	0.88	0.12	0.01	0.73	0.5	0.73	0.73	0.01	0.02	0.98	0.5	0.01	0.05	0.12	0.12	0.01	0.02	0.02	0.27375	0.54	0.4025	0.1725	0.16375	0.37375	0.27	0.13125	0.30375	0.5125	0.3875	0.37875	0.29125	0.5475	0.20875	0.39	0.505	0.05	0.58875	0.475	-3.9	-3.53333	-0.86	-0.471429	0.0222222	0.4036	0.444967	0.32438	0.316543	0.308478
0.05	0.88	0.73	0.05	0.02	0.27	0.12	0.02	0.99	0.05	0.05	0.73	0.05	0.95	0.27	0.5	0.12	0.12	0.98	0.27	0.3725	0.47625	0.365	0.15	0.1625	0.4225	0.30875	0.2675	0.2675	0.48	0.41125	0.3525	0.32	0.3225	0.18125	0.32375	0.50125	0.03125	0.40875	0.425	-3.2	-0.866667	-0.32	0.628571	0.3	0.302	0.2358	0.27162	0.235029	0.256089
0.05	0.01	0.01	0.01	0.02	0.01	0.01	0	0.02	1	0.5	0.01	0.27	0.88	0.27	0.02	0.05	0.05	0.98	0.95	0.28375	0.49375	0.36375	0.12125	0.28125	0.33625	0.26	0.255	0.2975	0.32875	0.29375	0.38	0.27875	0.31625	0.07125	0.35125	0.42	0.03375	0.3175	0.3275	4.5	1.93333	1.22	0.628571	0.966667	0.0018	0.1084	0.14614	0.206729	0.199189
0.12	0.73	0.02	0.01	0.98	0.02	0.02	0.01	0.02	0.98	0.73	0.05	0.27	0.27	0.02	0.05	0.5	0.02	0.73	0.95	0.19875	0.4325	0.43875	0.1775	0.1475	0.335	0.32	0.16875	0.2975	0.29875	0.20875	0.34625	0.21875	0.33125	0.09375	0.27125	0.30625	0.09375	0.3175	0.31875	4.5	4.4	2.36	1.48571	0.377778	0.0214	0.00836667	0.08284	0.125457	0.211067
0.12	0.01	0.01	0	0.05	0.01	0.01	0	0	0.99	0.5	0.01	0.73	0.05	0.01	0.02	0.05	0.01	0.02	1	0.19	0.4375	0.44375	0.26375	0.2625	0.2325	0.22625	0.28625	0.24375	0.265	0.205	0.30375	0.14875	0.27	0.18	0.2275	0.25875	0.2125	0.34625	0.29875	4.2	3.5	3.5	1.54286	0.722222	0.0019	0.0368	0.03452	0.123814	0.218967
0.99	0.12	0.05	0.02	0.05	0.05	0.05	0.5	0.02	0.05	0.27	0.27	0.05	0.02	0.05	0.73	0.95	0.01	0.02	0.12	0.08125	0.41125	0.45125	0.3375	0.26375	0.24625	0.1925	0.2425	0.165	0.38375	0.24625	0.21125	0.1775	0.275	0.26	0.18625	0.165	0.21375	0.40625	0.40875	1.8	2.83333	1.9	1.94286	0.766667	0.0871	0.0498	0.11258	0.180729	0.297367
0.02	0	0	0	1	0	0	0	0	0.01	0.01	0	0.01	0	0	0.01	0.01	0	0	0.02	0.23	0.33125	0.42875	0.3675	0.1575	0.28125	0.24625	0.365	0.05875	0.3975	0.2875	0.1875	0.19125	0.165	0.3575	0.2475	0.2825	0.215	0.30125	0.4025	2.5	0.266667	0.92	0.8	0.944444	0.0604	0.179867	0.24838	0.338929	0.326478
0.12	0.73	0.88	0.95	0.01	0.73	0.99	0.05	0.12	0.01	0.05	0.27	0.02	0.01	0.05	0.27	0.27	0.5	0.02	0.05	0.245	0.2725	0.35125	0.28125	0.29375	0.25125	0.2125	0.37375	0.075	0.335	0.2825	0.18625	0.19	0.16375	0.35125	0.24625	0.2775	0.20875	0.29875	0.37125	-3.5	-0.466667	-0.62	-0.0714286	0.3	0.3921	0.3843	0.46984	0.416443	0.371244
0.05	0.05	0.98	0.95	0.01	0.05	0.12	0.98	0.05	0.01	0.01	0.12	0.02	0.02	0.73	0.12	0.05	0.99	0.02	0.01	0.25375	0.2725	0.33875	0.2825	0.18625	0.34	0.32125	0.25875	0.0875	0.30375	0.30625	0.205	0.21875	0.1625	0.26625	0.265	0.2575	0.26375	0.29875	0.38125	-0.4	-2.46667	-1.3	-0.857143	0.266667	0.7004	0.7339	0.56522	0.473986	0.388922
0.12	0.88	0.98	0.73	0.02	0.88	0.27	0.88	0.12	0.02	0.12	0.5	0.05	0.02	0.73	0.5	0.27	0.02	0.5	0.02	0.2325	0.16875	0.33875	0.31125	0.17875	0.2375	0.30375	0.2725	0.08	0.17875	0.23	0.15875	0.12375	0.15625	0.39	0.2175	0.22625	0.38375	0.23625	0.2575	-3.5	-1.83333	-2.06	-0.514286	-0.377778	1.1092	0.7912	0.63408	0.487329	0.396122
0.27	0.12	0.5	0.27	0.12	0.5	0.5	0.5	0.12	0.12	0.12	0.27	0.12	0.05	1	0.27	0.12	0.12	0.12	0.12	0.09625	0.25	0.39375	0.42875	0.16625	0.28	0.27125	0.2575	0.0775	0.25125	0.21125	0.155	0.12375	0.15625	0.35125	0.1575	0.16	0.37125	0.28375	0.355	-1.6	-2.13333	-0.52	-1.1	-0.111111	0.564	0.692633	0.59176	0.488229	0.4048
0.27	0.27	0.27	0.27	0.12	0.5	0.73	0.12	0.27	0.5	0.5	0.27	0.27	0.88	0.27	0.27	0.27	0.5	0.98	0.73	0.095	0.2375	0.45625	0.44375	0.04125	0.28625	0.24875	0.30625	0.18375	0.2025	0.1625	0.1575	0.105	0.055	0.44375	0.15875	0.14125	0.32375	0.21	0.27625	-1.3	0.433333	-0.76	1.26883e-16	-0.744444	0.4047	0.383067	0.46502	0.455814	0.449867
0.12	0.05	0.02	0.02	0.12	0.05	0.02	0.02	0.05	0.73	0.88	0.05	0.5	0.27	0.02	0.05	0.12	0.95	0.73	0.99	0.10125	0.17625	0.37875	0.35625	0.0425	0.2525	0.215	0.31375	0.2025	0.26375	0.23125	0.1525	0.1075	0.255	0.47	0.155	0.12875	0.22	0.3575	0.2525	4.2	0.433333	0.78	-0.4	-0.0444444	0.1805	0.2173	0.27622	0.422329	0.418644
0.02	0.01	0.01	0.01	0	0.02	0.02	0.01	0.01	0	0	0.02	0	0	1	0.02	0.02	0	0	0.02	0.1225	0.18125	0.29125	0.36375	0.05625	0.34125	0.29125	0.195	0.2075	0.355	0.34	0.1475	0.16875	0.28625	0.25875	0.15875	0.14125	0.215	0.4475	0.37375	-1.6	2.26667	0.46	0.5	-0.388889	0.0667	0.137467	0.25662	0.279743	0.357611
0.05	0.01	0.01	0.5	0.05	0.01	0.02	0	0	0.73	0.12	0.01	0.12	0.05	0.01	0.02	0.27	0.01	0.02	1	0.21375	0.1625	0.2025	0.245	0.05375	0.295	0.3675	0.205	0.20875	0.2675	0.31625	0.19625	0.15375	0.28	0.30625	0.15875	0.13875	0.21375	0.38875	0.255	4.2	-0.2	1.28	0.228571	0.2	0.1652	0.232633	0.1979	0.220757	0.273567
0.01	0.05	0.27	0.12	0	0.05	0.05	0.01	1	0	0	0.02	0.01	0.02	0.01	0.02	0.01	0	0.27	0	0.2475	0.1575	0.14125	0.27375	0.06	0.2425	0.31625	0.175	0.08375	0.435	0.33125	0.17625	0.1675	0.2925	0.1875	0.2475	0.275	0.20625	0.4525	0.45625	-3.2	1.26667	-0.26	0.671429	0.288889	0.466	0.247433	0.19202	0.213343	0.279378
0.02	0.02	0.01	0	0.02	0.01	0.01	0.01	0.05	0.73	0.98	0.01	0.27	1	0.01	0.02	0.02	0.12	0.95	0.12	0.2275	0.13	0.14125	0.25625	0.04875	0.1875	0.2325	0.16125	0.17125	0.40375	0.20875	0.14625	0.135	0.1825	0.15625	0.22	0.255	0.135	0.27875	0.47375	2.8	-1.3	0.42	-0.0428571	0.9	0.1111	0.242733	0.24924	0.2756	0.317267
