0.73	0.5	0.05	0.12	0	0.5	0.02	0.5	0.02	0.02	0.05	0.02	0.27	0.05	1	0.12	0.05	0	0	0.12	0.175	0.11125	0.1975	0.1525	0.02875	0.26	0.3475	0.02	0.08875	0.4775	0.45125	0.2775	0.33	0.34125	0.4875	0.24	0.39625	0.155	0.1975	0.52625	1.8	0.7	0.94	1.61429	1.28889	0.075	0.3963	0.38024	0.434229	0.457867
0.12	0.05	0.27	0.05	0.02	0.5	0.12	0.01	0.12	0.95	0.27	0.27	0.5	0.5	0.05	0.27	0.88	0.01	0.5	0.98	0.31125	0.22375	0.15625	0.1275	0.0275	0.3675	0.33125	0.09375	0.18875	0.3625	0.43	0.3025	0.3025	0.28625	0.6375	0.2975	0.30125	0.245	0.14875	0.425	4.2	3.4	1.82	1.61429	1.28889	0.478	0.215067	0.35072	0.357314	0.415544
0.05	0.27	0	0	0.02	0.02	0.05	0	0.12	0.98	0.95	0.01	0.73	0.73	0.01	0.02	0.12	0.12	0.5	0.95	0.32	0.195	0.2225	0.135	0.025	0.4275	0.3725	0.1275	0.265	0.3275	0.22875	0.3475	0.25875	0.19625	0.64375	0.3475	0.3075	0.23	0.14625	0.32125	4.2	3.73333	3.36	1.34286	0.688889	0.0922	0.347567	0.24904	0.350557	0.384011
0.12	0.12	0.27	0.05	0.12	0.5	0.5	0.05	0.02	0.73	0.5	0.73	0.5	0.73	0.12	0.88	0.95	0.98	0.05	0.5	0.31125	0.2475	0.2225	0.16125	0.01375	0.47125	0.31625	0.13625	0.2925	0.36375	0.28625	0.27	0.3025	0.1975	0.62875	0.31625	0.2225	0.12375	0.20875	0.3925	2.8	3.6	2.3	1.67143	0.477778	0.4725	0.230733	0.3486	0.3143	0.376589
0.73	0.12	0.02	0.05	0.05	0.27	0.12	0.05	0.27	0.88	0.88	0.12	0.73	0.27	0.73	0.12	0.27	0.12	0.5	0.88	0.2825	0.2475	0.31375	0.24625	0.02875	0.5	0.3925	0.225	0.29375	0.35125	0.2475	0.28375	0.30125	0.3175	0.46375	0.4875	0.36375	0.35625	0.215	0.3575	3.8	1.03333	1.14	0.914286	0.811111	0.1275	0.390933	0.32942	0.382629	0.341567
0.5	0.5	0.88	0.73	0.01	0.98	0.95	0.12	0.95	0.01	0.05	0.5	0.02	0.01	0.27	0.73	0.12	0.73	0.12	0.05	0.25375	0.17125	0.2625	0.18	0.04	0.41125	0.30125	0.1875	0.26875	0.54875	0.4075	0.2675	0.41875	0.35875	0.45875	0.4875	0.48625	0.28625	0.35375	0.55625	-3.5	-0.433333	-0.4	0.185714	0.466667	0.5728	0.3608	0.42164	0.360157	0.357689
0.12	0	0.27	0.02	0	0.05	0.27	0.27	0.73	0.02	0.02	0.12	0	0.01	1	0.27	0.02	0	0	0.02	0.34875	0.29	0.3675	0.29625	0.045	0.55625	0.43375	0.17375	0.29625	0.49125	0.41125	0.315	0.3925	0.3025	0.42375	0.6025	0.5075	0.41	0.36875	0.52875	-1.6	-2.86667	-1.14	-0.6	-0.0888889	0.3821	0.502733	0.39128	0.378429	0.347356
0.12	0.27	0.27	0.27	0.01	0.95	0.73	0.12	0.12	0.05	0.02	0.12	0.12	0.01	0.99	0.88	0.27	0.01	0.05	0.12	0.405	0.225	0.36875	0.27125	0.04375	0.44375	0.3725	0.19875	0.36	0.4875	0.355	0.31625	0.32	0.27375	0.43	0.53	0.47625	0.40875	0.3025	0.52125	-3.5	-2	-2.16	-1.11429	-0.0888889	0.5533	0.4187	0.4098	0.365929	0.347
0.5	0.27	0.5	0.73	0.05	0.5	0.5	0.73	0.27	0.05	0.12	0.5	0.27	0.5	0.27	0.73	0.5	1	0.5	0.12	0.405	0.2725	0.34	0.2225	0.03	0.5	0.43	0.1225	0.40125	0.45875	0.37125	0.24	0.33	0.18375	0.5675	0.50125	0.39125	0.225	0.27375	0.55	-0.9	-1.9	-1.62	-1.05714	0.0222222	0.3207	0.3647	0.37224	0.360429	0.3327
0.27	0.27	0.5	0.27	0.05	0.5	0.12	0.27	0.5	0.73	0.5	0.27	0.5	0.12	0.5	0.73	0.88	0.05	0.73	0.88	0.405	0.34875	0.3525	0.28875	0.025	0.57625	0.585	0.17625	0.34125	0.26625	0.22	0.36375	0.225	0.19875	0.56625	0.52	0.34375	0.3625	0.1975	0.37875	-1.3	-1	-0.46	-0.0142857	-0.788889	0.2201	0.3086	0.31362	0.327714	0.363244
0.5	0.5	0.5	0.27	0.05	0.73	0.5	0.05	0.12	0.5	0.27	0.27	0.27	0.05	0.5	0.73	0.95	0.27	0.5	0.73	0.32875	0.26	0.33375	0.2	0.02375	0.42625	0.48125	0.31375	0.2725	0.29375	0.2425	0.36375	0.26625	0.20625	0.5325	0.44375	0.3225	0.24375	0.2125	0.39375	-0.8	0.7	1	-0.285714	-0.833333	0.385	0.231367	0.27172	0.330614	0.3613
0.5	0.02	0.01	0.05	0.02	0.02	0.02	0.05	0.02	0.98	0.5	0.02	0.27	0.5	0.05	0.05	0.12	0.12	0.02	0.99	0.32	0.3825	0.4525	0.3475	0.02875	0.6275	0.63	0.3425	0.20875	0.23125	0.21375	0.4425	0.28125	0.14875	0.46625	0.605	0.43875	0.2625	0.2725	0.36125	4.2	2.4	0.48	-0.342857	-1.04444	0.089	0.2726	0.28806	0.3309	0.364778
0.5	0.5	0.27	0.12	0.05	0.5	0.73	0.05	0.5	0.5	0.73	0.5	0.73	0.5	0.5	0.5	0.5	0.5	0.27	0.73	0.33875	0.35125	0.49625	0.32	0.03	0.51125	0.54125	0.33	0.225	0.29125	0.18875	0.45875	0.2425	0.1625	0.405	0.54875	0.4675	0.2475	0.24125	0.39375	3.8	1.5	-0.04	-0.714286	-0.744444	0.3438	0.2784	0.3551	0.344143	0.367611
0.5	0.73	0.12	0.12	0.01	0.88	0.98	0.02	0.02	0.02	0.05	0.88	0.12	0.01	0.95	0.27	0.27	0.27	0.12	0.27	0.3675	0.28875	0.4525	0.22875	0.02875	0.4075	0.48125	0.24375	0.25125	0.455	0.32125	0.34875	0.3475	0.17625	0.3175	0.48875	0.44875	0.15125	0.1975	0.56125	-3.5	-1.2	-0.58	-0.642857	-0.177778	0.4024	0.433833	0.36078	0.395386	0.3382
0.12	0.02	0.73	0.02	0	0.01	0.5	1	0.02	0	0	0.5	0.12	0	0	0.12	0.02	0	0.01	0.02	0.415	0.40625	0.3475	0.21375	0.025	0.4875	0.58875	0.08875	0.195	0.42875	0.29875	0.45375	0.3	0.1775	0.375	0.47875	0.49375	0.17875	0.12625	0.57375	-3.9	-3.63333	-1.58	0.0714286	-0.111111	0.5553	0.457033	0.45874	0.348386	0.357511
0.05	0.5	0.73	0.98	0.01	0.95	0.98	0.5	0.12	0	0.02	0.5	0.12	0	0.02	0.88	0.12	0	0	0.02	0.36125	0.28375	0.285	0.06	0.0175	0.27875	0.46625	0.145	0.1675	0.4575	0.3875	0.42	0.37625	0.29	0.3125	0.2925	0.3625	0.2075	0.06625	0.4975	-3.5	-2.73333	-1.5	-0.628571	0.4	0.4134	0.515833	0.40118	0.391943	0.3158
0.27	0.5	0.88	0.12	0.05	0.5	0.73	0.02	0.73	0.05	0.05	0.73	0.27	0.12	0.95	0.88	0.88	0.27	0.05	0.12	0.28625	0.39125	0.35625	0.195	0.0725	0.42375	0.58625	0.205	0.15125	0.34375	0.33625	0.48	0.33875	0.21875	0.205	0.3775	0.37125	0.26875	0.09125	0.395	-0.8	-0.0333333	-0.94	-0.628571	-0.5	0.5788	0.3494	0.39948	0.3442	0.343422
0.73	0	0	0	0	0.05	0.27	0.01	0	0.88	0.5	0	0.5	0.12	0.02	0.02	0.12	0	0	1	0.16625	0.39125	0.4325	0.19625	0.1975	0.4175	0.5525	0.2	0.18	0.1775	0.18875	0.50875	0.21875	0.15625	0.25875	0.42375	0.40375	0.24	0.06375	0.195	4.2	0.9	0.6	-0.685714	-0.644444	0.056	0.3429	0.29034	0.334943	0.306478
0.27	0.5	0.27	0.05	0.01	0.27	0.5	0.01	0.05	0.5	0.27	0.73	0.12	0.12	0.01	0.5	0.99	0	0.05	0.73	0.195	0.3475	0.44625	0.2375	0.19625	0.39875	0.52	0.20375	0.23375	0.25625	0.22625	0.39875	0.26625	0.17	0.175	0.42125	0.295	0.2975	0.0575	0.22875	-0.7	2.43333	0.52	0.228571	-0.644444	0.3939	0.153167	0.27518	0.257229	0.304244
0	0	0	0	0	0	0	0	0	0.73	1	0	0.88	0.95	0.02	0	0	0.5	0.01	0.12	0.3325	0.41375	0.40375	0.24375	0.20375	0.4375	0.5225	0.19875	0.24375	0.26125	0.15	0.43	0.1625	0.08125	0.2075	0.56	0.47875	0.23625	0.07625	0.4125	3.8	-0.266667	1.18	0.228571	-0.255556	0.0096	0.247033	0.16168	0.252786	0.263778
0.12	0.88	0.73	0.27	0.5	0.73	0.73	0.05	0.5	0.12	0.12	0.73	0.12	0.05	0.12	0.73	0.95	0.88	0.27	0.27	0.37375	0.30375	0.33125	0.17875	0.1425	0.29	0.37125	0.145	0.2	0.3525	0.2725	0.33875	0.27625	0.285	0.28375	0.46875	0.455	0.2225	0.05875	0.425	-3.9	0.8	-0.36	0.285714	0.333333	0.3376	0.1195	0.22694	0.1974	0.2691
0	0	0	0.01	1	0	0	0	0	0	0	0	0	0	0	0.01	0	0	0	0.01	0.4175	0.385	0.375	0.25875	0.07625	0.3525	0.38625	0.27125	0.28125	0.3675	0.315	0.35375	0.26375	0.2825	0.2425	0.51125	0.47875	0.36125	0.14875	0.505	2.5	-1.63333	-0.3	-0.0571429	0.277778	0.0113	0.243733	0.18638	0.2553	0.246211
0.27	0.88	0.5	0.5	0.01	0.95	0.95	0.05	0.5	0.27	0.12	0.73	0.12	0.12	0.27	0.73	0.27	0.73	0.12	0.27	0.32625	0.3375	0.4225	0.26	0.23375	0.29	0.29625	0.32625	0.31	0.2575	0.2525	0.325	0.22	0.315	0.2975	0.5375	0.4925	0.285	0.19625	0.3625	-3.5	-0.466667	-0.7	-0.142857	-0.277778	0.3823	0.1949	0.27672	0.252286	0.300444
0.95	0.05	0.12	0.02	0.05	0.05	0.02	0.95	0.05	0.27	0.12	0.02	0.05	0.12	0.27	0.73	0.5	0.01	0.12	0.88	0.2225	0.385	0.4425	0.3475	0.23375	0.375	0.3525	0.215	0.36125	0.20125	0.2525	0.3375	0.22875	0.3625	0.42125	0.50875	0.45	0.39	0.28125	0.20125	-0.4	-0.7	-0.18	-0.8	-0.377778	0.1911	0.3449	0.28376	0.328643	0.3173
0.5	0.5	0.88	0.73	0.02	0.5	0.5	0.12	0.27	0.12	0.12	0.5	0.27	0.73	0.73	0.88	0.88	0.27	0.12	0.27	0.34125	0.42	0.41	0.2925	0.24	0.42875	0.41125	0.3525	0.3675	0.135	0.1425	0.34	0.10625	0.1825	0.47125	0.5525	0.43625	0.2975	0.31375	0.2775	1.8	0.0333333	-0.84	-0.471429	-1.18889	0.4613	0.341733	0.39032	0.358357	0.385322
0.5	0.27	0.5	0.5	0.02	0.27	0.12	0.98	0.88	0.05	0.27	0.12	0.05	0.05	0.5	0.5	0.12	0.5	0.5	0.5	0.36	0.35375	0.42875	0.37875	0.17875	0.42875	0.4775	0.24125	0.29125	0.19125	0.12375	0.33	0.18125	0.26375	0.60875	0.52375	0.44625	0.17375	0.23875	0.2775	-1.3	-0.1	-0.46	-1.32857	-1.14444	0.3728	0.4594	0.42298	0.445571	0.410533
0.27	0.5	0.88	0.5	0.27	0.5	0.5	0.5	0.73	0.27	0.12	0.5	0.27	0.5	0.73	0.95	0.5	0.12	0.5	0.12	0.45125	0.35875	0.4725	0.44	0.085	0.4625	0.4925	0.36375	0.34375	0.22625	0.17625	0.31625	0.1875	0.24125	0.69875	0.5575	0.46125	0.255	0.30125	0.38625	-0.8	-1.23333	-1.08	-1.32857	-1.81111	0.5441	0.4875	0.50912	0.4716	0.472589
0.12	0.05	0.05	0.27	0.05	0.05	0.02	0.02	0.01	0.05	0.27	0.12	0.12	0.5	1	0.27	0.88	0.12	0.73	0.05	0.47	0.3675	0.605	0.4975	0.1175	0.4625	0.49625	0.48	0.4625	0.25375	0.1575	0.36375	0.225	0.24125	0.64625	0.66125	0.49	0.17	0.32	0.395	-1.6	-1.96667	-2.14	-1.77143	-1.51111	0.5456	0.5705	0.52976	0.5257	0.477889
0.5	0.73	0.5	0.27	0.02	0.88	0.95	0.27	0.27	0.05	0.12	0.5	0.12	0.12	0.88	0.5	0.27	0.02	0.27	0.12	0.31875	0.2825	0.53625	0.49625	0.1775	0.35875	0.38375	0.33625	0.43875	0.3425	0.22375	0.32	0.2525	0.33625	0.6425	0.575	0.61375	0.215	0.4725	0.38625	-3.5	-2.86667	-2.58	-2.14286	-1.54444	0.6218	0.5773	0.56916	0.521229	0.466011
0.27	0.12	0.5	0.73	0.01	0.5	0.88	0.02	0.5	0.5	0.12	0.27	0.5	0.02	0.99	0.12	0.27	0.12	0.05	0.5	0.3	0.40625	0.44125	0.3625	0.17875	0.45375	0.3925	0.35875	0.48625	0.33375	0.2425	0.3775	0.205	0.29125	0.57125	0.60375	0.61375	0.2025	0.5475	0.33875	-3.5	-3.5	-2.58	-2.05714	-2.13333	0.5645	0.585367	0.54634	0.48	0.456011
0.5	0.27	0.73	0.5	0.5	0.5	0.5	0.5	0.27	0.5	0.27	0.27	0.27	0.27	0.95	0.73	0.5	0.27	0.5	0.5	0.21	0.36	0.3525	0.33125	0.1175	0.42	0.4275	0.1825	0.4075	0.33	0.19625	0.36875	0.2275	0.2875	0.515	0.46625	0.57	0.24625	0.435	0.27625	-3.5	-2.6	-2.4	-2.44286	-2.08889	0.5698	0.521433	0.45406	0.455314	0.416089
0.27	0.5	0.73	0.73	0.05	0.5	0.5	0.5	0.73	0.27	0.12	0.73	0.27	0.12	0.12	0.88	0.88	0.05	0.5	0.27	0.23875	0.33125	0.2575	0.24625	0.14625	0.39125	0.39875	0.1225	0.2925	0.3875	0.29125	0.31125	0.25625	0.3625	0.53375	0.3625	0.5225	0.35	0.495	0.3525	-0.8	-1.66667	-2.4	-2.34286	-1.68889	0.43	0.361333	0.40396	0.3793	0.377833
0.12	0.05	0.02	0.01	0.5	0.05	0.05	0.05	0.12	0.98	0.5	0.05	0.27	0.5	0.12	0.27	0.88	0.27	0.88	0.88	0.245	0.5	0.4025	0.3175	0.08375	0.5325	0.4675	0.1775	0.4925	0.3075	0.2725	0.505	0.2475	0.2675	0.415	0.42	0.4275	0.31	0.39	0.2725	-0.7	-1.66667	-1.88	-1.44286	-1.86667	0.0842	0.295167	0.29376	0.319014	0.341011
0.12	0.88	0.12	0.12	0.02	0.88	0.5	0.05	0.88	0.5	0.27	0.73	0.27	0.27	0.27	0.73	0.88	0.27	0.5	0.27	0.18875	0.33875	0.45125	0.3925	0.14125	0.3525	0.355	0.25375	0.37875	0.3675	0.2875	0.39125	0.23875	0.28125	0.28875	0.33375	0.40875	0.3075	0.40375	0.33625	-3.5	-1.7	-0.62	-1.4	-1.86667	0.3713	0.156333	0.21976	0.268971	0.335956
0.01	0.05	0.02	0.02	0.02	0	0.02	0.05	0.02	0.02	0.05	0.05	0	0.27	0.01	0.01	0	1	0.05	0	0.175	0.46125	0.4925	0.405	0.14625	0.4625	0.39625	0.375	0.48625	0.37125	0.30125	0.47625	0.21125	0.28	0.2125	0.47125	0.5	0.20125	0.45375	0.31	-0.9	-0.533333	-1.1	-1.4	-1.86667	0.0135	0.194867	0.1766	0.2699	0.354833
0.27	0.5	0.12	0.05	0.05	0.27	0.27	0.02	0.27	0.5	0.73	0.5	0.5	0.95	0.05	0.27	0.5	0.73	0.98	0.5	0.11375	0.48125	0.4225	0.40125	0.11375	0.47625	0.365	0.33125	0.48375	0.2825	0.18875	0.49625	0.13	0.17625	0.1225	0.43875	0.485	0.2025	0.2775	0.2475	2.8	-0.433333	-1.66	-1.78571	-1.56667	0.1998	0.1425	0.27502	0.313386	0.369522
0.02	0.95	0.5	0.12	0	0.73	0.12	0.01	1	0.12	0.5	0.99	0.05	0.12	0.05	0.12	0.12	0.02	0.27	0.02	0.145	0.45375	0.3175	0.31625	0.12875	0.41875	0.4125	0.285	0.3925	0.3875	0.29375	0.40625	0.18625	0.29875	0.2175	0.41	0.485	0.3	0.3375	0.365	-3.2	-1.3	-1.66	-1.8	-1.05556	0.2142	0.3301	0.34764	0.401643	0.3886
0.05	0.27	0.99	0.98	0	0.27	0.5	0.88	0.12	0.05	0.01	0.27	0.05	0	0.02	0.27	0.12	0	0	0.02	0.14125	0.53875	0.26	0.21375	0.06875	0.47625	0.37375	0.1725	0.49375	0.3925	0.415	0.505	0.215	0.31375	0.20875	0.39125	0.40875	0.27	0.2675	0.37375	-3.5	-3.4	-1.64	-0.757143	-0.477778	0.5763	0.5083	0.48534	0.434557	0.395656
0.05	0.27	0.73	0.73	0.05	0.5	0.73	0.99	0.5	0.05	0.01	0.27	0.01	0.01	0.12	0.5	0.12	0	0	0.02	0.18875	0.49125	0.34	0.26375	0.0625	0.42875	0.345	0.215	0.44625	0.345	0.415	0.505	0.22	0.29375	0.28125	0.3625	0.3325	0.3275	0.22	0.37375	-3.5	-2.6	-1.44	0.0142857	-0.177778	0.7344	0.6709	0.56572	0.453729	0.427044
0.27	0.88	0.27	0.5	0.27	0.88	0.5	0.12	0.5	0.27	0.05	0.88	0.12	0.12	0.27	0.73	0.88	0.01	0.02	0.5	0.2225	0.4425	0.4575	0.3525	0.03875	0.44375	0.43375	0.38	0.50625	0.3775	0.4375	0.485	0.24	0.26125	0.32375	0.42375	0.3475	0.20375	0.245	0.405	-0.8	-0.166667	0.1	-0.5	-0.166667	0.702	0.679367	0.55242	0.518586	0.483778
0.27	0.73	0.27	0.12	0.12	0.5	0.73	0.12	0.73	0.73	0.73	0.5	0.27	0.27	0.88	0.5	0.5	0.12	0.27	0.73	0.2225	0.46125	0.505	0.485	0.05375	0.54875	0.48125	0.46875	0.55375	0.26	0.26375	0.5325	0.16125	0.13875	0.3325	0.52875	0.42375	0.1	0.10625	0.32	3.8	2.5	0.64	-0.157143	-0.866667	0.6017	0.4838	0.56792	0.562857	0.522833
0.12	0.05	0.05	0.05	0.02	0.05	0.12	0.02	0.05	0.95	0.98	0.12	0.5	0.5	0.02	0.27	0.27	0.01	0.05	0.95	0.2725	0.49	0.5925	0.57	0.0725	0.57625	0.605	0.57125	0.605	0.22375	0.1725	0.5475	0.12875	0.0975	0.4675	0.63375	0.5475	0.1125	0.13375	0.305	4.5	2.5	1.18	-0.157143	-0.311111	0.1477	0.467733	0.52586	0.559286	0.555078
0.5	0.5	0.5	0.27	0.02	0.73	0.5	0.5	0.88	0.12	0.27	0.73	0.27	0.12	0.95	0.73	0.27	0.73	0.12	0.27	0.2525	0.49125	0.475	0.51125	0.07875	0.54875	0.5575	0.51125	0.5775	0.3275	0.275	0.52875	0.21375	0.16	0.45875	0.63375	0.56625	0.0375	0.14	0.39375	-0.8	0.966667	0.64	0.6	-0.0111111	0.6538	0.441867	0.49572	0.526429	0.518578
0.5	0.27	0.5	0.5	0.05	0.5	0.5	0.5	0.5	0.5	0.27	0.5	0.27	0.12	0.5	0.73	0.88	0.02	0.27	0.73	0.30875	0.5775	0.44625	0.45375	0.08375	0.54875	0.52875	0.42125	0.65375	0.3075	0.28875	0.58625	0.24625	0.16125	0.5625	0.68125	0.585	0.1275	0.155	0.39625	-0.8	-1.7	0.24	0.6	0.288889	0.5241	0.5764	0.47626	0.461543	0.467556
0.27	0.5	0.5	0.73	0.02	0.73	0.88	0.73	0.88	0.02	0.02	0.5	0.02	0.12	0.73	0.88	0.73	0.01	0.12	0.05	0.31	0.445	0.41875	0.3625	0.055	0.425	0.42125	0.41125	0.55	0.39625	0.4375	0.4825	0.325	0.25625	0.5025	0.58625	0.5	0.21875	0.28125	0.48125	-3.5	-0.833333	-0.82	-0.0571429	0.233333	0.5513	0.5266	0.49628	0.4149	0.393467
0.27	0.5	0.98	0.73	0.05	0.5	0.5	0.73	0.73	0.05	0.02	0.73	0.02	0.02	0.27	0.73	0.88	0.01	0.27	0.12	0.29125	0.445	0.35875	0.38125	0.07	0.4825	0.44	0.4025	0.56875	0.3925	0.40875	0.45375	0.325	0.32625	0.465	0.605	0.51	0.295	0.32	0.44375	1.8	-0.833333	-0.82	-0.885714	0.122222	0.5044	0.4345	0.42056	0.398829	0.361711
0.27	0.73	0.5	0.73	0.05	0.73	0.5	0.88	0.73	0.05	0.12	0.73	0.5	0.12	0.88	0.73	0.27	0.12	0.12	0.05	0.2825	0.425	0.41375	0.39	0.06875	0.44875	0.44	0.3875	0.5775	0.39875	0.38375	0.45375	0.265	0.3425	0.3875	0.58625	0.615	0.28125	0.33875	0.44375	-0.8	0.0666667	-0.92	-0.371429	0.122222	0.2478	0.342467	0.32278	0.350557	0.349556
0.5	0.73	0.5	0.5	0.12	0.27	0.5	0.27	0.73	0.27	0.12	0.5	0.27	0.02	0.5	0.88	0.88	0.01	0.27	0.5	0.225	0.425	0.41375	0.4475	0.06375	0.50625	0.44	0.435	0.50125	0.39	0.38375	0.45375	0.29375	0.43125	0.4075	0.53875	0.59625	0.295	0.33875	0.41625	-0.8	-0.966667	0.34	0.385714	-0.177778	0.2752	0.186067	0.2757	0.281157	0.3303
0.05	0.05	0.05	0	0.01	0.12	0.02	0.27	0.05	0.5	0.99	0.05	0.5	0.88	0.02	0.12	0.05	0.73	0.88	0.5	0.28125	0.5675	0.52625	0.53875	0.07375	0.525	0.5	0.40625	0.58625	0.31375	0.25625	0.51	0.29375	0.315	0.49625	0.6525	0.6525	0.20375	0.23125	0.34	-1.3	0.233333	0.88	0.385714	0.111111	0.0352	0.208767	0.18248	0.271043	0.335167
0.12	0.73	0.27	0.27	0.27	0.73	0.5	0.05	0.73	0.73	0.5	0.5	0.27	0.73	0.12	0.5	0.73	0.73	0.73	0.5	0.34875	0.42625	0.4425	0.42	0.04125	0.3725	0.33625	0.37625	0.425	0.37375	0.40625	0.425	0.43	0.3525	0.455	0.52875	0.51	0.20375	0.25	0.45625	2.8	2	0.34	0.385714	0.7	0.3159	0.1298	0.22902	0.280114	0.277033
0.05	0.12	0.01	0.12	0.01	0.01	0.12	0.05	0.12	1	0.88	0.12	0.5	0.73	0.01	0.12	0.5	0.01	0.05	0.88	0.3575	0.55	0.44375	0.43875	0.07375	0.51	0.4125	0.29125	0.44375	0.34	0.37125	0.4725	0.4325	0.35625	0.4375	0.57625	0.5475	0.3075	0.30375	0.4275	4.5	1.26667	0.86	0.757143	0.422222	0.0383	0.278233	0.28756	0.248729	0.267622
0.27	0.5	0.5	0.5	0.05	0.73	0.5	0.27	0.27	0.27	0.27	0.5	0.27	0.73	0.73	0.5	0.73	0.73	0.27	0.5	0.33	0.52125	0.335	0.315	0.06875	0.39125	0.39375	0.16	0.3675	0.4875	0.495	0.39625	0.50875	0.45125	0.32875	0.47125	0.51875	0.29375	0.295	0.56	-3.5	0.933333	1.48	0.771429	0.977778	0.4805	0.362233	0.28614	0.269371	0.298167
0.5	0.73	0.95	0.73	0.02	0.5	0.5	0.27	0.5	0.12	0.12	0.5	0.5	0.05	0.73	0.88	0.5	0.01	0.02	0.12	0.2725	0.46375	0.3075	0.315	0.06	0.49625	0.45	0.16	0.3575	0.47875	0.505	0.3675	0.4525	0.54	0.3	0.405	0.52875	0.38375	0.3075	0.55125	1.8	0.0333333	0.78	1.55714	0.677778	0.5679	0.358833	0.3069	0.339014	0.348022
0.88	0.05	0.05	0.05	0.02	0.12	0.05	0.27	0.27	0.73	0.73	0.27	0.88	0.27	0.5	0.27	0.27	0.01	0.12	0.98	0.22125	0.54375	0.47625	0.525	0.05875	0.59125	0.56625	0.1275	0.49875	0.3425	0.31125	0.39625	0.37625	0.4025	0.32875	0.5	0.56625	0.2925	0.19125	0.38375	1.8	0.966667	0.72	0.657143	0.433333	0.0281	0.338567	0.40378	0.3973	0.356156
0.27	0.88	0.73	0.73	0.05	0.88	0.73	0.05	0.27	0.05	0.12	0.73	0.27	0.05	0.02	0.73	0.95	0.12	0.02	0.27	0.40125	0.355	0.39125	0.46875	0.02375	0.43875	0.48125	0.21125	0.49875	0.3425	0.3275	0.29125	0.43375	0.34125	0.465	0.49875	0.48125	0.18875	0.1275	0.425	-0.7	1.76667	0.72	-0.485714	0.0333333	0.4197	0.3235	0.45246	0.407314	0.360667
0.27	0.88	0.12	0.12	0.05	0.5	0.73	0.05	0.27	0.5	0.5	0.5	0.88	0.88	0.73	0.27	0.27	0.73	0.27	0.73	0.41	0.37375	0.5	0.53625	0.0225	0.48625	0.48125	0.33	0.48375	0.16125	0.185	0.30625	0.295	0.14625	0.375	0.55625	0.505	0.11125	0.09	0.26375	4.2	0	-0.34	-0.1	-0.511111	0.5227	0.555433	0.36056	0.3896	0.379256
0.27	0.5	0.73	0.73	0.02	0.88	0.95	0.27	0.88	0.05	0.05	0.27	0.05	0.05	0.27	0.73	0.73	0.01	0.12	0.05	0.41	0.42125	0.47125	0.46	0.035	0.43875	0.50125	0.275	0.43625	0.2175	0.24125	0.335	0.39875	0.1925	0.40375	0.49875	0.4475	0.1125	0.16625	0.34875	-3.5	-0.933333	-0.86	-0.414286	-0.511111	0.7239	0.451667	0.42624	0.337843	0.374078
0.02	0.01	0.5	1	0	0.5	0.5	0.01	0.95	0.02	0.05	0.05	0.27	0	0.02	0.27	0.12	0	0.05	0.02	0.44125	0.39125	0.38125	0.335	0.035	0.42375	0.495	0.27375	0.3675	0.22125	0.2325	0.3	0.30875	0.3025	0.34375	0.44625	0.46125	0.2225	0.2975	0.34375	-3.5	-2.6	-0.8	-1.17143	-0.855556	0.1084	0.396267	0.38342	0.395814	0.311867
0.95	0.05	0.27	0.5	0.02	0.27	0.5	0.5	0.73	0.05	0.02	0.12	0.12	0.02	0.73	0.95	0.73	0.01	0.12	0.12	0.24875	0.49	0.41875	0.40625	0.06375	0.5475	0.5225	0.24125	0.42375	0.18875	0.15125	0.29125	0.25125	0.3	0.195	0.41875	0.47375	0.33	0.3075	0.27125	-0.8	-1.56667	-2.34	-1.25714	-1.55556	0.3565	0.2235	0.36566	0.337	0.327922
0.12	0.27	0.27	0.05	0	0.01	0.12	1	0	0	0.12	0.01	0	0	0	0.12	0.01	0	0	0.05	0.31875	0.3525	0.36125	0.37125	0.185	0.47	0.47875	0.1725	0.48125	0.18875	0.13875	0.21375	0.2325	0.3875	0.28375	0.43125	0.445	0.31625	0.32	0.26125	-0.4	-1.56667	-1.9	-2.5	-1.2	0.2056	0.332	0.22248	0.286986	0.2814
0.27	0.5	0.88	0.5	0.12	0.73	0.88	0.05	0.5	0.27	0.27	0.5	0.27	0.27	0.5	0.5	0.73	0.02	0.73	0.5	0.28125	0.32375	0.30375	0.315	0.165	0.44	0.41125	0.2875	0.4475	0.12625	0.0725	0.2	0.1225	0.25875	0.16375	0.4125	0.38375	0.25625	0.2575	0.1475	-3.5	-1.73333	-2.1	-1.64286	-2.05556	0.4339	0.215833	0.23532	0.183714	0.248911
0.5	0	0	0	0	0	0	0	0.02	0.12	0.05	0	0	0.88	0	0	0	0.88	1	0.05	0.3375	0.3575	0.32875	0.2925	0.21125	0.43625	0.40875	0.275	0.43125	0.23	0.10875	0.24375	0.2125	0.23875	0.2075	0.4175	0.475	0.15	0.3	0.31625	-1.3	-3.1	-1.44	-1.64286	-1.74444	0.008	0.204833	0.16422	0.201129	0.171989
0.27	0.88	0.12	0.12	0.27	0.88	0.27	0.5	0.5	0.5	0.05	0.27	0.27	0.27	0.02	0.73	0.98	0.88	0.27	0.5	0.3975	0.35625	0.31375	0.24375	0.18	0.355	0.375	0.32125	0.315	0.195	0.10875	0.295	0.15125	0.33	0.23625	0.355	0.4475	0.2125	0.4475	0.2725	-4.5	-1.1	-2.06	-1.62857	-1.74444	0.1726	0.0605333	0.16916	0.154714	0.220378
0	0	0.27	0	1	0	0	0	0	0	0.12	0	0	0.73	0	0	0	0	0	0.12	0.34625	0.49375	0.38375	0.23	0.08875	0.5225	0.36125	0.44	0.39625	0.26625	0.13125	0.37625	0.185	0.285	0.15	0.39	0.54125	0.43125	0.5	0.32	2.5	-1.83333	-1.5	-2.07143	-1.23333	0.001	0.134633	0.0887	0.203043	0.217967
0.12	0.88	0.27	0.12	0.01	0.98	0.95	0.02	0.5	0.27	0.12	0.88	0.27	0.12	0.27	0.5	0.5	0.27	0.5	0.27	0.4075	0.38375	0.4125	0.27125	0.2275	0.4325	0.29	0.375	0.3675	0.2475	0.13125	0.35625	0.16625	0.42375	0.15	0.43125	0.56875	0.4	0.5475	0.32875	-3.5	-0.566667	-1.94	-1.02857	-1.27778	0.2303	0.0876333	0.19588	0.188886	0.249911
0.95	0.27	0.05	0.05	0.27	0.12	0.05	0.12	0.27	0.73	0.12	0.12	0.5	0.5	0.12	0.27	0.73	0.02	0.73	0.95	0.3325	0.46	0.42125	0.28	0.195	0.51125	0.355	0.41875	0.3675	0.21875	0.13125	0.45125	0.16625	0.405	0.1975	0.46	0.54	0.4625	0.49	0.24375	-0.7	-2.56667	-0.28	-0.957143	-0.966667	0.0316	0.2686	0.22832	0.258186	0.254378
0.27	0.88	0.5	0.73	0.02	0.73	0.5	0.88	0.5	0.12	0.05	0.73	0.05	0.12	0.27	0.5	0.88	0.5	0.5	0.12	0.38875	0.475	0.38	0.22875	0.24125	0.4975	0.3325	0.43375	0.39875	0.3425	0.225	0.4375	0.285	0.405	0.27	0.465	0.555	0.3075	0.4275	0.4325	-3.5	-0.133333	-0.94	-0.414286	-0.4	0.5439	0.303433	0.32674	0.301257	0.299989
0.27	0.27	0.98	0.27	0.02	0.73	0.12	0.95	0.88	0.12	0.27	0.5	0.12	0.12	0.02	0.5	0.5	0.88	0.27	0.12	0.37	0.475	0.33875	0.28625	0.2225	0.45	0.38	0.36875	0.35125	0.2825	0.19375	0.46625	0.27625	0.37125	0.305	0.49875	0.5425	0.15	0.4375	0.37625	3.8	-0.166667	-0.38	-0.228571	0.0111111	0.3348	0.457267	0.3755	0.3609	0.291111
0.73	0.27	0.5	0.5	0.12	0.27	0.5	0.5	0.27	0.12	0.12	0.73	0.12	0.5	0.27	0.95	0.73	0.02	0.88	0.27	0.375	0.5375	0.4275	0.38	0.1	0.57	0.42375	0.44	0.51875	0.31625	0.2125	0.52875	0.33875	0.2475	0.3075	0.505	0.57625	0.25875	0.37625	0.37625	-0.8	0.766667	0.52	0.157143	-0.655556	0.4931	0.434	0.45288	0.341243	0.359478
0.5	0.5	0.73	0.5	0.12	0.5	0.5	0.5	0.27	0.5	0.27	0.5	0.5	0.5	0.73	0.5	0.73	0.27	0.5	0.5	0.45125	0.41375	0.39875	0.38	0.1325	0.52875	0.3675	0.44375	0.5475	0.2375	0.185	0.48125	0.26375	0.23875	0.34	0.59	0.62375	0.20875	0.3675	0.32875	-0.7	0.766667	1.06	-0.242857	-0.444444	0.4741	0.4619	0.36264	0.424771	0.385511
0.27	0.73	0.12	0.27	0.12	0.5	0.27	0.88	0.5	0.5	0.73	0.5	0.5	0.5	0.73	0.27	0.27	0.12	0.27	0.73	0.4525	0.36625	0.47	0.405	0.10125	0.5475	0.39625	0.39625	0.5	0.25625	0.20375	0.48125	0.26375	0.28625	0.33125	0.6	0.6525	0.2875	0.3675	0.30375	3.8	0.766667	-0.4	0.0285714	0.1	0.4185	0.328433	0.41894	0.413443	0.392222
0.12	0.27	0.27	0.12	0.12	0.5	0.27	0.05	0.5	0.02	0.02	0.27	0.27	0	0.05	1	0.5	0	0.12	0.05	0.4525	0.405	0.48	0.36625	0.105	0.56625	0.425	0.3925	0.56	0.31625	0.2925	0.51	0.30125	0.34	0.38375	0.50875	0.62375	0.33125	0.43375	0.38875	-0.8	-0.166667	-0.56	0.0857143	0.1	0.0927	0.375833	0.41324	0.378757	0.3811
0.5	0.5	0.5	0.98	0.12	0.5	0.73	0.12	0.73	0.27	0.12	0.73	0.5	0.12	0.27	0.5	0.5	0.01	0.12	0.27	0.38625	0.34875	0.32875	0.225	0.19375	0.4775	0.3525	0.265	0.42125	0.38	0.37	0.39	0.2725	0.34375	0.35625	0.51125	0.57625	0.235	0.40125	0.465	-3.5	-1.96667	0.42	-0.3	0.1	0.6163	0.3912	0.33682	0.371714	0.349811
0.5	0.12	0.27	0.12	0.27	0.88	0.5	0.05	0.73	0.02	0.05	0.27	0.05	0.05	0.99	0.73	0.88	0.12	0.05	0.12	0.32875	0.45375	0.405	0.3325	0.1625	0.50625	0.42875	0.22625	0.4975	0.45875	0.37875	0.39	0.3475	0.305	0.26625	0.455	0.52875	0.23375	0.33375	0.48375	-1.6	-0.3	-1.04	0.342857	-0.2	0.4646	0.390967	0.34188	0.311586	0.347344
0.73	0.12	0.01	0.02	0.02	0.27	0.05	0.12	0.12	0.88	0.73	0.12	0.5	0.88	0.05	0.12	0.5	0.5	0.5	0.98	0.24375	0.3975	0.3525	0.28375	0.17875	0.5225	0.42875	0.155	0.54625	0.39875	0.29375	0.34875	0.2625	0.20125	0.295	0.47125	0.49125	0.1675	0.24875	0.43875	4.2	-0.3	-0.12	-0.7	0.344444	0.092	0.333467	0.33398	0.319071	0.3066
0.12	0.73	0.73	0.27	0.05	0.88	0.73	0.02	0.98	0.12	0.05	0.73	0.12	0.05	0.01	0.5	0.88	0.73	0.88	0.12	0.34875	0.26375	0.33875	0.225	0.1625	0.44625	0.3725	0.06375	0.48625	0.49375	0.37875	0.24375	0.31	0.33375	0.22375	0.5	0.50125	0.1575	0.23	0.48875	-3.5	1.5	-0.12	0.0142857	-0.433333	0.4438	0.196333	0.3049	0.321171	0.296533
0.12	0.05	0	0	0.73	0.02	0	0	0	0.88	0.99	0	0.12	0.27	0.02	0.02	0.12	0.12	0.01	0.95	0.3675	0.3775	0.45875	0.2775	0.06875	0.55375	0.4925	0.09375	0.58	0.43	0.27375	0.31625	0.33875	0.36875	0.3075	0.52625	0.5675	0.24	0.4475	0.47	3.8	-1.06667	1.04	0.0571429	0.155556	0.0532	0.322633	0.23346	0.279971	0.316867
0.27	0.73	0.88	0.5	0.02	0.88	0.88	0.12	0.88	0.5	0.12	0.27	0.27	0.12	0.27	0.73	0.73	0.12	0.27	0.27	0.3775	0.2925	0.32	0.21125	0.1575	0.44625	0.3825	0.155	0.385	0.45875	0.3825	0.25375	0.2725	0.37375	0.3525	0.4375	0.49125	0.24	0.40125	0.53625	-3.5	1.5	-0.44	0.928571	0.5	0.4709	0.2105	0.28064	0.252986	0.2902
0.05	0.05	0.05	0.01	0	0.02	0.05	0	0.05	0.88	0.27	0.02	0.27	0.5	0.02	0.02	0.05	0.12	0.27	1	0.3575	0.39625	0.405	0.29125	0.1275	0.4775	0.515	0.1975	0.4125	0.41125	0.36375	0.285	0.28125	0.35375	0.38375	0.4975	0.52875	0.35	0.4575	0.43625	4.2	-0.833333	1.16	0.271429	0.577778	0.1074	0.302067	0.24702	0.2936	0.261278
0.5	0.27	0.73	0.05	0.02	0.5	0.5	0.05	0.88	0.5	0.73	0.27	0.5	0.73	0.12	0.88	0.73	0.27	0.5	0.27	0.24375	0.3875	0.3525	0.29875	0.125	0.4175	0.4675	0.1825	0.385	0.41125	0.30625	0.30125	0.2525	0.2775	0.48375	0.4375	0.44375	0.27125	0.42875	0.515	-3.2	1.83333	0.32	0.642857	0.533333	0.3279	0.237	0.31164	0.259386	0.298844
0.27	0.5	0.5	0.27	0.05	0.5	0.5	0.27	0.27	0.27	0.12	0.12	0.5	0.5	0.73	0.73	0.27	0.05	0.99	0.73	0.29125	0.33	0.305	0.24375	0.1175	0.37	0.41	0.15875	0.3725	0.54375	0.4675	0.29125	0.3	0.39125	0.42125	0.4275	0.4825	0.27	0.29125	0.53375	4.5	0.3	0.84	0.642857	1.34444	0.2757	0.326633	0.25832	0.313229	0.274922
0.73	0.5	0.27	0.95	0.12	0.5	0.73	0.73	0.05	0.12	0.12	0.5	0.12	0.01	0.88	0.5	0.5	0.01	0.01	0.12	0.23375	0.38625	0.33625	0.17375	0.08	0.40125	0.415	0.11625	0.4025	0.5625	0.4625	0.2775	0.4425	0.4525	0.43375	0.4875	0.50125	0.2625	0.44625	0.5825	-0.4	1.06667	0.76	1.68571	1.34444	0.3763	0.285433	0.32286	0.2786	0.305989
0.12	0.27	0.12	0.27	0.01	0.27	0.73	0.27	0.12	0.02	0.05	0.27	0.12	0.27	0.99	0.5	0.5	1	0.5	0.05	0.31	0.38625	0.3075	0.23	0.0925	0.4425	0.39625	0.17375	0.34625	0.54625	0.47125	0.335	0.4425	0.42	0.42	0.4875	0.4725	0.18625	0.385	0.62	-0.9	0.833333	2.16	1.62857	1.34444	0.2043	0.3369	0.30298	0.3108	0.303689
0.27	0.27	0.27	0.12	0.02	0.27	0.12	0.05	0.73	0.5	0.73	0.5	0.5	0.5	0.95	0.5	0.5	0.02	0.5	0.88	0.37625	0.4425	0.31625	0.2625	0.125	0.5025	0.52875	0.26375	0.32625	0.43875	0.415	0.3375	0.395	0.34375	0.54125	0.5475	0.52875	0.3275	0.385	0.45375	3.8	2.23333	2.02	1.58571	1.07778	0.4301	0.287633	0.3144	0.328271	0.323878
0.27	0.5	0.12	0.05	0.02	0.5	0.27	0.05	0.27	0.95	0.73	0.5	0.5	0.73	0.12	0.27	0.73	0.5	0.27	0.73	0.37625	0.4425	0.30625	0.3275	0.2325	0.5025	0.51	0.32	0.38375	0.335	0.3575	0.36625	0.42375	0.23875	0.6925	0.52875	0.47125	0.3525	0.4425	0.4725	3.8	3.8	1.4	1.2	1.25556	0.2285	0.330467	0.32918	0.330186	0.3222
0.12	0.5	0.02	0.12	0.5	0.27	0.27	0.12	0.02	0.88	0.95	0.27	0.88	0.27	0.27	0.27	0.5	0.02	0.27	0.73	0.4525	0.4425	0.3475	0.37625	0.16875	0.56	0.51	0.31125	0.4725	0.325	0.33	0.4425	0.37625	0.29625	0.67375	0.5475	0.52875	0.40875	0.41	0.415	3.8	1.36667	1.94	1.02857	0.255556	0.3328	0.337167	0.34614	0.321114	0.347767
0.27	0.5	0.5	0.27	0.01	0.98	0.73	0.12	0.5	0.27	0.12	0.5	0.27	0.12	0.27	0.73	0.5	0.5	0.27	0.5	0.405	0.4425	0.31625	0.33	0.2775	0.47125	0.42375	0.2825	0.46875	0.42	0.4525	0.41375	0.5	0.3475	0.655	0.51875	0.5575	0.4575	0.4425	0.4625	-3.5	0.7	0.86	0.514286	0.2	0.4502	0.357367	0.32268	0.364186	0.353678
0.73	0.5	0.27	0.12	0.27	0.5	0.5	0.5	0.5	0.5	0.5	0.27	0.27	0.12	0.95	0.5	0.5	0.27	0.27	0.5	0.395	0.47125	0.3925	0.3775	0.35375	0.56	0.42375	0.235	0.545	0.45125	0.4325	0.47125	0.57625	0.37625	0.50875	0.5475	0.5575	0.37625	0.47125	0.51875	1.8	-1.1	-0.8	-0.157143	0.766667	0.2891	0.3507	0.37814	0.3641	0.390944
0.5	0.5	0.5	0.5	0.88	0.73	0.5	0.5	0.88	0.12	0.27	0.5	0.73	0.12	0.5	0.5	0.5	0.95	0.73	0.27	0.4525	0.47125	0.3925	0.3175	0.28125	0.53125	0.4425	0.24375	0.4975	0.5275	0.4325	0.41375	0.5475	0.405	0.50875	0.51875	0.58625	0.295	0.4425	0.55625	-1.6	-1.43333	-1.74	-0.1	0.655556	0.3128	0.369233	0.39748	0.408557	0.352911
0.73	0.5	0.73	0.73	0.02	0.73	0.5	0.27	0.73	0.12	0.12	0.5	0.5	0.5	0.73	0.88	0.5	0.02	0.73	0.27	0.42375	0.5	0.44	0.31625	0.44875	0.56	0.4425	0.3	0.5925	0.47125	0.4225	0.41375	0.57625	0.32875	0.5275	0.5	0.58625	0.355	0.47125	0.5275	-4.5	-2.33333	-0.2	-0.242857	-0.2	0.5058	0.416033	0.41538	0.373557	0.375889
0.5	0.5	0.5	0.73	0.5	0.5	0.5	0.5	0.5	0.27	0.27	0.5	0.5	0.27	0.73	0.73	0.73	0.88	0.27	0.27	0.5	0.47125	0.48125	0.335	0.3275	0.6175	0.5325	0.2575	0.6525	0.37625	0.3	0.4425	0.4725	0.33	0.60375	0.5475	0.51	0.24625	0.50125	0.5275	-0.9	-0.4	0	-0.3	-1.01111	0.4295	0.491667	0.37512	0.371429	0.383633
0.5	0.5	0.5	0.5	0.88	0.5	0.5	0.27	0.73	0.5	0.27	0.5	0.73	0.5	0.5	0.5	0.5	0.12	0.73	0.5	0.48125	0.40875	0.51	0.36375	0.27875	0.51	0.4475	0.39625	0.62375	0.31375	0.28625	0.395	0.41	0.28625	0.605	0.5	0.47625	0.27875	0.41	0.43625	4.2	2.03333	-0.46	-1.05714	-1.01111	0.5397	0.352333	0.39962	0.387629	0.396511
0.5	0.27	0.5	0.02	0.05	0.27	0.27	0.12	0.73	0.73	0.5	0.27	0.73	0.73	0.5	0.27	0.73	0.05	0.73	0.95	0.405	0.40875	0.5675	0.5275	0.34875	0.595	0.53625	0.44375	0.62375	0.2225	0.1975	0.4525	0.3825	0.2425	0.48875	0.5575	0.41875	0.25375	0.3775	0.32375	2.8	1.03333	-0.26	-1.32857	-1.6	0.0878	0.354267	0.37896	0.423814	0.413622
0.27	0.73	0.73	0.27	0.5	0.73	0.27	0.27	0.88	0.5	0.5	0.5	0.5	0.5	0.5	0.5	0.73	0.05	0.5	0.5	0.405	0.3225	0.59875	0.525	0.18375	0.48	0.48875	0.3775	0.51	0.23875	0.17	0.42375	0.3825	0.25875	0.53625	0.57625	0.475	0.135	0.31625	0.3525	-3.9	-1.53333	-0.78	-1.18571	-1.6	0.4353	0.308533	0.40628	0.414857	0.4405
0.5	0.27	0.12	0.27	0.01	0.5	0.99	0.01	0.27	0.27	0.12	0.5	0.05	0.05	0.88	0.5	0.12	0.01	0.05	0.73	0.37625	0.32	0.58375	0.43375	0.2575	0.4175	0.33625	0.3825	0.495	0.3625	0.3125	0.36125	0.43875	0.34375	0.3975	0.46875	0.50375	0.1375	0.2875	0.41375	-3.5	-3.63333	-2.32	-1.28571	-0.6	0.4025	0.467967	0.38696	0.432743	0.390567
0.12	0	0.73	0.27	0	0.12	0.05	1	0.5	0	0.01	0.12	0	0	0.05	0.12	0	0	0	0	0.3675	0.3825	0.5075	0.37625	0.2025	0.43625	0.45375	0.1975	0.46625	0.425	0.32625	0.38	0.445	0.33125	0.4125	0.51625	0.55	0.03	0.275	0.58125	-3.5	-3.5	-3.2	-1.24286	-0.855556	0.5661	0.470567	0.48034	0.3637	0.389033
0.12	0.27	0.73	0.95	0	0.95	0.98	0.73	0.5	0	0.02	0.5	0.05	0	0.02	0.73	0.27	0	0.01	0.05	0.3075	0.28625	0.445	0.22875	0.12625	0.27	0.275	0.1975	0.375	0.48125	0.41625	0.27	0.4575	0.3875	0.35375	0.3775	0.45375	0.10625	0.18375	0.54625	-3.5	-2.86667	-1.52	-2.1	-0.9	0.4431	0.5213	0.40456	0.410543	0.330156
0.27	0.27	0.98	0.73	0.01	0.27	0.12	0.12	0.12	0.02	0.05	0.5	0.5	0.02	0.88	0.88	0.95	0	0.01	0.05	0.24125	0.37125	0.41375	0.2875	0.13375	0.43125	0.44	0.265	0.45	0.39	0.365	0.3275	0.34375	0.295	0.24625	0.41625	0.3875	0.13375	0.1075	0.49	-1.6	-0.2	-1.46	-1	-1.71111	0.5547	0.3514	0.4072	0.349757	0.355722
0.73	0.02	0	0	0.12	0	0	0.05	0	0.88	0.88	0	0.5	0.73	0	0.02	0.12	0	0.05	0.99	0.15625	0.31125	0.445	0.345	0.1825	0.37375	0.42125	0.24	0.355	0.2225	0.20125	0.3275	0.28125	0.14375	0.29375	0.46125	0.4	0.1275	0.04	0.31625	4.5	-0.1	0	-1.14286	-1	0.0564	0.342267	0.29594	0.337671	0.308511
0.05	0.73	0.5	0.27	0.05	0.27	0.5	0.01	0.5	0.5	0.27	0.27	0.5	0.12	0.02	0.73	0.98	0.01	0.12	0.88	0.19375	0.28	0.43	0.31125	0.205	0.3875	0.345	0.2775	0.38125	0.25125	0.29625	0.3225	0.29	0.22875	0.24375	0.3725	0.31125	0.15875	0.05875	0.30125	-3.2	1.7	-0.2	-0.285714	-0.966667	0.4157	0.160633	0.2709	0.258286	0.2989
0.02	0	0	0	0.27	0	0	0	0	0.95	1	0	0.88	0.95	0	0	0	0.73	0.01	0.27	0.305	0.3775	0.40375	0.31375	0.1925	0.42125	0.4075	0.21625	0.3825	0.22875	0.21875	0.3475	0.2575	0.14	0.3025	0.55875	0.525	0.07	0.07875	0.4875	3.8	-1.3	0.62	-0.242857	-0.666667	0.0098	0.2478	0.16204	0.240129	0.250189
0.12	0.95	0.5	0.27	0.12	0.88	0.73	0.05	0.95	0.02	0.12	0.73	0.27	0.01	0.5	0.73	0.88	0.27	0.12	0.5	0.34	0.2875	0.3125	0.195	0.2175	0.255	0.25625	0.13375	0.235	0.37875	0.34125	0.285	0.39	0.2725	0.35625	0.43875	0.4725	0.25125	0.12625	0.515	-4.5	0.6	-0.92	-0.128571	-0.377778	0.3179	0.1127	0.21396	0.179129	0.2409
0.05	0	0	0	1	0	0	0	0	0.02	0.02	0	0	0	0	0	0	0	0	0.05	0.3775	0.46375	0.315	0.2	0.12125	0.39375	0.395	0.235	0.43	0.3825	0.35375	0.405	0.395	0.28625	0.3425	0.53	0.4975	0.3	0.17375	0.58	2.5	-1.73333	-0.44	-0.9	-0.633333	0.0104	0.214767	0.15636	0.222429	0.243911
0.12	0.73	0.5	0.27	0.12	0.88	0.88	0.27	0.98	0.12	0.27	0.73	0.12	0.12	0.5	0.5	0.27	0.27	0.27	0.5	0.31125	0.40375	0.375	0.27625	0.2175	0.29875	0.3475	0.31375	0.39875	0.26625	0.21375	0.3475	0.3325	0.1825	0.31375	0.55625	0.4825	0.2675	0.1675	0.4025	-3.2	-0.5	-1.38	-1	-1.52222	0.316	0.151367	0.2263	0.246157	0.304389
0.98	0.05	0.02	0.02	0.12	0.12	0.05	0.5	0.01	0.27	0.12	0.05	0.12	0.12	0.5	0.88	0.73	0.01	0.05	0.88	0.23125	0.4125	0.435	0.28875	0.245	0.375	0.4225	0.29	0.54875	0.21875	0.21375	0.46125	0.27625	0.23	0.43375	0.48	0.365	0.42125	0.27125	0.3075	-0.8	-1.63333	-1.26	-2.04286	-1.24444	0.1277	0.267733	0.27908	0.330571	0.298422
0.5	0.5	0.5	0.27	0.05	0.5	0.5	0.12	0.27	0.27	0.12	0.73	0.5	0.12	0.95	0.5	0.73	0.99	0.5	0.5	0.35125	0.37125	0.4375	0.29125	0.22	0.36125	0.42875	0.3525	0.53125	0.10625	0.1225	0.41	0.13375	0.11125	0.5025	0.5425	0.39875	0.2075	0.21375	0.355	-0.9	-1.86667	-2.46	-1.5	-1.46667	0.3595	0.356333	0.39714	0.336871	0.362978
0.5	0.73	0.5	0.5	0.12	0.5	0.5	0.88	0.73	0.05	0.05	0.73	0.27	0.12	0.27	0.88	0.27	0.12	0.27	0.12	0.39875	0.2575	0.39	0.24375	0.23	0.285	0.4	0.25375	0.36125	0.19375	0.2075	0.3525	0.19125	0.1725	0.6475	0.4375	0.40875	0.31625	0.2425	0.43125	-3.9	-2.76667	-1.96	-1.6	-0.544444	0.5818	0.514	0.40634	0.419786	0.360589
0.27	0.27	0.98	0.88	0.01	0.12	0.5	0.95	0.73	0.05	0.01	0.27	0.12	0.02	0.27	0.73	0.27	0.01	0.27	0.02	0.53125	0.33	0.36375	0.25875	0.12125	0.36625	0.43375	0.26	0.48	0.225	0.24375	0.425	0.2125	0.2	0.77	0.51875	0.5	0.33125	0.33375	0.47125	-3.5	-2.7	-1.44	-0.6	-1.17778	0.6007	0.514833	0.49896	0.416986	0.396544
0.27	0.12	0.5	0.12	0.27	0.12	0.27	0.05	0.73	0.27	0.12	0.5	0.05	0.5	0.98	0.5	0.5	0.98	0.73	0.5	0.55	0.34875	0.4525	0.35375	0.07625	0.375	0.44375	0.3725	0.44875	0.21625	0.21125	0.415	0.24	0.14	0.6525	0.5475	0.5475	0.17875	0.27625	0.36375	-0.7	-0.8	-0.5	-0.942857	-1.25556	0.362	0.517833	0.48634	0.446457	0.429689
0.5	0.12	0.5	0.27	0	0.27	0.5	0.12	0.12	0.05	0.27	0.27	0.12	0	1	0.12	0.27	0	0	0.27	0.405	0.3425	0.45	0.3325	0.09625	0.34125	0.40875	0.30125	0.525	0.3325	0.26875	0.44375	0.27875	0.2975	0.5875	0.4875	0.5	0.41875	0.48375	0.405	1.8	1.63333	-0.36	-1.37143	-0.7	0.5908	0.4164	0.43678	0.482857	0.428922
0.5	0.27	0.12	0.12	0.27	0.27	0.5	0.02	0.05	0.5	0.73	0.27	0.5	0.5	0.98	0.27	0.5	0.27	0.12	0.73	0.37625	0.3525	0.45	0.32375	0.0625	0.38875	0.38	0.305	0.5625	0.305	0.23	0.415	0.2025	0.25375	0.48625	0.525	0.49875	0.32375	0.42125	0.31875	3.8	0.8	-0.44	-0.214286	-0.677778	0.2964	0.407067	0.4395	0.417	0.429033
0.88	0.12	0.27	0.5	0.02	0.27	0.27	0.12	0.95	0.27	0.27	0.12	0.02	0.12	0.98	0.5	0.73	0.01	0.73	0.27	0.26875	0.295	0.36875	0.21375	0.07875	0.3275	0.34625	0.1825	0.37375	0.33	0.315	0.3425	0.22875	0.405	0.4525	0.3875	0.43875	0.46625	0.42125	0.36125	-3.2	-1.1	0.54	0.185714	-0.388889	0.334	0.4149	0.39126	0.382686	0.365967
0.27	0.73	0.73	0.27	0.02	0.95	0.73	0.27	0.73	0.27	0.12	0.88	0.27	0.12	0.27	0.5	0.88	0.02	0.27	0.12	0.3175	0.21875	0.195	0.13875	0.11125	0.26125	0.26	0.0475	0.40125	0.33875	0.42375	0.27625	0.245	0.52125	0.51375	0.35875	0.49625	0.5825	0.56875	0.41125	-3.9	-0.966667	0.04	0.1	0.422222	0.6143	0.356367	0.3452	0.333	0.321911
0.05	0	0	0	0.01	0	0	0	0.01	0.98	0.73	0.05	0.5	0.88	0	0.02	0.12	0.95	0.98	0.98	0.31375	0.4175	0.23	0.16	0.07875	0.45625	0.3325	0.09	0.51	0.25	0.3475	0.44125	0.225	0.3975	0.43125	0.35875	0.5625	0.40625	0.40375	0.2475	4.2	-0.133333	-0.98	0.385714	0.111111	0.1208	0.3652	0.28876	0.277771	0.305589
0.27	0.73	0.12	0.05	0.05	0.88	0.27	0.05	0.5	0.5	0.27	0.5	0.27	0.27	0.12	0.95	0.95	0.5	0.12	0.27	0.22625	0.32625	0.27625	0.24375	0.07375	0.31875	0.3275	0.16	0.44875	0.30375	0.3725	0.36625	0.245	0.47375	0.325	0.26125	0.4275	0.465	0.51125	0.30375	-0.7	0.733333	0.42	-0.657143	-0.477778	0.3605	0.165167	0.2628	0.266157	0.305267
0.02	0.12	0	0	0	0.01	0	0	0.12	0.02	0.27	0	0	0.95	0	0.01	0.02	1	0.88	0	0.22875	0.38375	0.3675	0.345	0.1375	0.4	0.36125	0.28875	0.5525	0.30125	0.28125	0.41	0.21625	0.32625	0.2325	0.4075	0.4875	0.36875	0.40125	0.2475	-1.3	0.6	0.5	-0.7	-0.944444	0.0142	0.192967	0.18296	0.302429	0.353378
0.05	0.27	0.05	0.05	0.27	0.27	0.27	0.02	0.73	0.12	0.73	0.5	0.5	0.95	0.05	0.5	0.88	0.95	0.99	0.27	0.13	0.44125	0.39	0.31	0.1025	0.44375	0.40375	0.28625	0.44875	0.27	0.19625	0.45125	0.185	0.3125	0.16625	0.34625	0.35125	0.375	0.3025	0.2425	3.8	-0.333333	-1.04	-0.2	-1.02222	0.2042	0.1445	0.27638	0.318871	0.395033
0.02	0.98	0.05	0.02	0	0.73	0.12	0.12	0.88	0.27	0.12	0.99	0.12	0.27	0.05	0.02	0.27	0.5	0.12	0.05	0.1625	0.32375	0.3325	0.31375	0.14875	0.33	0.44125	0.27375	0.35375	0.25125	0.29125	0.37125	0.2325	0.38875	0.25125	0.435	0.38	0.4625	0.3925	0.3175	-3.5	-1.06667	-0.98	-1.35714	-0.977778	0.2151	0.335733	0.35016	0.402886	0.393722
0.02	0.12	0.99	0.99	0	0.05	0.73	0.73	0.12	0	0.01	0.12	0.05	0	0.27	0.27	0.02	0.02	0	0.01	0.17125	0.49375	0.2175	0.195	0.15375	0.43	0.38	0.2	0.4625	0.2725	0.33625	0.48875	0.27	0.4225	0.23875	0.41625	0.41125	0.40625	0.3	0.31	-3.5	-2.46667	-1.5	-1.75714	-1.94444	0.5879	0.5108	0.4891	0.437457	0.400767
0.27	0.12	0.73	0.88	0.73	0.05	0.5	1	0.5	0	0	0.12	0	0	0.12	0.5	0.05	0	0	0.01	0.14	0.5125	0.26875	0.265	0.05875	0.41125	0.46625	0.2225	0.47125	0.21625	0.31875	0.53625	0.27625	0.395	0.3525	0.36	0.35125	0.34875	0.3	0.2825	-0.4	-2.6	-2.96	-2.21429	-2.3	0.7294	0.6754	0.56876	0.461743	0.429911
0.12	0.73	0.5	0.27	0.01	0.88	0.88	0.12	0.73	0.12	0.05	0.95	0.27	0.01	0.5	0.5	0.5	0.01	0.05	0.5	0.19	0.43625	0.33125	0.35625	0.15125	0.32125	0.4525	0.395	0.46125	0.26125	0.37	0.46625	0.27625	0.39375	0.42375	0.42125	0.32625	0.22875	0.275	0.28375	-3.9	-2.6	-3.16	-3.31429	-2.3	0.7089	0.680267	0.56258	0.521543	0.480578
0.5	0.5	0.27	0.27	0.12	0.5	0.88	0.27	0.12	0.27	0.27	0.73	0.27	0.05	0.95	0.73	0.5	0.27	0.12	0.5	0.17	0.465	0.41625	0.38375	0.10625	0.445	0.48125	0.43625	0.50875	0.26125	0.26625	0.465	0.22875	0.36125	0.42375	0.44	0.27875	0.1875	0.205	0.28375	-3.5	-3.96667	-3.24	-3	-2.41111	0.6025	0.498533	0.56956	0.557986	0.5125
0.12	0.5	0.02	0.02	0.05	0.12	0.12	0.02	0.12	0.88	0.98	0.12	0.73	0.88	0.12	0.12	0.12	0.02	0.12	0.88	0.24875	0.405	0.55125	0.475	0.13	0.4925	0.595	0.54375	0.5225	0.16625	0.16875	0.48	0.15875	0.23	0.58375	0.605	0.32625	0.17125	0.2525	0.245	-4.5	-3.96667	-3.42	-2.1	-2.37778	0.1842	0.469833	0.51772	0.544214	0.545567
0.27	0.88	0.27	0.5	0.02	0.73	0.73	0.5	0.95	0.05	0.12	0.88	0.27	0.05	0.88	0.73	0.5	0.02	0.12	0.05	0.26125	0.405	0.45875	0.35375	0.14875	0.50125	0.51875	0.48375	0.51375	0.285	0.29	0.4325	0.225	0.3675	0.54625	0.605	0.31	0.2025	0.315	0.3625	-3.9	-3.23333	-2.08	-2.5	-2.34444	0.6228	0.425733	0.47424	0.513257	0.544178
0.27	0.12	0.27	0.12	0.02	0.12	0.27	0.5	0.27	0.5	0.73	0.27	0.27	0.95	0.95	0.5	0.27	0.05	0.73	0.5	0.26125	0.595	0.48625	0.3825	0.05875	0.6625	0.57625	0.42125	0.57	0.23125	0.21625	0.55625	0.23125	0.28875	0.52875	0.68125	0.42375	0.205	0.245	0.32	-1.3	-0.8	-2.02	-2.4	-2.68889	0.4702	0.528167	0.45628	0.494186	0.510556
0.27	0.27	0.5	0.27	0.02	0.88	0.5	0.5	0.5	0.27	0.12	0.27	0.12	0.73	0.5	0.88	0.5	0.88	0.5	0.27	0.3375	0.57625	0.48625	0.36375	0.0725	0.54875	0.47125	0.51625	0.54125	0.25125	0.28875	0.4525	0.21875	0.33	0.585	0.69	0.395	0.21	0.27375	0.28875	2.8	-0.566667	-1.76	-2.4	-2.34444	0.4915	0.491467	0.53452	0.469086	0.453433
0.27	0.5	0.88	0.5	0.12	0.73	0.27	0.73	0.99	0.12	0.05	0.5	0.02	0.05	0.5	0.73	0.27	0.12	0.5	0.12	0.29	0.5475	0.52375	0.3925	0.05125	0.5675	0.48125	0.46875	0.5275	0.25125	0.27875	0.395	0.23125	0.41	0.5	0.7275	0.48	0.2725	0.2925	0.26	-3.2	-1.2	-1.68	-1.87143	-2.34444	0.5127	0.526533	0.49532	0.4706	0.418578
0.27	0.5	0.5	0.5	0.12	0.73	0.73	0.73	0.88	0.12	0.12	0.5	0.12	0.27	0.73	0.88	0.27	0.27	0.5	0.12	0.27625	0.48625	0.56875	0.39	0.045	0.5525	0.40875	0.46625	0.5325	0.15625	0.2725	0.38	0.1425	0.39625	0.45625	0.695	0.46625	0.25125	0.3875	0.18375	-3.2	-3.3	-1.58	-1.81429	-1.53333	0.5754	0.504967	0.44024	0.422886	0.401489
0.27	0.88	0.95	0.73	0.01	0.73	0.5	0.5	0.27	0.02	0.02	0.5	0.05	0.27	0.05	0.88	0.73	0.05	0.05	0.12	0.2575	0.42	0.54125	0.305	0.07125	0.495	0.40875	0.435	0.6	0.25375	0.3325	0.30375	0.18	0.4525	0.49375	0.695	0.45625	0.27875	0.49125	0.24	-3.5	-2.5	-2.84	-1.22857	-1.45556	0.4268	0.399	0.3997	0.360057	0.369189
0.73	0.73	0.73	0.27	0.12	0.73	0.27	0.88	0.73	0.05	0.02	0.12	0.02	0.12	0.5	0.95	0.5	0.88	0.05	0.02	0.1675	0.42375	0.53625	0.3475	0.055	0.48	0.40375	0.325	0.50875	0.3125	0.36	0.31875	0.26	0.415	0.31875	0.625	0.45375	0.16875	0.40125	0.3	-0.8	-2.6	-1.64	-2.08571	-0.811111	0.1948	0.303467	0.30324	0.337286	0.320456
0.12	0.5	0.95	0.73	0.05	0.5	0.73	0.12	0.5	0.12	0.12	0.5	0.27	0.01	0.27	0.88	0.95	0.01	0.27	0.12	0.24375	0.52875	0.48	0.29	0.07625	0.49	0.34625	0.42	0.585	0.27625	0.36625	0.3	0.2475	0.34375	0.40375	0.615	0.3975	0.16875	0.345	0.26875	-3.5	-0.5	-1.64	-0.985714	-1.3	0.2888	0.171333	0.25458	0.268557	0.320789
0.01	0.01	0	0	0	0	0	0	0.05	0.12	1	0	0.12	0.99	0	0.01	0.01	0	0.88	0.27	0.2575	0.61875	0.61125	0.41	0.06875	0.5525	0.4375	0.3775	0.58	0.26375	0.25125	0.39125	0.27	0.22125	0.485	0.72375	0.515	0.155	0.22125	0.24125	2.8	-1.3	-0.04	-0.757143	-1.37778	0.0304	0.2171	0.17554	0.257	0.328289
0.12	0.73	0.5	0.05	0.12	0.27	0.5	0.02	0.88	0.73	0.5	0.27	0.5	0.5	0.5	0.73	0.88	0.02	0.5	0.5	0.32875	0.4675	0.48625	0.3425	0.04	0.42875	0.285	0.28625	0.36625	0.2825	0.36125	0.2975	0.27	0.25	0.34625	0.53	0.435	0.11875	0.20625	0.32125	-3.2	1.36667	-0.2	-0.814286	-0.822222	0.3321	0.131367	0.23548	0.278914	0.267222
0.01	0	0.01	0	0	0	0	0	0	1	0.95	0.01	0.88	0.5	0	0.01	0.02	0	0.01	0.88	0.3425	0.54	0.52	0.2725	0.06875	0.48125	0.31875	0.28875	0.44875	0.2475	0.305	0.35875	0.25	0.2175	0.40375	0.62	0.57375	0.13	0.26375	0.2925	4.5	-0.1	-0.28	-0.442857	-0.511111	0.0316	0.286067	0.29376	0.254771	0.266178
0.27	0.88	0.27	0.27	0.12	0.73	0.5	0.5	0.88	0.05	0.27	0.5	0.27	0.05	0.95	0.73	0.5	0.01	0.27	0.12	0.28125	0.44875	0.41125	0.22	0.04125	0.36125	0.285	0.1225	0.31	0.39375	0.47875	0.37375	0.3575	0.35	0.3325	0.445	0.485	0.03375	0.2875	0.4475	-1.6	-0.333333	-0.48	-0.0428571	-9.86865e-17	0.4945	0.368767	0.29284	0.273143	0.303767
0.27	0.73	0.98	0.73	0.01	0.73	0.27	0.27	0.5	0.02	0.01	0.73	0.05	0.05	0.88	0.73	0.27	0	0.12	0.05	0.3575	0.4675	0.295	0.1625	0.05125	0.36125	0.345	0.17	0.3575	0.38875	0.49875	0.345	0.3575	0.35125	0.31375	0.45375	0.42875	0.09625	0.27875	0.44375	-3.9	-1.23333	0.02	0.1	-0.0444444	0.5802	0.366833	0.3099	0.344957	0.3528
0.95	0.01	0	0.01	0.01	0.01	0.01	0.02	0	0.88	0.5	0.02	0.5	0.01	0.12	0.05	0.5	0	0	0.99	0.2775	0.5625	0.45125	0.3775	0.05125	0.5425	0.41125	0.20125	0.53875	0.26625	0.31375	0.43625	0.2925	0.2325	0.40875	0.5525	0.4	0.09875	0.19	0.2925	1.8	-0.933333	-0.12	0	-0.744444	0.0258	0.341133	0.4102	0.401814	0.361333
0.27	0.73	0.73	0.12	0.12	0.88	0.27	0.5	0.05	0.01	0.02	0.73	0.27	0.01	0.01	0.88	0.98	0.12	0.02	0.27	0.4575	0.49125	0.36	0.3725	0.02375	0.4625	0.4075	0.20125	0.42875	0.28625	0.31375	0.3475	0.2925	0.185	0.3625	0.48	0.32125	0.08125	0.15875	0.32625	-0.7	1.63333	-0.58	-1.14286	-0.477778	0.4174	0.325433	0.45732	0.412614	0.363656
0.5	0.88	0.12	0.12	0.02	0.5	0.5	0.05	0.5	0.27	0.73	0.73	0.27	0.73	0.88	0.27	0.27	0.12	0.5	0.5	0.4425	0.4725	0.4375	0.375	0.03625	0.51625	0.38	0.3825	0.37875	0.12875	0.10625	0.3475	0.1825	0.0325	0.25375	0.5575	0.41375	0.19125	0.0975	0.1875	3.8	-0.266667	-0.5	-1.02857	-1.02222	0.5331	0.5602	0.36272	0.3924	0.382678
0.73	0.5	0.73	0.73	0.02	0.5	0.98	0.27	0.5	0.05	0.02	0.5	0.05	0.02	0.05	0.95	0.27	0.5	0.05	0.02	0.41375	0.4725	0.44625	0.3275	0.0275	0.4875	0.34875	0.295	0.3025	0.2125	0.195	0.37625	0.2675	0.12125	0.24125	0.4725	0.47	0.205	0.15375	0.295	-3.9	-1.2	-1.02	-0.528571	-0.933333	0.7301	0.4568	0.42816	0.338486	0.376167
0.05	0.05	0.27	1	0	0.73	0.27	0	1	0	0.01	0.02	0.05	0	0	0.12	0.01	0.02	0.05	0	0.465	0.4375	0.38125	0.2025	0.02875	0.3675	0.40375	0.295	0.18375	0.2175	0.195	0.345	0.26125	0.2275	0.1375	0.485	0.46875	0.3275	0.26375	0.29375	-3.5	-2.73333	-0.96	-0.9	-0.644444	0.1072	0.396767	0.38524	0.397071	0.312578
0.88	0.88	0.5	0.12	0.01	0.5	0.73	0.5	0.05	0.02	0.02	0.27	0.27	0.12	0.02	0.98	0.73	0	0.27	0.05	0.27625	0.45125	0.415	0.3175	0.04125	0.48625	0.4075	0.23625	0.39375	0.13875	0.13375	0.345	0.205	0.245	0.12125	0.48125	0.43875	0.3925	0.3275	0.22625	-0.8	-1.56667	-1.88	-0.985714	-0.533333	0.353	0.221	0.3658	0.338571	0.330111
0.12	0	0.02	0.02	0	0.05	0.01	1	0.05	0	0	0.01	0	0	0	0.02	0.05	0.88	0	0	0.3375	0.47	0.385	0.315	0.1525	0.4325	0.46375	0.11125	0.3875	0.1425	0.13375	0.28625	0.205	0.25875	0.1225	0.49125	0.40125	0.2675	0.36	0.205	-0.4	-0.666667	-1.36	-1.12857	-0.177778	0.2028	0.330567	0.22136	0.288643	0.283956
0.27	0.5	0.95	0.5	0.05	0.5	0.73	0.02	0.27	0.5	0.27	0.5	0.73	0.05	0.02	0.73	0.95	0.5	0.27	0.5	0.27125	0.38875	0.2875	0.24625	0.20625	0.405	0.42125	0.23375	0.36	0.1375	0.02375	0.19625	0.1425	0.22375	0.0125	0.46	0.34625	0.315	0.37375	0.19	-0.8	-0.833333	-0.1	-0.214286	-1.1	0.4359	0.215533	0.23664	0.184629	0.248944
0	0	0	0	0	0	0	0	0.05	0.01	0	0	0	0.88	0	0	0	0.5	1	0.02	0.33875	0.395	0.32125	0.21875	0.21125	0.4075	0.39125	0.3125	0.35875	0.19875	0.06125	0.1975	0.23375	0.11875	0.02375	0.46625	0.465	0.2525	0.31	0.33875	-1.3	0.233333	0.56	-0.357143	-0.711111	0.0079	0.209133	0.16644	0.200457	0.169244
0.27	0.95	0.5	0.05	0.12	0.73	0.5	0.05	0.73	0.27	0.02	0.27	0.27	0.27	0.01	0.88	0.98	0.5	0.73	0.5	0.3325	0.3325	0.25875	0.1025	0.21125	0.31625	0.3575	0.3125	0.2675	0.22875	0.09125	0.22375	0.25625	0.22875	0.025	0.45125	0.45125	0.28375	0.45625	0.34125	2.8	1.33333	-0.26	-0.3	0.1	0.1836	0.0645	0.16948	0.151857	0.197967
0	0	0.01	0	1	0	0	0	0	0.02	0	0	0	0	0	0	0	0	0.01	0.05	0.25875	0.34375	0.3825	0.1275	0.1025	0.35125	0.34375	0.27125	0.3675	0.34875	0.125	0.23	0.27125	0.31	0.025	0.4725	0.51625	0.34625	0.575	0.45375	2.5	0.266667	-0.18	0.3	0.655556	0.002	0.134533	0.08486	0.175129	0.177756
0.12	0.73	0.27	0.05	0.5	0.73	0.88	0.05	0.5	0.73	0.12	0.5	0.5	0.5	0.02	0.73	0.73	0.12	0.88	0.88	0.29125	0.34375	0.4575	0.21	0.1675	0.345	0.32375	0.25	0.31375	0.275	0.125	0.22875	0.2425	0.25	0.085	0.47	0.48125	0.2275	0.46875	0.365	-4.5	-0.8	0.84	1.01429	0.655556	0.218	0.0776	0.15642	0.1373	0.2343
1	0.05	0.05	0.01	0.01	0.02	0.01	0.88	0.27	0.05	0.05	0.01	0.05	0.01	0.12	0.27	0.27	0	0.27	0.73	0.2575	0.47625	0.4575	0.18625	0.225	0.43375	0.35625	0.1775	0.4275	0.3125	0.115	0.3375	0.2225	0.32	0.10375	0.5275	0.45375	0.18125	0.545	0.4125	-0.4	-0.366667	1.12	1.14286	0.655556	0.0128	0.198833	0.15392	0.237843	0.259889
0.27	0.5	0.27	0.12	0.12	0.73	0.5	0.05	0.95	0.5	0.27	0.5	0.5	0.27	0.02	0.88	0.88	0.27	0.95	0.5	0.41125	0.51125	0.4925	0.20625	0.22625	0.37875	0.31	0.39125	0.39875	0.28875	0.12125	0.31	0.2	0.1925	0.17875	0.5425	0.4875	0.1	0.36875	0.50125	3.8	2.53333	0.54	0.628571	0.366667	0.3657	0.1832	0.29586	0.306786	0.315422
0.02	0.02	1	0.27	0.02	0.05	0.12	0.12	0.12	0.73	0.27	0.05	0.12	0.5	0.01	0.27	0.27	0	0.5	0.5	0.4425	0.515	0.3725	0.24375	0.225	0.435	0.38625	0.495	0.47375	0.24125	0.13375	0.395	0.2475	0.13625	0.2975	0.57125	0.475	0.0725	0.3675	0.45375	4.2	2.53333	1.28	-0.285714	-0.333333	0.1711	0.416167	0.3855	0.379029	0.364867
0.5	0.73	0.88	0.73	0.02	0.73	0.73	0.88	0.12	0.12	0.12	0.5	0.27	0.02	0.5	0.73	0.5	0.05	0.02	0.12	0.41625	0.48875	0.42	0.20125	0.13375	0.4125	0.3725	0.415	0.58375	0.3775	0.215	0.40125	0.29125	0.25875	0.29875	0.57625	0.50875	0.12875	0.545	0.58625	-0.4	1	0.58	-0.142857	-0.144444	0.7117	0.516333	0.48448	0.437686	0.3978
0.88	0.88	0.73	0.27	0.02	0.5	0.12	0.27	0.95	0.12	0.12	0.88	0.12	0.12	0.27	0.73	0.27	0.01	0.27	0.73	0.445	0.47	0.4675	0.315	0.0775	0.4125	0.43	0.51875	0.4325	0.32	0.23375	0.35375	0.31	0.19875	0.3875	0.595	0.5375	0.18125	0.41875	0.43375	-0.8	-1.7	-0.88	0.514286	0.266667	0.6662	0.628533	0.53706	0.478486	0.4279
0.5	0.73	0.5	0.27	0.12	0.27	0.12	0.88	0.5	0.27	0.27	0.27	0.27	0.12	0.5	0.73	0.88	0.12	0.27	0.5	0.45875	0.57375	0.505	0.31625	0.07	0.445	0.4625	0.33375	0.48875	0.29625	0.21	0.4625	0.2875	0.1975	0.34375	0.68625	0.46125	0.17	0.39125	0.38625	-3.9	-2.73333	-0.88	-0.142857	0.222222	0.5077	0.600833	0.56252	0.496086	0.439844
0.27	0.5	0.27	0.5	0.01	0.5	0.73	0.95	0.5	0.12	0.12	0.5	0.27	0.05	0.95	0.5	0.27	0.01	0.27	0.12	0.545	0.63125	0.59125	0.3825	0.1025	0.41625	0.43375	0.3525	0.4325	0.2675	0.20125	0.4625	0.25875	0.20625	0.31875	0.69625	0.49	0.15125	0.275	0.3775	-3.5	-1.06667	-0.96	-0.857143	-0.588889	0.6286	0.478233	0.51796	0.488829	0.463267
0.27	0.5	0.27	0.12	0.27	0.5	0.5	0.12	0.88	0.5	0.5	0.5	0.5	0.5	0.5	0.5	0.5	0.5	0.95	0.73	0.605	0.64375	0.5	0.41125	0.06875	0.41625	0.51	0.45625	0.385	0.14375	0.135	0.51875	0.23	0.1025	0.49625	0.75375	0.55	0.09	0.1425	0.2725	4.2	-0.0333333	-0.96	-1.3	-1.13333	0.2984	0.471967	0.40878	0.469514	0.499844
0.73	0.73	0.5	0.5	0.05	0.5	0.73	0.27	0.12	0.27	0.27	0.5	0.5	0.12	0.5	0.88	0.73	0.5	0.12	0.27	0.57625	0.53	0.3625	0.27375	0.09625	0.33125	0.39125	0.33375	0.47125	0.2675	0.25875	0.45875	0.23	0.2575	0.435	0.63	0.4925	0.085	0.30625	0.4375	-0.8	0.866667	-0.88	-1.28571	-0.622222	0.4889	0.302533	0.42254	0.445814	0.432356
0.73	0.73	0.12	0.02	0.05	0.05	0.27	0.01	0.27	0.01	0.01	0.27	0.02	0	0	1	0.27	0.02	0.05	0.12	0.5	0.51125	0.42875	0.3625	0.09625	0.41625	0.525	0.335	0.3675	0.31875	0.29125	0.46875	0.30875	0.2725	0.4975	0.615	0.635	0.235	0.34375	0.38	-0.8	-1.7	-0.32	-0.128571	-0.922222	0.1203	0.395233	0.39688	0.388186	0.412489
0.73	0.73	0.73	0.88	0.27	0.73	0.88	0.27	0.5	0.12	0.05	0.73	0.27	0.27	0.27	0.73	0.5	0.01	0.02	0.05	0.44	0.42	0.29	0.22125	0.05375	0.2975	0.43375	0.1925	0.27875	0.395	0.375	0.3775	0.335	0.23875	0.40125	0.5575	0.49875	0.22125	0.32875	0.44875	-3.5	-1.66667	-0.32	-0.128571	0.0111111	0.5765	0.399033	0.35806	0.368014	0.362211
0.5	0.12	0.27	0.12	0.01	0.05	0.5	0.12	0.12	0.12	0.12	0.5	0.12	0.12	0.98	0.73	0.98	0	0.12	0.27	0.46875	0.4675	0.3475	0.26875	0.08625	0.41125	0.42375	0.09375	0.2975	0.47125	0.36625	0.40625	0.3825	0.2575	0.195	0.5575	0.52875	0.28375	0.2975	0.4975	-0.7	0	-0.86	-0.0857143	0.322222	0.5003	0.3937	0.35776	0.333271	0.344289
0.73	0.05	0.01	0.01	0.02	0.05	0.01	0.05	0.05	0.88	0.88	0.02	0.27	0.88	0.01	0.12	0.27	0.01	0.5	0.98	0.4125	0.41375	0.34625	0.2675	0.05125	0.34875	0.42375	0.0875	0.19625	0.42375	0.215	0.40375	0.3025	0.1	0.255	0.57125	0.5575	0.22	0.13125	0.4425	4.2	0	0.2	-0.0714286	0.355556	0.1043	0.364	0.34474	0.330186	0.323978
0.27	0.73	0.88	0.5	0.02	0.73	0.73	0.02	0.27	0.27	0.12	0.73	0.27	0.12	0.27	0.73	0.95	0.73	0.5	0.12	0.39375	0.27125	0.18125	0.14625	0.1075	0.325	0.3525	0.05875	0.1875	0.5575	0.31	0.3625	0.27375	0.18625	0.16125	0.4	0.4725	0.0675	0.11875	0.62625	-3.5	1.73333	0.76	0.685714	0.366667	0.4874	0.215633	0.3229	0.329514	0.336933
0.02	0	0	0	0	0	0	0	0.02	0.99	0.98	0	0.73	0.12	0	0	0.02	0	0.12	0.98	0.3675	0.305	0.2825	0.31625	0.10375	0.50125	0.535	0.075	0.2	0.46625	0.20125	0.51125	0.215	0.18625	0.21	0.4575	0.57	0.15625	0.175	0.50375	4.5	0.1	1.8	1.08571	0.0666667	0.0552	0.336633	0.24596	0.333657	0.410789
0.27	0.27	0.27	0.12	0.01	0.73	0.27	0.01	0.27	0.73	0.12	0.5	0.5	0.05	0.01	0.5	0.99	0.5	0.12	0.73	0.3675	0.1825	0.16375	0.19375	0.07125	0.32125	0.39375	0.16375	0.10875	0.485	0.30375	0.36	0.2125	0.1625	0.1775	0.41375	0.3925	0.09375	0.17375	0.53125	-0.7	2.76667	0.82	0.685714	0.411111	0.4673	0.2127	0.3462	0.374329	0.4646
