0.27	0.05	0.02	0.02	0.12	0.05	0.05	0.02	0.02	0.98	0.5	0.05	0.5	0.27	0.05	0.05	0.27	0.02	0.12	0.99	0.22375	0.3875	0.395	0.32375	0.09125	0.37	0.3975	0.07375	0.345	0.5025	0.39375	0.40875	0.32	0.3625	0.08125	0.31125	0.49	0.12375	0.2575	0.46875	4.2	0.1	1.52	1.17143	0.133333	0.0208	0.167667	0.13506	0.215271	0.274633
0.27	0.12	0.27	0.05	0.12	0.12	0.12	0.05	0.88	0.95	0.5	0.12	0.5	0.73	0.05	0.27	0.95	0.05	0.27	0.88	0.2425	0.455	0.3825	0.23	0.095	0.3325	0.3575	0.07	0.32625	0.51	0.3975	0.42875	0.32875	0.30875	0.185	0.255	0.43375	0.12375	0.26625	0.4825	-3.2	1.26667	1.52	1.22857	0.0222222	0.2061	0.0828667	0.15242	0.1472	0.246344
0.05	0.05	0.02	0.02	0.05	0.05	0.02	0.02	0.27	0.27	0.73	0.02	0.27	1	0.02	0.05	0.05	0.73	0.99	0.12	0.25125	0.3875	0.47125	0.32375	0.18875	0.34125	0.37	0.0925	0.4025	0.53875	0.34125	0.3525	0.38625	0.275	0.18875	0.31125	0.48875	0.035	0.1675	0.52125	2.8	1.36667	0.96	-0.0571429	0.0666667	0.0217	0.155067	0.12074	0.210329	0.265333
0.27	0.27	0.02	0.02	0.12	0.05	0.05	0.02	0.05	0.98	0.73	0.12	0.5	0.73	0.05	0.05	0.27	0.05	0.27	0.98	0.22375	0.36875	0.56	0.33625	0.1525	0.35	0.375	0.215	0.4425	0.33	0.2525	0.3675	0.2725	0.2775	0.24125	0.35875	0.4425	0.12	0.24875	0.2975	4.5	1.26667	-0.78	-0.457143	-0.477778	0.2374	0.1256	0.23508	0.280186	0.322722
0.27	0.73	0.95	0.95	0.05	0.73	0.73	0.12	0.73	0.27	0.12	0.5	0.12	0.05	0.12	0.5	0.5	0.02	0.12	0.12	0.2525	0.2925	0.3675	0.24875	0.16125	0.3125	0.3375	0.27875	0.3575	0.4275	0.3375	0.28875	0.32	0.39	0.2325	0.33125	0.395	0.1275	0.2675	0.42375	-3.5	-1.16667	-0.84	-1.11429	-0.788889	0.1177	0.315867	0.34688	0.372514	0.353667
0.27	0.88	0.88	0.27	0.05	0.5	0.73	0.12	0.98	0.05	0.05	0.73	0.12	0.05	0.95	0.27	0.5	0.05	0.27	0.05	0.2525	0.3775	0.4075	0.4225	0.14875	0.42625	0.45375	0.3675	0.3575	0.33875	0.29	0.345	0.2725	0.35875	0.1375	0.41625	0.4525	0.12375	0.24	0.32375	-4.5	-3.83333	-1.48	-1.15714	-1.33333	0.5925	0.491767	0.47596	0.4223	0.418044
0.12	0.12	0.73	0.99	0.73	0.73	0.73	0.27	0.27	0.05	0.05	0.27	0.5	0.05	0.12	0.73	0.27	0.02	0.05	0.05	0.27125	0.5675	0.4075	0.34125	0.055	0.445	0.4725	0.34875	0.45875	0.31125	0.31875	0.47875	0.25375	0.35875	0.24125	0.35875	0.425	0.13625	0.325	0.27625	-3.5	-2.8	-3.08	-1.65714	-0.555556	0.7651	0.6749	0.5394	0.504943	0.424544
0.27	0.12	0.73	0.12	0.05	0.12	0.12	1	0.12	0.02	0.02	0.27	0.05	0.02	0.5	0.5	0.12	0.05	0.05	0.05	0.30875	0.57625	0.43875	0.48125	0.14875	0.60625	0.65625	0.27	0.4775	0.315	0.265	0.51	0.33875	0.3	0.31	0.4725	0.5475	0.0475	0.21625	0.32375	-0.4	-2.46667	-2.52	-1.75714	-0.944444	0.6671	0.662267	0.6359	0.508829	0.487567
0.5	0.73	0.27	0.5	0.05	0.88	0.88	0.73	0.27	0.12	0.12	0.73	0.12	0.27	0.12	0.73	0.73	0.05	0.12	0.27	0.28	0.4725	0.5	0.43375	0.2525	0.51125	0.56125	0.30375	0.45875	0.29875	0.2525	0.47125	0.33	0.2875	0.3575	0.4525	0.5	0.05625	0.23625	0.2925	-3.5	-1.53333	-0.86	-1.35714	-1.52222	0.5546	0.6073	0.57032	0.576143	0.476678
0.27	0.88	0.27	0.73	0.02	0.73	0.98	0.73	0.27	0.05	0.05	0.73	0.12	0.02	0.12	0.5	0.73	0.02	0.05	0.12	0.29	0.425	0.4725	0.405	0.2525	0.53	0.57625	0.30375	0.45875	0.27625	0.24875	0.51875	0.32125	0.315	0.3575	0.48125	0.52875	0.06	0.23625	0.3025	-0.7	-0.133333	-0.3	-0.814286	-1.56667	0.6002	0.473133	0.53508	0.511414	0.536478
0.27	0.88	0.12	0.12	0.05	0.5	0.27	0.05	0.98	0.73	0.73	0.73	0.73	0.73	0.05	0.27	0.5	0.12	0.73	0.5	0.375	0.32125	0.3875	0.45375	0.305	0.5025	0.58	0.4925	0.25375	0.2475	0.19125	0.4425	0.26375	0.22625	0.25375	0.51	0.5575	0.04375	0.12375	0.3675	3.8	0.8	-0.36	-0.871429	-1.11111	0.2646	0.484567	0.42954	0.495814	0.475211
0.5	0.12	0.27	0.27	0.12	0.73	0.88	0.12	0.27	0.27	0.27	0.27	0.5	0.5	0.95	0.73	0.88	0.05	0.12	0.5	0.39375	0.46375	0.36875	0.345	0.23875	0.47375	0.50375	0.465	0.32375	0.3325	0.24875	0.585	0.26375	0.25125	0.25	0.395	0.51	0.0525	0.2	0.37625	-0.7	0.8	-0.44	-0.871429	-1.15556	0.5889	0.330967	0.4498	0.406386	0.455589
0.27	0.05	0.05	0.02	0.95	0.05	0.05	0.02	0.05	0.95	0.73	0.27	0.5	0.88	0.05	0.12	0.5	0.12	0.5	0.95	0.45125	0.52	0.33875	0.42375	0.19125	0.5775	0.7025	0.3675	0.35125	0.33625	0.2225	0.61375	0.29125	0.21625	0.39125	0.47125	0.63375	0.04375	0.16125	0.405	-0.7	-1.76667	-0.38	-0.928571	-0.611111	0.1394	0.4614	0.33798	0.411229	0.440833
0.12	0.5	0.73	0.95	0.02	0.73	0.95	0.12	0.73	0.02	0.02	0.88	0.05	0.02	0.12	0.5	0.73	0.02	0.05	0.05	0.44125	0.37875	0.2825	0.3075	0.30375	0.38875	0.48625	0.38875	0.23875	0.43875	0.2975	0.4525	0.335	0.2925	0.37375	0.36625	0.52	0.0525	0.205	0.48625	-3.9	-1.66667	-1.92	-0.185714	-0.266667	0.6559	0.2788	0.40276	0.401814	0.451244
0.95	0.05	0.05	0.05	0.5	0.05	0.05	0.95	0.05	0.5	0.27	0.12	0.27	0.05	0.05	0.27	0.5	0.02	0.05	0.95	0.3375	0.35875	0.3675	0.4475	0.2475	0.4925	0.595	0.25625	0.32375	0.3875	0.29375	0.51875	0.355	0.2925	0.3825	0.395	0.49125	0.05625	0.205	0.3925	-0.4	-2.73333	-0.88	-0.785714	-0.577778	0.0411	0.4285	0.39184	0.456629	0.411067
0.5	0.5	0.73	0.27	0.27	0.73	0.73	0.12	0.12	0.27	0.05	0.95	0.27	0.02	0.99	0.27	0.27	0.02	0.05	0.12	0.39375	0.255	0.3775	0.43875	0.285	0.37875	0.51	0.36875	0.22625	0.34	0.26375	0.415	0.27875	0.22	0.27375	0.47125	0.58	0.0475	0.205	0.44875	-3.9	0.0666667	-0.82	-1.18571	-1.08889	0.5885	0.387967	0.49362	0.406586	0.390667
0.5	0.5	0.27	0.5	0.5	0.27	0.88	0.12	0.12	0.73	0.27	0.5	0.27	0.12	0.73	0.5	0.73	0.05	0.12	0.73	0.34625	0.24625	0.40375	0.37875	0.25625	0.35125	0.38375	0.35625	0.195	0.37125	0.32125	0.44375	0.3075	0.17875	0.19375	0.3575	0.44625	0.04375	0.19625	0.42875	4.5	0.0666667	-0.74	-1.2	-0.588889	0.5343	0.590367	0.41016	0.398243	0.325744
0.27	0.05	0.5	0.5	0.02	0.05	0.05	1	0.05	0.01	0.01	0.05	0.02	0.02	0.05	0.27	0.05	0.02	0.02	0.02	0.375	0.3025	0.37125	0.37875	0.2125	0.37875	0.4875	0.24625	0.20375	0.405	0.38625	0.4725	0.4	0.115	0.275	0.3775	0.48375	0.03875	0.16125	0.46125	-0.4	0.2	-0.82	-0.1	-0.0888889	0.6483	0.473733	0.41814	0.3052	0.316356
0.27	0.27	0.27	0.95	0.05	0.88	0.95	0.5	0.27	0.12	0.27	0.5	0.5	0.05	0.12	0.5	0.27	0.05	0.05	0.27	0.375	0.24625	0.41875	0.32625	0.24	0.3025	0.375	0.30875	0.1475	0.395	0.3575	0.34	0.34875	0.115	0.26625	0.32	0.4275	0.03875	0.21375	0.4575	-3.5	-1.56667	0.72	0.5	-0.0444444	0.2386	0.322633	0.30136	0.307171	0.289833
0.27	0.5	0.88	0.27	0.12	0.27	0.27	0.12	0.27	0.12	0.27	0.73	0.12	0.12	0.12	0.88	0.98	0.05	0.73	0.12	0.36625	0.22625	0.35125	0.41125	0.2025	0.3875	0.46875	0.27125	0.1475	0.42375	0.38625	0.31125	0.425	0.115	0.275	0.33	0.3675	0.0425	0.1375	0.47625	-0.8	-0.166667	0.58	0.557143	0.466667	0.081	0.108067	0.20548	0.2827	0.287678
0.12	0.05	0.02	0.02	0.12	0.05	0.02	0.02	0.02	0.98	0.95	0.05	0.73	0.27	0.05	0.05	0.27	0.05	0.12	0.95	0.44625	0.22625	0.37375	0.415	0.18375	0.33875	0.42375	0.3025	0.17	0.31625	0.38625	0.2925	0.34875	0.10875	0.175	0.4625	0.45625	0.04625	0.21375	0.44875	3.8	2.26667	-0.04	0.514286	1.36667	0.0046	0.0468333	0.15926	0.209471	0.224178
0.27	0.05	0.02	0.02	0.12	0.05	0.05	0.02	0.05	0.5	0.99	0.05	0.99	0.27	0.02	0.05	0.12	0.05	0.12	0.5	0.4275	0.1975	0.355	0.3675	0.13625	0.3675	0.3725	0.29375	0.27375	0.3475	0.43875	0.2925	0.345	0.1275	0.1025	0.43375	0.4175	0.055	0.30875	0.505	3.8	1.36667	1.5	1.17143	1.33333	0.0549	0.1589	0.11588	0.119286	0.214756
0.12	0.27	0.88	0.98	0.27	0.95	0.95	0.12	0.5	0.05	0.05	0.27	0.12	0.05	0.12	0.27	0.5	0.05	0.5	0.27	0.475	0.2825	0.21875	0.27625	0.12125	0.34	0.36375	0.19	0.32125	0.4175	0.58875	0.35	0.485	0.1675	0.09875	0.46375	0.42625	0.05875	0.27375	0.54625	-3.5	1.5	2.5	2.27143	0.988889	0.4172	0.1646	0.10308	0.149414	0.220833
0.88	0.12	0.12	0.05	0.27	0.12	0.12	0.27	0.05	0.73	0.5	0.12	0.5	0.12	0.12	0.73	0.73	0.05	0.12	0.95	0.36125	0.30125	0.405	0.33625	0.12125	0.4525	0.3825	0.12375	0.4625	0.32	0.50125	0.34	0.39	0.15875	0.09	0.40625	0.3975	0.05875	0.34875	0.43375	4.2	1.63333	2.58	1.88571	0.988889	0.0217	0.151967	0.19206	0.238271	0.239767
0.99	0.05	0.05	0.05	0.12	0.12	0.12	0.27	0.05	0.27	0.73	0.12	0.27	0.12	0.12	0.5	0.27	0.05	0.05	0.73	0.3475	0.2625	0.42625	0.365	0.1275	0.43375	0.36375	0.2325	0.44375	0.365	0.44125	0.31125	0.41	0.14625	0.08125	0.35875	0.3475	0.055	0.2725	0.44875	4.2	4.2	1.12	0.842857	0.688889	0.017	0.162733	0.32168	0.296043	0.321589
0.5	0.27	0.12	0.12	0.12	0.5	0.5	0.05	0.98	0.5	0.73	0.5	0.5	0.27	0.12	0.27	0.27	0.12	0.88	0.73	0.485	0.24375	0.42125	0.36	0.14625	0.395	0.32	0.26375	0.33125	0.33625	0.4325	0.2725	0.3525	0.1275	0.09	0.39625	0.3475	0.055	0.16875	0.44	4.2	1.63333	1.12	-0.2	0.688889	0.4495	0.389833	0.32004	0.404971	0.337244
0.5	0.95	0.27	0.73	0.05	0.73	0.88	0.27	0.88	0.12	0.27	0.73	0.27	0.12	0.12	0.73	0.5	0.05	0.12	0.12	0.51375	0.18625	0.49125	0.4	0.14625	0.4225	0.37625	0.29625	0.4475	0.33625	0.38125	0.3	0.2725	0.20375	0.17875	0.36625	0.3375	0.0725	0.2825	0.46875	-3.5	-0.933333	-0.42	0.842857	-0.122222	0.703	0.5205	0.47918	0.366157	0.416622
0.12	0.27	1	0.5	0.05	0.95	0.27	0.12	0.95	0.02	0.02	0.27	0.12	0.05	0.05	0.5	0.27	0.05	0.27	0.05	0.56125	0.24375	0.2925	0.30875	0.1275	0.2825	0.34	0.3025	0.3825	0.46125	0.525	0.33	0.38625	0.2975	0.17875	0.3675	0.3375	0.08125	0.26375	0.55375	-3.5	-3.5	-0.5	-0.257143	0.766667	0.409	0.643133	0.50488	0.472957	0.380178
0.27	0.12	0.98	0.5	0.02	0.12	0.12	0.99	0.12	0.02	0.02	0.5	0.05	0.02	0.05	0.27	0.12	0.02	0.05	0.02	0.46625	0.2625	0.31375	0.42125	0.10375	0.43375	0.4625	0.2225	0.495	0.37625	0.46875	0.32	0.33875	0.2925	0.2875	0.33875	0.28	0.085	0.2825	0.445	-3.5	-1.06667	-2.04	-0.214286	-0.0888889	0.8174	0.4573	0.56884	0.483271	0.458233
0.73	0.12	0.05	0.05	0.27	0.12	0.05	0.05	0.05	0.98	0.88	0.12	0.5	0.27	0.12	0.12	0.27	0.12	0.12	0.88	0.31875	0.29	0.4575	0.505	0.0725	0.4525	0.49	0.42875	0.62	0.285	0.285	0.38625	0.2825	0.28	0.2975	0.32875	0.26125	0.1	0.35875	0.28	3.8	-1.06667	-0.44	-1.31429	-0.6	0.1455	0.5774	0.44608	0.522514	0.523467
0.5	0.27	0.73	0.95	0.05	0.5	0.88	0.5	0.88	0.12	0.12	0.5	0.12	0.73	0.73	0.27	0.27	0.12	0.27	0.12	0.3475	0.27125	0.39125	0.46875	0.11875	0.37625	0.38625	0.4	0.45625	0.44	0.35125	0.31	0.33	0.28	0.24	0.3675	0.29	0.11875	0.2925	0.34625	-3.5	1.6	-0.44	-0.871429	-0.755556	0.7693	0.334667	0.50912	0.508386	0.493711
0.12	0.05	0.02	0.02	0.12	0.05	0.05	0.02	0.05	0.95	0.95	0.05	0.88	0.73	0.05	0.05	0.27	0.12	0.5	0.88	0.395	0.21375	0.50875	0.55625	0.21375	0.375	0.4425	0.53625	0.5125	0.355	0.27625	0.30875	0.235	0.3275	0.34375	0.395	0.29	0.14625	0.2825	0.29875	4.5	-0.833333	0.18	0.0285714	-0.411111	0.0892	0.527567	0.46646	0.475914	0.4395
0.27	0.12	0.27	0.95	0.05	0.5	0.95	0.5	0.12	0.05	0.05	0.27	0.05	0.05	0.99	0.27	0.12	0.05	0.05	0.05	0.485	0.18625	0.3675	0.46875	0.23125	0.23375	0.33	0.495	0.4	0.47125	0.3925	0.31	0.33875	0.4125	0.2825	0.39625	0.30875	0.15125	0.31125	0.41125	-3.5	0.2	-0.02	0.471429	0.177778	0.7242	0.4725	0.4737	0.389871	0.452144
0.27	0.27	0.27	0.27	0.12	0.27	0.27	0.98	0.98	0.5	0.12	0.27	0.27	0.27	0.27	0.27	0.27	0.27	0.73	0.27	0.46625	0.15375	0.24625	0.4925	0.345	0.24875	0.4	0.3125	0.27875	0.41875	0.3875	0.24875	0.31125	0.385	0.3675	0.36875	0.28125	0.12375	0.2225	0.44375	-0.4	-0.366667	0.6	0.185714	0.844444	0.6041	0.503333	0.36286	0.443771	0.383822
0.5	0.27	0.27	0.73	0.27	0.27	0.5	0.27	0.5	0.88	0.5	0.27	0.5	0.73	0.27	0.73	0.5	0.27	0.5	0.5	0.38	0.23	0.27375	0.49125	0.295	0.2675	0.4875	0.51875	0.3475	0.25	0.2325	0.2675	0.22625	0.29625	0.35875	0.33	0.23375	0.11125	0.23875	0.3075	2.8	0.666667	0.06	1.04286	0.0333333	0.1817	0.333633	0.44958	0.3628	0.454533
0.5	0.27	0.5	0.5	0.88	0.27	0.5	0.88	0.5	0.27	0.5	0.27	0.27	0.5	0.27	0.73	0.5	0.27	0.27	0.5	0.40875	0.21125	0.1875	0.46375	0.21875	0.23875	0.3925	0.50375	0.2525	0.31375	0.22	0.2675	0.24625	0.23625	0.2825	0.35875	0.215	0.1025	0.24	0.29875	-0.4	1.4	1.26	-0.1	0.377778	0.2151	0.306533	0.34524	0.461757	0.411367
0.99	0.12	0.12	0.73	0.12	0.27	0.27	0.27	0.12	0.05	0.05	0.5	0.12	0.05	0.5	0.73	0.27	0.02	0.05	0.12	0.42375	0.2575	0.32375	0.46625	0.31375	0.295	0.44875	0.69625	0.385	0.22875	0.16375	0.295	0.17	0.2075	0.2625	0.47125	0.30125	0.125	0.22	0.25125	1.8	1.3	0.64	0.342857	-0.2	0.5228	0.313467	0.3808	0.4127	0.471911
0.12	0.01	0.01	0.01	1	0.01	0	0.01	0.01	0.05	0.05	0.01	0.05	0.02	0.01	0.05	0.05	0.02	0.02	0.5	0.59	0.27125	0.31875	0.4525	0.3225	0.28	0.37875	0.77625	0.39875	0.25625	0.2675	0.3375	0.20625	0.22	0.215	0.55625	0.3475	0.13375	0.2325	0.26	2.5	0.266667	-2.22045e-17	0.3	0.611111	0.2025	0.5024	0.42062	0.416986	0.421544
0.27	0.73	0.27	0.5	0.02	0.27	0.98	0.99	0.12	0.01	0.02	0.27	0.05	0.02	0.05	0.27	0.12	0.02	0.02	0.02	0.66	0.1625	0.2675	0.36375	0.445	0.27625	0.2375	0.565	0.26875	0.26125	0.27125	0.28625	0.235	0.1925	0.19125	0.58625	0.415	0.1025	0.1475	0.34875	-3.5	-0.466667	-0.06	0.442857	0.855556	0.7819	0.455067	0.50442	0.429729	0.424267
0.73	0.12	0.27	0.5	0.05	0.27	0.12	0.99	0.12	0.02	0.02	0.5	0.05	0.02	0.12	0.5	0.12	0.05	0.05	0.05	0.555	0.205	0.235	0.2725	0.5325	0.24375	0.2825	0.5325	0.2075	0.15625	0.215	0.225	0.17875	0.10375	0.15	0.4725	0.35875	0.0675	0.08375	0.28875	-0.4	-1.53333	0.34	0.757143	0.822222	0.3808	0.598933	0.45404	0.4888	0.426356
0.73	0.27	0.73	0.27	0.12	0.5	0.27	0.95	0.73	0.05	0.05	0.5	0.12	0.05	0.12	0.95	0.73	0.05	0.12	0.12	0.61125	0.1675	0.14875	0.25375	0.42875	0.2725	0.235	0.51875	0.08375	0.125	0.155	0.25375	0.15125	0.04375	0.13125	0.44375	0.33	0.03625	0.0475	0.2325	-0.7	0.9	0.2	0.857143	0.777778	0.6341	0.4286	0.53926	0.442757	0.427578
0.73	0.12	0.12	0.12	1	0.12	0.12	0.88	0.12	0.27	0.88	0.12	0.27	0.12	0.12	0.27	0.27	0.12	0.12	0.5	0.55	0.18625	0.24375	0.19625	0.31875	0.405	0.25375	0.5	0.16	0.10625	0.05125	0.2725	0.1325	0.03125	0.08375	0.52875	0.47875	0.0275	0.0475	0.185	3.8	1.63333	1.4	0.385714	0.5	0.2709	0.5112	0.42298	0.446129	0.416433
0.98	0.12	0.12	0.05	0.12	0.5	0.12	0.27	0.05	0.5	0.12	0.12	0.5	0.05	0.12	0.73	0.88	0.02	0.05	0.5	0.51875	0.185	0.24375	0.20375	0.42875	0.3575	0.25375	0.57625	0.16875	0.0775	0.14625	0.2725	0.10375	0.04	0.08375	0.47125	0.4025	0.04	0.05625	0.12875	1.8	2.7	1.32	0.785714	0.5	0.6286	0.366667	0.39204	0.394786	0.402211
0.12	0	0.01	0	1	0.01	0	0.01	0.01	0.05	0.05	0.01	0.05	0.02	0.01	0.05	0.05	0.02	0.02	0.05	0.62625	0.2	0.2575	0.1625	0.31875	0.41875	0.18	0.49125	0.28375	0.135	0.15875	0.37125	0.16875	0.10375	0.0975	0.5375	0.50625	0.04375	0.12	0.18875	2.5	1.16667	1.32	1.2	0.533333	0.2005	0.351733	0.34972	0.351029	0.3262
0.95	0.12	0.27	0.12	0.12	0.73	0.27	0.73	0.12	0.05	0.05	0.5	0.12	0.05	0.12	0.95	0.88	0.02	0.05	0.12	0.465	0.17625	0.1975	0.0875	0.5475	0.30125	0.1375	0.31125	0.2575	0.22375	0.21875	0.25375	0.1875	0.1125	0.075	0.3775	0.42125	0.04375	0.125	0.29625	-0.8	0.333333	1.06	0.842857	1	0.2261	0.283033	0.31044	0.274414	0.286211
0.5	0.12	0.27	0.12	0.12	0.95	0.27	0.05	0.12	0.12	0.05	0.27	0.12	0.02	0.12	0.73	1	0.02	0.05	0.12	0.445	0.205	0.1125	0.06	0.53875	0.27375	0.1375	0.28	0.2	0.3275	0.275	0.2825	0.20625	0.22	0.06625	0.30125	0.33	0.07125	0.23375	0.3725	-0.7	0.333333	0.06	0.842857	1.57778	0.4225	0.241033	0.20428	0.2387	0.226333
0.12	0	0.01	0	1	0.01	0	0.01	0.01	0.05	0.05	0.01	0.05	0.02	0.01	0.05	0.05	0.02	0.02	0.05	0.46375	0.21125	0.13625	0.0625	0.31875	0.3825	0.1625	0.1775	0.205	0.42125	0.25625	0.30625	0.24375	0.29625	0.07125	0.3675	0.44875	0.0625	0.25625	0.44125	2.5	-0.466667	0.32	1.22857	1.46667	0.0745	0.198267	0.16836	0.1625	0.200111
0.27	0.73	0.27	0.12	0.02	0.27	0.27	0.05	1	0.02	0.05	0.95	0.12	0.5	0.05	0.12	0.12	0.05	0.5	0.05	0.35625	0.19625	0.18	0.15125	0.44125	0.35	0.22375	0.1725	0.10875	0.425	0.30375	0.23625	0.20625	0.245	0.06625	0.33	0.36375	0.1475	0.205	0.4125	-3.2	1.03333	1.38	1.27143	0.877778	0.0978	0.0644	0.14218	0.138843	0.165478
0.27	0.05	0.05	0.02	1	0.05	0.05	0.27	0.02	0.73	0.5	0.05	0.27	0.12	0.05	0.12	0.27	0.05	0.12	0.98	0.375	0.315	0.24	0.27375	0.2	0.4675	0.37375	0.15875	0.2925	0.33625	0.2475	0.43875	0.19625	0.29625	0.175	0.415	0.40125	0.15125	0.265	0.305	3.8	1.7	2.08	0.885714	0.211111	0.0209	0.0713	0.06466	0.151814	0.208489
0.12	0.5	0.05	0.05	0.05	0.5	0.27	0.02	0.27	0.95	0.5	0.5	0.27	0.88	0.05	0.12	0.12	0.27	0.99	0.73	0.36625	0.25875	0.24	0.3175	0.31	0.35375	0.40375	0.22125	0.35625	0.30875	0.2475	0.35375	0.19625	0.20125	0.25125	0.33	0.34375	0.1275	0.165	0.3275	4.5	3.7	0.88	0.485714	-0.0555556	0.0952	0.0503333	0.11314	0.1754	0.2414
0.5	0.05	0.05	0.02	0.12	0.05	0.05	0.02	0.05	0.95	0.73	0.05	0.5	0.73	0.05	0.12	0.27	0.05	0.27	0.98	0.29	0.3625	0.24	0.34	0.30125	0.325	0.46	0.2775	0.47875	0.35625	0.24625	0.41	0.18625	0.3275	0.25125	0.2725	0.23375	0.2775	0.35875	0.315	2.8	1.26667	0.82	-0.328571	0.522222	0.0349	0.149	0.2111	0.239371	0.207922
0.27	0.73	0.73	0.88	0.12	0.5	0.88	0.27	0.27	0.5	0.5	0.5	0.27	0.12	0.12	0.5	0.27	0.73	0.12	0.27	0.36625	0.2925	0.16875	0.23875	0.19125	0.2825	0.37125	0.3075	0.48375	0.46875	0.36	0.3675	0.27125	0.51125	0.2475	0.2525	0.29	0.22375	0.4975	0.5075	-3.5	-1.4	-0.58	0.771429	0.555556	0.3169	0.313133	0.31138	0.242714	0.226833
0.27	0.27	0.27	0.88	0.05	0.73	0.98	0.12	0.5	0.05	0.05	0.73	0.12	0.05	0.88	0.73	0.5	0.05	0.12	0.12	0.3475	0.32125	0.28375	0.34625	0.20375	0.31125	0.4475	0.335	0.3925	0.52875	0.41625	0.2825	0.29	0.46375	0.16125	0.27125	0.28	0.30875	0.45	0.52625	-3.5	-3.4	-0.58	0.628571	0.522222	0.5876	0.4756	0.31658	0.274686	0.300911
0.73	0.12	0.27	0.5	0.05	0.27	0.73	0.98	0.88	0.05	0.05	0.27	0.12	0.05	0.73	0.27	0.27	0.05	0.12	0.05	0.31875	0.39625	0.36875	0.40625	0.18875	0.45375	0.50625	0.2275	0.3575	0.5	0.3875	0.4525	0.31875	0.455	0.18875	0.405	0.30875	0.30875	0.45	0.4275	-3.2	-0.733333	-0.58	-0.514286	-0.333333	0.5223	0.410367	0.35854	0.3703	0.364822
0.27	0.5	0.27	0.27	0.12	0.27	0.5	0.5	0.88	0.5	0.27	0.27	0.27	0.88	0.12	0.27	0.27	1	0.88	0.27	0.395	0.2925	0.36875	0.43125	0.18875	0.3975	0.5075	0.3	0.33	0.3875	0.42	0.39625	0.3575	0.3325	0.265	0.405	0.3275	0.17125	0.3225	0.4	4.5	1.36667	-0.58	-1.47143	-0.411111	0.1212	0.296067	0.44806	0.450471	0.365267
0.5	0.12	0.12	0.05	0.12	0.12	0.12	0.5	0.27	0.5	0.73	0.12	0.5	0.88	0.05	0.27	0.5	0.27	0.98	0.88	0.3375	0.3675	0.44375	0.56625	0.18	0.44375	0.64	0.4075	0.415	0.275	0.2775	0.5	0.2725	0.2475	0.39	0.48125	0.29875	0.2625	0.33875	0.2075	2.8	1.26667	-0.66	-0.428571	-1.11111	0.2447	0.3768	0.44976	0.419371	0.433189
0.12	0.5	0.73	0.98	0.05	0.73	0.98	0.12	0.5	0.05	0.05	0.5	0.12	0.05	0.12	0.5	0.27	0.05	0.12	0.05	0.41375	0.2625	0.31	0.43125	0.18	0.3675	0.545	0.455	0.3675	0.28375	0.33375	0.4525	0.30125	0.3425	0.485	0.4525	0.3275	0.205	0.4375	0.2925	-3.5	-1.53333	0.74	-0.428571	-0.522222	0.7645	0.5351	0.36514	0.427743	0.472589
0.5	0.5	0.73	0.12	0.88	0.73	0.27	0.27	0.12	0.5	0.27	0.95	0.5	0.05	0.12	0.73	0.27	0.05	0.12	0.12	0.42375	0.24375	0.29125	0.44375	0.1325	0.33875	0.52625	0.43625	0.3675	0.3125	0.33375	0.33875	0.30125	0.35125	0.49875	0.395	0.29875	0.30875	0.4375	0.3025	-3.9	-1.2	-0.86	0.285714	0.366667	0.5961	0.4866	0.47014	0.449057	0.432978
0.27	0.05	0.05	0.02	0.12	0.05	0.05	0.12	0.05	0.5	0.98	0.05	0.73	0.73	0.05	0.12	0.27	0.12	0.73	0.73	0.395	0.31875	0.43375	0.485	0.23625	0.4525	0.5725	0.395	0.3	0.32125	0.30125	0.48	0.29125	0.275	0.43125	0.55625	0.375	0.3	0.36125	0.235	3.8	-1.2	-1.06	0.285714	0.644444	0.0992	0.447167	0.5555	0.464757	0.429244
0.27	0.27	0.5	0.88	0.05	0.27	0.73	0.88	0.12	0.05	0.05	0.73	0.05	0.05	0.98	0.73	0.27	0.05	0.5	0.05	0.395	0.24375	0.3775	0.4625	0.2325	0.45375	0.54875	0.3	0.19625	0.3175	0.39	0.395	0.34875	0.34125	0.41	0.48	0.35625	0.19	0.295	0.2925	-3.5	0.7	0.54	-0.214286	-0.244444	0.6462	0.4723	0.44882	0.499614	0.506244
0.5	0.27	0.27	0.73	0.05	0.5	0.98	0.27	0.12	0.12	0.27	0.5	0.12	0.05	0.95	0.5	0.27	0.05	0.05	0.12	0.3375	0.33875	0.425	0.585	0.22375	0.50125	0.62125	0.32	0.19625	0.26125	0.305	0.5	0.34	0.24625	0.4225	0.50875	0.40375	0.1625	0.29125	0.18875	1.8	0.933333	1.18	-0.214286	-0.944444	0.6715	0.516267	0.42734	0.506714	0.548289
0.73	0.12	0.12	0.12	0.5	0.5	0.12	0.12	0.12	0.73	0.27	0.27	0.5	0.12	0.99	0.5	0.27	0.88	0.12	0.27	0.30875	0.31	0.38625	0.64875	0.16375	0.4725	0.73125	0.33	0.14875	0.2125	0.305	0.5	0.28375	0.23375	0.40875	0.50875	0.385	0.055	0.27375	0.1975	4.5	1.86667	-0.28	-0.157143	-0.944444	0.2311	0.463767	0.57034	0.510571	0.470189
0.27	0.27	0.73	0.73	0.12	0.5	0.88	0.5	0.27	0.12	0.5	0.5	0.27	0.12	0.12	0.95	0.88	0.05	0.12	0.12	0.31875	0.29125	0.3375	0.68	0.10375	0.44375	0.72125	0.26375	0.20625	0.24125	0.2575	0.44375	0.28375	0.23375	0.5175	0.395	0.30875	0.155	0.2925	0.2075	-0.7	0.1	-0.28	-1.2	-0.9	0.4887	0.511333	0.56572	0.5052	0.446367
0.27	0.12	0.27	0.95	0.02	0.5	0.99	0.5	0.12	0.02	0.05	0.27	0.05	0.73	0.88	0.27	0.12	0.05	0.12	0.05	0.31875	0.31875	0.45125	0.775	0.10375	0.47125	0.81125	0.2825	0.23375	0.19375	0.19375	0.48125	0.2225	0.1	0.4225	0.55625	0.385	0.1425	0.2075	0.1275	-3.5	-2.56667	-1.34	-1.2	-1.71111	0.8142	0.642	0.44374	0.467414	0.506522
0.27	0.88	0.27	0.88	0.05	0.73	0.95	0.05	0.27	0.12	0.27	0.73	0.5	0.12	0.12	0.27	0.88	0.05	0.5	0.12	0.31875	0.205	0.395	0.68	0.10875	0.47125	0.74	0.235	0.31	0.2375	0.27	0.3475	0.285	0.26125	0.40125	0.48	0.3475	0.1425	0.13125	0.175	-3.5	-3.5	-2.94	-1.95714	-1.11111	0.6231	0.499633	0.47386	0.463	0.466656
0.12	0.12	0.27	0.88	0.02	0.5	1	0.05	0.12	0.27	0.05	0.27	0.05	0.02	0.05	0.5	0.12	0.02	0.05	0.27	0.29	0.3	0.36375	0.59125	0.12125	0.44375	0.61375	0.20375	0.31625	0.3225	0.38625	0.34875	0.4175	0.3775	0.29375	0.395	0.47125	0.14625	0.215	0.20375	-3.5	-3.5	-3.5	-2.32857	-0.888889	0.0616	0.355467	0.50424	0.471043	0.399589
0.12	0.5	0.95	0.98	0.02	0.5	0.95	0.12	0.73	0.12	0.12	0.73	0.27	0.05	0.12	0.27	0.27	0.02	0.27	0.05	0.21375	0.3	0.32625	0.68875	0.06125	0.415	0.715	0.195	0.24	0.2525	0.34625	0.29125	0.33375	0.36125	0.17625	0.47125	0.48125	0.0375	0.175	0.2	-3.5	-3.5	-2.42	-1.68571	-1.77778	0.3817	0.3613	0.39888	0.410929	0.443344
0.27	0.12	0.5	1	0.02	0.27	0.88	0.27	0.12	0.02	0.02	0.12	0.02	0.27	0.05	0.73	0.12	0.02	0.05	0.02	0.195	0.405	0.325	0.61	0.15625	0.4725	0.705	0.12	0.2975	0.28375	0.3875	0.42375	0.44125	0.38125	0.185	0.3575	0.4525	0.0375	0.2025	0.2225	-3.5	-1.7	-0.96	-1.68571	-1.27778	0.6406	0.436567	0.28784	0.383886	0.459178
0.27	0.12	0.05	0.05	0.12	0.5	0.12	0.05	0.88	0.5	0.88	0.12	1	0.73	0.05	0.12	0.73	0.05	0.27	0.5	0.28375	0.4525	0.41	0.625	0.15625	0.39625	0.69125	0.17625	0.2025	0.23625	0.3075	0.42375	0.34625	0.23875	0.09	0.4625	0.395	0.03375	0.16625	0.21875	1.9	0.733333	-0.96	-0.642857	-0.688889	0.2874	0.331967	0.4005	0.385043	0.386989
0.12	0.27	0.02	0.02	0.12	0.05	0.02	0.02	0.02	0.95	0.98	0.05	0.73	0.88	0.02	0.05	0.5	0.05	0.27	0.5	0.3025	0.38625	0.395	0.53375	0.15625	0.42375	0.67625	0.2075	0.31	0.18	0.295	0.35625	0.40875	0.3275	0.17	0.47125	0.3475	0.1525	0.2225	0.21875	3.8	0.733333	0.5	0.114286	-0.444444	0.0679	0.326733	0.4504	0.399743	0.380267
0.12	0.5	0.5	1	0.02	0.27	0.88	0.12	0.12	0.02	0.02	0.27	0.05	0.02	0.12	0.88	0.5	0.01	0.02	0.02	0.37875	0.3575	0.36375	0.31625	0.18125	0.39625	0.50625	0.31125	0.2975	0.2775	0.4425	0.32875	0.55	0.46625	0.2425	0.33875	0.36625	0.16125	0.2625	0.27875	-3.5	1.36667	1.56	0.428571	-0.1	0.6249	0.441333	0.35518	0.425586	0.434278
0.27	0.73	0.27	0.12	0.88	0.73	0.73	0.05	0.12	0.27	0.73	0.95	0.88	0.5	0.12	0.5	0.5	0.05	0.12	0.27	0.4075	0.32875	0.28875	0.3375	0.08625	0.29125	0.42125	0.31125	0.22125	0.29375	0.46125	0.1675	0.5225	0.43375	0.26125	0.3675	0.36625	0.16875	0.23125	0.30375	3.8	0.7	0.92	0.871429	0.711111	0.6312	0.473533	0.41022	0.412314	0.433578
0.98	0.5	0.5	0.12	0.12	0.12	0.12	0.73	0.12	0.12	0.27	0.27	0.27	0.05	0.12	0.5	0.27	0.05	0.05	0.5	0.31875	0.405	0.26	0.24625	0.185	0.4525	0.50625	0.2075	0.24	0.31625	0.5225	0.32875	0.61125	0.4625	0.3175	0.33875	0.49875	0.1725	0.24875	0.2875	1.8	1.43333	0.08	1.14286	1.02222	0.1645	0.452767	0.50618	0.424886	0.409867
0.27	0.5	0.12	0.12	0.05	0.5	0.73	0.27	0.27	0.12	0.27	0.12	0.73	0.98	0.73	0.27	0.27	1	0.95	0.12	0.465	0.405	0.335	0.35	0.185	0.43375	0.5375	0.32125	0.12625	0.26	0.41875	0.36625	0.4625	0.27	0.35375	0.44375	0.44125	0.05	0.10875	0.27875	-1.3	0.0333333	1.54	0.5	0.422222	0.5626	0.424933	0.45628	0.476214	0.469911
0.73	0.12	0.5	0.12	0.12	0.5	0.5	0.98	0.12	0.12	0.27	0.27	0.5	0.27	0.73	0.27	0.27	0.05	0.12	0.27	0.42625	0.48125	0.40375	0.43875	0.1675	0.46125	0.5975	0.34875	0.205	0.1475	0.3025	0.375	0.40625	0.255	0.3575	0.5	0.48875	0.16875	0.27	0.20375	-0.4	0.7	0.64	0.5	-0.5	0.5477	0.495233	0.41548	0.5052	0.488178
0.5	0.5	0.12	0.27	0.12	0.12	0.12	0.05	0.12	0.5	0.98	0.12	0.88	0.27	0.27	0.12	0.27	0.12	0.12	0.5	0.47375	0.38625	0.4225	0.31	0.18	0.50875	0.5975	0.5125	0.205	0.10375	0.2175	0.375	0.3675	0.2675	0.49125	0.53125	0.48875	0.28375	0.38625	0.17875	3.8	0.9	-0.42	-0.685714	-0.2	0.3754	0.4501	0.54814	0.448214	0.4245
0.27	0.5	0.5	0.27	0.05	0.95	0.95	0.12	0.27	0.05	0.05	0.73	0.12	0.05	0.5	0.5	0.95	0.05	0.12	0.12	0.475	0.42	0.35625	0.30125	0.08	0.3475	0.4175	0.5	0.18625	0.12875	0.245	0.27125	0.35875	0.235	0.45	0.43625	0.3475	0.28875	0.3775	0.22625	-0.7	-0.133333	-1.06	-1.05714	-1.12222	0.4272	0.543467	0.48208	0.432114	0.366467
0.73	0.12	0.27	0.88	0.05	0.73	0.98	0.5	0.12	0.05	0.05	0.27	0.27	0.12	0.95	0.73	0.27	0.02	0.05	0.05	0.30125	0.41125	0.325	0.21125	0.07125	0.36625	0.40125	0.3625	0.1925	0.17625	0.335	0.2975	0.3975	0.25375	0.38125	0.37875	0.41375	0.2925	0.395	0.235	-3.5	-2.9	-1.14	-1.51429	-0.9	0.8278	0.495767	0.3829	0.3673	0.349356
0.27	0.5	0.95	0.73	0.05	0.27	0.27	0.95	0.5	0.05	0.05	0.27	0.05	0.05	0.05	0.5	0.88	0.05	0.73	0.05	0.41625	0.31625	0.25875	0.2775	0.15625	0.37625	0.41375	0.395	0.12625	0.16375	0.30375	0.2975	0.34	0.1425	0.4175	0.49625	0.395	0.16625	0.1975	0.22625	-4.5	-2.93333	-2.8	-0.914286	-0.8	0.2323	0.370633	0.3296	0.290557	0.2883
0.27	0.12	0.27	0.12	0.12	0.27	0.5	0.5	0.12	0.05	0.05	0.12	0.12	0.12	0.73	0.98	0.5	1	0.95	0.05	0.34	0.34875	0.2825	0.33875	0.2575	0.315	0.3225	0.33	0.16	0.155	0.27625	0.28375	0.275	0.1025	0.2425	0.40875	0.415	0.04375	0.1575	0.19875	-0.8	-3.26667	-1.9	-1.51429	-0.477778	0.0518	0.131	0.24626	0.2388	0.2351
0.05	1	0.12	0.05	0.01	0.27	0.12	0.02	0.12	0.02	0.02	0.73	0.05	0.02	0.02	0.12	0.05	0.02	0.05	0.27	0.32	0.2675	0.30125	0.32875	0.2575	0.425	0.4175	0.38625	0.17875	0.0975	0.16	0.28375	0.18875	0.0825	0.30375	0.51625	0.4525	0.15375	0.26125	0.11125	-4.5	-0.5	-1.28	-1.05714	-1.28889	0.1089	0.0570667	0.08332	0.187614	0.227478
0.05	0.05	0.02	0.01	0.05	0.05	0.02	0.01	0.02	0.5	0.99	0.02	0.73	0.27	0.02	0.27	0.12	0.05	0.12	0.5	0.3775	0.33	0.2575	0.30625	0.36875	0.34875	0.3175	0.37875	0.16375	0.15375	0.12375	0.29625	0.19875	0.07875	0.2475	0.46875	0.3875	0.15	0.2525	0.1775	3.8	-0.366667	0.12	-1.05714	-0.711111	0.0105	0.0441667	0.05064	0.113186	0.1838
0.73	0.12	0.27	0.5	0.73	0.12	0.12	0.98	0.12	0.02	0.02	0.12	0.05	0.02	0.12	0.98	0.73	0.02	0.05	0.05	0.235	0.3975	0.2075	0.15	0.39625	0.2825	0.1975	0.20125	0.15125	0.3175	0.33	0.36	0.3125	0.1575	0.13125	0.3225	0.36875	0.1575	0.27	0.31875	-0.4	1.96667	-0.42	0.228571	-0.0444444	0.0131	0.0308333	0.10164	0.0848714	0.143444
0.12	0	0.01	0	1	0.01	0	0.01	0.01	0.05	0.05	0.01	0.05	0.02	0.01	0.05	0.05	0.02	0.02	0.05	0.34	0.365	0.1275	0.1275	0.37125	0.2775	0.185	0.21	0.10875	0.4175	0.43	0.355	0.41625	0.185	0.23	0.39125	0.40625	0.1575	0.1975	0.4225	2.5	-0.466667	1.38	0.7	0.877778	0.0689	0.1296	0.08668	0.143843	0.120311
0.12	0.73	0.12	0.12	0.01	1	0.5	0.02	0.27	0.01	0.02	0.73	0.12	0.01	0.05	0.12	0.12	0.02	0.05	0.02	0.34	0.32125	0.19	0.18875	0.495	0.21125	0.1225	0.20875	0.095	0.43125	0.43375	0.34125	0.4075	0.1775	0.14875	0.35125	0.45375	0.035	0.08125	0.45375	-3.5	1.16667	1.12	1.88571	0.888889	0.3068	0.1366	0.1775	0.131729	0.156322
0.73	0.05	0.05	0.05	0.98	0.12	0.05	0.05	0.05	0.98	0.73	0.12	0.88	0.27	0.05	0.27	0.5	0.05	0.12	0.88	0.29125	0.34375	0.275	0.30125	0.375	0.3975	0.255	0.23625	0.19875	0.31	0.345	0.445	0.3125	0.145	0.26875	0.38	0.43375	0.03125	0.0725	0.31875	4.5	1.16667	1.96	1.24286	0.955556	0.0341	0.2685	0.1797	0.183929	0.223489
0.27	0.73	0.12	0.12	0.95	0.27	0.12	0.05	0.12	0.88	0.73	0.88	0.5	0.5	0.12	0.27	0.73	0.05	0.12	0.73	0.405	0.28625	0.32625	0.41	0.3875	0.435	0.3625	0.25	0.22125	0.29375	0.255	0.43875	0.3025	0.08875	0.2725	0.4375	0.42375	0.03125	0.0725	0.3375	2.5	3.6	1.32	0.742857	0.733333	0.4646	0.174267	0.2411	0.283971	0.287733
0.5	0.12	0.05	0.05	0.12	0.12	0.05	0.05	0.05	0.88	0.88	0.12	0.88	0.27	0.73	0.12	0.5	0.05	0.12	0.88	0.31875	0.38125	0.31625	0.37125	0.415	0.4725	0.41875	0.16125	0.23	0.35375	0.3525	0.58125	0.37125	0.1775	0.19625	0.34875	0.395	0.04375	0.1	0.375	3.8	1.86667	1.24	0.642857	0.988889	0.0241	0.2882	0.32242	0.358229	0.2914
0.27	0.5	0.88	0.73	0.12	0.73	0.5	0.5	0.27	0.12	0.05	0.73	0.12	0.05	0.12	0.73	0.95	0.02	0.05	0.27	0.3475	0.3675	0.3025	0.41	0.29625	0.505	0.485	0.11875	0.235	0.44875	0.45625	0.5375	0.46625	0.20875	0.28625	0.3	0.36625	0.05125	0.1125	0.45125	-0.7	-0.266667	0.7	1.41429	0.322222	0.3759	0.371133	0.43334	0.320986	0.340756
0.27	0.5	0.73	0.88	0.02	0.88	0.73	0.27	0.73	0.02	0.02	0.95	0.05	0.02	0.98	0.5	0.27	0.02	0.05	0.05	0.36625	0.29125	0.41625	0.49875	0.31375	0.37625	0.4275	0.2675	0.15875	0.4625	0.46	0.43375	0.46625	0.21375	0.1875	0.3475	0.45125	0.05125	0.1125	0.47875	-3.9	-0.933333	0.58	0.271429	0.322222	0.7134	0.559333	0.34964	0.389414	0.348289
0.5	0.27	0.5	0.95	0.12	0.5	0.95	0.12	0.27	0.27	0.27	0.73	0.27	0.05	0.12	0.73	0.27	0.05	0.12	0.5	0.30875	0.32	0.445	0.48625	0.2975	0.42375	0.4	0.28625	0.21625	0.4275	0.4475	0.4525	0.45125	0.21	0.295	0.3	0.4225	0.0475	0.10375	0.4225	1.8	-0.0666667	-0.88	-0.585714	0.0333333	0.5887	0.4494	0.44744	0.376557	0.346533
0.27	0.27	0.12	0.12	0.12	0.27	0.5	0.27	0.12	0.5	0.95	0.5	0.98	0.5	0.12	0.12	0.27	0.12	0.27	0.5	0.3375	0.32	0.4925	0.60875	0.19375	0.52875	0.55125	0.2675	0.235	0.38	0.305	0.43375	0.33375	0.10625	0.295	0.37625	0.4225	0.03875	0.085	0.45	1.9	0.0666667	-1.44	-0.857143	-0.322222	0.0461	0.382633	0.44718	0.375729	0.320356
0.12	0.27	0.73	0.99	0.05	0.88	0.98	0.12	0.27	0.05	0.05	0.27	0.05	0.05	0.12	0.27	0.27	0.05	0.05	0.05	0.3275	0.31125	0.4125	0.49625	0.2025	0.44375	0.4875	0.2825	0.2125	0.44875	0.39875	0.45375	0.4025	0.23875	0.21	0.34875	0.39375	0.0475	0.13125	0.51875	-3.5	-1.7	-0.28	-0.857143	-0.277778	0.5131	0.311267	0.30816	0.354743	0.318456
0.27	0.12	0.88	0.98	0.05	0.12	0.27	0.98	0.12	0.02	0.02	0.12	0.05	0.02	0.12	0.27	0.12	0.02	0.05	0.02	0.3375	0.39125	0.3175	0.46875	0.19375	0.53875	0.62375	0.11875	0.28875	0.44375	0.4025	0.4725	0.4025	0.2425	0.21	0.29125	0.385	0.055	0.21625	0.495	-3.5	-1.7	-0.78	0.3	-0.7	0.3746	0.302	0.23622	0.253829	0.325489
0.5	0.05	0.05	0.02	0.95	0.12	0.05	0.05	0.05	0.95	0.88	0.05	0.98	0.27	0.05	0.12	0.27	0.05	0.12	0.88	0.29	0.34375	0.3325	0.48125	0.09375	0.435	0.5625	0.20375	0.20875	0.44375	0.41125	0.36875	0.37125	0.2425	0.1025	0.25375	0.36625	0.055	0.21625	0.50375	1.9	-0.766667	-0.32	-0.6	0.2	0.0183	0.2073	0.2284	0.232471	0.2575
0.27	0.73	0.12	0.27	0.12	0.88	0.88	0.05	0.12	0.73	0.27	0.5	0.27	0.12	0.12	0.27	0.73	0.05	0.12	0.95	0.27125	0.2275	0.2675	0.3375	0.185	0.28375	0.34625	0.19125	0.16875	0.44	0.45625	0.23625	0.42875	0.25625	0.20375	0.15875	0.29	0.05	0.20375	0.435	-0.7	1.8	-0.52	-0.271429	-0.177778	0.229	0.0847667	0.21362	0.240386	0.214367
0.27	0.05	0.02	0.02	0.12	0.05	0.02	0.02	0.02	0.98	0.73	0.05	0.5	0.88	0.05	0.05	0.27	0.05	0.27	0.98	0.32875	0.37	0.29875	0.46375	0.17625	0.445	0.51	0.17625	0.2	0.3525	0.28625	0.34875	0.2925	0.10125	0.2125	0.2625	0.3475	0.0375	0.1575	0.375	4.2	-0.333333	1.02	6.34413e-17	-0.777778	0.007	0.225067	0.159	0.195729	0.285544
0.5	0.99	0.27	0.5	0.05	0.73	0.88	0.05	0.73	0.05	0.05	0.73	0.12	0.05	0.12	0.27	0.73	0.05	0.73	0.05	0.40375	0.2525	0.21	0.31375	0.19375	0.34125	0.39	0.19125	0.11125	0.525	0.39875	0.2925	0.39625	0.21375	0.20375	0.26375	0.31875	0.04625	0.185	0.5475	-4.5	1.3	0.32	6.34413e-17	-0.188889	0.4392	0.182567	0.19544	0.240314	0.2868
0.12	0.05	0.02	0.02	0.12	0.05	0.02	0.02	0.02	0.95	0.95	0.05	0.73	0.27	0.05	0.05	0.27	0.05	0.12	0.98	0.45125	0.38875	0.165	0.26625	0.19375	0.52125	0.4975	0.0875	0.2	0.4725	0.3175	0.39625	0.3475	0.19875	0.2125	0.34875	0.48375	0.05	0.27	0.53875	4.2	-0.633333	-0.24	-0.0142857	0.666667	0.1015	0.247067	0.28698	0.312614	0.260322
0.12	0.02	0.05	0.05	0.02	0.05	0.05	0.02	0.02	0.02	0.02	0.12	0.02	0.01	1	0.12	0.12	0.01	0.02	0.02	0.45125	0.50875	0.2175	0.275	0.09375	0.56875	0.52125	0.09625	0.2275	0.5325	0.3575	0.4725	0.3475	0.3075	0.1025	0.41625	0.5025	0.06375	0.33	0.5825	-1.6	-0.3	-0.72	0.685714	0.366667	0.2005	0.329567	0.39046	0.299371	0.306711
0.73	0.73	0.27	0.88	0.05	0.73	0.95	0.12	0.27	0.05	0.05	0.95	0.12	0.02	0.12	0.73	0.27	0.02	0.05	0.05	0.35625	0.3625	0.29875	0.25625	0.08125	0.4075	0.3325	0.1875	0.29125	0.44	0.3225	0.34	0.3075	0.29375	0.20375	0.36875	0.42625	0.05875	0.3175	0.4625	-3.5	-1.1	1.02	-0.0285714	0.0555556	0.6867	0.470533	0.32988	0.360629	0.3342
0.95	0.27	0.27	0.27	0.12	0.73	0.88	0.27	0.27	0.5	0.27	0.5	0.5	0.12	0.12	0.5	0.5	0.12	0.73	0.5	0.405	0.42875	0.3025	0.33625	0.09125	0.41625	0.35375	0.18125	0.295	0.38	0.26625	0.405	0.26	0.205	0.2125	0.425	0.42625	0.04625	0.21375	0.4025	1.8	0.833333	0.02	0.114286	-0.211111	0.5244	0.449133	0.39674	0.365943	0.356344
0.27	0.27	0.27	0.12	0.12	0.88	0.27	0.12	0.12	0.5	0.27	0.27	0.27	0.12	0.12	0.73	0.98	0.05	0.12	0.88	0.46125	0.42875	0.3025	0.32625	0.0875	0.3975	0.3825	0.20875	0.25625	0.38	0.26625	0.465	0.28875	0.205	0.2125	0.39625	0.30875	0.055	0.21375	0.355	4.2	1.73333	-0.36	-0.228571	-0.211111	0.1363	0.3655	0.45192	0.380914	0.387
0.5	0.98	0.5	0.12	0.05	0.5	0.27	0.12	0.27	0.5	0.27	0.73	0.27	0.88	0.12	0.73	0.27	0.12	0.5	0.27	0.45125	0.425	0.33375	0.38625	0.08375	0.5575	0.5025	0.22125	0.2975	0.2675	0.15375	0.52	0.2125	0.0825	0.24	0.4525	0.3975	0.04625	0.16625	0.315	-0.8	-0.0333333	0.7	-0.642857	-1.06667	0.4358	0.3495	0.35584	0.454429	0.474489
0.12	0.27	0.99	0.95	0.05	0.27	0.27	0.88	0.88	0.02	0.02	0.27	0.05	0.02	0.05	0.5	0.27	0.02	0.05	0.02	0.575	0.545	0.3575	0.33875	0.115	0.6425	0.55875	0.18625	0.2525	0.33125	0.18875	0.625	0.2525	0.195	0.1575	0.58875	0.47375	0.06375	0.235	0.35875	-3.5	-0.833333	-0.56	-0.642857	-0.977778	0.4764	0.372833	0.39398	0.483314	0.577022
