0.27	0.12	0.05	0.05	0.12	0.12	0.12	0.05	0.05	0.5	0.88	0.12	0.5	0.12	1	0.12	0.27	0.05	0.12	0.27	0.49875	0.2175	0.24625	0.2275	0.23375	0.21125	0.23125	0.16	0.11875	0.2925	0.35625	0.25875	0.24125	0.125	0.56	0.435	0.3375	0.04125	0.09	0.28875	3.8	1.26667	0.94	-0.0571429	0.0666667	0.553	0.482867	0.47424	0.501186	0.549133
0.88	0.05	0.05	0.05	0.27	0.12	0.05	0.12	0.05	0.98	0.73	0.12	0.5	0.27	0.12	0.27	0.27	0.05	0.12	0.88	0.31875	0.3175	0.2175	0.20875	0.18375	0.26875	0.26875	0.095	0.11875	0.22	0.36625	0.335	0.24125	0.10625	0.6425	0.3275	0.26125	0.04125	0.09	0.185	4.5	3.6	0.56	0.0571429	-0.633333	0.1391	0.403267	0.49942	0.478943	0.505167
0.27	0.02	0.05	0.02	1	0.02	0.02	0.05	0.02	0.12	0.12	0.02	0.12	0.05	0.05	0.27	0.27	0.05	0.05	0.27	0.395	0.32125	0.2175	0.2	0.12	0.2725	0.26375	0.1	0.1225	0.43125	0.54625	0.32	0.37375	0.165	0.5325	0.30875	0.30875	0.045	0.12625	0.3775	2.5	1.16667	1.3	-0.357143	0.0111111	0.5177	0.395867	0.43824	0.505043	0.461267
0.12	0.12	0.73	1	0.02	0.27	0.73	0.12	0.12	0.02	0.02	0.27	0.02	0.02	0.12	0.27	0.27	0.01	0.02	0.02	0.31875	0.3	0.12875	0.065	0.2425	0.2325	0.16625	0.07875	0.11	0.4725	0.5725	0.28	0.43375	0.1975	0.40625	0.28125	0.29	0.05875	0.14875	0.4375	-3.5	-0.6	-0.36	0.885714	0.611111	0.5308	0.4997	0.44516	0.427143	0.423433
0.5	0.12	0.27	0.12	0.12	0.27	0.27	0.27	0.12	0.5	0.88	0.27	0.5	0.27	0.95	0.88	0.5	0.05	0.12	0.27	0.29	0.21	0.275	0.27	0.23375	0.26125	0.3125	0.0875	0.13875	0.4125	0.465	0.25125	0.37375	0.16625	0.195	0.2625	0.26125	0.05	0.13625	0.40625	-0.8	-2.93333	-0.42	0.885714	0.722222	0.4506	0.523	0.45958	0.357343	0.389333
0.12	1	0.27	0.12	0.02	0.73	0.5	0.05	0.27	0.02	0.05	0.88	0.12	0.05	0.05	0.27	0.12	0.05	0.12	0.05	0.31875	0.2075	0.33125	0.2975	0.23375	0.28	0.33125	0.12375	0.2375	0.41625	0.465	0.27875	0.37375	0.185	0.1975	0.3575	0.30875	0.05	0.18375	0.40625	-4.5	-0.366667	-0.16	-0.257143	-0.2	0.5876	0.416467	0.36892	0.4017	0.380567
0.27	0.05	0.05	0.02	0.27	0.05	0.05	0.02	0.05	0.88	0.88	0.05	0.73	0.27	0.05	0.12	0.5	0.05	0.27	0.98	0.205	0.335	0.35875	0.30625	0.18375	0.365	0.3875	0.115	0.32125	0.24875	0.36125	0.37375	0.345	0.24625	0.18875	0.3575	0.2425	0.135	0.27375	0.21375	4.2	1.16667	-0.16	-1.25714	-0.844444	0.2112	0.287733	0.35268	0.395471	0.377967
0.12	0.05	0.02	0.02	0.12	0.05	0.05	0.02	0.05	0.73	0.99	0.05	0.88	0.5	0.05	0.05	0.12	0.12	0.27	0.73	0.205	0.33875	0.35875	0.30625	0.0925	0.36875	0.39125	0.11125	0.325	0.375	0.45125	0.3775	0.4025	0.27375	0.18875	0.33875	0.29	0.12625	0.2825	0.32125	3.8	1.5	-0.9	-0.942857	-0.7	0.0644	0.241733	0.35738	0.336171	0.335622
0.27	0.27	0.98	0.88	0.05	0.73	0.98	0.27	0.5	0.05	0.05	0.5	0.12	0.05	0.12	0.73	0.27	0.02	0.12	0.05	0.205	0.415	0.18125	0.08875	0.105	0.3125	0.2175	0.07125	0.2875	0.52	0.67625	0.40625	0.5575	0.36125	0.18	0.25375	0.27125	0.14375	0.31375	0.4375	-3.5	-1.4	-0.26	-0.285714	0.111111	0.4496	0.329367	0.263	0.291314	0.336256
0.12	0.98	0.5	0.27	0.02	0.73	0.5	0.12	0.99	0.05	0.05	0.95	0.12	0.05	0.12	0.27	0.27	0.05	0.5	0.05	0.195	0.345	0.27	0.2725	0.09625	0.37	0.3675	0.09	0.245	0.46	0.5725	0.37875	0.50125	0.33	0.07625	0.26375	0.2425	0.13625	0.2575	0.41	-4.5	-3.1	-0.34	0.9	-0.188889	0.4741	0.346467	0.24808	0.284014	0.332778
0.12	0.12	0.05	0.02	0.12	0.12	0.05	0.02	0.5	0.5	0.73	0.05	0.88	0.98	0.05	0.12	0.12	0.73	0.99	0.27	0.3025	0.3425	0.32625	0.30375	0.115	0.38875	0.395	0.15875	0.2875	0.41625	0.49625	0.415	0.425	0.21375	0.1125	0.35875	0.30875	0.05125	0.19625	0.41	-1.3	-0.666667	-0.34	-0.2	0.511111	0.1157	0.242133	0.3425	0.313743	0.277811
0.12	0.05	0.02	0.02	0.12	0.05	0.05	0.02	0.05	0.98	0.95	0.05	0.73	0.5	0.05	0.05	0.27	0.05	0.12	0.88	0.28375	0.46375	0.3575	0.31625	0.0875	0.50125	0.45125	0.17125	0.46	0.2525	0.37375	0.5275	0.38625	0.27375	0.12125	0.38625	0.26125	0.25375	0.38125	0.2175	3.8	2.1	-0.34	-0.485714	-0.388889	0.1366	0.262933	0.33644	0.317814	0.305289
0.27	0.95	0.27	0.12	0.05	0.5	0.27	0.05	0.27	0.5	0.88	0.95	0.5	0.27	0.12	0.27	0.27	0.05	0.12	0.27	0.28375	0.37875	0.38625	0.42375	0.0875	0.50125	0.53625	0.18	0.46	0.255	0.2925	0.47125	0.33875	0.255	0.12125	0.38625	0.28	0.245	0.3625	0.265	3.8	1.36667	0.92	-0.542857	-1.2	0.5365	0.364133	0.2602	0.319086	0.347822
0.27	0.27	0.5	0.98	0.02	0.73	0.99	0.27	0.27	0.02	0.05	0.5	0.05	0.02	0.12	0.5	0.27	0.02	0.05	0.05	0.3725	0.445	0.25	0.22125	0.11875	0.415	0.33875	0.18125	0.4125	0.3425	0.48125	0.49875	0.4425	0.295	0.12125	0.32875	0.28	0.2525	0.37125	0.34875	-3.5	0.7	0.4	-0.4	-0.611111	0.4193	0.349567	0.32876	0.315243	0.316211
0.98	0.12	0.27	0.12	0.27	0.27	0.27	0.5	0.12	0.12	0.12	0.27	0.27	0.05	0.27	0.88	0.5	0.05	0.12	0.27	0.3025	0.40375	0.27875	0.38625	0.0875	0.4725	0.49	0.1525	0.43125	0.32625	0.4725	0.47125	0.415	0.29125	0.1025	0.28125	0.25125	0.24875	0.33375	0.32125	1.8	-1.86667	-1.06	0.0428571	-0.5	0.0929	0.323567	0.39088	0.3223	0.309211
0.12	0.95	0.27	0.12	0.05	0.88	0.5	0.12	0.98	0.05	0.12	0.95	0.27	0.27	0.12	0.27	0.27	0.99	0.88	0.05	0.505	0.31875	0.395	0.44625	0.115	0.44375	0.48875	0.23125	0.295	0.2875	0.39625	0.4425	0.32	0.1475	0.13	0.4525	0.3275	0.04625	0.13	0.34875	-3.9	-1.86667	-1.46	-1	-0.788889	0.4585	0.332867	0.3166	0.361514	0.354622
0.27	0.27	0.5	0.98	0.05	0.5	0.95	0.12	0.27	0.27	0.27	0.5	0.27	0.12	0.12	0.27	0.27	0.05	0.12	0.5	0.58125	0.51625	0.37875	0.35125	0.13375	0.51875	0.46	0.24375	0.3925	0.22875	0.2925	0.555	0.29125	0.11875	0.13875	0.50875	0.3275	0.16375	0.225	0.2925	-3.5	-1.86667	-1.46	-2.1	-0.711111	0.4472	0.356933	0.31496	0.359786	0.373189
0.98	0.12	0.12	0.12	0.27	0.27	0.12	0.5	0.12	0.27	0.73	0.27	0.5	0.12	0.12	0.5	0.27	0.05	0.12	0.5	0.4925	0.43125	0.4075	0.45875	0.13375	0.51875	0.545	0.19625	0.3925	0.22875	0.235	0.48	0.3225	0.11875	0.13875	0.50875	0.4125	0.1725	0.225	0.32125	1.8	-1.73333	-2.6	-0.957143	-1.21111	0.1651	0.341133	0.40126	0.343271	0.333044
0.27	0.5	0.5	0.73	0.02	0.73	0.99	0.12	0.99	0.02	0.05	0.5	0.12	0.05	0.12	0.27	0.27	0.05	0.27	0.05	0.61	0.44125	0.33125	0.275	0.1775	0.4325	0.34625	0.225	0.28375	0.29125	0.37625	0.49875	0.48625	0.14	0.13875	0.585	0.47	0.17625	0.215	0.405	-3.5	-1.86667	-0.92	-1.31429	-0.9	0.4111	0.366867	0.3703	0.355029	0.3524
0.88	0.27	0.98	0.5	0.12	0.5	0.27	0.27	0.27	0.12	0.12	0.5	0.12	0.05	0.12	0.88	0.5	0.05	0.12	0.27	0.47375	0.48875	0.3	0.3225	0.14625	0.54625	0.465	0.26625	0.3925	0.27875	0.38625	0.49875	0.48625	0.14	0.12	0.49	0.47	0.17625	0.23375	0.35875	-3.9	-0.966667	-0.36	-0.857143	-1.14444	0.5244	0.413067	0.3159	0.374314	0.407433
0.88	0.95	0.12	0.12	0.27	0.27	0.27	0.12	0.12	0.73	0.27	0.5	0.5	0.12	0.12	0.5	0.27	0.05	0.12	0.88	0.4925	0.2875	0.38	0.3575	0.24625	0.4675	0.405	0.27625	0.29125	0.21125	0.3675	0.3825	0.42	0.10375	0.11125	0.5375	0.49875	0.05875	0.13	0.31	4.5	-0.0333333	-0.86	-0.414286	-0.433333	0.3037	0.334433	0.40158	0.394457	0.365711
0.27	0.12	0.12	0.12	0.27	0.27	0.12	0.05	0.12	0.5	0.88	0.12	0.98	0.27	0.12	0.5	0.95	0.12	0.12	0.5	0.645	0.42	0.35125	0.25	0.255	0.43875	0.33875	0.30375	0.2725	0.22125	0.2725	0.45875	0.34125	0.07625	0.21875	0.595	0.4425	0.05	0.13	0.32875	-0.7	1.03333	-0.24	-0.314286	0.155556	0.1752	0.357467	0.437	0.382729	0.378267
0.5	0.73	0.27	0.12	0.12	0.5	0.27	0.12	0.27	0.27	0.5	0.88	0.98	0.12	0.12	0.88	0.73	0.05	0.12	0.27	0.5275	0.3625	0.38	0.3575	0.2425	0.4675	0.42875	0.2475	0.2725	0.21875	0.235	0.3925	0.285	0.0825	0.21875	0.5475	0.47	0.055	0.12125	0.30125	-0.7	-0.6	1.04	0.442857	-0.433333	0.5935	0.4523	0.34872	0.404029	0.438233
0.5	0.27	0.5	0.27	0.12	0.95	0.5	0.98	0.27	0.12	0.27	0.27	0.27	0.05	0.12	0.73	0.73	0.05	0.12	0.12	0.55625	0.3725	0.3225	0.33875	0.255	0.335	0.31	0.2475	0.24	0.2975	0.2725	0.42125	0.3925	0.1	0.21875	0.595	0.47	0.055	0.1025	0.405	-0.4	0.466667	0.5	0.5	-0.4	0.5882	0.421567	0.40002	0.4298	0.438589
0.27	0.02	0.05	0.02	1	0.02	0.02	0.05	0.02	0.12	0.12	0.02	0.12	0.05	0.05	0.27	0.27	0.05	0.05	0.27	0.50875	0.37625	0.3475	0.3225	0.255	0.40375	0.3425	0.33625	0.3475	0.2975	0.29125	0.405	0.41125	0.10875	0.3225	0.57625	0.49875	0.06375	0.1875	0.3675	2.5	1.3	-0.06	-0.6	0.311111	0.083	0.410467	0.50594	0.4456	0.417878
0.88	0.5	0.27	0.12	0.12	0.27	0.27	0.27	0.12	0.12	0.12	0.73	0.12	0.05	0.98	0.73	0.5	0.05	0.12	0.27	0.385	0.28875	0.3675	0.32875	0.34625	0.40125	0.31125	0.3275	0.35375	0.2125	0.26375	0.31625	0.36375	0.1	0.31375	0.575	0.54625	0.06375	0.17875	0.2725	1.8	0.266667	-0.56	-0.142857	-0.277778	0.5602	0.449333	0.4701	0.468857	0.433522
0.27	0.27	0.5	0.98	0.02	0.73	0.99	0.12	0.27	0.02	0.05	0.5	0.05	0.02	0.12	0.5	0.27	0.02	0.05	0.05	0.4425	0.30875	0.32625	0.20875	0.34	0.31625	0.2125	0.3425	0.32625	0.2725	0.285	0.33625	0.36	0.18875	0.4125	0.5475	0.47125	0.08625	0.235	0.32875	-3.5	-1.63333	0.02	-0.157143	0.222222	0.7048	0.559767	0.42006	0.447571	0.428978
0.5	0.12	0.27	0.73	0.12	0.12	0.27	0.98	0.73	0.5	0.12	0.12	0.27	0.12	0.12	0.5	0.27	0.05	0.12	0.73	0.4425	0.27	0.43125	0.2875	0.3275	0.36375	0.3025	0.31125	0.26875	0.185	0.22	0.3075	0.225	0.1675	0.5075	0.55625	0.47125	0.0825	0.22625	0.225	-3.2	-1.4	-0.64	0.442857	-0.0888889	0.4143	0.4857	0.49236	0.382729	0.414978
0.27	0.05	0.73	0.12	1	0.12	0.05	0.05	0.88	0.12	0.12	0.12	0.12	0.12	0.88	0.27	0.27	0.12	0.73	0.12	0.4425	0.27875	0.37375	0.42125	0.20875	0.33625	0.39	0.32	0.25	0.28	0.20125	0.33625	0.24375	0.1675	0.4125	0.55625	0.49	0.07375	0.15	0.32	2.5	-0.5	-0.24	-0.414286	-0.433333	0.338	0.398933	0.40718	0.437657	0.400356
0.5	0.73	0.5	0.27	0.12	0.5	0.27	0.27	0.27	0.05	0.05	0.5	0.12	0.05	0.98	0.95	0.88	0.05	0.12	0.12	0.41375	0.225	0.52	0.4625	0.2	0.34875	0.39375	0.32	0.3575	0.28	0.20125	0.34875	0.24375	0.17625	0.51625	0.5475	0.4425	0.07875	0.22625	0.2925	-0.8	1.83333	-0.24	-1.17143	-1.14444	0.4445	0.3056	0.35972	0.422857	0.446044
0.12	0.05	0.02	0.02	0.12	0.05	0.05	0.02	0.05	0.88	0.98	0.05	0.88	0.95	0.05	0.05	0.12	0.27	0.5	0.73	0.385	0.25375	0.5525	0.48125	0.21875	0.3775	0.39375	0.32	0.37625	0.28375	0.16125	0.32	0.225	0.12	0.51625	0.58375	0.50875	0.05125	0.1975	0.305	3.8	-0.166667	-0.3	-1.22857	-0.844444	0.1343	0.348767	0.36818	0.392771	0.401033
0.73	0.27	0.88	0.5	0.12	0.27	0.27	0.73	0.27	0.05	0.05	0.27	0.12	0.05	0.88	0.95	0.73	0.05	0.12	0.12	0.30875	0.2075	0.41625	0.31375	0.25	0.2925	0.2575	0.2225	0.33	0.47625	0.38125	0.245	0.37625	0.26375	0.4125	0.47125	0.52125	0.0825	0.25375	0.46625	-3.5	-1.06667	-1.58	-0.128571	-0.533333	0.4675	0.3528	0.39942	0.355743	0.3703
0.27	0.27	0.5	0.73	0.05	0.73	0.98	0.12	0.27	0.5	0.12	0.5	0.27	0.05	0.12	0.5	0.88	0.05	0.12	0.27	0.3375	0.19875	0.43625	0.19625	0.2775	0.22625	0.14125	0.17875	0.245	0.4675	0.4675	0.2075	0.415	0.2825	0.49875	0.48	0.5025	0.0825	0.2725	0.47875	-3.5	-3.63333	-0.52	-0.585714	0.288889	0.4566	0.472767	0.34154	0.368629	0.338167
0.27	0.27	0.99	0.5	0.05	0.5	0.27	0.27	0.27	0.05	0.05	0.5	0.12	0.05	0.98	0.88	0.5	0.02	0.05	0.05	0.3375	0.19875	0.29	0.225	0.15875	0.255	0.23875	0.16	0.14125	0.515	0.4675	0.22625	0.425	0.27	0.40625	0.4325	0.53125	0.07375	0.19625	0.4975	-3.9	-0.966667	-1.42	0.128571	-0.166667	0.4942	0.368633	0.40032	0.323	0.327189
0.27	0.05	0.05	0.02	0.27	0.05	0.05	0.02	0.05	0.98	0.73	0.05	0.73	0.5	0.05	0.12	0.27	0.05	0.27	0.98	0.36625	0.16875	0.4075	0.37375	0.13125	0.35875	0.32375	0.19125	0.16875	0.4075	0.41	0.25375	0.3675	0.21375	0.415	0.47125	0.48375	0.07	0.16875	0.38125	4.5	-0.0333333	0.12	-0.642857	-0.466667	0.1551	0.359167	0.33184	0.337986	0.320744
0.27	0.12	0.27	0.12	0.27	0.27	0.12	0.05	0.12	0.73	0.88	0.12	0.5	0.27	0.12	0.5	0.98	0.05	0.12	0.73	0.41375	0.16875	0.41125	0.37375	0.15	0.35875	0.32375	0.2	0.16875	0.39125	0.3025	0.2725	0.32	0.13875	0.415	0.50875	0.50375	0.0425	0.14	0.43125	-0.7	2.66667	0.5	-0.642857	-0.966667	0.4282	0.236133	0.28836	0.326414	0.342256
0.27	0.05	0.05	0.02	0.27	0.05	0.05	0.02	0.05	0.88	0.88	0.05	0.73	0.27	0.05	0.12	0.27	0.05	0.27	0.98	0.35625	0.2625	0.39125	0.4425	0.14125	0.44375	0.39	0.1275	0.1775	0.3725	0.3025	0.36625	0.29125	0.13875	0.32875	0.5	0.5925	0.0425	0.12125	0.4	4.2	0.633333	0.58	-0.242857	-1.01111	0.1251	0.264167	0.26682	0.308029	0.349322
0.27	0.05	0.05	0.12	0.05	0.12	0.12	0.05	0.05	0.05	0.05	0.27	0.05	0.02	1	0.27	0.12	0.02	0.05	0.05	0.35625	0.235	0.335	0.34125	0.19625	0.35	0.265	0.11125	0.15	0.52375	0.45375	0.2825	0.405	0.2825	0.20125	0.43375	0.535	0.055	0.19625	0.605	-1.6	-0.3	-0.46	-0.242857	-0.155556	0.2392	0.250267	0.30138	0.3133	0.322089
0.73	0.27	0.5	0.98	0.12	0.88	0.73	0.27	0.27	0.12	0.27	0.27	0.27	0.05	0.12	0.5	0.27	0.05	0.12	0.12	0.29875	0.2075	0.2775	0.29	0.1875	0.255	0.24625	0.08375	0.15125	0.515	0.42625	0.2825	0.3775	0.27875	0.20375	0.405	0.51625	0.05125	0.19625	0.59625	-3.5	-1.93333	-1.1	-0.285714	-0.111111	0.3865	0.317867	0.32196	0.321357	0.324056
0.5	0.12	0.27	0.12	0.27	0.27	0.12	0.12	0.12	0.5	0.27	0.27	0.27	0.12	0.12	0.73	0.99	0.05	0.12	0.88	0.30875	0.22625	0.3025	0.3975	0.15	0.33125	0.31875	0.1025	0.17875	0.4075	0.445	0.2825	0.34875	0.3325	0.2	0.3675	0.4075	0.1075	0.2725	0.4125	-0.7	-2.7	-1.1	-0.685714	-0.3	0.3279	0.415167	0.33924	0.333314	0.334
0.27	0.95	0.5	0.95	0.05	0.73	0.73	0.12	0.27	0.05	0.05	0.95	0.12	0.05	0.12	0.5	0.73	0.05	0.12	0.12	0.3375	0.1225	0.3025	0.38875	0.15	0.27375	0.31875	0.20625	0.255	0.37875	0.36875	0.21625	0.32	0.37	0.2	0.3675	0.3325	0.16375	0.38	0.4225	-3.9	-0.133333	-1.48	-0.885714	-0.366667	0.5311	0.356833	0.39378	0.350386	0.351867
0.27	0.05	0.05	0.02	0.27	0.05	0.05	0.02	0.05	0.88	0.5	0.05	0.5	0.95	0.05	0.12	0.27	0.12	0.5	0.98	0.41375	0.2625	0.38625	0.53625	0.1225	0.415	0.5075	0.23125	0.3675	0.2275	0.23625	0.35625	0.215	0.23875	0.2175	0.4625	0.41875	0.155	0.31375	0.3025	4.2	-1.06667	-0.22	-0.842857	-0.633333	0.2115	0.418167	0.3654	0.400357	0.3843
0.27	0.27	0.98	0.95	0.05	0.5	0.73	0.27	0.5	0.05	0.05	0.5	0.12	0.05	0.12	0.88	0.5	0.02	0.12	0.05	0.38625	0.235	0.26625	0.40625	0.15	0.35	0.41	0.2	0.31125	0.33125	0.30125	0.26875	0.27125	0.41125	0.08625	0.34	0.38125	0.29	0.465	0.415	-3.5	1.16667	-0.34	-0.0857143	-0.555556	0.5119	0.322667	0.41762	0.404714	0.369
0.12	0.05	0.02	0.02	0.12	0.05	0.02	0.02	0.12	0.5	0.88	0.05	0.5	1	0.02	0.05	0.12	0.5	0.88	0.27	0.3475	0.32	0.38625	0.4625	0.12875	0.3875	0.52625	0.2125	0.35875	0.26625	0.17	0.41375	0.205	0.28875	0.1175	0.44375	0.42875	0.23	0.37	0.37875	2.8	-0.666667	0.8	-0.114286	-0.6	0.2446	0.4485	0.3948	0.372371	0.385422
0.27	0.12	0.5	0.88	0.05	0.27	0.73	0.88	0.88	0.05	0.05	0.27	0.12	0.5	0.12	0.27	0.12	0.5	0.98	0.05	0.32875	0.41875	0.32625	0.37375	0.11875	0.38875	0.485	0.105	0.2825	0.275	0.255	0.47125	0.2525	0.3425	0.105	0.3875	0.415	0.23	0.3575	0.33	-1.3	1.1	-0.22	-0.114286	-1.02222	0.589	0.416867	0.3728	0.372829	0.416333
0.88	0.27	0.27	0.27	0.27	0.5	0.88	0.12	0.73	0.5	0.27	0.27	0.27	0.12	0.12	0.5	0.5	0.05	0.12	0.88	0.2525	0.34375	0.32625	0.34625	0.1	0.3875	0.4375	0.2	0.30125	0.24625	0.28375	0.4625	0.3425	0.4175	0.105	0.35875	0.31	0.295	0.465	0.245	1.8	-0.133333	-0.3	-1.35714	-0.377778	0.417	0.369167	0.37728	0.4292	0.397189
0.05	0.05	0.02	0.01	0.05	0.05	0.02	0.05	0.05	0.05	0.12	0.02	0.12	0.5	0.02	0.05	0.05	1	0.88	0.02	0.35625	0.4275	0.47	0.4675	0.1	0.52875	0.6575	0.26875	0.4425	0.2075	0.255	0.57875	0.39	0.2575	0.12625	0.49125	0.42375	0.1675	0.3225	0.245	-0.9	-1	-1.76	-0.585714	-1.23333	0.1015	0.350933	0.44958	0.407329	0.442311
0.27	0.73	0.5	0.5	0.02	0.73	0.95	0.12	0.27	0.05	0.05	0.98	0.12	0.02	0.27	0.5	0.27	0.05	0.12	0.05	0.38625	0.32375	0.3025	0.32125	0.1125	0.44375	0.56	0.28875	0.3675	0.2925	0.32	0.43	0.4375	0.32625	0.095	0.35875	0.3675	0.29	0.4175	0.345	-3.9	-3.1	-1.12	-1.48571	-0.377778	0.5343	0.413967	0.40354	0.460614	0.433444
0.5	0.98	0.27	0.27	0.12	0.5	0.5	0.12	0.27	0.12	0.12	0.95	0.27	0.05	0.12	0.5	0.88	0.05	0.12	0.27	0.37625	0.34875	0.3625	0.41	0.09125	0.585	0.7325	0.39625	0.38625	0.23625	0.26375	0.49	0.39	0.20375	0.12625	0.415	0.31	0.23375	0.3225	0.29875	-4.5	-2.16667	-2.18	-0.7	-0.733333	0.6061	0.499733	0.44366	0.4382	0.457311
0.27	0.5	0.27	0.12	0.12	0.95	0.5	0.12	0.27	0.27	0.5	0.88	0.99	0.27	0.12	0.5	0.27	0.12	0.12	0.27	0.4625	0.485	0.3625	0.38125	0.1	0.61375	0.76	0.30125	0.31	0.22625	0.225	0.5275	0.31875	0.12	0.145	0.4725	0.48125	0.16875	0.215	0.3075	1.9	-2.03333	-1.16	-1.01429	-0.977778	0.3588	0.5275	0.50978	0.444257	0.440633
0.27	0.5	0.95	0.73	0.05	0.73	0.95	0.5	0.5	0.12	0.12	0.73	0.73	0.05	0.12	0.73	0.73	0.05	0.12	0.12	0.38625	0.5425	0.30625	0.305	0.08125	0.7025	0.685	0.25375	0.28125	0.18875	0.245	0.635	0.35125	0.13875	0.145	0.44375	0.395	0.1775	0.215	0.2225	-3.5	0.866667	-0.46	-1.38571	-1.56667	0.6176	0.4695	0.4948	0.492457	0.419511
0.73	0.12	0.12	0.27	0.12	0.5	0.88	0.5	0.12	0.73	0.5	0.27	0.5	0.12	0.12	0.27	0.27	0.05	0.12	0.88	0.44625	0.59875	0.4225	0.37625	0.1	0.75875	0.725	0.31	0.3375	0.12125	0.1975	0.72375	0.39875	0.07375	0.17625	0.58625	0.50875	0.05875	0.12	0.15875	4.2	0.1	-0.26	-1.32857	-1.26667	0.4321	0.503033	0.46136	0.448543	0.412978
0.27	0.5	0.27	0.5	0.05	0.95	0.95	0.88	0.27	0.12	0.5	0.5	0.27	0.05	0.12	0.5	0.27	0.05	0.12	0.12	0.50375	0.5225	0.375	0.31875	0.12125	0.73375	0.68875	0.25375	0.31875	0.25375	0.225	0.635	0.50375	0.095	0.1575	0.52875	0.50875	0.05875	0.12	0.3575	-0.4	0.1	-1.34	-0.428571	-0.366667	0.4594	0.443467	0.43498	0.368057	0.386211
0.73	0.73	0.5	0.5	0.12	0.95	0.95	0.12	0.27	0.12	0.12	0.5	0.27	0.05	0.27	0.73	0.88	0.05	0.12	0.12	0.4175	0.405	0.375	0.4075	0.1	0.7625	0.75	0.34875	0.31875	0.24125	0.26375	0.57875	0.47625	0.09125	0.13875	0.5	0.35625	0.055	0.11125	0.33	-3.5	-2.46667	-0.28	-0.1	-0.255556	0.4389	0.375067	0.32	0.358714	0.357589
0.27	0.73	0.5	0.27	0.05	0.99	0.73	0.12	0.73	0.05	0.05	0.98	0.27	0.05	0.12	0.5	0.27	0.05	0.12	0.05	0.475	0.34875	0.3475	0.42375	0.1275	0.645	0.72125	0.33625	0.23	0.335	0.30125	0.415	0.44375	0.09125	0.14875	0.48125	0.46125	0.04625	0.11125	0.4275	-3.5	-1.73333	-0.28	-0.1	9.86865e-17	0.2269	0.236167	0.29226	0.320271	0.321089
0.99	0.12	0.12	0.12	0.27	0.27	0.27	0.5	0.12	0.12	0.12	0.27	0.27	0.05	0.27	0.73	0.5	0.05	0.12	0.27	0.36625	0.39625	0.29125	0.3575	0.1	0.7625	0.69375	0.2325	0.25875	0.32625	0.36875	0.44625	0.38625	0.1475	0.12125	0.37625	0.35625	0.165	0.1875	0.4	1.8	0.833333	-0.9	-0.1	0.288889	0.0427	0.187667	0.27008	0.262871	0.2622
0.27	0.5	0.27	0.27	0.12	0.98	0.73	0.05	0.27	0.5	0.27	0.5	0.73	0.12	0.12	0.27	0.27	0.05	0.12	0.88	0.4275	0.39625	0.32	0.33875	0.11875	0.73375	0.58875	0.345	0.25875	0.19375	0.29375	0.44625	0.3	0.13	0.14	0.51	0.41375	0.165	0.1875	0.22	4.2	0.833333	0.64	-0.171429	-0.566667	0.2934	0.2282	0.18836	0.209757	0.2484
0.27	0.27	0.5	0.98	0.02	0.73	0.99	0.12	0.27	0.02	0.05	0.5	0.05	0.02	0.12	0.5	0.27	0.02	0.05	0.05	0.50375	0.3775	0.29125	0.2025	0.14	0.66125	0.4525	0.35	0.24	0.245	0.265	0.39875	0.36625	0.1425	0.14	0.48125	0.41375	0.16875	0.1875	0.32375	-3.5	1.63333	1.16	-0.171429	-0.566667	0.3485	0.224067	0.1605	0.191043	0.213
0.27	0.05	0.05	0.02	0.27	0.05	0.05	0.02	0.02	0.95	0.73	0.05	0.73	0.27	0.05	0.12	0.5	0.05	0.12	0.98	0.44625	0.32	0.2875	0.2625	0.1275	0.6425	0.4575	0.35	0.24375	0.22375	0.2875	0.39875	0.3575	0.1675	0.12125	0.44375	0.30875	0.17375	0.1975	0.3025	4.2	-0.0666667	0.1	0.271429	0.244444	0.0303	0.155467	0.21354	0.178743	0.171478
0.12	0.27	0.12	0.05	0.05	0.95	0.27	0.05	0.12	0.12	0.73	0.27	0.27	0.5	0.05	0.12	0.12	1	0.73	0.12	0.54125	0.21625	0.25	0.24	0.1825	0.44	0.3725	0.365	0.25	0.33625	0.29625	0.2825	0.415	0.16625	0.12125	0.49125	0.41375	0.17375	0.16875	0.4375	-0.9	-0.0666667	-0.82	0.557143	0.833333	0.0876	0.141933	0.18302	0.181957	0.176256
0.5	0.5	0.5	0.27	0.12	0.98	0.5	0.95	0.27	0.05	0.05	0.5	0.27	0.05	0.12	0.88	0.5	0.05	0.12	0.05	0.385	0.1875	0.19	0.2	0.155	0.4175	0.31625	0.1925	0.2225	0.42125	0.48875	0.22625	0.5	0.27875	0.085	0.31125	0.3375	0.30125	0.26375	0.50375	-3.5	-1.6	0.64	0.214286	1.05556	0.3079	0.178767	0.12636	0.1786	0.1925
0.88	0.12	0.27	0.12	0.12	0.12	0.12	0.99	0.12	0.05	0.05	0.12	0.12	0.05	0.12	0.5	0.27	0.05	0.05	0.12	0.31875	0.17875	0.1875	0.1875	0.155	0.40875	0.27875	0.18375	0.21375	0.45	0.57875	0.2175	0.5375	0.32625	0.07625	0.33125	0.3475	0.31	0.29125	0.47625	-0.4	-0.0333333	0.16	1.25714	1.01111	0.1408	0.1713	0.17428	0.1558	0.1667
0.27	0.05	0.02	0.02	0.27	0.12	0.05	0.02	0.05	0.88	0.98	0.05	0.88	0.5	0.05	0.05	0.27	0.12	0.27	0.88	0.42375	0.1875	0.2475	0.11125	0.14875	0.4275	0.22625	0.305	0.2225	0.3775	0.5475	0.22625	0.49875	0.33	0.085	0.435	0.37625	0.31375	0.29125	0.40875	3.8	1.73333	1.1	1.2	1.31111	0.0652	0.158633	0.19454	0.160214	0.155689
0.88	0.12	0.27	0.12	0.27	0.27	0.27	0.27	0.88	0.12	0.12	0.27	0.27	0.27	0.12	0.88	0.73	1	0.5	0.27	0.3475	0.235	0.2725	0.20625	0.1175	0.52125	0.31625	0.28625	0.17875	0.35625	0.57	0.28375	0.49875	0.3275	0.085	0.37875	0.29	0.20375	0.2625	0.36875	1.8	3.13333	2.56	1.21429	0.455556	0.2699	0.174667	0.1452	0.183329	0.206589
0.12	0.12	0.02	0.02	0.12	0.12	0.05	0.02	0.05	0.73	0.98	0.05	0.95	0.5	0.05	0.05	0.27	0.12	0.27	0.73	0.55	0.21625	0.3225	0.2275	0.16375	0.455	0.34375	0.43	0.2825	0.28	0.38625	0.31125	0.395	0.2425	0.12125	0.55875	0.36625	0.195	0.215	0.33	3.8	3.13333	2.48	1.21429	0.755556	0.1889	0.173333	0.16692	0.209114	0.204744
0.12	0.05	0.02	0.02	0.12	0.05	0.05	0.02	0.05	0.73	0.99	0.05	0.88	0.5	0.05	0.05	0.12	0.12	0.27	0.73	0.52125	0.16875	0.26625	0.19625	0.1825	0.3475	0.2875	0.31375	0.255	0.3925	0.47	0.255	0.46125	0.34625	0.1125	0.46375	0.35625	0.20375	0.2625	0.4425	3.8	2.26667	1.02	1.52857	1.61111	0.0612	0.1665	0.25156	0.199143	0.176689
0.5	0.27	0.73	0.27	0.12	0.88	0.5	0.12	0.27	0.27	0.73	0.5	0.5	0.5	0.12	0.88	0.5	0.12	0.27	0.27	0.3975	0.14125	0.15875	0.165	0.20125	0.2625	0.23125	0.24	0.2275	0.535	0.615	0.19875	0.6125	0.4025	0.10375	0.33125	0.30875	0.23125	0.29	0.5475	-0.8	-0.166667	1.02	1.58571	2.07778	0.2494	0.266333	0.21178	0.197743	0.197689
0.27	0.5	0.5	0.88	0.02	0.95	0.99	0.12	0.5	0.02	0.05	0.73	0.12	0.02	0.12	0.5	0.27	0.05	0.12	0.05	0.5025	0.225	0.2475	0.12	0.21375	0.34875	0.22625	0.27125	0.22625	0.47125	0.5925	0.255	0.58375	0.415	0.13125	0.46375	0.36625	0.24	0.30875	0.49875	-3.5	-0.833333	1.1	1.87143	1.15556	0.4884	0.2696	0.18508	0.2063	0.242522
0.98	0.12	0.27	0.12	0.27	0.27	0.27	0.95	0.12	0.12	0.12	0.27	0.12	0.05	0.27	0.73	0.27	0.05	0.12	0.27	0.41375	0.29125	0.27625	0.23375	0.1825	0.43375	0.31625	0.2525	0.17875	0.4775	0.63125	0.3125	0.58375	0.3925	0.13125	0.41625	0.3375	0.13	0.26125	0.47125	1.8	0.833333	1.1	0.685714	0.911111	0.071	0.204933	0.2388	0.246271	0.233856
0.27	0.05	0.05	0.02	0.27	0.05	0.05	0.02	0.05	0.95	0.73	0.05	0.73	0.88	0.05	0.12	0.27	0.12	0.5	0.95	0.52125	0.40375	0.36375	0.2775	0.17375	0.57	0.42875	0.38125	0.24375	0.2975	0.4475	0.425	0.4225	0.24125	0.18625	0.54875	0.3375	0.12125	0.21375	0.31	4.2	3.26667	0.36	0.0857143	0.1	0.0554	0.152067	0.28266	0.264943	0.259244
0.27	0.12	0.12	0.12	0.27	0.27	0.12	0.5	0.12	0.73	0.95	0.12	0.95	0.5	0.12	0.27	0.27	0.27	0.27	0.5	0.625	0.40375	0.38625	0.29625	0.1925	0.57	0.4475	0.4375	0.24375	0.29625	0.33	0.44375	0.31875	0.24125	0.205	0.58625	0.35625	0.1025	0.22375	0.3375	3.8	1.16667	0.98	-0.3	-0.122222	0.3298	0.284633	0.22336	0.288943	0.299522
0.88	0.95	0.5	0.27	0.27	0.88	0.5	0.27	0.27	0.12	0.12	0.73	0.27	0.12	0.27	0.73	0.5	0.12	0.27	0.27	0.52	0.3	0.3575	0.2775	0.1925	0.5025	0.4	0.46625	0.225	0.40125	0.4525	0.3675	0.40375	0.26	0.18625	0.4525	0.29875	0.12125	0.22375	0.395	-4.5	-0.366667	-0.08	0.457143	0.388889	0.4687	0.330133	0.29264	0.2797	0.307089
0.88	0.27	0.27	0.27	0.27	0.27	0.27	0.95	0.12	0.27	0.5	0.27	0.27	0.12	0.27	0.73	0.5	0.12	0.12	0.27	0.50125	0.3375	0.33	0.17375	0.205	0.49375	0.32	0.3725	0.19625	0.47125	0.52125	0.34875	0.48	0.3675	0.1775	0.405	0.29875	0.14875	0.29	0.45125	-0.4	-2.8	-0.56	0.742857	1.2	0.1919	0.359333	0.3663	0.314914	0.271289
0.27	0.95	0.5	0.27	0.05	0.99	0.73	0.12	0.5	0.12	0.12	0.73	0.27	0.12	0.27	0.5	0.27	0.12	0.27	0.12	0.565	0.2525	0.30125	0.1925	0.2325	0.40375	0.29125	0.4675	0.14875	0.5375	0.645	0.29125	0.5275	0.395	0.1775	0.405	0.3275	0.1575	0.27125	0.49875	-3.5	-0.7	-0.56	0.685714	1.46667	0.4174	0.344333	0.36384	0.330743	0.313478
0.95	0.12	0.27	0.27	0.27	0.27	0.27	0.95	0.12	0.5	0.27	0.27	0.27	0.12	0.27	0.5	0.27	0.12	0.12	0.5	0.48	0.46	0.44625	0.2525	0.1775	0.55	0.37625	0.395	0.2525	0.3775	0.54125	0.43375	0.45125	0.29125	0.29375	0.4525	0.3275	0.14875	0.2425	0.3475	1.8	0.7	1.1	0.742857	0.566667	0.4237	0.3862	0.30334	0.348014	0.371078
0.27	0.27	0.88	0.27	0.12	0.95	0.5	0.12	0.27	0.5	0.88	0.5	0.5	0.27	0.12	0.27	0.27	0.12	0.27	0.5	0.6225	0.46	0.4175	0.27125	0.19625	0.49375	0.36625	0.47	0.2525	0.30125	0.36125	0.42375	0.3375	0.225	0.33125	0.57	0.4125	0.13	0.205	0.31875	3.8	3.13333	2.02	0.828571	0.0555556	0.3175	0.302467	0.3551	0.363029	0.394144
0.12	0.12	0.05	0.05	0.12	0.27	0.12	0.05	0.12	0.73	0.98	0.12	0.73	0.88	0.05	0.12	0.27	0.27	0.5	0.5	0.6225	0.39375	0.52125	0.3275	0.19625	0.53125	0.41375	0.5075	0.27125	0.2725	0.34875	0.4425	0.30875	0.14875	0.34	0.62	0.44125	0.11125	0.17625	0.31875	3.8	3.93333	1.94	0.771429	0.466667	0.1662	0.311467	0.38638	0.412386	0.409167
0.88	0.12	0.27	0.27	0.27	0.27	0.5	0.88	0.12	0.5	0.73	0.27	0.5	0.27	0.27	0.5	0.27	0.12	0.12	0.5	0.45125	0.4225	0.55125	0.32875	0.15875	0.62	0.42375	0.31875	0.31875	0.33	0.35125	0.4525	0.36625	0.225	0.3125	0.54375	0.44125	0.13	0.2425	0.37625	4.2	1.36667	1.42	1.15714	0.122222	0.4507	0.3969	0.40912	0.439029	0.440467
0.27	0.88	0.98	0.5	0.05	0.5	0.27	0.27	0.5	0.05	0.05	0.73	0.12	0.05	0.98	0.5	0.27	0.05	0.12	0.12	0.5275	0.2425	0.43375	0.3	0.195	0.55875	0.42375	0.41375	0.2425	0.405	0.455	0.36625	0.41375	0.2525	0.31375	0.54375	0.5175	0.13875	0.22375	0.4425	-3.9	-0.166667	0.5	0.4	0.333333	0.5738	0.520633	0.4664	0.446157	0.451278
0.73	0.27	0.5	0.27	0.27	0.5	0.27	0.27	0.27	0.12	0.12	0.27	0.27	0.12	0.27	0.98	0.95	0.12	0.12	0.27	0.41375	0.3375	0.57	0.3575	0.225	0.5875	0.42375	0.32875	0.29	0.34875	0.4275	0.42375	0.395	0.29125	0.47875	0.5125	0.49	0.2375	0.2425	0.395	-0.8	-1.83333	-0.96	-0.371429	0.0333333	0.5374	0.5717	0.52788	0.474329	0.465222
0.73	0.27	0.5	0.5	0.27	0.5	0.5	0.5	0.27	0.12	0.12	0.5	0.27	0.12	0.27	0.98	0.73	0.12	0.27	0.27	0.4425	0.36625	0.5225	0.38625	0.225	0.56	0.455	0.3475	0.29	0.30125	0.3325	0.395	0.36625	0.2725	0.4975	0.54125	0.575	0.2375	0.22375	0.36625	-0.8	-1.7	-2.12	-1.04286	-0.777778	0.6039	0.5383	0.54068	0.529043	0.496344
0.27	0.5	0.73	0.5	0.12	0.98	0.73	0.27	0.5	0.5	0.27	0.5	0.5	0.12	0.27	0.5	0.5	0.12	0.27	0.73	0.595	0.35625	0.52125	0.41375	0.2625	0.5	0.445	0.40375	0.28	0.225	0.225	0.41375	0.3375	0.19625	0.60125	0.6775	0.66125	0.21875	0.195	0.3375	-3.5	-1.96667	-1.52	-2.14286	-1.37778	0.4736	0.530733	0.53576	0.550029	0.5146
0.27	0.27	0.27	0.27	0.12	0.73	0.5	0.27	0.27	0.27	0.27	0.5	0.27	0.12	0.99	0.5	0.88	0.12	0.12	0.27	0.51875	0.385	0.56	0.42375	0.2625	0.53125	0.42625	0.30875	0.30875	0.2825	0.25625	0.395	0.395	0.225	0.4925	0.63	0.61375	0.2375	0.2325	0.395	-1.6	-2	-2.06	-1.81429	-1.42222	0.5147	0.5125	0.5478	0.515271	0.475189
0.5	0.27	0.88	0.5	0.73	0.5	0.27	0.27	0.27	0.12	0.12	0.27	0.27	0.5	0.88	0.73	0.73	0.98	0.27	0.27	0.49	0.36625	0.42375	0.36625	0.195	0.62	0.5125	0.30875	0.36875	0.31	0.28375	0.42375	0.41375	0.18625	0.4175	0.60125	0.6325	0.13875	0.26125	0.395	-0.9	-2	-2.22	-1.15714	-1.37778	0.5492	0.553833	0.49312	0.452214	0.462856
0.5	0.5	0.5	0.73	0.12	0.73	0.98	0.5	0.27	0.12	0.12	0.5	0.27	0.12	0.27	0.5	0.73	0.12	0.27	0.27	0.46125	0.3375	0.4425	0.3375	0.27125	0.5625	0.42375	0.28	0.36875	0.3575	0.37875	0.395	0.47125	0.2525	0.49375	0.6175	0.57625	0.24625	0.28	0.42375	-3.5	-2	-0.76	-1.54286	-0.866667	0.5976	0.492433	0.4176	0.432057	0.449411
0.88	0.27	0.27	0.27	0.27	0.27	0.27	0.27	0.27	0.5	0.27	0.27	0.73	0.27	0.88	0.73	0.73	0.12	0.27	0.73	0.35625	0.395	0.47125	0.36625	0.23375	0.62	0.5125	0.26125	0.46	0.31	0.36	0.395	0.41375	0.2525	0.4175	0.5	0.51875	0.24625	0.3375	0.3475	-1.6	-0.433333	-1.14	-0.5	-1.13333	0.3305	0.341367	0.40722	0.423886	0.4068
0.27	0.12	0.12	0.12	0.27	0.27	0.12	0.12	0.12	0.73	0.98	0.12	0.73	0.5	0.12	0.12	0.27	0.27	0.27	0.5	0.4325	0.36625	0.41375	0.3375	0.2525	0.5125	0.455	0.26125	0.43125	0.3375	0.32875	0.36625	0.4425	0.27125	0.49375	0.5475	0.57625	0.2275	0.3375	0.40375	3.8	-0.433333	-0.2	-0.728571	-0.277778	0.096	0.296433	0.38066	0.381843	0.365511
0.27	0.73	0.5	0.27	0.12	0.98	0.73	0.27	0.98	0.12	0.12	0.73	0.27	0.12	0.27	0.5	0.27	0.12	0.5	0.12	0.4325	0.29	0.42375	0.41	0.27125	0.395	0.4075	0.2425	0.32375	0.395	0.4175	0.26125	0.48125	0.31875	0.385	0.5	0.5	0.2375	0.30875	0.4325	-3.5	1.36667	-0.14	0	-0.488889	0.4628	0.325067	0.30522	0.317957	0.3558
0.5	0.27	0.27	0.27	0.27	0.27	0.27	0.27	0.27	0.5	0.88	0.27	0.73	0.27	0.27	0.88	0.5	0.12	0.27	0.5	0.40375	0.405	0.4525	0.41	0.17625	0.5125	0.49375	0.2425	0.44125	0.3475	0.3225	0.40375	0.42375	0.2525	0.30875	0.42375	0.4425	0.13	0.3375	0.36625	3.8	-0.966667	1.02	-6.34413e-17	-0.822222	0.4164	0.366533	0.25952	0.293629	0.347756
0.27	0.5	0.5	0.27	0.12	0.5	0.5	0.12	1	0.12	0.12	0.27	0.27	0.27	0.27	0.27	0.27	0.12	0.73	0.12	0.48875	0.3475	0.395	0.3525	0.21375	0.455	0.405	0.26125	0.35	0.41375	0.43625	0.40375	0.48125	0.2525	0.30875	0.5475	0.4425	0.13	0.28	0.41375	-3.2	1.6	-0.44	-0.328571	-0.233333	0.2204	0.246267	0.32578	0.314529	0.308644
0.27	0.12	0.12	0.12	0.27	0.12	0.12	0.12	0.12	0.95	0.73	0.12	0.73	0.5	0.12	0.27	0.5	0.12	0.27	0.95	0.4125	0.37625	0.42375	0.3525	0.195	0.48375	0.43375	0.2425	0.44125	0.36625	0.4175	0.40375	0.42375	0.22375	0.2325	0.49	0.385	0.13	0.3375	0.3375	4.2	-0.833333	-0.52	-0.614286	0.411111	0.102	0.2499	0.32858	0.3359	0.286689
0.27	0.27	0.73	1	0.12	0.5	0.73	0.27	0.27	0.12	0.12	0.27	0.12	0.12	0.27	0.5	0.27	0.05	0.12	0.12	0.44125	0.46125	0.395	0.26125	0.21375	0.465	0.405	0.2425	0.44125	0.39375	0.38625	0.46125	0.4425	0.22375	0.2325	0.565	0.4425	0.12	0.35625	0.39375	-3.5	-1.06667	-0.92	0.485714	-0.1	0.4273	0.335367	0.29442	0.288771	0.325733
0.5	0.73	0.88	0.5	0.12	0.73	0.5	0.27	0.5	0.12	0.12	0.95	0.27	0.12	0.27	0.5	0.5	0.12	0.27	0.12	0.44125	0.34625	0.4325	0.3525	0.21375	0.3475	0.37625	0.3275	0.32375	0.39375	0.38625	0.31875	0.405	0.22375	0.2325	0.59375	0.4425	0.11125	0.29	0.39375	-3.9	-1.86667	0.56	-0.171429	0.244444	0.4768	0.383233	0.27692	0.2932	0.308233
0.95	0.27	0.27	0.27	0.27	0.5	0.5	0.5	0.27	0.27	0.27	0.5	0.27	0.12	0.27	0.88	0.5	0.12	0.27	0.27	0.35625	0.385	0.49	0.3625	0.195	0.37625	0.3575	0.28	0.33375	0.4225	0.37625	0.35625	0.405	0.2525	0.21375	0.45125	0.41375	0.13	0.29	0.40375	1.8	0.7	-0.44	0.228571	0.244444	0.2456	0.2851	0.346	0.305329	0.271678
0.27	0.12	0.12	0.12	0.27	0.12	0.12	0.12	0.12	0.95	0.73	0.12	0.73	0.27	0.12	0.27	0.5	0.12	0.27	0.95	0.47	0.46375	0.48	0.38125	0.195	0.42375	0.37625	0.34625	0.26125	0.35625	0.395	0.46125	0.37625	0.23375	0.2325	0.5275	0.41375	0.13	0.2325	0.3375	4.2	1.73333	0.18	0.171429	0.1	0.1329	0.2753	0.3216	0.303243	0.297622
0.5	0.95	0.5	0.27	0.27	0.5	0.5	0.27	0.27	0.12	0.12	0.73	0.27	0.12	0.27	0.95	0.5	0.12	0.27	0.12	0.49875	0.36	0.48	0.38125	0.28625	0.395	0.3475	0.34625	0.2425	0.35625	0.395	0.40375	0.3575	0.19625	0.21375	0.53125	0.4425	0.12125	0.21375	0.3375	-0.8	1	1.72	0.0285714	-0.455556	0.4474	0.2952	0.24372	0.307043	0.321089
0.5	0.27	0.95	0.5	0.12	0.27	0.27	0.95	0.27	0.12	0.12	0.27	0.12	0.12	0.27	0.73	0.5	0.12	0.12	0.12	0.49875	0.4175	0.335	0.23	0.32375	0.3675	0.29125	0.23	0.215	0.46	0.5025	0.43375	0.47125	0.24375	0.18625	0.5025	0.4425	0.13	0.25125	0.4325	-0.4	0.866667	0.46	0.471429	0.355556	0.3053	0.280033	0.28538	0.283671	0.276078
0.27	0.12	0.12	0.12	0.27	0.27	0.12	0.12	0.12	0.88	0.95	0.12	0.73	0.5	0.12	0.12	0.27	0.27	0.27	0.73	0.5275	0.43625	0.4475	0.2775	0.305	0.33875	0.28125	0.33375	0.205	0.365	0.39875	0.39625	0.395	0.1875	0.18625	0.62625	0.5275	0.1025	0.21375	0.375	3.8	-0.366667	-0.54	0.757143	0.711111	0.0874	0.2822	0.32144	0.251757	0.2528
0.5	0.98	0.27	0.27	0.12	0.5	0.27	0.27	0.27	0.27	0.73	0.73	0.5	0.27	0.27	0.27	0.27	0.12	0.27	0.27	0.49	0.32875	0.4575	0.25875	0.32375	0.33875	0.2625	0.28625	0.18625	0.4225	0.4075	0.32	0.42375	0.2075	0.1675	0.62	0.575	0.1125	0.195	0.4325	-4.5	-0.5	0.38	0.0571429	0.433333	0.4539	0.284833	0.2364	0.270957	0.273067
0.73	0.12	0.5	0.27	1	0.27	0.27	0.27	0.12	0.12	0.12	0.27	0.12	0.05	0.12	0.98	0.73	0.05	0.12	0.12	0.46125	0.4275	0.41625	0.24625	0.21375	0.3675	0.25375	0.27375	0.19625	0.4325	0.515	0.36875	0.49	0.26375	0.1775	0.5125	0.48875	0.12125	0.21375	0.4425	-0.8	-0.5	0.32	0.0714286	0.388889	0.3132	0.2631	0.2288	0.268186	0.271222
0.27	0.05	0.02	0.02	0.27	0.05	0.05	0.02	0.05	0.95	0.98	0.05	0.88	0.5	0.05	0.05	0.27	0.12	0.27	0.88	0.47125	0.32375	0.41625	0.24625	0.28625	0.33875	0.225	0.27375	0.1775	0.405	0.51625	0.31125	0.47125	0.255	0.15875	0.51625	0.49875	0.1125	0.195	0.42375	3.8	0.766667	-0.58	0.671429	0.9	0.0222	0.2009	0.29692	0.241186	0.229933
0.5	0.73	0.95	0.5	0.12	0.5	0.27	0.27	0.27	0.12	0.12	0.5	0.27	0.05	0.12	0.88	0.95	0.05	0.12	0.27	0.41375	0.32875	0.215	0.13875	0.2925	0.31125	0.1975	0.2425	0.15	0.49625	0.615	0.3125	0.5475	0.3025	0.13125	0.355	0.36625	0.1125	0.21375	0.49125	-0.7	0.8	1.08	0.671429	0.444444	0.2673	0.239167	0.2294	0.239529	0.248867
0.88	0.27	0.5	0.27	0.27	0.73	0.5	0.27	0.27	0.12	0.12	0.5	0.27	0.05	0.27	0.98	0.88	0.05	0.12	0.27	0.4425	0.405	0.29	0.18625	0.27375	0.3675	0.21625	0.26125	0.16875	0.42	0.51125	0.36	0.49	0.24625	0.13125	0.4375	0.40375	0.085	0.195	0.4625	-0.7	0.8	2	0.671429	0.222222	0.428	0.270533	0.18192	0.242643	0.295033
0.27	0.05	0.02	0.02	0.27	0.12	0.05	0.02	0.05	0.88	0.98	0.05	0.88	0.5	0.05	0.12	0.27	0.12	0.27	0.88	0.47125	0.31625	0.31875	0.18625	0.27375	0.3875	0.245	0.26125	0.16875	0.3825	0.43625	0.33125	0.46125	0.21875	0.13125	0.5175	0.46125	0.07625	0.17625	0.44375	3.8	2.3	0.34	1.04286	1.14444	0.1163	0.2067	0.27262	0.269743	0.2639
0.12	0.05	0.02	0.02	0.12	0.05	0.05	0.02	0.05	0.73	0.99	0.05	0.88	0.5	0.05	0.05	0.12	0.12	0.27	0.73	0.46125	0.335	0.375	0.215	0.1825	0.39625	0.245	0.35	0.1875	0.3925	0.42625	0.33125	0.46125	0.21875	0.13125	0.51375	0.45125	0.07625	0.1675	0.45375	3.8	1.03333	0.84	1.04286	1.18889	0.0758	0.2226	0.31974	0.291386	0.2889
0.27	0.99	0.27	0.12	0.02	0.5	0.27	0.95	0.27	0.02	0.05	0.73	0.12	0.05	0.12	0.27	0.12	0.05	0.12	0.05	0.51875	0.22625	0.35625	0.215	0.195	0.34875	0.22625	0.35	0.16875	0.4725	0.455	0.255	0.48	0.2275	0.13125	0.5425	0.45125	0.07625	0.1675	0.52	-4.5	0.366667	1.74	1.08571	0.966667	0.4757	0.351467	0.26888	0.330086	0.3153
0.88	0.27	0.27	0.27	0.27	0.95	0.5	0.27	0.27	0.27	0.12	0.5	0.27	0.05	0.27	0.88	0.5	0.05	0.12	0.5	0.41375	0.2875	0.27125	0.1675	0.155	0.355	0.255	0.41625	0.1975	0.4325	0.4375	0.3125	0.46125	0.22375	0.2075	0.39	0.31875	0.07625	0.1675	0.43625	1.8	0.366667	0.9	1.44286	0.655556	0.5029	0.3841	0.35326	0.306057	0.338333
0.12	0.05	0.02	0.02	0.12	0.05	0.05	0.02	0.05	0.73	0.99	0.05	0.88	0.5	0.05	0.05	0.12	0.12	0.27	0.73	0.4325	0.3725	0.27375	0.2275	0.14625	0.4675	0.3675	0.42875	0.225	0.4225	0.3475	0.425	0.385	0.17625	0.21625	0.405	0.29	0.0675	0.14875	0.465	3.8	1.73333	0.5	0.4	0.3	0.1737	0.404933	0.39006	0.357243	0.3572
0.5	0.27	0.95	0.5	0.12	0.27	0.27	0.98	0.27	0.05	0.05	0.27	0.12	0.05	0.12	0.88	0.5	0.05	0.05	0.05	0.385	0.4575	0.18875	0.2275	0.11875	0.51625	0.4525	0.32125	0.25375	0.4125	0.3575	0.4825	0.385	0.20375	0.21625	0.32	0.2425	0.095	0.26125	0.455	-0.4	1.73333	0.7	-0.7	-0.511111	0.5382	0.3239	0.38984	0.431814	0.396789
0.88	0.12	0.12	0.12	0.27	0.12	0.12	0.95	0.12	0.88	0.27	0.12	0.27	0.12	0.12	0.5	0.27	0.05	0.12	0.73	0.4325	0.50375	0.305	0.2875	0.11875	0.5625	0.49875	0.35625	0.28125	0.30875	0.31625	0.52875	0.3475	0.16625	0.24375	0.42375	0.31875	0.095	0.2525	0.37	1.8	-0.7	-0.44	-0.557143	-0.733333	0.2598	0.4242	0.40882	0.431371	0.425267
0.27	0.5	0.27	0.27	0.05	1	0.73	0.12	0.5	0.05	0.05	0.73	0.27	0.02	0.88	0.27	0.27	0.05	0.12	0.05	0.50875	0.3475	0.2675	0.26875	0.1775	0.42375	0.40375	0.35625	0.215	0.52	0.4475	0.37625	0.4425	0.235	0.24375	0.4525	0.36625	0.10375	0.27125	0.54	-3.5	-1.86667	-1.9	-0.557143	0.266667	0.4746	0.444067	0.4686	0.406971	0.411522
0.27	0.73	0.27	0.5	0.05	0.73	0.95	0.12	0.27	0.5	0.27	0.95	0.27	0.12	0.12	0.27	0.27	0.05	0.12	0.73	0.46125	0.3	0.2675	0.22125	0.15875	0.3725	0.3475	0.3375	0.225	0.46375	0.49625	0.32	0.47125	0.32625	0.42375	0.4525	0.36625	0.1125	0.31875	0.42625	-3.9	-3.63333	-1.46	-0.457143	-0.0222222	0.5978	0.515	0.42738	0.432443	0.406622
0.27	0.95	0.27	0.5	0.05	0.73	0.95	0.12	0.5	0.12	0.12	0.73	0.12	0.27	0.12	0.27	0.27	0.27	0.95	0.12	0.48	0.28125	0.3275	0.23375	0.15875	0.4	0.35625	0.45375	0.205	0.45375	0.45375	0.375	0.41375	0.26	0.54	0.50875	0.46125	0.07625	0.19625	0.445	-3.5	-1.86667	-0.92	-0.514286	-0.833333	0.4726	0.4675	0.44582	0.4211	0.426222
0.88	0.27	0.12	0.12	0.27	0.27	0.27	0.27	0.12	0.73	0.88	0.27	0.73	0.27	0.27	0.5	0.5	0.12	0.27	0.73	0.45125	0.3475	0.2425	0.23375	0.13125	0.4575	0.44125	0.34625	0.23375	0.3775	0.35875	0.4325	0.3375	0.26	0.63125	0.46125	0.40375	0.09125	0.28125	0.3775	1.8	0.933333	-0.38	-1.27143	-0.877778	0.3321	0.385567	0.44266	0.434	0.411944
0.27	0.12	0.12	0.12	0.27	0.27	0.12	0.12	0.12	0.88	0.88	0.12	0.88	0.5	0.88	0.27	0.5	0.12	0.27	0.73	0.45125	0.385	0.29	0.3375	0.1125	0.53375	0.53625	0.26125	0.2525	0.2825	0.41625	0.47	0.3475	0.23125	0.65	0.46125	0.40375	0.09125	0.28125	0.32	4.5	1.83333	-0.3	-0.885714	-1.46667	0.352	0.380967	0.39312	0.424729	0.453633
0.5	0.12	0.27	0.12	0.12	0.27	0.27	0.12	0.12	0.27	0.73	0.27	0.5	0.88	0.95	0.88	0.5	0.12	0.5	0.27	0.5075	0.35625	0.27125	0.3375	0.15875	0.5275	0.48875	0.28	0.22375	0.3675	0.44375	0.4225	0.395	0.19625	0.565	0.4425	0.46125	0.1	0.2525	0.405	-0.8	0.0666667	0.24	-0.828571	-0.877778	0.4588	0.386967	0.38054	0.430043	0.460189
0.27	0.12	0.5	0.12	0.12	0.27	0.12	0.95	0.12	0.27	0.5	0.27	0.27	0.12	0.98	0.5	0.88	0.05	0.12	0.27	0.6125	0.29875	0.3	0.30875	0.18625	0.47	0.4225	0.27125	0.22375	0.32	0.45375	0.3375	0.42375	0.29125	0.58	0.56625	0.49	0.1175	0.3	0.3475	-3.5	-1.7	-0.82	-0.0714286	-0.244444	0.3501	0.4062	0.44112	0.438757	0.456467
0.88	0.12	0.12	0.12	0.12	0.27	0.27	0.27	0.12	0.05	0.05	0.27	0.12	0.05	1	0.73	0.27	0.02	0.05	0.12	0.59375	0.21375	0.3475	0.28	0.21375	0.44125	0.31875	0.40375	0.17625	0.36625	0.58625	0.28	0.49	0.28125	0.65375	0.61375	0.62375	0.09375	0.205	0.385	-0.8	-2.6	-1.36	-0.0714286	0.0555556	0.4097	0.464933	0.47744	0.471929	0.465211
0.27	0.27	0.5	0.95	0.12	0.73	0.73	0.12	0.27	0.27	0.73	0.27	0.5	0.12	0.88	0.27	0.27	0.05	0.12	0.27	0.67875	0.17625	0.3	0.17625	0.21375	0.365	0.2425	0.48	0.1575	0.31	0.4825	0.26125	0.41375	0.2725	0.72625	0.67125	0.595	0.08125	0.1775	0.36625	-3.5	-0.833333	-0.84	-0.828571	0.0555556	0.635	0.5261	0.49854	0.5004	0.488044
0.95	0.27	0.27	0.27	0.27	0.95	0.5	0.27	0.27	0.12	0.12	0.5	0.27	0.12	0.27	0.73	0.73	0.12	0.12	0.27	0.67875	0.195	0.3475	0.28	0.17625	0.36625	0.36625	0.565	0.1575	0.23375	0.46375	0.25125	0.3475	0.21625	0.72625	0.6425	0.5375	0.06375	0.15875	0.30875	1.8	0.0333333	-0.3	-0.457143	-0.244444	0.5336	0.577633	0.53878	0.511657	0.5014
0.88	0.27	0.73	0.27	0.27	0.27	0.27	0.88	0.27	0.12	0.12	0.27	0.27	0.12	0.27	0.88	0.88	0.12	0.12	0.27	0.65875	0.195	0.29	0.35625	0.17625	0.45125	0.395	0.48875	0.1575	0.2625	0.40625	0.28	0.31875	0.12125	0.73125	0.57625	0.56625	0.055	0.11125	0.30875	1.8	0.933333	0.22	0.3	-0.333333	0.5643	0.549733	0.56436	0.5291	0.504833
0.73	0.27	0.27	0.27	0.27	0.5	0.27	0.5	0.12	0.27	0.73	0.27	0.5	0.12	0.73	0.88	0.73	0.05	0.12	0.27	0.6775	0.2425	0.31875	0.375	0.17625	0.5075	0.49	0.42375	0.195	0.2725	0.3775	0.3375	0.3475	0.14	0.56625	0.5475	0.50875	0.0725	0.11125	0.30875	-0.8	0.933333	1.28	0.185714	0.477778	0.5513	0.551067	0.5318	0.540529	0.515878
0.95	0.12	0.12	0.12	0.27	0.12	0.12	0.73	0.12	0.5	0.73	0.12	0.5	0.27	0.73	0.5	0.27	0.05	0.12	0.73	0.57375	0.37	0.35625	0.4125	0.16375	0.6125	0.56625	0.47125	0.21375	0.24	0.3775	0.41375	0.3475	0.12125	0.45625	0.5375	0.56625	0.07625	0.12	0.2425	1.8	0.933333	0.6	1.22857	0.0666667	0.5376	0.520367	0.52302	0.514029	0.528422
0.95	0.27	0.27	0.27	0.12	0.5	0.88	0.95	0.12	0.12	0.12	0.27	0.12	0.05	0.27	0.5	0.5	0.05	0.12	0.27	0.6025	0.38	0.3375	0.30875	0.20125	0.5075	0.41375	0.44375	0.195	0.2875	0.3775	0.395	0.36625	0.14	0.4375	0.595	0.6275	0.07625	0.12	0.32875	1.8	0.666667	1	0.328571	0.377778	0.4722	0.499833	0.50006	0.512457	0.516656
0.27	0.12	0.27	0.73	0.12	0.27	0.27	0.12	0.12	0.5	0.27	0.27	0.27	0.12	0.99	0.5	0.88	0.05	0.12	0.27	0.6025	0.38	0.31875	0.22375	0.1825	0.50875	0.4425	0.52	0.17625	0.31625	0.40625	0.3475	0.37625	0.22625	0.32	0.5375	0.59875	0.18625	0.19625	0.3575	-1.6	1.33333	0.26	-0.0285714	0.677778	0.4897	0.470467	0.49432	0.507429	0.486033
0.27	0.5	0.27	0.27	0.12	0.95	0.88	0.05	0.27	0.5	0.88	0.73	0.73	0.27	0.12	0.27	0.27	0.12	0.12	0.27	0.6025	0.40875	0.26125	0.2625	0.1825	0.4525	0.36625	0.4525	0.1575	0.31625	0.33	0.3475	0.3475	0.2075	0.42875	0.5475	0.68375	0.16875	0.19625	0.3575	3.8	-0.766667	-0.24	0.728571	0.4	0.4495	0.487267	0.49262	0.465529	0.4779
0.27	0.99	0.27	0.27	0.02	0.73	0.73	0.88	0.27	0.02	0.05	0.73	0.12	0.05	0.12	0.27	0.27	0.05	0.12	0.05	0.6025	0.32875	0.26125	0.24375	0.195	0.45125	0.36625	0.30125	0.265	0.43375	0.405	0.32875	0.42375	0.25375	0.3525	0.47125	0.62625	0.1775	0.24375	0.46125	-4.5	-0.466667	0.3	0.371429	0.688889	0.5226	0.5004	0.44978	0.458886	0.436622
0.5	0.5	0.5	0.27	0.27	0.27	0.27	0.12	0.12	0.27	0.12	0.27	0.27	0.05	0.27	0.73	0.99	0.05	0.12	0.5	0.48875	0.4375	0.30875	0.35125	0.13625	0.55625	0.5	0.33875	0.3025	0.34625	0.31125	0.48125	0.3575	0.22625	0.27625	0.46125	0.565	0.17375	0.24375	0.32	-0.7	-0.233333	0.48	0.371429	0.1	0.5291	0.436567	0.45006	0.417114	0.443689
0.27	0.12	0.12	0.05	0.12	0.73	0.12	0.05	0.12	0.73	0.5	0.12	0.5	0.88	0.05	0.27	0.88	1	0.73	0.5	0.46125	0.485	0.41375	0.46375	0.155	0.47	0.47125	0.2625	0.32125	0.28875	0.26375	0.5	0.32875	0.1225	0.30375	0.56625	0.635	0.055	0.1675	0.32	4.5	1.03333	0.08	0.1	-0.177778	0.258	0.426067	0.39612	0.433043	0.430433
0.88	0.88	0.27	0.12	0.27	0.5	0.27	0.27	0.27	0.12	0.12	0.73	0.5	0.12	0.27	0.73	0.95	0.05	0.12	0.27	0.4425	0.39	0.3675	0.37	0.13625	0.48	0.43375	0.235	0.3025	0.39375	0.36875	0.405	0.3575	0.32125	0.275	0.48	0.55	0.20125	0.29125	0.3775	-0.7	1.86667	0.28	-0.542857	0.311111	0.4911	0.309633	0.41184	0.419243	0.388256
0.73	0.12	0.27	0.12	0.27	0.27	0.12	0.12	0.98	0.73	0.5	0.12	0.5	0.27	0.12	0.27	0.27	0.05	0.5	0.88	0.49	0.485	0.44375	0.37	0.24625	0.42375	0.37625	0.28125	0.21375	0.27	0.22625	0.42375	0.28125	0.275	0.29375	0.61375	0.6925	0.1925	0.24375	0.30125	1.8	-0.8	0.28	0.5	-0.611111	0.1798	0.424033	0.3766	0.360314	0.383956
0.27	0.5	0.73	0.98	0.05	0.5	0.73	0.27	0.27	0.05	0.05	0.88	0.12	0.05	0.27	0.88	0.5	0.02	0.12	0.05	0.62375	0.405	0.38625	0.32	0.28625	0.395	0.31875	0.18625	0.3025	0.35875	0.2825	0.35625	0.32875	0.3025	0.29375	0.56625	0.66375	0.19625	0.29125	0.41375	-3.5	-0.8	-0.06	-0.0428571	-0.544444	0.6012	0.377967	0.34702	0.343414	0.363844
0.5	0.27	0.73	0.95	0.12	0.27	0.5	0.27	0.27	0.12	0.12	0.27	0.12	0.05	0.27	0.88	0.95	0.05	0.12	0.27	0.5475	0.3775	0.32625	0.2925	0.25875	0.39625	0.32	0.17375	0.29375	0.42625	0.38125	0.405	0.405	0.35875	0.26625	0.48125	0.5175	0.20125	0.31	0.415	-0.7	-0.466667	-0.82	-1.24286	-0.0444444	0.3529	0.354733	0.33096	0.355357	0.315489
0.73	0.12	0.05	0.05	0.12	0.12	0.12	0.12	0.12	0.73	0.73	0.12	0.5	0.95	0.98	0.27	0.27	0.27	0.5	0.5	0.5	0.3875	0.39875	0.40125	0.25	0.33	0.355	0.18875	0.3125	0.32125	0.3525	0.415	0.3575	0.26125	0.17375	0.53	0.5075	0.11125	0.28125	0.3575	2.8	-0.8	-1.96	-0.6	-0.233333	0.1101	0.291267	0.36332	0.298614	0.297056
0.5	0.5	0.88	0.27	1	0.27	0.27	0.27	0.27	0.12	0.12	0.27	0.12	0.05	0.12	0.88	0.73	0.05	0.12	0.27	0.4525	0.3525	0.295	0.37375	0.1125	0.3675	0.365	0.1425	0.29375	0.41625	0.505	0.39625	0.405	0.37375	0.2625	0.39625	0.365	0.1475	0.32875	0.38625	-4.5	-1.86667	-0.5	-0.457143	-0.655556	0.4108	0.2875	0.26186	0.286086	0.291722
0.88	0.73	0.27	0.73	0.12	0.73	0.88	0.27	0.27	0.05	0.05	0.95	0.12	0.05	0.27	0.5	0.27	0.05	0.12	0.12	0.37625	0.32375	0.37125	0.31625	0.2225	0.29125	0.28875	0.1425	0.18625	0.44375	0.51375	0.31125	0.405	0.37375	0.24375	0.50125	0.45125	0.1475	0.28125	0.41375	-3.9	-1.53333	0.2	-0.6	-0.388889	0.3416	0.2821	0.2097	0.2635	0.281744
0.12	0.05	0.02	0.02	0.12	0.05	0.05	0.02	0.05	0.88	0.98	0.05	0.88	0.5	0.05	0.05	0.27	0.12	0.27	0.73	0.4525	0.36125	0.32625	0.28875	0.2225	0.3475	0.31625	0.14625	0.30375	0.3675	0.45375	0.32875	0.32875	0.43375	0.24375	0.4625	0.40375	0.2275	0.3725	0.34625	3.8	0.9	-1.26	0.1	-0.144444	0.0939	0.175867	0.2763	0.225943	0.218333
0.12	0.05	0.02	0.02	0.05	0.05	0.02	0.02	0.12	0.5	0.88	0.05	0.5	1	0.02	0.05	0.12	0.5	0.88	0.27	0.4525	0.36125	0.26875	0.20375	0.23125	0.4325	0.32	0.1275	0.295	0.4625	0.485	0.3575	0.395	0.38	0.22875	0.4625	0.36625	0.18	0.29625	0.46125	2.8	0.7	0.48	-0.485714	-0.155556	0.0921	0.2097	0.21214	0.214571	0.194478
0.27	0.98	0.27	0.12	0.05	0.95	0.5	0.05	0.27	0.27	0.73	0.73	0.5	0.12	0.12	0.27	0.27	0.12	0.12	0.27	0.3575	0.2925	0.35625	0.27625	0.2225	0.415	0.3075	0.1425	0.38	0.4025	0.415	0.32	0.3475	0.3775	0.10875	0.46375	0.3475	0.19625	0.34375	0.405	-4.5	0.833333	1	0.0428571	-0.855556	0.4431	0.2084	0.14992	0.175629	0.207089
0.5	0.12	0.27	0.12	0.27	0.12	0.12	0.12	0.12	0.88	0.5	0.12	0.5	0.27	0.12	0.73	0.5	0.05	0.12	0.95	0.28125	0.34375	0.24875	0.245	0.085	0.49125	0.32375	0.1025	0.38	0.37375	0.53875	0.36875	0.395	0.4775	0.09625	0.3025	0.2425	0.26125	0.43875	0.32	4.2	-0.533333	0.08	0.1	-0.0444444	0.09	0.187867	0.15878	0.158771	0.167189
0.12	0.12	0.12	0.05	0.05	0.27	0.12	0.05	0.99	0.27	0.5	0.12	0.27	0.98	0.05	0.12	0.12	0.73	1	0.12	0.23375	0.25875	0.23625	0.165	0.1125	0.3875	0.22	0.08	0.24375	0.535	0.65625	0.25625	0.51875	0.445	0.0775	0.3225	0.27125	0.185	0.3475	0.5	-1.3	0.7	-1.18	-0.0428571	0.811111	0.0305	0.0862333	0.18508	0.152743	0.134267
0.5	0.27	0.27	0.27	0.12	0.95	0.5	0.12	0.27	0.5	0.27	0.5	0.27	0.12	0.12	0.88	0.5	0.05	0.12	0.73	0.18625	0.35875	0.24875	0.15	0.09125	0.3875	0.22875	0.075	0.36125	0.39875	0.56875	0.3125	0.42375	0.49625	0.06875	0.255	0.205	0.26125	0.43875	0.33875	-0.8	-1.86667	0.28	0.1	-0.111111	0.1382	0.130767	0.1068	0.146057	0.191889
0.12	0.5	1	0.73	0.05	0.88	0.5	0.27	0.95	0.02	0.02	0.5	0.12	0.05	0.12	0.5	0.27	0.02	0.12	0.05	0.28125	0.33	0.18875	0.105	0.1	0.405	0.2325	0.17875	0.27625	0.39875	0.4925	0.32125	0.38625	0.3825	0.0725	0.33	0.23375	0.20875	0.33125	0.3925	-3.5	-0.5	0.2	0.1	-0.466667	0.2236	0.137833	0.09786	0.170257	0.206544
0.12	0.05	0.02	0.02	0.12	0.05	0.02	0.02	0.12	0.5	0.88	0.05	0.5	1	0.02	0.05	0.12	0.5	0.88	0.27	0.28125	0.37375	0.31125	0.2125	0.0875	0.48125	0.2925	0.21875	0.38	0.31125	0.3	0.41	0.29125	0.25125	0.10375	0.38625	0.2525	0.14	0.23625	0.3375	2.8	1.03333	-0.44	-0.557143	-0.4	0.0517	0.106867	0.21426	0.1894	0.178733
0.12	0.05	0.02	0.02	0.12	0.05	0.05	0.02	0.05	0.73	0.99	0.05	0.88	0.5	0.05	0.05	0.12	0.12	0.27	0.73	0.31	0.37375	0.28375	0.20375	0.0875	0.48125	0.28	0.21	0.38	0.2825	0.3425	0.41	0.2725	0.31375	0.1	0.32875	0.22375	0.19625	0.33125	0.28	3.8	0.7	-0.36	-0.928571	-0.444444	0.0453	0.2365	0.23142	0.212586	0.172911
0.12	1	0.27	0.12	0.02	0.73	0.5	0.05	0.27	0.02	0.05	0.88	0.12	0.05	0.05	0.27	0.12	0.05	0.12	0.05	0.32875	0.36375	0.27125	0.2	0.1	0.45375	0.27125	0.215	0.2625	0.34375	0.4125	0.41	0.34875	0.25375	0.10875	0.32	0.3	0.12	0.24	0.365	-4.5	-0.366667	-0.44	-0.271429	-0.733333	0.6125	0.293933	0.22526	0.198214	0.210889
0.5	0.05	0.27	0.12	0.05	0.12	0.05	1	0.12	0.02	0.02	0.12	0.05	0.02	0.05	0.27	0.12	0.05	0.02	0.02	0.23375	0.455	0.24	0.16875	0.09625	0.4175	0.27125	0.08375	0.25375	0.3725	0.505	0.44875	0.415	0.365	0.1	0.21625	0.2525	0.1475	0.3	0.34	-0.4	-2.93333	-0.24	-0.328571	-0.222222	0.224	0.3431	0.22244	0.219457	0.225989
0.27	0.88	0.27	0.27	0.02	0.73	0.5	0.12	0.27	0.05	0.05	0.99	0.12	0.02	0.27	0.27	0.27	0.05	0.12	0.05	0.2625	0.30375	0.12125	0.06125	0.10875	0.24625	0.15875	0.1625	0.17875	0.42875	0.6175	0.28375	0.4825	0.46875	0.06375	0.16875	0.215	0.2075	0.39625	0.3925	-3.9	-0.166667	-1.78	-0.185714	0.0222222	0.1928	0.151467	0.28784	0.251229	0.209056
0.73	0.12	0.05	0.05	0.27	0.12	0.05	0.05	0.05	0.88	0.95	0.12	0.73	0.27	0.12	0.27	0.27	0.12	0.27	0.95	0.22375	0.4075	0.18	0.19625	0.0775	0.35	0.24625	0.18375	0.20625	0.325	0.505	0.42	0.40625	0.34625	0.095	0.225	0.31875	0.1425	0.2825	0.30875	3.8	-1.33333	-0.12	-0.914286	-0.366667	0.0376	0.2009	0.22016	0.254929	0.214344
0.27	0.99	0.27	0.12	0.05	0.73	0.5	0.12	0.27	0.05	0.12	0.95	0.12	0.05	0.12	0.27	0.73	0.05	0.12	0.12	0.385	0.3075	0.18375	0.2	0.105	0.2825	0.19875	0.29625	0.1875	0.34375	0.49125	0.34375	0.3875	0.3175	0.10375	0.28125	0.28	0.1425	0.27375	0.33625	-3.9	1.23333	-0.3	-0.371429	-0.833333	0.3723	0.228	0.1896	0.181614	0.2562
0.12	0.05	0.02	0.02	0.12	0.05	0.05	0.02	0.05	0.73	0.98	0.05	0.73	0.98	0.05	0.05	0.12	0.27	0.5	0.5	0.4225	0.3625	0.29125	0.28875	0.09625	0.395	0.315	0.3175	0.24375	0.2625	0.38375	0.4375	0.31125	0.20125	0.14	0.3375	0.375	0.115	0.22625	0.28875	3.8	-0.466667	0.34	-0.371429	-0.722222	0.2741	0.2392	0.1709	0.2099	0.2308
0.12	0.12	0.05	0.02	0.12	0.12	0.05	0.02	0.5	0.5	0.95	0.05	0.73	0.88	0.05	0.12	0.12	0.5	0.99	0.5	0.4825	0.3625	0.26875	0.28875	0.12375	0.405	0.3425	0.255	0.1875	0.3225	0.4	0.45625	0.33875	0.22625	0.1675	0.38625	0.4225	0.08625	0.1775	0.34875	-1.3	0.6	-0.5	-0.314286	-0.477778	0.0712	0.1482	0.24778	0.2372	0.223278
0.27	0.12	0.27	0.88	0.12	0.27	0.27	0.12	0.12	0.5	0.88	0.27	0.5	0.27	0.12	0.5	0.95	0.05	0.12	0.5	0.46375	0.255	0.21375	0.15	0.24625	0.30125	0.255	0.23375	0.2075	0.33125	0.4175	0.31125	0.3675	0.30625	0.13125	0.33875	0.31875	0.1425	0.2775	0.37625	-0.7	-0.8	-0.42	-0.6	0.233333	0.0993	0.1975	0.2501	0.254157	0.219689
0.95	0.12	0.27	0.12	0.12	0.12	0.12	0.99	0.12	0.05	0.05	0.27	0.12	0.05	0.12	0.5	0.27	0.05	0.05	0.12	0.32125	0.36375	0.24125	0.2725	0.215	0.42375	0.33	0.13375	0.26375	0.28375	0.4175	0.40625	0.3575	0.30625	0.13125	0.33875	0.40375	0.13375	0.2675	0.31125	-0.4	-1.53333	-0.82	0.314286	-0.688889	0.422	0.301733	0.22654	0.2239	0.299156
0.27	0.5	0.88	0.73	0.02	0.95	0.98	0.12	0.5	0.05	0.05	0.73	0.12	0.05	0.27	0.5	0.27	0.05	0.12	0.05	0.40625	0.315	0.19375	0.215	0.2275	0.35125	0.25125	0.2425	0.245	0.28375	0.4175	0.34	0.37625	0.30625	0.1125	0.3675	0.375	0.13375	0.25875	0.32	-3.5	-0.7	-0.06	-0.871429	-0.333333	0.3839	0.320733	0.2444	0.292286	0.324933
0.98	0.12	0.12	0.12	0.27	0.27	0.27	0.5	0.12	0.27	0.12	0.27	0.27	0.12	0.27	0.73	0.5	0.05	0.12	0.5	0.365	0.41875	0.32	0.3225	0.1875	0.445	0.34875	0.3175	0.30125	0.1675	0.28875	0.425	0.2725	0.18125	0.12125	0.395	0.34625	0.10625	0.2025	0.2075	1.8	0.266667	-0.82	-0.785714	-0.8	0.1563	0.233567	0.3751	0.368443	0.375311
0.27	0.02	0.05	0.02	1	0.05	0.02	0.05	0.05	0.12	0.12	0.05	0.12	0.05	0.05	0.27	0.27	0.05	0.05	0.27	0.45375	0.43125	0.41375	0.4575	0.08375	0.52	0.48375	0.405	0.28125	0.13	0.1725	0.48	0.20625	0.0825	0.1575	0.5	0.39375	0.04625	0.09375	0.18	2.5	-0.0666667	-0.88	-0.742857	-1.04444	0.1605	0.356533	0.41156	0.458186	0.481044
0.27	0.99	0.27	0.27	0.02	0.95	0.5	0.12	0.5	0.05	0.12	0.88	0.27	0.05	0.12	0.27	0.27	0.05	0.12	0.05	0.435	0.42	0.38625	0.33125	0.19375	0.465	0.4525	0.39625	0.2725	0.0825	0.0775	0.4525	0.15875	0.055	0.14875	0.47125	0.30875	0.04625	0.085	0.15125	-4.5	-0.9	-0.26	-1.18571	-1.46667	0.7528	0.505867	0.48028	0.544014	0.578133
