1	0	0	0	0	0	0	0.12	0	0	0	0	0.02	0	0	0.05	0.02	0	0	0.27	0.12375	0.1575	0.085	0.13375	0.17125	0.135	0.05	0.13125	0.24	0.39375	0.285	0.125	0.31875	0.505	0.1	0.22875	0.16125	0.31	0.50375	0.4375	1.8	3.26667	2.26	1.65714	1.34444	0.0237	0.2598	0.285	0.3729	0.404078
0.05	0.12	0.01	0	0.02	0.27	0.02	0	0.02	0.95	0.99	0.27	0.88	0.05	0	0	0.02	0	0.01	0.5	0.21375	0.17	0.16	0.2375	0.19625	0.21375	0.16	0.02625	0.265	0.2875	0.165	0.17625	0.23875	0.5025	0.15625	0.175	0.13375	0.3225	0.5025	0.465	3.8	1.43333	1	0.928571	0.755556	0.4274	0.330133	0.3779	0.305429	0.390111
0.02	0.02	0.01	0.01	0.12	0.12	0	0.02	0.88	0.01	0.01	0.12	0.12	0.98	0	0.05	0.02	0.98	1	0	0.335	0.1875	0.16	0.2375	0.1825	0.23625	0.16375	0.1425	0.15625	0.28625	0.17	0.2275	0.21125	0.2675	0.2775	0.22875	0.1425	0.1975	0.29375	0.4075	-1.3	-0.333333	-0.1	0.0285714	0.533333	0.5393	0.5125	0.34068	0.3986	0.356267
0.27	0.05	0.5	1	0	0.12	0.27	0.05	0.05	0	0	0.05	0	0	0.73	0.73	0.12	0	0	0	0.36	0.3025	0.19	0.17625	0.16625	0.35875	0.22125	0.1725	0.32	0.26	0.175	0.29875	0.2575	0.26875	0.22	0.235	0.22	0.23	0.3	0.29875	-3.5	-2.03333	-1.16	-0.314286	0.722222	0.5708	0.417433	0.48764	0.395971	0.442778
0	0.02	0.02	0	0.88	0	0	0	0.88	0	0.02	0	0	1	0	0	0	0.73	1	0	0.42125	0.245	0.3675	0.41	0.08875	0.4025	0.35875	0.24125	0.325	0.14375	0.14125	0.27625	0.20125	0.14	0.3725	0.41125	0.2825	0.14	0.1475	0.19125	-1.3	-2.76667	-1.56	0.0714286	0.177778	0.1422	0.4905	0.46414	0.519	0.4717
0.27	0.27	0.73	0.88	0.27	0.95	0.95	0.02	0.27	0.12	0.05	0.73	0.27	0.05	0.5	0.5	0.73	0.12	0.02	0.5	0.325	0.22	0.3125	0.4225	0.165	0.3175	0.35875	0.2575	0.41625	0.135	0.13875	0.21875	0.1675	0.26125	0.4325	0.43375	0.20375	0.21625	0.27	0.10125	-3.5	-1	-0.4	-0.571429	-0.411111	0.7585	0.403533	0.53326	0.542029	0.578189
0.99	0.05	0.01	0.01	0.01	0.05	0.02	0.95	0	0	0.01	0.27	0	0	0.98	0.5	0.12	0	0.05	0.02	0.235	0.26625	0.51125	0.65625	0.1975	0.4875	0.56375	0.25125	0.51	0.03125	0.02	0.24875	0.0975	0.26125	0.37875	0.49625	0.34	0.23125	0.2675	0.1	1.8	0.933333	0.16	-0.885714	-1.22222	0.3099	0.6511	0.53682	0.605286	0.603289
0.5	0.95	0.73	0.5	0.02	0.98	0.73	0.27	0.5	0.05	0.05	0.5	0.27	0.02	0.27	0.73	0.73	0.01	0.05	0.12	0.3	0.16625	0.42625	0.7125	0.18125	0.4475	0.6	0.3675	0.3525	0.02375	0.01375	0.22	0.05	0.13625	0.47375	0.46375	0.295	0.1075	0.1425	0.0875	4.5	1.86667	-0.28	-0.885714	-1.46667	0.8849	0.594467	0.7048	0.617071	0.562211
0.27	0.5	0.95	0.88	0.27	0.73	0.88	0.5	0.88	0.02	0.02	0.27	0.05	0.02	0.5	0.73	0.5	0.01	0.05	0.12	0.295	0.21625	0.33625	0.54	0.15	0.46375	0.5475	0.3325	0.29875	0.14625	0.1425	0.2425	0.1875	0.1425	0.35625	0.3725	0.30875	0.1075	0.1425	0.15	-0.7	0.1	-0.28	-1.2	-0.655556	0.5886	0.818533	0.68376	0.620986	0.508811
0.5	0.05	0.27	0.98	0	0.27	0.95	0.27	0.12	0.05	0.01	0.27	0.02	0.02	0.98	0.73	0.12	0	0	0.05	0.32875	0.285	0.48125	0.59	0.08	0.53625	0.60125	0.395	0.29875	0.14875	0.14375	0.2575	0.1975	0.0175	0.40625	0.49625	0.46625	0.0175	0.02625	0.165	-3.5	-2.56667	-1.34	-0.157143	-0.6	0.9821	0.741333	0.6557	0.525514	0.538522
0.05	0.27	0.88	1	0.02	0.73	0.73	0.88	0.5	0	0	0.05	0.05	0	0.05	0.5	0.5	0	0.02	0.01	0.3525	0.22375	0.31375	0.4775	0.04375	0.36	0.51	0.31625	0.2175	0.25	0.2575	0.19375	0.27	0.13875	0.46	0.4625	0.3275	0.00375	0.0275	0.17	-3.5	-3.5	-1.48	-0.528571	0.1	0.6533	0.601667	0.49676	0.539757	0.4582
0.05	0.12	0.05	0.95	0	0.73	1	0.27	0.12	0	0	0.12	0.01	0	0.05	0.02	0.27	0	0	0	0.2625	0.35875	0.45	0.545	0.1075	0.46375	0.565	0.275	0.35625	0.25625	0.27125	0.27	0.30875	0.14125	0.3525	0.5225	0.40375	0.00375	0.02625	0.18375	-3.5	-1.06667	-1.5	-0.771429	-0.455556	0.1696	0.304367	0.46096	0.418429	0.492144
0	0	0	0	0	0	0	0	0	0.95	1	0	0.88	0.05	0.02	0	0	0	0	0.5	0.2975	0.365	0.37125	0.6075	0.1075	0.52375	0.7175	0.27625	0.32375	0.14625	0.1425	0.345	0.18125	0.13875	0.41375	0.44875	0.38	0.0025	0.0225	0.12125	3.8	-0.166667	-0.24	-1.12857	-1.38889	0.0902	0.223133	0.27166	0.422257	0.465
0.5	0.12	0.5	0.5	0.05	0.12	0.5	0.27	0.12	0.05	0.02	0.12	0.05	0	0.88	0.99	0.88	0	0.02	0.05	0.2075	0.29	0.28125	0.52625	0.0675	0.4175	0.5475	0.305	0.2325	0.25625	0.2625	0.29875	0.27875	0.1425	0.24375	0.23625	0.20875	0.00125	0.015	0.1625	-0.8	1.93333	-0.18	-1.18571	-1.35556	0.4096	0.178467	0.26408	0.373471	0.462778
0.01	0	0	0	0	0	0	0	0	0.88	0.95	0	0.88	1	0	0	0	0.01	0.05	0.5	0.24	0.3	0.31625	0.59125	0.07625	0.49	0.61375	0.305	0.2325	0.14625	0.145	0.2825	0.17375	0.015	0.23125	0.27125	0.31	0	0.01125	0.1	2.8	-0.4	-0.26	-0.742857	-1.35556	0.0356	0.353533	0.35828	0.361371	0.383844
0.27	0.98	0.27	0.5	0.5	0.88	0.73	0.01	0.73	0.05	0.12	0.95	0.27	0.02	0.12	0.5	0.5	0	0.02	0.12	0.2075	0.235	0.17375	0.40625	0.045	0.30375	0.465	0.195	0.09375	0.3725	0.34	0.22	0.335	0.17125	0.225	0.16125	0.2475	0.0075	0.04625	0.265	-3.2	-1.43333	-1.1	-0.742857	-1.4	0.6154	0.430533	0.45396	0.375957	0.359478
0.73	0.88	0.05	0.05	0.02	0.73	0.95	0.01	0.12	0.12	0.02	0.98	0.12	0.05	0.73	0.12	0.27	0	0.02	0.12	0.14375	0.2325	0.195	0.34375	0.105	0.23125	0.3125	0.16125	0.155	0.48875	0.475	0.20125	0.4625	0.25875	0.1425	0.20625	0.24375	0.0075	0.1375	0.38375	-3.9	-2.5	-1.64	-1.84286	-0.7	0.6406	0.6082	0.42638	0.425071	0.343122
0.05	0.02	0.73	0.73	0	0	0.02	1	0.27	0	0	0.02	0	0	0	0.02	0.01	0	0.01	0	0.24375	0.43125	0.125	0.2925	0.14125	0.4325	0.53875	0.04375	0.24625	0.4475	0.415	0.38375	0.3825	0.32125	0.23375	0.2525	0.395	0.0225	0.24875	0.37	-0.4	-2.6	-2.98	-1.32857	-1.51111	0.5686	0.493633	0.50606	0.369757	0.371089
0.27	0.01	0.05	1	0.02	0.73	0.98	0	0	0	0	0.02	0.01	0	0	0.02	0.05	0	0	0	0.15625	0.4175	0.18125	0.1975	0.13875	0.3275	0.3575	0.13625	0.2675	0.565	0.50375	0.37125	0.39	0.32375	0.12375	0.12875	0.28125	0.0225	0.2475	0.48875	-3.5	-2.6	-1.78	-2.22857	-0.922222	0.2717	0.424767	0.38746	0.413514	0.3406
0.05	0.73	0.01	0.02	0.27	0.12	0.27	0.01	0.12	0.98	0.73	0.5	0.73	0.27	0.12	0.12	0.5	0.05	0.27	0.95	0.1975	0.33375	0.1875	0.3225	0.1225	0.41875	0.4525	0.135	0.2675	0.455	0.41625	0.3175	0.28125	0.19875	0.11	0.13125	0.2875	0.01625	0.24125	0.4175	-3.9	-1.53333	-1.7	-1.12857	-0.811111	0.434	0.2427	0.32772	0.344914	0.373944
0	0	0	0	0	0	0	0	0	1	0.98	0	0.88	0.73	0	0	0.01	0	0.73	0.95	0.17625	0.39375	0.265	0.38125	0.1	0.415	0.5175	0.1975	0.225	0.4475	0.37125	0.32375	0.23125	0.14125	0.125	0.19375	0.30125	0.0225	0.18375	0.40375	2.8	-1.53333	-0.72	-0.0285714	-0.844444	0.0224	0.2661	0.24104	0.301357	0.359078
0.12	0.73	0.12	0.27	0.27	0.88	0.88	0.05	0.88	0.5	0.5	0.5	0.12	0.5	0.02	0.27	0.95	0.12	0.88	0.27	0.10375	0.3025	0.30625	0.4325	0.07	0.32375	0.39875	0.19625	0.115	0.50125	0.43125	0.26125	0.37375	0.17875	0.065	0.2075	0.18375	0.01375	0.1775	0.5075	-3.5	1.26667	0.74	-0.471429	-0.5	0.3419	0.1665	0.25384	0.288929	0.344678
0.02	0	0.27	0.01	0.05	0.01	0.01	0.01	0.02	0.99	0.73	0.02	0.12	0.02	0	0	0.01	0	0	1	0.14375	0.40625	0.25875	0.48375	0.18875	0.46625	0.615	0.09125	0.25125	0.5025	0.40875	0.3525	0.38875	0.245	0.10125	0.34875	0.39125	0.03	0.32	0.47875	4.5	1.6	0.82	-0.0857143	-0.544444	0.1352	0.270933	0.26336	0.323114	0.341056
0.12	0.05	0.01	0.02	0.12	0.12	0.05	0	0.12	0.98	0.98	0.05	0.73	0.27	0.01	0.12	0.5	0.01	0.27	0.88	0.10375	0.405	0.395	0.48125	0.1775	0.42375	0.60625	0.1075	0.30125	0.50625	0.37875	0.40875	0.3125	0.21625	0.1625	0.4225	0.33875	0.12	0.32	0.495	3.8	1.6	0.1	0.357143	-0.544444	0.3357	0.3175	0.36108	0.337686	0.382756
0.05	0.73	0.88	0.95	0.05	0.73	0.98	0.5	0.27	0.01	0.01	0.5	0.02	0.02	0.12	0.88	0.12	0	0.02	0.01	0.14	0.2625	0.395	0.485	0.1525	0.395	0.575	0.1625	0.30125	0.5075	0.41125	0.32375	0.31125	0.21375	0.225	0.375	0.33875	0.115	0.32	0.48625	-3.5	-0.166667	0.64	-0.542857	-0.155556	0.4816	0.442767	0.3999	0.426914	0.425322
0.27	0.88	0.5	0.73	0.05	0.88	0.88	0.05	0.12	0.05	0.02	0.98	0.5	0.12	0.27	0.5	0.27	0.05	0.12	0.27	0.11875	0.2775	0.53375	0.635	0.1525	0.43875	0.67875	0.3425	0.41125	0.3775	0.28875	0.27875	0.14125	0.1125	0.22125	0.42875	0.325	0.12375	0.25	0.335	-0.8	-1.7	-0.96	-0.1	-0.855556	0.511	0.509533	0.50226	0.4948	0.485833
0.27	0.12	0.5	0.88	0.73	0.27	0.88	0.12	0.5	0.5	0.05	0.27	0.12	0.05	0.27	0.88	0.73	0.01	0.27	0.5	0.10375	0.28125	0.52	0.5825	0.03625	0.405	0.575	0.39	0.25375	0.25875	0.2225	0.305	0.17375	0.07375	0.21875	0.3475	0.14875	0.23875	0.155	0.2725	-0.8	-1.7	-1.8	-1.24286	-0.566667	0.536	0.564667	0.59854	0.556486	0.482067
0.05	0.05	0.88	0.99	0	0.5	0.95	0.12	0.5	0.02	0.01	0.5	0.01	0.02	0.5	0.73	0.12	0.73	0.27	0.01	0.13	0.29	0.43875	0.5675	0.2125	0.375	0.565	0.38875	0.25125	0.21	0.17	0.27375	0.235	0.16625	0.19	0.3725	0.22375	0.27375	0.265	0.20875	-3.5	-1.56667	-1.8	-1.91429	-1.16667	0.647	0.6667	0.61562	0.552529	0.481022
0.27	0.27	0.88	0.98	0	0.5	0.95	0.95	0.27	0.02	0.02	0.27	0.01	0	0.73	0.5	0.12	0	0.02	0.01	0.1025	0.36625	0.4525	0.5725	0.23125	0.47	0.65	0.28625	0.28	0.15	0.1375	0.415	0.1775	0.16875	0.16625	0.40125	0.22375	0.47375	0.3725	0.1325	-0.4	-2.46667	-1.82	-1.54286	-1.97778	0.8171	0.677033	0.57502	0.5017	0.4799
0.05	0.27	0.73	0.98	0	0.5	0.73	0.99	0.73	0	0.01	0.12	0	0.02	0.12	0.05	0.05	0.12	0.27	0	0.2425	0.28125	0.3625	0.45625	0.335	0.385	0.57	0.3425	0.18875	0.15375	0.13875	0.3775	0.1775	0.16625	0.2275	0.35375	0.22375	0.4925	0.35375	0.22375	-3.5	-1.6	-1.84	-1.92857	-1.38889	0.567	0.564033	0.49298	0.475214	0.429489
0	0	0.01	0	0.02	0	0.05	0.5	0	0	0	0	0	0.12	0	0	0	1	0.27	0	0.24875	0.3275	0.39625	0.5025	0.34125	0.42875	0.655	0.43125	0.35625	0.18125	0.1525	0.38875	0.14875	0.15375	0.21125	0.3125	0.25875	0.41	0.3725	0.2525	-0.9	-1.76667	-1.84	-1.55714	-1.8	0.308	0.3336	0.4287	0.402629	0.410111
0.01	0	0	0	0.73	0	0	0	0	0.12	0.27	0	0.5	0.73	0	0.05	0	1	0.88	0	0.2475	0.4225	0.45375	0.48375	0.195	0.42875	0.585	0.5125	0.40375	0.1375	0.14625	0.44625	0.105	0.08625	0.21125	0.30625	0.20125	0.47125	0.325	0.22375	-0.9	-1.76667	-1.4	-1.7	-1.8	0.1258	0.253133	0.27086	0.358286	0.360322
0.12	0.88	0.12	0.05	0.27	0.88	0.73	0.01	0.12	0.5	0.73	0.95	0.27	0.27	0.05	0.12	0.5	0.88	0.88	0.27	0.29	0.36875	0.39125	0.41625	0.28625	0.31875	0.46625	0.55875	0.38875	0.15	0.17875	0.29875	0.22375	0.15625	0.17625	0.26875	0.18625	0.42875	0.30625	0.25125	-3.5	-0.866667	-1.6	-1.75714	-0.988889	0.3256	0.159767	0.22478	0.254114	0.350622
0.95	0.05	0.01	0.02	0.88	0.05	0.12	0.99	0	0.02	0.01	0.05	0.01	0.02	0	0.05	0.05	0.27	0.12	0.73	0.215	0.54875	0.32875	0.38875	0.30125	0.4225	0.48625	0.35125	0.40375	0.24125	0.32875	0.46875	0.28875	0.2025	0.15375	0.30625	0.29	0.5075	0.41375	0.22625	1.8	-2.06667	-1.58	-0.714286	-1.02222	0.0279	0.230033	0.18076	0.253071	0.3437
0.27	0.98	0.05	0.12	0.12	0.73	0.88	0.27	0.73	0.27	0.12	0.95	0.27	0.12	0.02	0.12	0.5	0.27	0.27	0.5	0.30875	0.46125	0.355	0.36375	0.39875	0.30875	0.33375	0.38	0.3125	0.2125	0.32	0.40375	0.25875	0.19	0.1425	0.40125	0.34625	0.49375	0.37625	0.26125	-4.5	-1.16667	-0.64	-0.685714	-0.711111	0.3366	0.1508	0.26754	0.3169	0.3492
0.27	0.88	0.95	0.73	0.27	0.27	0.27	0.27	0.88	0.27	0.27	0.73	0.27	0.12	0.27	0.88	0.27	0.5	0.5	0.27	0.315	0.48875	0.30375	0.32125	0.3775	0.38125	0.41	0.4425	0.3	0.21875	0.3075	0.465	0.26	0.175	0.11375	0.36875	0.3775	0.34	0.31625	0.29	-0.8	-0.5	-0.08	-0.657143	-0.655556	0.0879	0.328067	0.35338	0.387	0.379978
0.5	0.5	0.5	0.5	0.27	0.5	0.73	0.5	0.5	0.5	0.73	0.27	0.73	0.12	0.27	0.5	0.5	0.27	0.12	0.5	0.31875	0.65875	0.4225	0.365	0.3775	0.475	0.4625	0.41625	0.43875	0.18125	0.2225	0.64125	0.155	0.08375	0.115	0.425	0.3825	0.24375	0.25625	0.27625	3.8	0.766667	-0.58	-0.214286	-0.944444	0.5597	0.467467	0.4711	0.424057	0.429033
0.5	0.88	0.27	0.73	0.73	0.5	0.5	0.27	0.27	0.27	0.5	0.73	0.27	0.12	0.5	0.73	0.5	0.02	0.12	0.27	0.3375	0.61125	0.4425	0.345	0.30125	0.45625	0.51875	0.445	0.455	0.23875	0.16625	0.5275	0.2125	0.08375	0.08625	0.415	0.43	0.17125	0.1525	0.3625	-0.7	0.8	0.24	-0.971429	-0.633333	0.7548	0.643667	0.52078	0.501114	0.454856
0.12	0.5	0.98	0.88	0.02	0.27	0.27	0.5	0.73	0.02	0.05	0.5	0.02	0.02	0.05	0.88	0.95	0.01	0.12	0.05	0.26875	0.6525	0.3525	0.32375	0.28	0.47875	0.5325	0.4175	0.3975	0.2675	0.22125	0.55	0.2425	0.1	0.1425	0.3925	0.3675	0.13875	0.14375	0.29875	-0.7	-0.6	-0.3	-0.428571	-0.877778	0.6165	0.6521	0.61666	0.532743	0.462722
0.05	0.12	0.5	0.27	0	0.12	0.05	1	0.05	0.05	0.05	0.27	0.01	0	0.02	0.5	0.02	0	0.02	0	0.245	0.5775	0.4075	0.39125	0.27	0.4125	0.45	0.32125	0.425	0.34875	0.325	0.4625	0.32	0.20625	0.145	0.42625	0.42375	0.23125	0.24625	0.305	-0.4	-1.53333	-1.2	-0.371429	-0.522222	0.585	0.5896	0.61632	0.534286	0.455489
0.27	0.98	0.5	0.12	0.73	0.98	0.88	0.02	0.73	0.05	0.05	0.95	0.12	0	0.01	0.12	0.27	0	0.02	0.12	0.19875	0.36	0.28875	0.31875	0.17875	0.27125	0.3125	0.41	0.23	0.4375	0.325	0.28625	0.2875	0.31625	0.1125	0.365	0.365	0.17	0.275	0.37875	-3.5	-1.53333	-1.14	-1.1	0.0666667	0.5673	0.5701	0.4851	0.493114	0.448122
0.27	0.88	0.05	0.12	0.12	0.73	0.95	0.01	0.02	0.73	0.05	0.5	0.27	0.27	0.05	0.27	0.88	0.05	0.05	0.73	0.13625	0.31	0.2825	0.25625	0.22125	0.24	0.2125	0.34875	0.25625	0.29	0.23375	0.30875	0.1775	0.2675	0.19875	0.28375	0.22625	0.13	0.25625	0.24	-0.7	-1.53333	-1.26	-0.357143	-0.533333	0.558	0.408	0.4161	0.388371	0.397256
0.02	0	0	0	0	0	0	1	0	0	0	0	0	0.05	0	0.02	0	0	0.05	0	0.22375	0.34375	0.27	0.18625	0.16	0.3025	0.33125	0.25375	0.2875	0.3625	0.18375	0.3425	0.18375	0.2825	0.1575	0.34625	0.33625	0.13375	0.25625	0.33125	-0.4	-0.8	-0.28	-0.485714	-0.544444	0.0987	0.3094	0.30342	0.314857	0.342444
0.01	0	0.01	0.05	0.02	0.05	0	0	0.27	0.95	0.95	0.02	0.88	0.95	0.01	0.01	0.02	1	0.99	0.5	0.2725	0.2875	0.27125	0.10375	0.16125	0.29625	0.3125	0.31875	0.16875	0.24375	0.05875	0.28375	0.07375	0.16875	0.1525	0.3475	0.2775	0.0075	0.12625	0.2775	-1.3	0.933333	0.1	-0.542857	-0.855556	0.2715	0.1306	0.21034	0.268643	0.357133
0.12	0	0	0	0.27	0	0	0	0	0.98	0.27	0	0.12	1	0	0.01	0.05	0.01	0.73	0.98	0.2525	0.27375	0.21	0.07625	0.24	0.28875	0.30625	0.19375	0.30625	0.24875	0.13875	0.2525	0.1825	0.285	0.15125	0.285	0.27125	0.1375	0.28125	0.22	4.5	0.533333	0.08	-0.542857	-0.955556	0.0216	0.131667	0.15104	0.294557	0.325767
0	0	0	0	0	0	0	0	0	0	0	0	0	0	1	0	0	0	0	0	0.23625	0.15125	0.1475	0.06125	0.1975	0.16625	0.19625	0.19125	0.215	0.48375	0.27625	0.13375	0.21625	0.41625	0.025	0.27125	0.2775	0.13875	0.37125	0.4525	-1.6	0.7	-0.54	-0.628571	-0.1	0.1019	0.128333	0.28104	0.258086	0.271478
0.95	0.27	0.12	0.05	0.12	0.27	0.5	0.5	0.5	0.12	0.05	0.5	0.05	0.02	0.12	0.98	0.5	0	0.12	0.27	0.19375	0.09875	0.12875	0.04625	0.17	0.16	0.13875	0.13	0.15625	0.3925	0.26625	0.07125	0.1825	0.38	0.13	0.13	0.215	0.1325	0.35125	0.33375	-0.8	-1.96667	-0.54	0.0285714	0.177778	0.2615	0.3707	0.28728	0.255229	0.264467
0.5	0.05	1	0.27	0.05	0.27	0.12	0.02	0.05	0.02	0	0.05	0.02	0.01	0.02	0.88	0.5	0	0.02	0.12	0.2625	0.23625	0.02125	0.03375	0.185	0.175	0.29625	0.06625	0.2275	0.43875	0.30625	0.2375	0.1925	0.37625	0.2675	0.155	0.22125	0.1325	0.35875	0.38625	-3.5	-1.86667	-0.6	0.471429	0.0444444	0.7487	0.437633	0.2987	0.287143	0.313378
0	0.01	0	0	0.88	0.01	0	0	0.88	0.12	0.01	0	0.12	0.98	0	0	0	0.05	1	0.02	0.32625	0.24125	0.145	0.06125	0.08125	0.2025	0.31125	0.06875	0.09	0.43125	0.29625	0.24125	0.1325	0.1425	0.26875	0.265	0.2875	0.00125	0.115	0.46	-1.3	-0.2	0.08	-0.4	0.655556	0.3027	0.3767	0.3773	0.361043	0.3655
