0.27	0.05	0.12	0.12	0.05	0.12	0.12	0.05	0.05	0.05	0.02	0.12	0.05	0.02	1	0.5	0.27	0.02	0.02	0.05	0.2525	0.4575	0.16625	0.10125	0.09625	0.4575	0.28375	0.07875	0.20375	0.35625	0.3125	0.42375	0.3825	0.1575	0.39	0.23375	0.29	0.06	0.1175	0.37375	-1.6	2.13333	-0.32	-0.685714	-0.822222	0.4168	0.339967	0.44368	0.466	0.492544
0.12	0.12	0.02	0.02	0.12	0.12	0.05	0.02	0.05	0.73	0.98	0.05	0.88	0.5	0.05	0.05	0.27	0.12	0.27	0.73	0.31875	0.33875	0.2075	0.1325	0.11875	0.38125	0.26375	0.09125	0.15625	0.29875	0.20125	0.3475	0.2975	0.0975	0.50875	0.36625	0.38125	0.0475	0.08625	0.31625	3.8	-0.766667	0.06	-0.185714	-0.4	0.3458	0.421567	0.38316	0.410429	0.4348
0.12	1	0.27	0.12	0.02	0.73	0.27	0.05	0.27	0.02	0.05	0.88	0.12	0.05	0.05	0.27	0.12	0.05	0.12	0.05	0.3	0.2375	0.185	0.11125	0.13125	0.305	0.255	0.08375	0.24125	0.39625	0.33	0.24375	0.42	0.27	0.38625	0.32	0.4	0.145	0.2275	0.41	-4.5	-0.766667	-0.4	0.214286	-0.366667	0.5021	0.4139	0.38386	0.366714	0.391922
0.73	0.12	0.12	0.12	0.12	0.5	0.5	0.12	0.12	0.27	0.12	0.27	0.12	0.05	1	0.5	0.5	0.02	0.05	0.5	0.22375	0.34375	0.175	0.11125	0.115	0.30125	0.1975	0.05625	0.23125	0.35625	0.32125	0.33375	0.40125	0.26625	0.2675	0.29125	0.3525	0.145	0.23625	0.345	-1.6	-1.4	-0.22	-0.571429	-0.411111	0.3938	0.385567	0.37858	0.367657	0.372722
0.12	0.12	0.05	0.02	0.12	0.27	0.05	0.05	0.12	0.73	0.73	0.12	1	0.27	0.73	0.12	0.27	0.12	0.12	0.5	0.3575	0.325	0.1925	0.18375	0.09625	0.3575	0.28125	0.15375	0.24375	0.25125	0.2925	0.3525	0.33875	0.23875	0.31	0.3575	0.3525	0.14125	0.2275	0.28375	1.9	-0.133333	-1.24	-0.9	-0.677778	0.2608	0.348333	0.3622	0.382914	0.371689
0.5	0.12	0.5	0.27	0.27	0.27	0.27	0.12	0.12	0.27	0.12	0.27	0.27	0.05	0.12	0.88	1	0.05	0.12	0.27	0.4	0.33375	0.13625	0.1525	0.105	0.37625	0.2725	0.20125	0.2525	0.33625	0.42875	0.3525	0.4575	0.27875	0.295	0.29125	0.29	0.15375	0.24	0.36875	-0.7	-0.0333333	-1.12	-1.18571	-0.3	0.3904	0.305033	0.3665	0.368943	0.3425
0.12	0.12	0.12	0.05	0.05	0.12	0.27	0.02	0.95	0.12	0.12	0.12	0.27	0.95	0.02	0.12	0.12	0.73	1	0.12	0.46625	0.33375	0.1875	0.18	0.1325	0.38625	0.2725	0.21375	0.14875	0.3825	0.3975	0.37125	0.43875	0.2225	0.3075	0.395	0.4	0.06875	0.15875	0.415	-1.3	-1.96667	-0.44	-0.285714	-0.255556	0.2639	0.392633	0.33734	0.319229	0.325878
0.27	0.95	0.27	0.27	0.02	0.73	0.5	0.12	0.27	0.05	0.05	0.99	0.12	0.02	0.12	0.27	0.27	0.02	0.12	0.05	0.4475	0.12	0.22625	0.2625	0.13625	0.2525	0.30125	0.21	0.215	0.39125	0.4025	0.18625	0.445	0.335	0.30375	0.37625	0.38125	0.1525	0.25625	0.42	-3.9	-1.13333	-0.46	0.542857	-0.144444	0.5236	0.345167	0.316	0.291	0.322511
0.73	0.12	0.12	0.5	0.12	0.27	0.27	0.73	0.12	0.5	0.88	0.12	0.88	0.27	0.12	0.27	0.27	0.12	0.12	0.5	0.31375	0.22375	0.23625	0.22125	0.12375	0.2625	0.27375	0.12125	0.225	0.3925	0.4025	0.2675	0.45875	0.4075	0.185	0.32875	0.3525	0.1525	0.3125	0.36375	1.8	-0.1	0.52	-0.228571	0.455556	0.248	0.308567	0.27716	0.321143	0.299322
0.99	0.12	0.12	0.12	0.27	0.27	0.27	0.5	0.12	0.27	0.5	0.27	0.27	0.12	0.27	0.73	0.5	0.05	0.12	0.5	0.3575	0.2425	0.2925	0.3	0.12375	0.2625	0.30125	0.20625	0.24375	0.33625	0.365	0.2675	0.425	0.39875	0.10875	0.38	0.38125	0.1525	0.3125	0.31625	1.8	2.6	0.08	0.414286	0.155556	0.1541	0.199433	0.31874	0.291814	0.304911
0.27	0.12	0.05	0.02	0.12	0.05	0.05	0.02	0.05	0.95	0.73	0.05	0.73	0.95	0.05	0.12	0.27	0.12	0.5	0.95	0.4	0.26125	0.30125	0.3125	0.115	0.29	0.32875	0.2575	0.3625	0.22375	0.33625	0.27625	0.34875	0.4075	0.1275	0.36125	0.3	0.25625	0.36	0.2325	4.2	0.833333	1.62	0.485714	-0.122222	0.1962	0.274033	0.25104	0.298557	0.297278
0.12	0.12	0.73	1	0.02	0.27	0.73	0.12	0.12	0.02	0.02	0.27	0.02	0.02	0.12	0.27	0.12	0.01	0.02	0.02	0.41	0.2525	0.20375	0.18625	0.1275	0.25	0.2125	0.245	0.25	0.3875	0.50125	0.23625	0.46625	0.53	0.11875	0.33375	0.31	0.24125	0.405	0.3675	-3.5	1.5	1.1	0.585714	0.333333	0.4718	0.284367	0.26366	0.269714	0.29
0.12	0.12	0.05	0.02	0.12	0.12	0.05	0.02	0.05	0.73	0.95	0.05	0.99	0.88	0.05	0.12	0.27	0.12	0.5	0.5	0.39125	0.14	0.2575	0.2775	0.1275	0.18375	0.24125	0.245	0.23125	0.415	0.50125	0.14625	0.44	0.4825	0.11875	0.325	0.29125	0.24	0.345	0.41125	3.8	-0.166667	0.1	0.728571	1.18889	0.1851	0.322667	0.29718	0.262629	0.251922
0.73	0.27	0.5	0.27	0.27	0.27	0.27	0.5	0.27	0.05	0.05	0.27	0.12	0.05	0.27	0.99	0.73	0.05	0.12	0.12	0.2575	0.21625	0.24875	0.2175	0.09625	0.2225	0.27125	0.10875	0.2225	0.44375	0.51	0.22875	0.45375	0.555	0.09125	0.21625	0.23375	0.23625	0.3925	0.4025	-0.8	-0.0666667	-0.18	1.01429	0.555556	0.3111	0.272633	0.29762	0.266457	0.2787
0.12	0.27	0.5	0.27	0.05	0.27	0.27	0.05	1	0.05	0.12	0.12	0.12	0.95	0.05	0.12	0.12	0.95	0.88	0.05	0.24375	0.235	0.29625	0.3125	0.0925	0.28	0.36125	0.1175	0.15	0.4125	0.445	0.305	0.435	0.43	0.1	0.29625	0.31	0.12	0.28875	0.355	-3.2	-0.4	1.28	-0.142857	-0.0333333	0.3217	0.277067	0.23944	0.308286	0.331289
0.05	0.05	0.02	0.02	0.05	0.02	0.02	0.02	0.12	0.5	0.73	0.02	0.5	1	0.02	0.05	0.05	0.5	0.88	0.27	0.2525	0.36625	0.38375	0.375	0.08	0.39625	0.44875	0.13375	0.2875	0.24375	0.28375	0.435	0.31125	0.3075	0.1125	0.32375	0.31875	0.16375	0.24125	0.215	2.8	1.13333	-0.26	-0.142857	-0.933333	0.1984	0.233667	0.30022	0.330514	0.364
0.12	0.05	0.02	0.02	0.12	0.05	0.05	0.02	0.05	0.98	0.98	0.05	0.88	0.5	0.05	0.05	0.27	0.12	0.12	0.88	0.29125	0.3575	0.32625	0.265	0.075	0.37375	0.36	0.24375	0.2875	0.18375	0.2525	0.4125	0.2675	0.37	0.1	0.32375	0.29125	0.21625	0.33625	0.13875	3.8	0.9	-0.8	-1.24286	-0.588889	0.1809	0.289433	0.36348	0.374157	0.368144
0.27	0.88	0.5	0.27	0.02	0.73	0.73	0.12	0.27	0.05	0.05	1	0.12	0.02	0.12	0.27	0.27	0.02	0.12	0.05	0.32	0.245	0.29375	0.24625	0.07875	0.28875	0.3025	0.35375	0.26875	0.21125	0.2525	0.3025	0.245	0.3225	0.1	0.315	0.2725	0.22	0.28	0.18625	-3.9	-1.2	-0.94	-1.18571	-1.05556	0.489	0.432433	0.39726	0.402443	0.391333
0.27	0.27	0.5	0.88	0.02	0.73	0.99	0.12	0.27	0.02	0.05	0.73	0.12	0.02	0.12	0.5	0.5	0.02	0.05	0.05	0.24375	0.29375	0.23375	0.13875	0.06	0.26125	0.2425	0.29375	0.24125	0.3	0.37	0.30875	0.34	0.37875	0.0725	0.16875	0.1675	0.22875	0.28875	0.23375	-3.5	-3.76667	-1.58	-0.785714	-0.544444	0.6274	0.535667	0.4594	0.412743	0.379278
0.27	0.95	0.27	0.27	0.02	0.73	0.5	0.12	0.27	0.05	0.05	0.99	0.12	0.02	0.12	0.27	0.27	0.02	0.12	0.05	0.2625	0.20875	0.2625	0.30375	0.05625	0.31875	0.39375	0.35	0.15	0.2925	0.3575	0.32375	0.33125	0.2625	0.08125	0.21625	0.215	0.1125	0.17625	0.23375	-3.9	-2.6	-2.42	-0.642857	-0.577778	0.4906	0.542367	0.50198	0.413343	0.399867
0.5	0.05	0.27	0.12	0.05	0.12	0.05	1	0.05	0.02	0.02	0.12	0.05	0.02	0.05	0.27	0.12	0.05	0.02	0.02	0.29	0.32125	0.29375	0.335	0.0525	0.4075	0.45375	0.3625	0.16875	0.23625	0.2725	0.445	0.28375	0.14	0.09375	0.24375	0.2425	0.0525	0.08125	0.20625	-0.4	-1.56667	-0.88	-1.68571	-0.933333	0.5091	0.4645	0.4447	0.459929	0.409267
0.5	0.05	0.27	0.12	0.05	0.12	0.27	1	0.12	0.02	0.02	0.12	0.05	0.02	0.12	0.27	0.12	0.05	0.05	0.05	0.29	0.32125	0.29375	0.335	0.0525	0.41625	0.42625	0.3625	0.16	0.2325	0.2725	0.445	0.2925	0.14	0.085	0.24375	0.2425	0.0525	0.09625	0.18375	-0.4	1	-0.88	-1.18571	-0.933333	0.3938	0.3685	0.42062	0.4305	0.413122
0.12	0.05	0.02	0.02	0.12	0.05	0.05	0.02	0.05	0.73	0.99	0.05	0.88	0.5	0.05	0.05	0.12	0.12	0.12	0.5	0.31875	0.2175	0.26875	0.31625	0.05625	0.34	0.36875	0.4725	0.1975	0.2475	0.2075	0.335	0.23625	0.2	0.085	0.2525	0.22375	0.10375	0.19625	0.2125	3.8	-0.0333333	-0.18	-0.142857	-9.86865e-17	0.2026	0.3678	0.3791	0.371671	0.3769
0.27	0.27	0.5	0.98	0.02	0.73	0.99	0.5	0.27	0.02	0.02	0.5	0.05	0.02	0.12	0.27	0.27	0.02	0.05	0.05	0.28125	0.17125	0.1525	0.08875	0.0725	0.17875	0.13375	0.4	0.255	0.34875	0.3375	0.2025	0.34	0.37625	0.06375	0.1775	0.1575	0.2375	0.32375	0.2775	-3.5	-0.0333333	0.66	1.05714	0.0333333	0.507	0.330867	0.3204	0.324871	0.3268
0.5	0.05	0.27	0.12	0.05	0.12	0.05	1	0.05	0.02	0.02	0.12	0.05	0.02	0.05	0.27	0.12	0.05	0.02	0.02	0.31	0.11375	0.23875	0.19625	0.1	0.1975	0.2225	0.35625	0.2825	0.34875	0.3375	0.16	0.34	0.38	0.09125	0.2675	0.23375	0.2375	0.3275	0.29	-0.4	-0.0333333	1.64	0.657143	0.377778	0.283	0.3352	0.27424	0.277357	0.3039
0.12	0.05	0.02	0.02	0.12	0.12	0.05	0.02	0.05	0.95	0.98	0.05	0.95	0.5	0.05	0.05	0.27	0.12	0.27	0.73	0.3575	0.22625	0.29875	0.285	0.09125	0.30125	0.335	0.36875	0.3675	0.23625	0.22125	0.26375	0.23625	0.32375	0.1475	0.32375	0.23375	0.22875	0.30875	0.205	3.8	2.63333	0.24	0.6	0.0333333	0.2156	0.220533	0.26902	0.261743	0.306267
0.12	0.05	0.05	0.02	0.12	0.05	0.05	0.02	0.5	0.88	0.5	0.05	0.5	0.98	0.05	0.12	0.12	0.5	0.99	0.73	0.31	0.34375	0.295	0.30375	0.0875	0.38625	0.36375	0.25875	0.33	0.24875	0.285	0.37125	0.30125	0.2675	0.1475	0.315	0.27125	0.18125	0.2275	0.205	4.5	1.7	0.78	-0.442857	-0.422222	0.163	0.185033	0.22452	0.308571	0.326289
0.12	0.12	0.05	0.02	0.05	0.12	0.05	0.02	0.95	0.12	0.12	0.12	0.12	0.95	0.02	0.12	0.12	0.99	1	0.12	0.31	0.45375	0.32625	0.31625	0.08375	0.4625	0.39125	0.2625	0.30125	0.255	0.215	0.46625	0.25375	0.21125	0.15125	0.3425	0.27125	0.11125	0.22625	0.225	-3.2	0.166667	0.16	-0.585714	-1.34444	0.1765	0.208	0.274	0.318143	0.352822
0.73	0.27	0.73	0.27	0.27	0.27	0.27	0.27	0.27	0.05	0.05	0.27	0.12	0.05	0.27	0.99	0.73	0.05	0.12	0.12	0.23375	0.4925	0.27	0.19625	0.06	0.475	0.35	0.18375	0.4775	0.2675	0.2275	0.4475	0.2625	0.3275	0.12	0.23375	0.195	0.2325	0.3925	0.225	-0.8	-2.5	-1.5	-1.17143	-1.34444	0.2845	0.330467	0.34568	0.340771	0.343422
0.5	0.95	0.5	0.73	0.05	0.95	0.95	0.12	0.73	0.05	0.05	0.88	0.12	0.05	0.5	0.5	0.27	0.05	0.12	0.05	0.23375	0.52375	0.3275	0.2425	0.08375	0.46625	0.3775	0.0925	0.4475	0.27125	0.23125	0.46625	0.27125	0.3275	0.1	0.295	0.27125	0.2325	0.405	0.2375	-3.5	-2.93333	-3.3	-2.21429	-1.68889	0.5304	0.462967	0.40136	0.370314	0.363711
0.12	0.99	0.27	0.27	0.02	0.73	0.5	0.12	0.27	0.05	0.05	0.98	0.12	0.05	0.12	0.27	0.27	0.05	0.12	0.05	0.28125	0.515	0.35625	0.3	0.0875	0.485	0.43	0.0925	0.50125	0.2775	0.2	0.45375	0.24375	0.29875	0.1475	0.32375	0.27125	0.22375	0.38625	0.25625	-4.5	-4.16667	-3.36	-3.35714	-1.61111	0.574	0.515267	0.45054	0.413543	0.365522
0.12	1	0.27	0.12	0.02	0.73	0.27	0.05	0.27	0.02	0.05	0.88	0.12	0.02	0.05	0.27	0.12	0.05	0.12	0.05	0.28125	0.51375	0.3525	0.31875	0.0875	0.485	0.45875	0.10125	0.445	0.2625	0.26125	0.46625	0.29125	0.2425	0.15625	0.315	0.29	0.17625	0.2775	0.2275	-4.5	-4.16667	-3.9	-2.25714	-1.68889	0.4414	0.479267	0.48676	0.421457	0.376511
0.27	0.73	0.73	0.27	0.05	0.98	0.88	0.12	1	0.05	0.05	0.5	0.12	0.05	0.12	0.27	0.27	0.05	0.5	0.05	0.2625	0.5475	0.39875	0.4225	0.08	0.4725	0.4675	0.105	0.26875	0.24625	0.24875	0.5325	0.27875	0.1225	0.16	0.33375	0.29	0.05375	0.1075	0.215	-3.5	-3.83333	-2.3	-1.6	-1.72222	0.4224	0.443133	0.42706	0.418229	0.398011
0.27	0.98	0.5	0.95	0.02	0.73	0.95	0.12	0.27	0.05	0.05	0.88	0.12	0.02	0.12	0.27	0.27	0.05	0.12	0.05	0.18625	0.48875	0.3425	0.30625	0.065	0.485	0.43125	0.07375	0.3325	0.35	0.365	0.4575	0.37375	0.1825	0.1325	0.225	0.29	0.0625	0.155	0.29125	-3.5	-0.833333	-0.64	-1.6	-1.21111	0.4656	0.3733	0.36464	0.395314	0.404511
0.12	0.02	0.02	0.02	0.12	0.05	0.02	0.02	0.02	1	0.73	0.05	0.73	0.27	0.05	0.05	0.27	0.05	0.12	0.88	0.14875	0.49625	0.34625	0.33375	0.0525	0.46625	0.435	0.07375	0.335	0.24	0.28875	0.4575	0.2975	0.255	0.08125	0.19625	0.2625	0.18125	0.265	0.19625	4.5	1.6	-0.44	-0.414286	-0.922222	0.2319	0.3198	0.35036	0.362314	0.375778
0.12	0.05	0.02	0.02	0.12	0.05	0.05	0.02	0.05	0.73	0.99	0.05	0.88	0.5	0.05	0.05	0.12	0.12	0.12	0.5	0.19625	0.38375	0.31875	0.3025	0.08375	0.39	0.375	0.065	0.30375	0.3775	0.36875	0.35	0.37375	0.2825	0.0725	0.1775	0.28125	0.18125	0.28375	0.3475	3.8	1.6	1.02	0.1	0.0777778	0.2619	0.287933	0.33448	0.338086	0.321756
0.12	0.12	0.88	1	0.02	0.27	0.73	0.12	0.27	0.02	0.02	0.27	0.02	0.02	0.12	0.27	0.27	0.01	0.02	0.02	0.19625	0.28375	0.21125	0.25625	0.1	0.33375	0.375	0.0525	0.33375	0.47875	0.5175	0.24625	0.5	0.43125	0.0725	0.15	0.2625	0.25125	0.405	0.41625	-3.5	1.36667	1.54	1.24286	0.433333	0.37	0.324967	0.29572	0.290286	0.297511
0.12	0.05	0.05	0.02	0.12	0.12	0.05	0.02	0.05	0.88	0.98	0.05	0.88	0.5	0.05	0.12	0.73	0.12	0.12	0.73	0.1775	0.26375	0.34625	0.4075	0.0875	0.2925	0.4125	0.065	0.36	0.37125	0.3975	0.33	0.3925	0.37125	0.08125	0.1975	0.205	0.2375	0.36375	0.3275	3.8	-0.2	1.54	1.55714	0.466667	0.343	0.328267	0.2669	0.255657	0.288433
0.05	0.05	0.05	0.02	0.05	0.12	0.05	0.02	0.5	0.12	0.12	0.05	0.12	0.88	0.02	0.05	0.05	1	1	0.12	0.215	0.175	0.3175	0.35125	0.10875	0.2925	0.41625	0.065	0.30375	0.475	0.51375	0.2825	0.4875	0.3275	0.10375	0.235	0.375	0.1275	0.25375	0.43125	-0.9	2.46667	0.52	0.457143	0.777778	0.2718	0.2342	0.25916	0.2712	0.259878
0.5	0.12	0.05	0.02	0.27	0.12	0.05	0.05	0.05	0.88	0.95	0.12	0.88	0.5	0.05	0.12	0.27	0.12	0.27	0.88	0.15875	0.22625	0.34875	0.41125	0.06875	0.41	0.53625	0.065	0.42	0.26125	0.325	0.33	0.335	0.40375	0.10875	0.25375	0.3475	0.355	0.36375	0.2325	4.5	0.766667	0.58	-0.185714	-0.111111	0.0878	0.194267	0.2533	0.263586	0.273089
0.12	0.27	0.27	0.73	0.05	0.5	0.95	0.05	0.73	0.12	0.27	0.27	0.27	0.73	0.12	0.27	0.12	0.5	0.99	0.12	0.25375	0.2075	0.3525	0.335	0.0875	0.37125	0.42375	0.1875	0.335	0.2675	0.28875	0.32	0.3075	0.315	0.1	0.2625	0.41375	0.29875	0.26125	0.27125	-1.3	0	-0.32	-0.185714	-0.577778	0.2232	0.217233	0.22642	0.260843	0.267189
0.12	0.5	0.98	0.5	0.05	0.5	0.5	0.12	0.99	0.05	0.05	0.95	0.12	0.05	0.12	0.5	0.27	0.05	0.27	0.05	0.25375	0.17	0.16	0.24125	0.1	0.34375	0.395	0.16625	0.3025	0.39625	0.405	0.2075	0.38625	0.51625	0.09125	0.20625	0.395	0.41625	0.47125	0.36875	-3.2	-1.73333	-0.84	-0.785714	-0.333333	0.3407	0.2575	0.24222	0.241671	0.2474
0.5	0.27	0.27	0.5	0.12	0.73	0.98	0.12	0.27	0.12	0.12	0.5	0.12	0.05	0.27	0.5	0.95	0.05	0.12	0.27	0.20625	0.19875	0.24875	0.245	0.09125	0.30625	0.3625	0.16625	0.40125	0.39625	0.365	0.26375	0.33875	0.5775	0.0725	0.1975	0.23375	0.435	0.585	0.34125	-0.7	-2.46667	-1.82	-0.842857	-0.444444	0.2086	0.300033	0.26642	0.230257	0.242389
0.12	0.5	0.27	0.5	0.02	0.99	0.98	0.05	0.5	0.05	0.05	0.5	0.27	0.5	0.12	0.27	0.27	0.99	0.27	0.05	0.31	0.17	0.2575	0.305	0.10375	0.27375	0.39	0.20625	0.31625	0.39625	0.365	0.29125	0.31125	0.41375	0.21375	0.2825	0.34625	0.195	0.4475	0.36	-3.5	-1.53333	-1.82	-1.08571	-0.522222	0.3508	0.256067	0.26016	0.260271	0.241433
0.5	0.05	0.27	0.12	0.05	0.12	0.05	1	0.05	0.02	0.02	0.12	0.05	0.02	0.05	0.27	0.5	0.05	0.02	0.05	0.215	0.22625	0.3425	0.475	0.06875	0.40125	0.61	0.1725	0.38125	0.2925	0.2525	0.3575	0.23125	0.41375	0.23125	0.30125	0.29875	0.29875	0.4475	0.2525	-0.4	-1.73333	-0.62	-1.12857	-1.41111	0.2088	0.2505	0.2516	0.265986	0.295256
0.12	0.05	0.05	0.02	0.12	0.05	0.05	0.02	0.27	0.98	0.73	0.05	0.5	0.95	0.05	0.05	0.27	0.5	0.98	0.73	0.25375	0.19875	0.33875	0.39875	0.06	0.3625	0.525	0.295	0.26875	0.16	0.13625	0.33875	0.15625	0.26875	0.21875	0.30125	0.31875	0.305	0.295	0.155	-1.3	0.366667	-0.8	-1.17143	-1.36667	0.1919	0.232867	0.26252	0.299057	0.281078
0.12	0.05	0.05	0.05	0.12	0.05	0.27	0.02	0.12	0.95	0.73	0.05	0.5	0.99	0.05	0.05	0.12	0.27	0.88	0.73	0.25375	0.19875	0.27875	0.36625	0.05625	0.425	0.52625	0.295	0.27375	0.16375	0.13625	0.31125	0.175	0.32	0.21875	0.2725	0.3375	0.3425	0.3075	0.155	2.8	-0.0333333	-0.8	-1.2	-1.4	0.2979	0.251	0.3068	0.282914	0.259722
0.5	0.05	0.12	0.5	0.05	0.12	0.27	0.27	0.05	0.05	0.05	0.27	0.05	0.02	1	0.5	0.27	0.02	0.05	0.05	0.20625	0.19875	0.36125	0.33875	0.08375	0.41625	0.4375	0.34	0.31125	0.27625	0.2125	0.255	0.23125	0.44125	0.08125	0.21625	0.23375	0.37	0.4025	0.2125	-1.6	-0.766667	-0.9	-1.2	-1.71111	0.2632	0.377767	0.28416	0.254014	0.295089
0.12	0.12	0.73	1	0.02	0.27	0.88	0.73	0.12	0.02	0.02	0.27	0.02	0.02	0.12	0.27	0.12	0.01	0.02	0.02	0.25375	0.1425	0.26625	0.21625	0.09125	0.28875	0.25375	0.27875	0.35875	0.28875	0.225	0.2075	0.21625	0.48875	0.17875	0.22625	0.23375	0.37	0.4975	0.225	-3.5	-2	-1.34	-1.64286	-1.46667	0.5722	0.310333	0.27548	0.299457	0.278678
0.05	0.05	0.02	0.02	0.05	0.12	0.27	0.05	0.05	0.02	0.05	0.05	0.12	0.5	0.02	0.05	0.05	1	0.73	0.02	0.2625	0.16	0.4125	0.3575	0.115	0.32625	0.3575	0.25375	0.37625	0.32	0.23375	0.25375	0.23125	0.4325	0.2	0.33	0.30375	0.24625	0.42125	0.2525	-0.9	-2.63333	-2.6	-1.64286	-1.5	0.0956	0.2721	0.32128	0.301057	0.282378
0.12	0.5	0.5	0.27	0.02	1	0.73	0.12	0.88	0.05	0.05	0.73	0.27	0.5	0.12	0.27	0.27	0.12	0.27	0.05	0.30125	0.1125	0.38	0.3575	0.11	0.24375	0.35625	0.2575	0.36125	0.2	0.14875	0.19625	0.165	0.32875	0.30625	0.3875	0.305	0.3	0.41875	0.1725	-3.5	-2.63333	-2.54	-2.14286	-1.53333	0.1485	0.257	0.30926	0.293086	0.306378
0.5	0.27	1	0.73	0.27	0.73	0.27	0.73	0.5	0.12	0.05	0.27	0.12	0.05	0.12	0.5	0.27	0.02	0.05	0.05	0.30125	0.14125	0.345	0.30875	0.07	0.28625	0.38625	0.30375	0.4	0.075	0.06	0.2625	0.1275	0.26375	0.30625	0.38625	0.305	0.285	0.33875	0.08375	-3.5	-2.76667	-1.98	-2.14286	-1.88889	0.5269	0.292833	0.24324	0.313757	0.314256
0.12	0.12	0.12	0.02	0.05	0.12	0.12	0.02	0.95	0.12	0.12	0.12	0.12	0.88	0.02	0.12	0.12	0.98	1	0.12	0.32	0.16	0.44625	0.35	0.0975	0.3625	0.38625	0.365	0.34375	0.075	0.06	0.2625	0.1275	0.16	0.31875	0.405	0.305	0.165	0.22	0.075	-1.3	-1.83333	-2.12	-1.7	-1.88889	0.2031	0.324033	0.3057	0.2847	0.346589
0.5	0.12	0.73	0.27	0.27	0.27	0.27	0.12	0.12	0.27	0.12	0.27	0.27	0.05	0.12	0.88	0.99	0.05	0.12	0.27	0.32	0.15125	0.3125	0.20875	0.07375	0.325	0.26375	0.38625	0.43875	0.05625	0.06	0.225	0.1125	0.26375	0.2975	0.31	0.19625	0.28625	0.33	0.05625	-0.7	-1.2	-1.5	-1.8	-1.54444	0.2421	0.284367	0.34976	0.350214	0.328033
0.5	0.12	0.27	0.27	0.05	0.27	0.5	0.12	0.98	0.05	0.05	0.27	0.12	0.12	1	0.73	0.5	0.05	0.5	0.12	0.3475	0.15125	0.37375	0.2125	0.12875	0.325	0.21625	0.38625	0.33125	0.20375	0.15375	0.23375	0.17875	0.22625	0.21875	0.35625	0.36125	0.1675	0.20625	0.19125	-1.6	-0.9	-1.12	-1.35714	-0.977778	0.4079	0.3396	0.35522	0.386886	0.348456
0.5	0.05	0.27	0.12	0.05	0.12	0.05	1	0.05	0.02	0.02	0.12	0.05	0.02	0.05	0.27	0.12	0.05	0.02	0.02	0.3475	0.2225	0.345	0.2125	0.12875	0.31	0.215	0.2675	0.37125	0.20375	0.1575	0.27125	0.16875	0.1825	0.32875	0.41375	0.39	0.15875	0.2475	0.20375	-0.4	-1.2	-0.94	-0.257143	-1.08889	0.3688	0.443633	0.39564	0.351529	0.372756
0.27	0.05	0.05	0.12	0.05	0.12	0.12	0.05	0.05	0.05	0.12	0.12	0.05	0.02	1	0.27	0.12	0.02	0.05	0.05	0.32875	0.20375	0.25375	0.12375	0.10125	0.23375	0.17875	0.2975	0.4	0.2	0.1725	0.24375	0.1875	0.29875	0.1975	0.36625	0.37125	0.27875	0.3625	0.20875	-1.6	-0.8	0.04	-0.714286	-0.844444	0.5542	0.442733	0.4031	0.374971	0.343222
0.5	0.05	0.27	0.12	0.05	0.12	0.05	1	0.05	0.02	0.02	0.12	0.05	0.02	0.05	0.27	0.12	0.05	0.02	0.02	0.31875	0.195	0.2175	0.13625	0.10125	0.23375	0.1875	0.1825	0.2875	0.195	0.185	0.24375	0.17875	0.19125	0.43875	0.385	0.37125	0.155	0.24375	0.20375	-0.4	0.733333	-0.54	-0.8	-0.877778	0.4052	0.412933	0.39496	0.377686	0.343522
0.27	0.05	0.05	0.05	0.27	0.12	0.12	0.05	0.05	0.98	0.73	0.12	0.5	0.27	0.27	0.27	0.88	0.05	0.12	0.95	0.31875	0.27125	0.16875	0.1175	0.055	0.23375	0.17875	0.2925	0.2875	0.10375	0.2	0.32	0.2075	0.1875	0.4025	0.29	0.18625	0.16375	0.23125	0.11625	4.2	-0.233333	-0.72	-0.8	-0.377778	0.2794	0.3506	0.37342	0.348814	0.3412
0.12	1	0.27	0.12	0.02	0.73	0.27	0.05	0.27	0.02	0.05	0.88	0.12	0.05	0.05	0.27	0.12	0.05	0.12	0.05	0.30875	0.1525	0.14125	0.09	0.2025	0.13875	0.1125	0.28375	0.2	0.25125	0.3125	0.20625	0.3025	0.31	0.32	0.26125	0.34125	0.19125	0.27875	0.27625	-4.5	-0.533333	-0.72	-0.2	-0.277778	0.3672	0.302567	0.30374	0.327729	0.324533
0.12	0.12	0.05	0.02	0.05	0.12	0.05	0.02	0.73	0.12	0.27	0.05	0.27	0.98	0.02	0.12	0.12	0.95	1	0.12	0.2525	0.27125	0.14125	0.09	0.19875	0.20625	0.13625	0.165	0.15125	0.27	0.345	0.30125	0.34	0.31625	0.32	0.2525	0.3325	0.16375	0.285	0.29875	-1.3	-2.46667	0.12	-0.0714286	0.0777778	0.2611	0.278033	0.26694	0.2854	0.307211
0.27	0.05	0.05	0.12	0.05	0.12	0.12	0.05	0.05	0.05	0.12	0.12	0.05	0.02	1	0.27	0.12	0.02	0.02	0.05	0.2625	0.28	0.16875	0.0775	0.19875	0.20625	0.11875	0.28	0.23625	0.275	0.35125	0.2925	0.3675	0.43625	0.07875	0.23375	0.3325	0.28375	0.40375	0.30375	-1.6	0.3	-0.86	0.385714	0.211111	0.2058	0.229367	0.26264	0.257929	0.259233
0.27	0.73	0.12	0.05	0.12	0.27	0.27	0.05	0.12	0.5	0.95	0.88	0.95	0.27	0.05	0.12	0.27	0.12	0.12	0.5	0.20625	0.19125	0.12875	0.0725	0.19	0.17875	0.09625	0.16125	0.2275	0.2225	0.26	0.185	0.26375	0.52125	0.1925	0.22125	0.305	0.39	0.49875	0.25125	3.8	0.5	0.6	-0.271429	0.155556	0.2212	0.2283	0.23178	0.2355	0.223744
0.27	0.12	0.27	0.12	0.98	0.12	0.12	0.05	0.5	0.27	0.27	0.12	0.5	0.88	0.12	0.5	0.98	0.27	0.88	0.5	0.20625	0.2675	0.10625	0.06	0.17375	0.18875	0.1025	0.1575	0.18	0.19125	0.3725	0.27125	0.32	0.445	0.15625	0.155	0.14	0.38	0.40375	0.195	-0.7	1.96667	0.78	0.242857	-0.0333333	0.2579	0.230667	0.20404	0.1953	0.200456
0.05	0.12	0.05	0.02	0.05	0.05	0.02	0.02	0.12	0.27	0.5	0.05	0.5	1	0.02	0.05	0.05	0.73	0.95	0.27	0.225	0.14875	0.1025	0.06	0.29375	0.1125	0.08375	0.16125	0.20875	0.2225	0.37125	0.1725	0.33875	0.54875	0.165	0.18375	0.2475	0.44125	0.49875	0.2325	2.8	0.566667	0.92	0.785714	0.322222	0.2129	0.197733	0.18004	0.167971	0.167956
0.5	0.05	0.27	0.12	0.05	0.12	0.05	1	0.05	0.02	0.02	0.12	0.05	0.02	0.05	0.27	0.12	0.05	0.02	0.02	0.1875	0.2525	0.1025	0.07875	0.29	0.18	0.165	0.05125	0.16	0.245	0.40375	0.2825	0.37625	0.55125	0.17375	0.175	0.2575	0.41	0.505	0.255	-0.4	0.5	0.66	0.828571	0.0333333	0.1224	0.140367	0.14976	0.149243	0.1765
0.05	0.02	0.02	0.01	0.05	0.05	0.02	0.05	0.05	0.05	0.12	0.02	0.12	0.95	0.01	0.02	0.05	1	0.88	0.05	0.225	0.25625	0.13	0.08	0.29875	0.18	0.16	0.16625	0.16	0.32625	0.5	0.28625	0.47125	0.495	0.06	0.17875	0.26625	0.30375	0.42875	0.33625	-0.9	0.4	0.54	-0.271429	0.633333	0.0858	0.0926667	0.11312	0.165929	0.181789
0.27	0.05	0.02	0.02	1	0.05	0.02	0.02	0.05	0.5	0.95	0.05	0.5	0.27	0.05	0.12	0.27	0.12	0.12	0.5	0.1975	0.1675	0.12125	0.07875	0.19875	0.16125	0.16	0.16625	0.15125	0.3175	0.34	0.1875	0.3675	0.58	0.055	0.16625	0.2675	0.405	0.52375	0.34125	2.5	0.1	-0.8	0.371429	0.677778	0.0698	0.0767667	0.13814	0.165286	0.184733
0.05	0.05	0.02	0.02	0.05	0.05	0.02	0.05	0.12	0.27	0.27	0.02	0.27	1	0.02	0.05	0.05	1	0.95	0.12	0.225	0.15875	0.09375	0.07875	0.20125	0.16125	0.16	0.1625	0.08625	0.31875	0.39375	0.19125	0.34	0.38125	0.16875	0.14625	0.1875	0.26375	0.3125	0.3325	-1.3	-0.9	0.04	0.571429	0.577778	0.0747	0.160833	0.16434	0.170257	0.188833
0.27	0.88	0.27	0.27	0.02	0.73	0.73	0.12	0.27	0.05	0.05	1	0.12	0.02	0.12	0.27	0.27	0.02	0.12	0.05	0.225	0.04625	0.0625	0.0475	0.2325	0.07625	0.075	0.15375	0.055	0.4225	0.45	0.06875	0.40625	0.4125	0.16	0.1275	0.21625	0.30125	0.3125	0.43125	-3.9	-0.466667	1.06	0.4	0.733333	0.338	0.222033	0.19672	0.194886	0.193956
0.12	0.05	0.02	0.02	0.12	0.05	0.05	0.02	0.05	0.73	0.99	0.05	0.88	0.5	0.05	0.05	0.12	0.12	0.27	0.73	0.215	0.2625	0.17	0.1825	0.22	0.20875	0.245	0.05625	0.11	0.34125	0.33625	0.2825	0.32	0.35625	0.1775	0.2125	0.2825	0.285	0.30625	0.35	3.8	1.36667	0.24	1.12857	0.277778	0.2534	0.2797	0.24172	0.219629	0.235689
0.27	0.05	0.05	0.05	0.27	0.12	0.27	0.02	0.05	0.88	0.5	0.12	0.5	0.27	0.05	0.12	0.5	0.05	0.12	0.99	0.22375	0.35125	0.1975	0.26875	0.1975	0.30375	0.33875	0.05625	0.1375	0.3225	0.3975	0.33375	0.3675	0.2725	0.19125	0.235	0.2625	0.175	0.23	0.32625	4.2	2.13333	1.34	0.128571	-0.0111111	0.2477	0.2653	0.27858	0.2808	0.278211
0.27	0.05	0.05	0.12	0.05	0.12	0.12	0.05	0.05	0.05	0.02	0.12	0.05	0.02	1	0.27	0.12	0.02	0.02	0.05	0.2525	0.36	0.21	0.2725	0.13375	0.3125	0.37	0.065	0.19375	0.455	0.40125	0.3425	0.42375	0.285	0.08125	0.26375	0.395	0.17	0.26125	0.5	-1.6	2.26667	1.22	-0.185714	0.177778	0.2948	0.267167	0.31058	0.337057	0.288167
0.27	0.05	0.05	0.02	0.27	0.05	0.05	0.02	0.02	0.88	0.73	0.05	0.88	0.27	0.05	0.12	0.5	0.05	0.12	0.99	0.26125	0.36875	0.21375	0.2975	0.115	0.33	0.41	0.065	0.18875	0.4275	0.40125	0.355	0.39625	0.19125	0.20375	0.2825	0.35625	0.05625	0.145	0.45875	4.2	-0.633333	-0.24	0.971429	0.744444	0.259	0.3506	0.3536	0.311543	0.298467
0.27	0.95	0.88	0.95	0.05	0.5	0.73	0.12	0.27	0.05	0.05	0.88	0.12	0.05	0.12	0.73	0.5	0.02	0.12	0.05	0.31875	0.18	0.09125	0.18125	0.155	0.245	0.325	0.0525	0.13875	0.61625	0.5425	0.2175	0.58625	0.23125	0.195	0.20625	0.35625	0.06375	0.145	0.68	-4.5	-1.26667	-0.24	0.971429	0.788889	0.498	0.4085	0.33594	0.299257	0.296722
0.27	0.73	0.27	0.73	0.02	0.88	0.99	0.05	0.27	0.05	0.12	0.5	0.12	0.05	0.12	0.27	0.27	0.05	0.12	0.12	0.36625	0.2075	0.1675	0.2075	0.15	0.1975	0.2925	0.065	0.13875	0.53125	0.425	0.265	0.49125	0.23125	0.19125	0.26375	0.37625	0.17	0.2025	0.58625	-3.5	-1.26667	0.84	-0.128571	0.266667	0.4685	0.3753	0.31046	0.309914	0.277511
0.5	0.12	0.12	0.12	0.27	0.12	0.12	0.12	0.5	0.73	0.5	0.12	0.5	0.12	0.12	0.5	0.95	0.05	0.27	0.95	0.3375	0.40125	0.21375	0.31125	0.0875	0.39625	0.45875	0.06875	0.1375	0.3425	0.32125	0.42	0.39625	0.195	0.2	0.25375	0.2625	0.17	0.18375	0.365	4.2	1.5	-0.7	-0.0285714	-0.7	0.1594	0.2651	0.32312	0.2793	0.290822
0.12	0.12	0.05	0.12	0.12	0.12	0.27	0.02	0.05	0.88	0.98	0.05	0.88	0.5	0.05	0.05	0.12	0.12	0.12	0.73	0.3575	0.40125	0.27875	0.3025	0.10625	0.3875	0.44	0.08125	0.2025	0.35125	0.32125	0.42	0.37625	0.27	0.08625	0.29125	0.36625	0.22125	0.31	0.42	3.8	1.5	0.02	-1.27143	-0.211111	0.1674	0.216367	0.23962	0.2948	0.273778
0.73	0.27	0.12	0.27	0.12	0.5	0.73	0.12	0.12	0.73	0.5	0.73	0.88	0.12	0.12	0.27	0.27	0.05	0.12	0.88	0.2625	0.39125	0.355	0.40625	0.1825	0.3675	0.4675	0.08125	0.20625	0.2625	0.2925	0.3625	0.26875	0.28625	0.08625	0.2825	0.31875	0.225	0.2975	0.28	-3.5	-0.2	-0.18	-0.228571	-1.06667	0.3223	0.190067	0.21942	0.243857	0.280311
0.5	0.05	0.02	0.01	0.05	0.05	0.05	0.05	0.05	0.05	0.12	0.05	0.12	0.5	0.02	0.05	0.05	1	0.73	0.05	0.32	0.3625	0.32	0.35375	0.2	0.42375	0.5525	0.10875	0.215	0.3475	0.34	0.4	0.36375	0.23875	0.2075	0.3375	0.34625	0.10625	0.22125	0.3925	-0.9	-2.96667	-0.46	-0.228571	-0.655556	0.0805	0.256767	0.21582	0.222329	0.266811
0.27	0.99	0.27	0.27	0.02	0.95	0.73	0.12	0.27	0.05	0.05	0.98	0.12	0.05	0.12	0.27	0.27	0.05	0.12	0.05	0.34875	0.2725	0.28875	0.245	0.21625	0.26375	0.40625	0.10875	0.245	0.375	0.39625	0.3125	0.44	0.30375	0.195	0.3675	0.37625	0.225	0.2975	0.41125	-4.5	-0.866667	-1.92	-0.942857	-0.766667	0.3675	0.196467	0.2459	0.253343	0.263922
0.05	0.05	0.5	0.05	0.05	0.05	0.12	0.05	0.12	0.27	0.5	0.05	0.27	1	0.02	0.12	0.12	0.5	0.88	0.27	0.32875	0.39	0.25125	0.26	0.19375	0.37625	0.47375	0.105	0.31125	0.3475	0.4	0.42	0.46875	0.2325	0.22625	0.33	0.29125	0.1775	0.2025	0.3275	2.8	-1.73333	-1.38	-2.12857	-0.811111	0.1414	0.275567	0.25674	0.292643	0.258789
0.12	0.12	0.73	1	0.88	0.27	0.73	0.12	0.12	0.02	0.02	0.27	0.02	0.02	0.12	0.27	0.27	0.01	0.02	0.02	0.42875	0.38125	0.23125	0.14125	0.19375	0.3675	0.37875	0.15625	0.32	0.28375	0.3525	0.42	0.42375	0.29875	0.24125	0.39625	0.29125	0.23	0.31	0.30125	-3.5	-0.5	-2.1	-1.08571	-1.03333	0.3178	0.278567	0.32914	0.262771	0.250811
0.5	0.5	0.5	0.27	0.12	0.5	0.73	0.27	0.27	0.05	0.05	0.5	0.12	0.05	0.99	0.95	0.5	0.02	0.12	0.12	0.305	0.41	0.27875	0.205	0.28	0.31	0.3025	0.12875	0.39625	0.2225	0.3775	0.33375	0.36375	0.39875	0.12375	0.2925	0.24375	0.285	0.405	0.2125	-0.8	-2.93333	-0.44	-0.7	-0.333333	0.3765	0.378933	0.27828	0.264929	0.269056
0.27	0.95	0.27	0.12	0.12	0.5	0.5	0.12	0.73	0.27	0.5	0.73	0.73	0.12	0.12	0.73	0.73	0.05	0.12	0.27	0.305	0.46625	0.39625	0.31375	0.28	0.395	0.41625	0.15625	0.45125	0.20375	0.32125	0.39	0.36375	0.3425	0.245	0.405	0.3	0.1625	0.3475	0.2025	-4.5	-0.5	-0.64	0.342857	-0.588889	0.4425	0.310733	0.26912	0.281929	0.313033
0.12	0.12	0.05	0.02	0.12	0.12	0.05	0.02	0.88	0.73	0.98	0.05	0.88	0.5	0.27	0.05	0.12	0.12	0.27	0.5	0.305	0.48	0.42375	0.3075	0.28375	0.3575	0.415	0.16	0.52375	0.14625	0.26125	0.3675	0.345	0.38	0.2175	0.47125	0.3575	0.21	0.43875	0.17375	3.8	0.366667	0.62	-0.514286	-0.444444	0.1132	0.2171	0.30286	0.329771	0.298122
0.99	0.12	0.12	0.12	0.95	0.27	0.12	0.5	0.12	0.12	0.12	0.27	0.27	0.05	0.27	0.73	0.27	0.05	0.12	0.27	0.22375	0.565	0.3675	0.3225	0.18875	0.395	0.4825	0.1	0.61875	0.28	0.36875	0.425	0.47875	0.345	0.30625	0.405	0.38625	0.1625	0.38125	0.27875	1.8	2.8	0.14	-0.471429	-0.288889	0.0956	0.231767	0.32282	0.3177	0.303678
0.12	0.88	0.27	0.05	0.05	0.27	0.12	0.05	0.88	0.27	0.73	0.27	0.5	0.95	0.05	0.12	0.12	0.5	0.98	0.27	0.44125	0.47	0.2725	0.22125	0.225	0.395	0.425	0.20375	0.52375	0.27375	0.305	0.425	0.48125	0.23625	0.3525	0.53875	0.43375	0.11125	0.28625	0.31	2.8	0.466667	0.4	0.242857	0.3	0.4865	0.3528	0.28098	0.291257	0.2765
0.27	0.95	0.73	0.73	0.05	0.73	0.73	0.12	0.95	0.12	0.12	0.73	0.73	0.12	0.12	0.73	0.73	0.05	0.27	0.12	0.375	0.52125	0.1675	0.10875	0.21625	0.36625	0.29125	0.1675	0.515	0.30125	0.40875	0.39625	0.5	0.45625	0.22625	0.35875	0.31	0.19875	0.47	0.32875	-3.2	-1.2	0.48	1.14286	-0.111111	0.4763	0.3987	0.29662	0.2385	0.295633
0.12	0.27	0.27	0.12	0.05	0.27	0.27	0.05	1	0.05	0.05	0.12	0.12	0.73	0.05	0.12	0.12	0.5	1	0.05	0.39375	0.52125	0.2825	0.26125	0.2075	0.4525	0.40875	0.1675	0.45125	0.3675	0.38875	0.44375	0.51875	0.38	0.235	0.40625	0.3575	0.1425	0.37875	0.36625	-3.2	-0.733333	0.48	-0.0428571	-1.97373e-16	0.2333	0.300333	0.29214	0.300714	0.307844
0.27	0.73	0.12	0.27	0.12	0.5	0.73	0.05	0.12	0.73	0.5	0.73	0.73	0.27	0.73	0.27	0.5	0.05	0.27	0.88	0.375	0.5675	0.31	0.255	0.19875	0.47125	0.37875	0.17125	0.46625	0.25375	0.32875	0.4525	0.42375	0.40875	0.1225	0.39625	0.32875	0.19875	0.45125	0.2625	4.2	0.933333	-0.98	-0.8	-9.86865e-17	0.1914	0.165967	0.30458	0.365971	0.346378
0.99	0.12	0.12	0.12	0.27	0.27	0.27	0.5	0.12	0.12	0.12	0.27	0.27	0.05	0.27	0.73	0.5	0.05	0.12	0.27	0.17625	0.6625	0.32875	0.27375	0.0675	0.5	0.455	0.05875	0.57625	0.32125	0.37625	0.49125	0.4625	0.54	0.1525	0.2625	0.31	0.255	0.57875	0.31125	1.8	0.5	-1.04	-0.657143	-0.555556	0.0732	0.2711	0.3198	0.362186	0.359811
0.12	0.98	0.12	0.05	0.05	0.73	0.27	0.05	0.27	0.12	0.27	0.73	0.5	0.98	0.05	0.12	0.12	0.27	0.88	0.12	0.30375	0.45125	0.30125	0.29125	0.09125	0.42375	0.455	0.115	0.45375	0.29	0.26875	0.415	0.3775	0.3075	0.29875	0.3575	0.3575	0.1675	0.36375	0.3025	-4.5	-2.06667	0.36	-0.657143	-1.04444	0.5487	0.391433	0.36514	0.325071	0.3574
0.27	0.27	0.73	0.73	0.05	0.73	0.98	0.05	0.27	0.73	0.27	0.5	0.27	0.12	0.12	0.5	0.5	0.05	0.12	0.5	0.285	0.455	0.1675	0.225	0.0875	0.4425	0.4	0.10625	0.36875	0.20125	0.25625	0.415	0.32125	0.4025	0.29	0.2525	0.2525	0.19125	0.43125	0.24625	-3.5	-1.4	-1.12	-0.428571	-1.07778	0.5524	0.520367	0.37016	0.358143	0.385811
0.12	0.95	0.12	0.12	0.12	0.5	0.27	0.05	0.12	0.5	0.95	0.73	0.73	0.27	0.05	0.12	0.27	0.12	0.12	0.5	0.30375	0.37	0.225	0.32	0.07875	0.5	0.57375	0.10625	0.325	0.23875	0.19875	0.405	0.2825	0.41125	0.29875	0.31875	0.28125	0.1825	0.43	0.255	3.8	-0.966667	-1.8	-1.52857	-0.866667	0.46	0.409633	0.44848	0.435371	0.4354
0.12	0.27	0.27	0.12	0.05	0.27	0.27	0.05	1	0.05	0.12	0.12	0.12	0.88	0.05	0.12	0.12	0.5	0.99	0.05	0.27625	0.37	0.1975	0.28875	0.07875	0.4725	0.48875	0.1025	0.2625	0.2375	0.27375	0.39625	0.30125	0.42625	0.21	0.29125	0.2525	0.22	0.4125	0.235	-3.2	-0.333333	-1.6	-1.97143	-1.02222	0.2165	0.380433	0.48514	0.522	0.491056
