0.12	0.02	0.01	0.01	0.05	0.02	0.02	0.01	0.01	0.95	0.5	0.02	0.27	0.12	0.02	0.05	0.27	0.01	0.05	1	0.325	0.21375	0.28375	0.20875	0.115	0.22125	0.26875	0.10125	0.22375	0.33875	0.28375	0.375	0.225	0.28625	0.0675	0.3675	0.52125	0.09125	0.21375	0.4525	4.2	-0.133333	1.24	1.42857	0.922222	0.018	0.270033	0.20944	0.286314	0.335322
0.12	0.73	0.12	0.12	0.05	0.27	0.5	0.05	0.5	0.12	0.05	0.95	0.12	0.02	0.05	0.27	0.99	0.02	0.05	0.5	0.23375	0.1525	0.2975	0.28	0.08375	0.26625	0.3125	0.0775	0.17125	0.46125	0.34	0.335	0.235	0.355	0.1725	0.31125	0.4125	0.09	0.21375	0.4875	-0.7	2.43333	1.58	1.02857	0.333333	0.185	0.0775	0.21914	0.2074	0.292167
0.5	0.02	0.01	0.01	0.05	0.02	0.02	0.02	0.02	0.88	0.98	0.02	0.5	0.88	0.02	0.05	0.12	0.05	0.12	0.73	0.18625	0.28875	0.34	0.34125	0.08375	0.37375	0.4675	0.1	0.25875	0.36625	0.2425	0.5275	0.20625	0.25625	0.195	0.2825	0.46	0.09875	0.21375	0.43	3.8	2.53333	1.66	0.128571	0.611111	0.0295	0.156867	0.12742	0.245857	0.286067
0.12	0.12	0.12	0.12	0.12	0.12	0.5	0.02	0.05	0.98	0.73	0.5	0.5	0.27	0.05	0.12	0.5	0.05	0.12	0.95	0.23375	0.30375	0.3575	0.4475	0.07875	0.38875	0.48375	0.2175	0.17875	0.3625	0.2825	0.49875	0.215	0.21625	0.2525	0.30125	0.46875	0.03875	0.095	0.4025	4.5	1.6	0.12	0.942857	-0.0888889	0.2561	0.1447	0.21918	0.251414	0.341811
0.12	0.12	0.95	0.73	0.27	0.12	0.12	0.27	0.12	0.27	0.27	0.27	0.12	0.05	0.12	0.5	0.98	0.05	0.27	0.5	0.2525	0.275	0.2725	0.475	0.06	0.285	0.56	0.3025	0.17	0.45125	0.34	0.4175	0.235	0.24375	0.32875	0.25375	0.39	0.03875	0.07625	0.44625	-3.5	-0.833333	0.62	-0.157143	0.3	0.1485	0.2938	0.31138	0.350171	0.357956
0.27	0.27	0.27	0.73	0.02	0.73	0.95	0.12	0.12	0.27	0.05	0.73	0.05	0.5	0.99	0.27	0.12	0.02	0.05	0.05	0.28125	0.2875	0.39	0.48875	0.1475	0.26875	0.51625	0.41125	0.18375	0.42375	0.3675	0.39125	0.24375	0.1875	0.25125	0.3675	0.57375	0.0475	0.1125	0.46875	-3.5	-1.73333	-0.84	-0.114286	-0.244444	0.4768	0.423767	0.44734	0.431229	0.4029
0.5	0.5	0.5	0.88	0.12	0.73	0.88	0.27	0.27	0.27	0.27	0.73	0.27	0.12	0.27	0.5	0.5	0.12	0.12	0.27	0.27125	0.1825	0.45625	0.565	0.23875	0.2975	0.5725	0.4775	0.1175	0.415	0.34875	0.335	0.21625	0.2475	0.35	0.39625	0.5125	0.03875	0.10375	0.39375	1.8	-1.73333	-1.82	-0.757143	-0.6	0.646	0.6107	0.5466	0.487371	0.448644
0.12	0.27	0.27	0.98	0.05	0.27	0.88	0.95	0.27	0.12	0.12	0.27	0.12	0.02	0.5	0.27	0.5	0.02	0.05	0.05	0.29	0.31875	0.54625	0.56625	0.2475	0.4625	0.6325	0.39625	0.225	0.415	0.27875	0.5	0.20625	0.24125	0.325	0.4525	0.56	0.05125	0.16	0.3925	-3.5	-0.7	-1.26	-1.95714	-1.37778	0.7093	0.702567	0.6014	0.536029	0.480289
0.27	0.27	0.88	0.95	0.02	0.12	0.73	0.98	0.12	0.02	0.02	0.12	0.05	0.02	0.73	0.5	0.12	0.02	0.05	0.02	0.29	0.395	0.48875	0.64625	0.2425	0.52875	0.7075	0.405	0.32875	0.33875	0.215	0.5475	0.1675	0.27	0.32375	0.47125	0.66375	0.05125	0.16	0.34	-0.4	-1.53333	-1.34	-1.91429	-2.26667	0.7524	0.628067	0.62538	0.559714	0.519189
0.5	0.27	0.27	0.12	0.5	0.5	0.5	0.73	0.12	0.73	0.5	0.27	0.27	0.12	0.27	0.73	0.88	0.05	0.12	0.73	0.2525	0.3825	0.44875	0.66125	0.21125	0.46875	0.72375	0.405	0.32	0.33875	0.2125	0.4975	0.235	0.375	0.36875	0.38625	0.46125	0.05625	0.18	0.29875	-0.7	-1.66667	-2.34	-1.91429	-1.37778	0.4225	0.590533	0.55904	0.5782	0.509311
0.27	0.12	0.88	0.88	0.88	0.5	0.88	0.73	0.12	0.05	0.12	0.5	0.12	0.12	0.12	0.73	0.88	0.05	0.05	0.12	0.28125	0.45875	0.43	0.585	0.16375	0.46875	0.68	0.39625	0.3675	0.39625	0.26	0.44	0.2625	0.31875	0.32625	0.38625	0.5375	0.05625	0.21625	0.43125	-3.9	-2.6	-2.34	-1.52857	-1.37778	0.5967	0.4445	0.53842	0.494429	0.520489
0.27	0.88	0.5	0.12	0.05	0.88	0.5	0.05	0.88	0.73	0.27	0.88	0.27	0.73	0.05	0.27	0.5	0.05	0.5	0.5	0.31	0.30375	0.4175	0.5725	0.3775	0.33625	0.62375	0.48125	0.24125	0.36875	0.24125	0.3075	0.225	0.26125	0.36375	0.415	0.55625	0.16	0.2075	0.4725	-3.2	-3.53333	-1.36	-1.52857	-1.11111	0.3143	0.505733	0.39986	0.475586	0.4515
0.27	0.73	0.27	0.73	0.05	0.5	0.95	0.12	0.73	0.27	0.12	0.73	0.12	0.5	0.27	0.5	0.95	0.05	0.12	0.5	0.3575	0.3225	0.50375	0.48375	0.405	0.44125	0.49125	0.36875	0.2325	0.4175	0.2475	0.32625	0.235	0.29	0.39875	0.44375	0.4525	0.15875	0.25125	0.4725	-3.5	-0.733333	-1.92	-0.871429	-0.9	0.6062	0.3267	0.43084	0.371686	0.427811
0.05	0.02	0.02	0.02	0.5	0.02	0.02	0.02	0.05	0.98	0.73	0.02	0.88	0.99	0.02	0.05	0.12	0.12	0.5	0.88	0.46125	0.41125	0.4875	0.5725	0.3525	0.54875	0.635	0.2925	0.3175	0.34125	0.175	0.43375	0.14	0.22875	0.43	0.52875	0.6325	0.15	0.20375	0.45625	4.5	-0.833333	-0.3	-1	-1.24444	0.0596	0.4144	0.31652	0.3822	0.406622
0.27	0.73	0.73	0.88	0.02	0.73	0.98	0.05	0.5	0.05	0.05	0.5	0.12	0.05	0.5	0.27	0.73	0.02	0.27	0.5	0.38625	0.295	0.45625	0.57375	0.35125	0.46	0.515	0.32	0.365	0.3675	0.19875	0.355	0.20375	0.3325	0.33875	0.44375	0.48	0.1575	0.22	0.41375	-3.5	1.73333	0.02	-0.942857	-1.55556	0.5774	0.2207	0.35288	0.3772	0.431389
0.73	0.02	0.02	0.02	1	0.05	0.05	0.27	0.02	0.73	0.27	0.05	0.12	0.27	0.5	0.27	0.27	0.95	0.5	0.98	0.32875	0.43125	0.45	0.605	0.18125	0.60125	0.64	0.235	0.425	0.31	0.17125	0.41125	0.28	0.29625	0.3575	0.415	0.51875	0.15375	0.19125	0.40125	4.2	-0.3	0.02	-0.985714	-1.51111	0.0251	0.3662	0.34398	0.4245	0.3853
0.5	0.27	0.73	0.88	0.27	0.73	0.27	0.12	0.05	0.05	0.02	0.27	0.05	0.02	1	0.73	0.12	0.01	0.02	0.05	0.33875	0.3525	0.3325	0.4975	0.3	0.42125	0.55625	0.25375	0.32625	0.36625	0.18375	0.33625	0.27	0.29875	0.295	0.43375	0.5975	0.28	0.31125	0.48875	-1.6	-0.3	-1.58	-0.985714	-1.3	0.4961	0.360967	0.46114	0.363886	0.370878
0.88	0.27	0.5	0.95	0.05	0.5	0.95	0.27	0.12	0.12	0.05	0.27	0.05	0.02	0.73	0.73	0.73	0.02	0.05	0.27	0.29125	0.26375	0.32875	0.39875	0.3275	0.39	0.355	0.22125	0.2275	0.4475	0.28375	0.2475	0.3175	0.25125	0.2975	0.405	0.4175	0.275	0.29875	0.5175	-3.5	-2.86667	-1.58	-1.81429	-0.411111	0.5617	0.567733	0.38204	0.381729	0.303756
0.12	0.05	0.73	0.99	0.01	0.5	0.5	0.98	0.95	0.01	0.01	0.12	0.02	0.01	0.02	0.27	0.27	0.01	0.02	0.01	0.41375	0.35125	0.29875	0.3925	0.27625	0.39	0.41125	0.13125	0.12	0.44875	0.32125	0.26625	0.32125	0.14375	0.385	0.47125	0.49375	0.26375	0.24625	0.5025	-3.5	-3.5	-2.68	-0.671429	-0.488889	0.6454	0.463	0.41392	0.299543	0.305567
0.27	0.5	0.12	0.27	0.5	0.95	0.95	0.27	0.12	0.27	0.12	0.5	0.73	0.05	0.27	0.5	0.73	0.95	0.05	0.5	0.42375	0.21	0.34625	0.49625	0.21375	0.36125	0.3425	0.22	0.22375	0.4125	0.3075	0.17125	0.22375	0.135	0.2975	0.47125	0.37875	0.145	0.22375	0.39375	-3.5	-2.76667	-1.46	-0.728571	-0.488889	0.1819	0.337267	0.31512	0.3068	0.289578
0.12	0.5	0.27	0.12	0.27	0.12	0.05	0.05	0.12	0.5	0.12	0.5	0.12	0.5	0.05	0.88	0.98	0.12	0.98	0.27	0.47375	0.2225	0.34	0.51875	0.1325	0.52125	0.51125	0.22875	0.28375	0.38375	0.28875	0.18	0.3475	0.06	0.26875	0.48125	0.37625	0.1325	0.06	0.41	-1.3	-0.1	-1.77636e-16	-1	-0.755556	0.1845	0.122833	0.21796	0.297857	0.292289
0.27	0.02	0.01	0.01	0.05	0.02	0.02	0.01	0.01	0.99	0.95	0.02	0.5	0.12	0.02	0.27	0.12	0.02	0.05	0.95	0.51625	0.25125	0.28375	0.425	0.18875	0.44875	0.4875	0.28125	0.29375	0.35	0.30125	0.2125	0.35625	0.11125	0.15375	0.5	0.48375	0.14625	0.18	0.33375	4.5	2.33333	0	-0.242857	-0.377778	0.0021	0.0875	0.17558	0.224686	0.237389
0.27	0.5	0.01	0.01	0.05	0.02	0.02	0.01	0.02	0.88	0.99	0.02	0.88	0.12	0.01	0.12	0.27	0.02	0.05	0.5	0.44	0.22	0.2275	0.36875	0.185	0.44875	0.4925	0.25375	0.34	0.355	0.4	0.19375	0.3175	0.115	0.07	0.46125	0.38	0.14625	0.265	0.37125	3.8	1.6	1.06	0.514286	-0.377778	0.0759	0.1705	0.1491	0.132771	0.214022
0.5	0.05	0.5	0.99	0.01	0.95	0.88	0.05	0.5	0.02	0.05	0.12	0.05	0.02	0.05	0.5	0.27	0.01	0.12	0.12	0.45875	0.38875	0.16625	0.2325	0.19125	0.36125	0.44125	0.16	0.195	0.46375	0.5225	0.2575	0.425	0.12875	0.06875	0.4425	0.38	0.14875	0.26	0.42375	-3.5	0.7	1.68	0.514286	-0.377778	0.4335	0.1863	0.1126	0.156986	0.221389
0.98	0.12	0.12	0.05	0.12	0.5	0.5	0.12	0.5	0.73	0.12	0.12	0.5	0.12	0.05	0.73	0.5	0.02	0.12	0.88	0.475	0.3325	0.32125	0.35	0.1175	0.4175	0.46125	0.1325	0.3025	0.3475	0.505	0.2575	0.2925	0.1125	0.04125	0.41375	0.275	0.03125	0.26	0.3	1.8	0.0333333	0.08	0.2	-0.377778	0.0495	0.161667	0.18246	0.2323	0.247133
0.99	0.02	0.02	0.02	0.5	0.05	0.05	0.5	0.02	0.27	0.95	0.05	0.5	0.05	0.05	0.27	0.12	0.02	0.05	0.12	0.52125	0.28875	0.41875	0.40125	0.03875	0.4925	0.545	0.20375	0.35375	0.34375	0.3875	0.21	0.28	0.06	0.0375	0.37625	0.20625	0.01875	0.14875	0.3675	1.8	0.0333333	-1.38	-0.942857	-0.277778	0.002	0.1343	0.30962	0.291086	0.315367
0.27	0.5	0.05	0.5	0.02	0.5	0.99	0.05	0.5	0.05	0.88	0.12	0.12	0.05	0.05	0.27	0.05	0.02	0.73	0.12	0.61125	0.2325	0.41625	0.3425	0.1075	0.44	0.4275	0.265	0.355	0.37125	0.3875	0.205	0.3275	0.1075	0.0375	0.3575	0.215	0.0225	0.12	0.35875	-3.5	-1.73333	-1.38	-1.54286	-0.922222	0.3514	0.355033	0.30564	0.394329	0.332556
0.5	0.95	0.73	0.88	0.02	0.73	0.95	0.27	0.27	0.02	0.05	0.73	0.05	0.02	0.05	0.5	0.27	0.02	0.05	0.05	0.61125	0.17625	0.3925	0.41625	0.135	0.47125	0.52125	0.27	0.49125	0.28	0.37375	0.18875	0.2325	0.15875	0.09875	0.3475	0.1875	0.05375	0.21375	0.32	-3.5	-3.5	-1.82	-1.22857	-1.73333	0.7117	0.492233	0.45546	0.3548	0.397456
0.88	0.12	0.98	0.27	0.02	0.95	0.73	0.12	0.98	0.05	0.05	0.5	0.12	0.02	0.05	0.5	0.12	0.02	0.05	0.27	0.51625	0.27625	0.3	0.37	0.14	0.3275	0.44125	0.28375	0.355	0.3925	0.49	0.205	0.3275	0.2475	0.095	0.2875	0.17875	0.14375	0.21375	0.3875	-3.5	-2.46667	-2.44	-1.98571	-0.922222	0.4136	0.6413	0.48642	0.442014	0.357422
0.5	0.05	0.95	0.5	0.02	0.27	0.27	1	0.05	0.01	0.01	0.05	0.02	0.01	0.02	0.12	0.05	0.02	0.02	0.05	0.45625	0.285	0.295	0.36875	0.1275	0.365	0.54625	0.16125	0.415	0.30875	0.495	0.26125	0.31125	0.23625	0.2175	0.30625	0.15875	0.1425	0.205	0.31125	-0.4	-1.73333	-2.44	-1.7	-1.3	0.7986	0.456333	0.54814	0.452186	0.386189
0.27	0.05	0.02	0.02	0.12	0.05	0.02	0.05	0.5	0.99	0.88	0.05	0.5	0.5	0.02	0.12	0.12	0.05	0.5	0.88	0.42375	0.28875	0.415	0.4325	0.14375	0.40125	0.5775	0.2325	0.46625	0.1675	0.33	0.26125	0.28	0.2875	0.2175	0.36375	0.15	0.2275	0.26375	0.22625	-1.3	-1.73333	-0.98	-1.42857	-1.18889	0.1568	0.538467	0.42044	0.446043	0.421433
0.5	0.5	0.5	0.98	0.27	0.5	0.73	0.27	0.88	0.12	0.05	0.5	0.05	0.5	0.5	0.27	0.27	0.27	0.12	0.12	0.47125	0.185	0.3825	0.34125	0.12875	0.37375	0.4275	0.26125	0.3625	0.2725	0.33875	0.205	0.3275	0.28375	0.21375	0.435	0.15875	0.2	0.22625	0.3125	-3.5	-0.333333	-0.6	-0.528571	-0.888889	0.66	0.296667	0.3994	0.389971	0.422689
0.12	0.02	0.01	0.01	0.05	0.02	0.02	0.01	0.12	0.95	0.98	0.02	0.88	0.73	0.02	0.02	0.05	0.73	0.12	0.88	0.4625	0.12625	0.35375	0.3525	0.27875	0.34375	0.3975	0.26125	0.425	0.16875	0.21875	0.175	0.22	0.25375	0.26875	0.40625	0.155	0.14125	0.22125	0.21375	3.8	-0.433333	0.04	-0.142857	-0.222222	0.0732	0.3472	0.30352	0.3827	0.367622
0.12	0.12	0.05	0.27	0.02	0.12	0.88	0.02	0.05	0.02	0.12	0.12	0.27	0.02	1	0.5	0.27	0.01	0.02	0.05	0.38625	0.22375	0.26	0.30125	0.2825	0.30375	0.30875	0.3075	0.37375	0.28125	0.32625	0.19125	0.315	0.3425	0.14625	0.29875	0.11875	0.23125	0.23375	0.28625	-1.6	1.66667	0.14	0.271429	-0.333333	0.3084	0.2336	0.3447	0.299486	0.363067
0.5	0.05	0.05	0.05	0.73	0.12	0.05	0.12	0.88	0.12	0.5	0.05	0.73	0.95	0.05	0.73	0.12	0.73	1	0.27	0.395	0.24125	0.175	0.3	0.1975	0.38	0.48875	0.26125	0.32625	0.27375	0.28375	0.25625	0.28875	0.2275	0.2775	0.34625	0.165	0.14125	0.115	0.2675	2.8	0.133333	1.34	-0.185714	-0.0888889	0.3192	0.3301	0.25592	0.330314	0.326478
0.88	0.12	0.27	0.73	0.05	0.73	0.5	0.5	0.05	0.02	0.12	0.12	0.05	0.02	0.5	0.99	0.27	0.02	0.05	0.05	0.37625	0.2275	0.15125	0.215	0.26875	0.3	0.4325	0.3325	0.37	0.1625	0.22125	0.24375	0.3125	0.28125	0.22125	0.36125	0.13375	0.225	0.1725	0.18625	-0.8	1.5	-0.32	0.571429	0.0111111	0.3627	0.299333	0.3158	0.303071	0.316967
0.05	0	0.01	0	1	0.01	0	0.01	0.01	0.02	0.02	0.01	0.02	0.01	0.01	0.02	0.02	0.01	0.01	0.02	0.53625	0.21375	0.13625	0.19875	0.13125	0.39	0.4375	0.4225	0.3275	0.23875	0.2425	0.21	0.325	0.235	0.235	0.55875	0.2225	0.19875	0.25375	0.26625	2.5	-0.933333	0.36	-0.0285714	0.6	0.2161	0.317133	0.34798	0.302786	0.294111
0.27	1	0.27	0.12	0.02	0.73	0.88	0.5	0.5	0.02	0.05	0.73	0.27	0.02	0.05	0.12	0.05	0.02	0.05	0.02	0.49625	0.08625	0.1025	0.1825	0.3725	0.2975	0.325	0.36	0.25125	0.1225	0.1175	0.1175	0.185	0.1425	0.2275	0.54625	0.215	0.10625	0.23375	0.15875	-4.5	-0.0666667	-0.28	0.457143	0.455556	0.3726	0.352667	0.29838	0.323629	0.314567
0.95	0.12	0.27	0.27	0.05	0.88	0.88	0.73	0.5	0.05	0.05	0.5	0.27	0.02	0.12	0.73	0.27	0.02	0.05	0.12	0.4875	0.1875	0.11125	0.13625	0.3725	0.2975	0.22125	0.4525	0.25125	0.1175	0.10375	0.19375	0.15375	0.14125	0.1	0.52625	0.21625	0.1075	0.23375	0.1425	1.8	-1.03333	0.24	0.414286	0.544444	0.4693	0.304367	0.3167	0.314786	0.305156
0.5	0.01	0.05	0.02	0.01	0.02	0.02	1	0.02	0	0	0.02	0.01	0	0.02	0.5	0.02	0.01	0.01	0.01	0.54375	0.20125	0.195	0.1675	0.32	0.48125	0.3375	0.41	0.2075	0.1425	0.05375	0.2625	0.12875	0.0275	0.1125	0.58625	0.35625	0.02	0.11625	0.15625	-0.4	1.06667	0.24	0.414286	0.155556	0.0712	0.3316	0.32494	0.294929	0.3103
0.95	0.27	0.12	0.12	0.12	0.5	0.27	0.5	0.5	0.73	0.12	0.12	0.12	0.12	0.12	0.88	0.73	0.05	0.73	0.73	0.38	0.15375	0.1525	0.06375	0.425	0.33	0.24375	0.41	0.14125	0.05125	0.025	0.235	0.11	0.01	0.0375	0.4175	0.23625	0.0125	0.02	0.0625	1.8	1.3	0.98	-0.0428571	0.522222	0.4543	0.260933	0.29516	0.316271	0.275578
0.02	0	0	0	1	0	0	0	0	0.02	0.01	0	0.01	0	0	0.02	0.02	0	0	0.02	0.60875	0.2975	0.18125	0.09375	0.22375	0.45375	0.34	0.48625	0.3125	0.17125	0.07	0.3675	0.18375	0.03	0.0575	0.55625	0.35625	0.02	0.11625	0.1825	2.5	1.16667	0.48	0.957143	0.444444	0.2573	0.311767	0.2744	0.270214	0.273367
0.73	0.05	0.12	0.05	0.05	0.27	0.05	0.99	0.05	0.01	0.01	0.5	0.02	0.01	0.05	0.95	0.5	0.02	0.02	0.02	0.5775	0.16875	0.13875	0.07875	0.46375	0.335	0.23	0.41875	0.24625	0.2325	0.07875	0.22	0.16375	0.04125	0.05125	0.45875	0.4	0.0175	0.1225	0.29	-0.8	0.333333	1.06	0.957143	0.9	0.2237	0.282167	0.2702	0.2312	0.235844
0.5	0.05	0.5	0.05	0.27	0.73	0.12	0.05	0.05	0.27	0.05	0.12	0.27	0.02	0.05	0.98	0.99	0.02	0.02	0.27	0.52125	0.2725	0.09125	0.1075	0.43625	0.25875	0.17375	0.45125	0.24625	0.25625	0.10125	0.32375	0.1325	0.07125	0.07	0.42625	0.3675	0.0175	0.13125	0.25875	-0.7	0.333333	1.06	0.957143	0.266667	0.3655	0.213133	0.21858	0.226014	0.207644
0.02	0	0	0	1	0	0	0	0	0.02	0.01	0	0.01	0	0	0.02	0.02	0	0	0.02	0.53375	0.28	0.15	0.1125	0.46625	0.35	0.18875	0.33375	0.25125	0.40625	0.21625	0.3425	0.22625	0.08875	0.07625	0.49	0.54875	0.02125	0.13875	0.41125	2.5	1.2	0.48	0.142857	0.733333	0.0502	0.203967	0.1741	0.1919	0.2093
0.95	0.88	0.12	0.12	0.27	0.5	0.5	0.12	0.88	0.27	0.27	0.95	0.5	0.05	0.05	0.27	0.27	0.02	0.05	0.27	0.3325	0.19875	0.12625	0.08875	0.6525	0.24	0.155	0.25875	0.085	0.39375	0.27875	0.27125	0.24125	0.0825	0.06125	0.3825	0.5175	0.01875	0.05625	0.4075	1.8	1.3	-0.14	0.328571	1	0.1962	0.0937667	0.17246	0.167443	0.203756
0.73	0.02	0.05	0.05	0.99	0.05	0.05	0.95	0.02	0.5	0.12	0.05	0.12	0.12	0.05	0.27	0.88	0.02	0.12	0.88	0.44875	0.34	0.16875	0.2075	0.44375	0.33	0.33	0.17	0.3025	0.365	0.29875	0.475	0.29375	0.07625	0.07625	0.49875	0.50125	0.02125	0.05375	0.335	-0.4	-0.833333	0.76	1.04286	0.633333	0.0349	0.148867	0.11658	0.193257	0.231833
0.27	0.95	0.27	0.5	0.05	0.73	0.5	0.05	0.5	0.5	0.27	0.95	0.27	0.27	0.27	0.5	0.5	0.02	0.12	0.12	0.43	0.22	0.1325	0.17875	0.55625	0.21375	0.27	0.28375	0.23875	0.365	0.28	0.3025	0.275	0.0575	0.045	0.36625	0.50125	0.02	0.0525	0.46125	-3.9	-0.166667	1.1	1.02857	0.677778	0.2155	0.112167	0.18742	0.2139	0.247722
0.12	0.02	0.02	0.01	0.98	0.02	0.02	0.01	0.01	0.95	0.88	0.05	0.5	0.12	0.02	0.05	0.5	0.02	0.05	0.98	0.42	0.3925	0.1925	0.325	0.4125	0.27375	0.43375	0.28875	0.385	0.30875	0.20375	0.4625	0.2275	0.1075	0.085	0.39125	0.46875	0.02	0.07375	0.335	3.8	1.36667	0.58	0.614286	0.677778	0.0861	0.235333	0.25018	0.259114	0.257378
0.27	0.5	0.05	0.05	0.88	0.12	0.5	0.02	0.05	0.88	0.88	0.5	0.73	0.12	0.05	0.27	0.73	0.05	0.12	0.95	0.4325	0.335	0.19125	0.335	0.30625	0.2675	0.4075	0.29	0.38625	0.425	0.265	0.4125	0.28875	0.14125	0.19125	0.3675	0.4525	0.0225	0.18375	0.46	4.2	2.4	0.58	0.257143	0.866667	0.4044	0.3335	0.31654	0.295714	0.258933
0.73	0.27	0.27	0.88	0.05	0.27	0.95	0.12	0.88	0.02	0.02	0.73	0.05	0.02	0.12	0.95	0.5	0.02	0.05	0.05	0.29	0.26875	0.25875	0.34125	0.37875	0.24875	0.38	0.26875	0.235	0.50125	0.3725	0.28	0.3175	0.15	0.21	0.31125	0.48125	0.02625	0.24875	0.54125	-0.8	1	1.22	0.914286	0.277778	0.51	0.427033	0.36392	0.2999	0.2834
0.12	0.02	0.05	0.27	0.01	0.02	0.02	1	0.02	0.01	0.01	0.02	0.02	0.01	0.02	0.12	0.12	0.01	0.01	0.27	0.29	0.3125	0.3425	0.445	0.2625	0.39625	0.58125	0.04625	0.4625	0.455	0.42125	0.39625	0.41625	0.1425	0.3075	0.44375	0.43375	0.0875	0.30125	0.4375	-0.4	-0.633333	1.3	0.971429	-0.0666667	0.3667	0.443033	0.35954	0.3286	0.299089
0.27	0.5	0.73	0.73	0.05	0.5	0.95	0.05	0.73	0.27	0.05	0.5	0.12	0.27	0.12	0.73	0.73	0.02	0.12	0.12	0.27125	0.225	0.28625	0.41625	0.2575	0.27875	0.465	0.22125	0.345	0.39375	0.3975	0.30875	0.385	0.09125	0.37125	0.42375	0.38625	0.09	0.30625	0.45625	-0.7	1.03333	-0.24	-0.0714286	0.277778	0.4524	0.294433	0.36194	0.341457	0.335478
0.27	0.02	0.02	0.12	0.05	0.05	0.27	0.02	0.05	0.88	0.5	0.05	0.73	0.27	0.88	0.05	0.12	0.05	0.95	0.99	0.27125	0.2975	0.435	0.615	0.1375	0.3475	0.66625	0.28625	0.44375	0.205	0.2375	0.3925	0.26125	0.07875	0.3075	0.53625	0.415	0.14625	0.25875	0.23125	4.2	0	-0.78	-0.785714	-0.533333	0.0642	0.311	0.29516	0.361257	0.389844
0.27	0.12	0.88	1	0.02	0.5	0.73	0.05	0.5	0.02	0.27	0.12	0.05	0.02	0.27	0.5	0.27	0.02	0.5	0.02	0.3	0.31375	0.4125	0.51375	0.065	0.395	0.6375	0.37125	0.415	0.2175	0.17125	0.38375	0.3175	0.11	0.44	0.50875	0.33875	0.235	0.39125	0.2675	-3.5	-0.933333	-0.86	-1.17143	-1.38889	0.4164	0.2189	0.33042	0.3706	0.380133
0.12	0.12	0.5	0.27	0.02	0.98	0.73	0.05	0.98	0.12	0.5	0.27	0.88	0.05	0.73	0.5	0.12	0.5	0.5	0.27	0.26125	0.28625	0.48875	0.605	0.065	0.36375	0.58125	0.37125	0.27875	0.23625	0.155	0.28875	0.29875	0.195	0.43	0.50875	0.3575	0.17875	0.4475	0.2925	-3.5	-2.6	-1.42	-1.61429	-1.38889	0.1761	0.3785	0.35502	0.3635	0.404889
0.27	0.73	0.5	0.73	0.05	0.27	0.5	0.5	0.27	0.27	0.12	0.73	0.12	0.12	0.88	0.95	0.73	0.05	0.27	0.12	0.3375	0.21375	0.4975	0.51625	0.06625	0.45625	0.64125	0.22375	0.4275	0.25	0.2925	0.235	0.45375	0.30875	0.4425	0.4525	0.32875	0.24875	0.56625	0.31125	-0.8	-2.6	-2.96	-1.62857	-1.03333	0.543	0.4315	0.40558	0.403557	0.404267
0.12	0.12	0.5	0.99	0.02	0.12	0.95	0.5	0.12	0.05	0.05	0.27	0.12	0.02	0.27	0.27	0.12	0.5	0.5	0.05	0.32875	0.26125	0.40875	0.395	0.07	0.4275	0.48125	0.2325	0.3575	0.30625	0.4175	0.245	0.53	0.37875	0.51875	0.48	0.37625	0.19625	0.5375	0.3675	-3.5	-2.6	-2.42	-1.82857	-0.533333	0.5754	0.478467	0.46886	0.445971	0.374378
0.5	0.73	0.73	0.12	0.27	0.95	0.73	0.73	0.27	0.12	0.12	0.5	0.5	0.12	0.5	0.5	0.27	0.73	0.73	0.27	0.2625	0.21625	0.41125	0.61125	0.035	0.38	0.585	0.235	0.3475	0.2025	0.34875	0.24375	0.425	0.335	0.49	0.53625	0.43375	0.1625	0.3925	0.2225	-3.5	-2.6	-1.16	-0.785714	-1.38889	0.317	0.541733	0.50586	0.412686	0.420022
0.27	0.05	0.5	0.88	0.05	0.5	0.5	0.12	0.27	0.27	0.12	0.12	0.73	0.73	0.5	0.95	0.5	0.05	0.5	0.5	0.32	0.32	0.36375	0.515	0.0625	0.43625	0.64125	0.33875	0.3	0.18375	0.3175	0.3675	0.3925	0.2575	0.56625	0.45125	0.38625	0.24625	0.36125	0.19375	-0.8	-0.5	-0.24	-0.785714	-1.38889	0.7328	0.4703	0.43394	0.455386	0.4468
0.88	0.05	0.12	0.02	0.05	0.05	0.27	0.27	0.5	0.27	0.73	0.05	0.5	0.99	0.27	0.12	0.5	0.12	0.73	0.27	0.29125	0.39625	0.41125	0.71125	0.06125	0.48	0.70125	0.3475	0.16375	0.175	0.18	0.37625	0.31375	0.22	0.56625	0.52625	0.3775	0.17625	0.2725	0.19125	2.8	1.93333	-0.24	-1.17143	-1.38889	0.3611	0.425767	0.41386	0.471729	0.506367
0.05	0.27	0.02	0.02	0.05	0.12	0.12	0.12	0.02	0.5	0.98	0.12	0.73	0.73	0.12	0.27	0.5	0.05	0.12	0.5	0.37625	0.3875	0.42375	0.71125	0.0575	0.56125	0.77625	0.30625	0.28125	0.11875	0.1675	0.33875	0.3325	0.2525	0.50875	0.4225	0.32	0.18125	0.32125	0.15375	3.8	1.03333	-0.24	-1.17143	-1.68889	0.1834	0.339833	0.48194	0.491271	0.496378
0.12	0.27	0.27	0.98	0.02	0.5	0.88	0.27	0.12	0.12	0.02	0.27	0.27	0.02	0.88	0.73	0.73	0.01	0.02	0.05	0.44375	0.40625	0.345	0.50125	0.15	0.5325	0.625	0.25875	0.31625	0.27	0.39125	0.30125	0.49375	0.40125	0.38625	0.34625	0.31	0.13	0.305	0.26625	-3.5	-1.06667	-0.78	-1.17143	-0.8	0.475	0.4386	0.47782	0.510714	0.461489
0.5	0.27	0.27	0.99	0.02	0.5	0.95	0.27	0.12	0.02	0.02	0.73	0.02	0.01	0.88	0.27	0.12	0.01	0.02	0.02	0.425	0.3775	0.2875	0.60375	0.1225	0.505	0.64375	0.23	0.2975	0.27375	0.39125	0.2725	0.46875	0.39	0.33875	0.40375	0.38625	0.04125	0.22	0.2425	-3.5	-3.5	-2.04	-0.414286	-0.8	0.6574	0.614867	0.49622	0.443371	0.495556
0.5	0.73	0.5	0.98	0.01	0.88	0.98	0.27	0.12	0.05	0.01	0.27	0.02	0.01	0.5	0.27	0.05	0.01	0.02	0.02	0.45375	0.3475	0.2875	0.58625	0.12	0.51375	0.69625	0.2775	0.27875	0.23875	0.38	0.43375	0.38375	0.30125	0.415	0.3475	0.3475	0.0375	0.16375	0.18625	-3.5	-3.5	-1.9	-1.31429	-0.511111	0.7122	0.607567	0.51182	0.480871	0.474644
0.12	0.88	0.5	0.73	0.02	0.99	0.95	0.02	0.73	0.05	0.27	0.5	0.5	0.12	0.27	0.27	0.27	0.02	0.05	0.05	0.45375	0.41375	0.36375	0.70625	0.115	0.5275	0.7	0.39875	0.17375	0.20625	0.2575	0.46125	0.26375	0.16625	0.41625	0.36625	0.29125	0.02375	0.07125	0.15125	-3.5	-0.833333	-1.9	-1.6	-0.866667	0.4531	0.475567	0.54154	0.532471	0.474733
0.73	0.27	0.12	0.27	0.73	0.27	0.5	0.27	0.5	0.88	0.88	0.12	0.95	0.5	0.05	0.12	0.27	0.05	0.27	0.5	0.38625	0.49	0.4425	0.8525	0.0225	0.69375	0.775	0.3675	0.215	0.055	0.0925	0.55625	0.15	0.14625	0.43125	0.385	0.29125	0.13875	0.15125	0.03875	4.5	-0.833333	-0.84	-1.15714	-1.43333	0.2614	0.446033	0.51898	0.516314	0.477644
0.73	0.5	0.27	0.95	0.05	0.73	0.95	0.5	0.12	0.05	0.12	0.73	0.05	0.02	0.12	0.5	0.27	0.02	0.05	0.05	0.38625	0.54625	0.3925	0.64625	0.13875	0.58	0.61125	0.30625	0.25	0.2625	0.21875	0.4525	0.35125	0.295	0.315	0.2525	0.215	0.14375	0.1825	0.21125	-3.5	0.933333	-0.22	-0.842857	-0.577778	0.6236	0.476533	0.44892	0.452343	0.433211
0.5	0.27	0.73	0.73	0.02	0.95	0.95	0.5	0.12	0.02	0.02	0.95	0.05	0.02	0.73	0.5	0.12	0.02	0.05	0.05	0.355	0.54375	0.3025	0.55	0.1425	0.505	0.49375	0.2725	0.23625	0.2975	0.35375	0.335	0.4675	0.35625	0.13	0.22125	0.28125	0.145	0.18625	0.2425	1.8	-0.7	0.22	0.257143	0.233333	0.5446	0.510033	0.40022	0.361329	0.363322
0.5	0.73	0.73	0.73	0.02	0.27	0.27	0.99	0.27	0.01	0.01	0.5	0.02	0.02	0.05	0.27	0.27	0.02	0.02	0.02	0.38375	0.40125	0.255	0.43375	0.20375	0.48625	0.4625	0.21125	0.20875	0.355	0.41625	0.36375	0.48375	0.36125	0.27125	0.32625	0.37875	0.14625	0.19375	0.2775	-0.4	0.0333333	0.16	1.3	0.544444	0.3619	0.372033	0.36296	0.300657	0.2866
0.12	0.27	0.27	0.73	0.02	0.73	0.27	0.12	0.12	0.12	0.27	0.5	0.27	0.95	0.02	0.27	0.5	1	0.98	0.05	0.41875	0.34875	0.25	0.3425	0.32625	0.305	0.34375	0.3175	0.13625	0.33625	0.35125	0.30125	0.39125	0.23	0.24125	0.295	0.31875	0.02125	0.0675	0.27	-1.3	0.833333	1.62	0.557143	1.21111	0.2096	0.215533	0.24392	0.266414	0.244433
0.12	0.95	0.02	0.01	0.27	0.05	0.02	0.01	0.02	0.95	0.27	0.05	0.98	0.73	0.02	0.05	0.12	0.02	0.05	0.98	0.3425	0.2925	0.2725	0.40125	0.32875	0.48	0.3275	0.30375	0.12	0.21375	0.2475	0.3575	0.19875	0.1975	0.2375	0.34125	0.3475	0.13875	0.1525	0.21	4.2	2.23333	1.12	1.41429	1.17778	0.0751	0.104367	0.13934	0.187843	0.240322
0.02	0.02	0.01	0	0.02	0.12	0.01	0	0.01	0.27	1	0.01	0.95	0.5	0.01	0.02	0.5	0.02	0.05	0.27	0.38625	0.34875	0.24625	0.28625	0.47875	0.38625	0.21625	0.2575	0.10875	0.29875	0.1475	0.2775	0.25875	0.22625	0.23	0.40125	0.37625	0.1375	0.14875	0.32625	3.8	2.43333	1.7	1.75714	1.76667	0.0284	0.0417333	0.08168	0.1421	0.173389
0.73	0.05	0.12	0.05	0.5	0.05	0.05	0.27	0.05	0.5	0.5	0.05	0.12	0.05	0.95	0.88	0.98	0.02	0.05	0.27	0.26875	0.43375	0.1475	0.19125	0.41875	0.31	0.1075	0.16375	0.18	0.33	0.2225	0.26375	0.37125	0.3425	0.03625	0.265	0.36375	0.15	0.26625	0.3825	-0.7	1.86667	2.8	2.07143	1.42222	0.0217	0.0412333	0.08464	0.0934286	0.138089
0.02	0	0	0	1	0	0	0	0	0.01	0.01	0	0.01	0	0	0.02	0.02	0	0	0.02	0.41375	0.35125	0.07375	0.10875	0.41625	0.28875	0.08625	0.08875	0.155	0.42375	0.31625	0.21375	0.38875	0.3475	0.27375	0.35375	0.45625	0.15125	0.2725	0.5025	2.5	2	2.32	2.07143	1.28889	0.0736	0.106567	0.07386	0.0959	0.107244
0.12	0.5	0.05	0.02	1	0.99	0.12	0.05	0.27	0.73	0.05	0.12	0.12	0.02	0.02	0.27	0.12	0.01	0.02	0.95	0.42	0.365	0.0675	0.04875	0.42	0.18375	0.12875	0.07375	0.12125	0.325	0.31125	0.25875	0.35625	0.22875	0.275	0.35125	0.49125	0.0275	0.15375	0.41375	4.2	2.83333	1.3	1.24286	1.35556	0.2244	0.1064	0.11356	0.0972143	0.141567
0.98	0.02	0.05	0.02	1	0.05	0.05	0.12	0.02	0.05	0.05	0.05	0.5	0.02	0.05	0.95	0.88	0.01	0.02	0.27	0.36	0.3125	0.09875	0.0625	0.3925	0.3575	0.1975	0.17375	0.26	0.29375	0.28375	0.27625	0.1925	0.14	0.275	0.38375	0.4725	0.02625	0.15	0.37875	1.8	1.56667	1.12	0.6	0.8	0.0212	0.1575	0.12608	0.167229	0.164644
0.27	0.98	0.05	0.02	0.02	0.27	0.12	0.02	0.73	0.5	0.12	0.88	0.12	0.5	0.12	0.27	0.5	0.12	0.99	0.5	0.48	0.1925	0.2075	0.1875	0.5125	0.32125	0.22125	0.18875	0.17625	0.20375	0.15	0.18625	0.1225	0.0175	0.28	0.5	0.46375	0.01	0.02375	0.3175	-1.3	-0.366667	0.48	0.585714	-0.0111111	0.2269	0.1108	0.21506	0.204529	0.208378
0.95	0.02	0.02	0.02	0.5	0.05	0.05	0.12	0.02	0.27	0.27	0.05	0.05	0.01	1	0.12	0.05	0.01	0.02	0.73	0.31875	0.30875	0.19875	0.1825	0.515	0.345	0.23	0.1575	0.26125	0.28	0.17875	0.28625	0.235	0.0875	0.05375	0.42375	0.4125	0.02375	0.145	0.365	-1.6	-1.2	-0.52	-0.271429	0.533333	0.0843	0.276567	0.22674	0.2543	0.227133
0.27	0.88	0.27	0.27	0.05	0.88	0.73	0.05	0.12	0.05	0.27	0.98	0.12	0.02	0.05	0.5	0.88	0.02	0.05	0.27	0.435	0.26375	0.1825	0.16625	0.50875	0.275	0.23625	0.16875	0.31125	0.36875	0.24	0.2325	0.25875	0.0925	0.17875	0.4075	0.425	0.025	0.1475	0.53875	-0.7	-1.03333	-1.58	-0.271429	0.722222	0.5185	0.2952	0.3069	0.249457	0.244444
0.5	0.05	0.27	0.12	0.05	0.5	0.5	0.88	0.88	0.02	0.05	0.12	0.05	0.02	0.05	0.99	0.73	0.01	0.02	0.02	0.3975	0.30625	0.1775	0.18375	0.39	0.20125	0.265	0.05875	0.18375	0.40625	0.37125	0.3275	0.28625	0.12375	0.1775	0.315	0.44375	0.0275	0.155	0.57	-0.8	-1.66667	-0.48	0.0714286	0.755556	0.2828	0.407767	0.29962	0.2792	0.220567
0.27	0.02	0.88	1	0	0.05	0.27	0.02	0.05	0	0	0.12	0.01	0	0.12	0.27	0.05	0	0.01	0.01	0.31875	0.39875	0.1575	0.1625	0.27375	0.3425	0.41125	0.1575	0.395	0.40875	0.405	0.43125	0.2625	0.12625	0.16875	0.32	0.43375	0.03	0.1875	0.57125	-3.5	-0.0333333	0.68	0.9	0.166667	0.422	0.298433	0.32864	0.248143	0.244633
0.12	0.02	0.02	0.01	1	0.02	0.05	0.12	0.02	0.88	0.88	0.02	0.95	0.12	0.02	0.12	0.12	0.02	0.05	0.88	0.36625	0.2825	0.265	0.28625	0.16125	0.31875	0.43	0.145	0.31	0.35875	0.31375	0.34	0.16375	0.055	0.1725	0.33875	0.48625	0.015	0.065	0.51875	4.2	1.63333	1.72	0.628571	0.233333	0.1905	0.280633	0.22684	0.270071	0.226822
0.27	0.5	0.12	0.12	0.5	0.27	0.73	0.02	0.5	0.5	0.5	0.5	0.27	0.05	0.05	0.27	0.95	0.02	0.05	0.95	0.2625	0.235	0.3125	0.3325	0.1625	0.34375	0.35375	0.145	0.3725	0.37375	0.33	0.28875	0.24875	0.06875	0.1675	0.32	0.3825	0.01625	0.1725	0.42125	4.2	4.3	1.18	0.628571	0.0555556	0.2294	0.143133	0.21784	0.205514	0.262144
0.05	0.01	0.01	0.01	0.05	0.02	0.12	0	0.01	1	0.88	0.02	0.27	0.27	0.01	0.02	0.12	0.02	0.05	0.95	0.31875	0.2775	0.32625	0.40375	0.2275	0.38375	0.44875	0.15625	0.4525	0.32	0.255	0.34875	0.24875	0.045	0.22875	0.3225	0.41	0.02	0.2	0.45	4.5	1.73333	1.74	0.285714	-0.3	0.0095	0.1589	0.14676	0.222571	0.222267
0.12	0.73	0.5	0.73	0.02	0.73	0.99	0.05	0.88	0.05	0.27	0.88	0.27	0.02	0.05	0.27	0.12	0.02	0.27	0.27	0.31	0.215	0.265	0.39	0.2275	0.3425	0.4025	0.04625	0.2675	0.43875	0.3275	0.26	0.24875	0.07625	0.2325	0.23	0.33375	0.02125	0.20375	0.535	-3.5	0.1	0.26	0.228571	-0.6	0.2378	0.104633	0.1891	0.185086	0.2296
0.5	0.05	0.05	0.02	0.12	0.05	0.05	0.02	0.02	0.98	0.27	0.05	0.27	0.05	0.05	0.27	0.99	0.02	0.05	0.95	0.29125	0.3125	0.27375	0.47625	0.22125	0.5125	0.60875	0.0625	0.4025	0.325	0.33	0.3825	0.25375	0.075	0.28	0.2875	0.2525	0.02375	0.23625	0.455	-0.7	-2.46667	-1.36	-0.871429	-0.6	0.0666	0.235533	0.17514	0.2077	0.267733
0.27	0.12	0.5	0.5	0.01	0.5	0.12	0.02	1	0.01	0.02	0.12	0.05	0.05	0.99	0.12	0.05	0.02	0.88	0.02	0.3675	0.335	0.2775	0.5375	0.1125	0.51625	0.7175	0.0625	0.31125	0.33875	0.25375	0.4625	0.16875	0.0625	0.175	0.35375	0.37	0.02375	0.16	0.4675	-3.2	-2.6	-2.96	-1.97143	-1.45556	0.4022	0.209467	0.243	0.284243	0.299456
0.5	0.73	0.27	0.73	0.12	0.95	0.88	0.12	0.27	0.12	0.05	0.98	0.12	0.05	0.5	0.27	0.27	0.05	0.27	0.5	0.32	0.2025	0.29375	0.49625	0.05125	0.4325	0.53375	0.05	0.3425	0.38125	0.31	0.29875	0.23625	0.09	0.2325	0.3075	0.23875	0.02375	0.245	0.39875	-3.9	-3.53333	-2.96	-3.11429	-1.5	0.1596	0.303533	0.34848	0.350886	0.333333
0.5	0.27	0.27	0.73	0.02	0.88	1	0.05	0.27	0.02	0.02	0.27	0.05	0.02	0.12	0.5	0.12	0.02	0.27	0.02	0.32	0.265	0.29875	0.4975	0.06375	0.45375	0.51	0.06125	0.4325	0.28375	0.2375	0.39125	0.245	0.1825	0.28125	0.29125	0.2575	0.135	0.36375	0.355	-3.5	-3.63333	-3.52	-2.07143	-2.14444	0.3488	0.424533	0.43036	0.393243	0.409267
