0.5	0.88	0.27	0.27	0.05	0.73	0.73	0.12	0.27	0.12	0.12	0.95	0.12	0.05	0.5	0.73	0.95	0.05	0.12	0.12	0.47125	0.50625	0.49	0.5975	0.08625	0.69	0.6475	0.29125	0.4375	0.095	0.1625	0.60375	0.2025	0.14875	0.29125	0.58875	0.5375	0.1625	0.2025	0.14625	1.8	-2	-1.48	-1.3	-1.47778	0.5363	0.538667	0.55984	0.570086	0.676189
0.27	0.27	0.5	0.95	0.05	0.5	0.5	0.5	0.5	0.05	0.05	0.73	0.27	0.05	0.12	0.88	0.88	0.95	0.12	0.05	0.47125	0.65875	0.41375	0.49375	0.05875	0.7475	0.67625	0.21625	0.40875	0.18	0.25625	0.68875	0.23125	0.1575	0.415	0.48125	0.49	0.05	0.2025	0.23125	-3.9	-1.76667	-1.48	-1.3	-0.933333	0.5672	0.536433	0.49814	0.587771	0.576344
0.27	0.27	0.88	0.73	0.02	0.88	0.73	0.05	1	0.02	0.02	0.5	0.05	0.05	0.27	0.12	0.12	0.02	0.27	0.27	0.47125	0.54625	0.31875	0.52125	0.0625	0.59625	0.57125	0.26375	0.26125	0.1925	0.26	0.64125	0.25	0.15375	0.41125	0.57625	0.67375	0.16125	0.17125	0.26	-3.2	-1.76667	-1.4	-0.957143	-0.722222	0.5058	0.480633	0.5849	0.526743	0.512567
0.73	0.27	0.27	0.73	0.12	0.73	0.73	0.27	0.27	0.27	0.5	0.5	0.5	0.88	0.12	0.73	0.5	0.12	0.73	0.27	0.36625	0.5375	0.395	0.52125	0.05	0.58625	0.495	0.20875	0.325	0.25625	0.27625	0.58375	0.19375	0.05875	0.37375	0.4425	0.56875	0.145	0.11375	0.345	1.8	-1.63333	-0.92	-0.628571	-0.455556	0.3689	0.607	0.52768	0.489029	0.478156
0.12	0.12	0.73	0.98	0.01	0.73	0.99	0.73	0.12	0.01	0.01	0.27	0.02	0.01	0.05	0.27	0.12	0.01	0.02	0.02	0.47125	0.5	0.4275	0.5375	0.06375	0.58625	0.4625	0.17	0.34375	0.27625	0.2775	0.55625	0.22625	0.16375	0.40125	0.52875	0.635	0.155	0.19375	0.3675	-3.5	0.833333	-0.46	-0.285714	-0.411111	0.9463	0.5218	0.46394	0.464943	0.465844
0.5	0.88	0.12	0.12	0.05	0.5	0.27	0.05	0.12	0.73	0.73	0.73	0.5	0.12	0.88	0.27	0.5	0.05	0.12	0.73	0.37625	0.38625	0.47625	0.6175	0.0675	0.5575	0.4675	0.2425	0.40125	0.28125	0.29125	0.41375	0.21375	0.15875	0.26875	0.47125	0.57875	0.15	0.18125	0.37375	4.2	-0.3	1.02	-0.228571	-0.188889	0.2502	0.481667	0.43632	0.4413	0.441967
0.27	0.05	0.12	0.73	0.05	0.12	0.12	0.05	0.27	0.12	0.05	0.27	0.05	0.02	1	0.5	0.98	0.01	0.02	0.5	0.4625	0.47125	0.42	0.425	0.0675	0.605	0.43875	0.1825	0.3825	0.36625	0.4325	0.41375	0.29875	0.28375	0.24125	0.36625	0.47125	0.07	0.30375	0.41125	-1.6	2.26667	-0.04	0.771429	0.1	0.2485	0.2888	0.44288	0.414957	0.397811
0.5	0.88	0.27	0.27	0.12	0.5	0.12	0.05	0.05	0.88	0.73	0.27	0.27	0.12	0.05	0.27	0.27	0.02	0.12	0.95	0.4625	0.4525	0.3825	0.50125	0.09	0.51	0.41	0.21	0.3	0.28375	0.4075	0.4425	0.3275	0.27125	0.36	0.4425	0.6075	0.06875	0.26375	0.33625	4.2	-0.3	1.42	0.328571	-0.0444444	0.3677	0.3393	0.3179	0.386514	0.399733
0.73	0.5	0.99	0.5	0.05	0.73	0.5	0.27	0.27	0.02	0.02	0.5	0.05	0.02	0.27	0.73	0.88	0.02	0.05	0.05	0.34875	0.5	0.2925	0.3875	0.085	0.5	0.305	0.16375	0.24125	0.44875	0.44875	0.46125	0.29875	0.175	0.4425	0.3	0.48375	0.055	0.18375	0.42125	-3.5	1.5	0.32	0.185714	-0.422222	0.4017	0.3636	0.30182	0.326057	0.410544
0.12	0.73	0.05	0.05	0.12	0.27	0.05	0.02	0.73	0.88	0.95	0.27	0.5	0.12	0.27	0.27	0.88	0.05	0.12	0.88	0.4725	0.5475	0.42875	0.38375	0.16625	0.52875	0.3475	0.11	0.18375	0.37375	0.365	0.56625	0.33125	0.1675	0.4425	0.38625	0.5025	0.05625	0.20625	0.40625	3.8	-0.333333	-0.26	-0.642857	-0.422222	0.3214	0.297633	0.35674	0.356914	0.397222
0.73	0.12	0.05	0.02	0.05	0.5	0.12	0.02	0.5	0.12	0.5	0.27	0.5	0.95	0.02	0.27	0.5	0.27	1	0.12	0.425	0.605	0.505	0.435	0.17125	0.5	0.4275	0.11	0.2125	0.3925	0.345	0.56625	0.275	0.05125	0.3975	0.415	0.55	0.025	0.0875	0.44375	-1.3	-0.666667	-1.42	-0.914286	-0.688889	0.1698	0.3381	0.37644	0.439471	0.423967
0.5	0.95	0.73	0.88	0.27	0.5	0.5	0.27	0.12	0.12	0.5	0.73	0.5	0.05	0.27	0.5	0.5	0.02	0.05	0.12	0.45375	0.51	0.4675	0.27	0.14	0.51875	0.39875	0.07875	0.2325	0.44	0.3725	0.56625	0.3025	0.1675	0.365	0.38625	0.51875	0.1175	0.2375	0.415	-4.5	-2.46667	-1.42	-1.25714	-0.688889	0.5231	0.386367	0.46138	0.457071	0.424211
0.05	0.27	0.27	0.05	0.01	0.88	0.27	0.12	0.02	0.73	0.12	0.88	0.05	0.01	1	0.05	0.12	0.01	0.02	0.05	0.48125	0.5	0.49375	0.34125	0.1725	0.42375	0.41875	0.0925	0.30125	0.345	0.39125	0.51625	0.34	0.28125	0.2825	0.4425	0.53875	0.23875	0.35	0.3675	-1.6	-3.2	-1.82	-0.985714	-0.844444	0.4662	0.605233	0.49528	0.4355	0.392689
0.5	0.73	0.88	0.5	0.73	0.5	0.88	0.05	0.12	0.27	0.27	0.88	0.73	0.05	0.05	0.5	0.27	0.05	0.27	0.73	0.425	0.41375	0.3275	0.25625	0.09125	0.4425	0.3425	0.13	0.27	0.49125	0.385	0.51625	0.26375	0.28	0.4775	0.38625	0.52	0.23375	0.34625	0.33875	-3.5	-1.1	-1.88	-1.12857	0.0444444	0.8264	0.5945	0.51146	0.401586	0.393578
0.73	0.73	0.73	0.5	0.02	0.5	0.98	0.05	0.12	0.12	0.12	0.73	0.05	0.02	0.27	0.5	0.5	0.02	0.05	0.27	0.5	0.35625	0.37375	0.28375	0.2275	0.42375	0.38625	0.2375	0.2125	0.415	0.31875	0.5925	0.30125	0.28375	0.45	0.415	0.4725	0.29375	0.365	0.32	1.8	-1.1	-0.42	-0.3	-0.422222	0.4909	0.522667	0.42364	0.435857	0.363022
0.27	0.12	0.5	0.27	0.02	0.27	0.27	0.05	0.05	0.5	0.27	0.73	0.27	0.05	0.99	0.5	0.73	0.5	0.27	0.27	0.5	0.53625	0.41125	0.34375	0.22375	0.4525	0.5225	0.24125	0.25	0.35875	0.27125	0.68125	0.22625	0.195	0.39125	0.415	0.49125	0.2025	0.24625	0.31125	-1.6	1	0.8	0.285714	-0.711111	0.2507	0.2752	0.41234	0.367757	0.395433
0.27	0.12	0.02	0.01	0.12	0.12	0.05	0.01	0.5	0.73	0.5	0.02	0.12	0.99	0.12	0.27	0.05	0.98	0.99	0.5	0.47125	0.45125	0.38625	0.2725	0.2875	0.42375	0.52125	0.215	0.185	0.43375	0.27125	0.74125	0.27375	0.08625	0.4725	0.44375	0.605	0.1425	0.15625	0.38625	2.8	1.9	1.42	-0.0428571	0.255556	0.084	0.248133	0.25634	0.367086	0.344522
0.73	0.27	0.27	0.27	0.12	0.5	0.5	0.5	0.12	0.73	0.12	0.5	0.12	0.05	0.88	0.73	0.88	0.02	0.27	0.5	0.41375	0.49	0.32375	0.23625	0.405	0.2725	0.4375	0.14125	0.2325	0.46125	0.41375	0.58625	0.30125	0.29375	0.255	0.395	0.54875	0.38375	0.2775	0.49	4.5	2.3	0.28	1.05714	0.933333	0.4097	0.180033	0.25046	0.2583	0.3374
0.95	0.27	0.27	0.27	0.5	0.12	0.5	0.88	0.27	0.12	0.27	0.73	0.12	0.12	0.27	0.5	0.73	0.5	0.05	0.27	0.3575	0.4325	0.27625	0.28375	0.2725	0.29125	0.44625	0.15	0.21375	0.51	0.395	0.51	0.21625	0.29375	0.34	0.48	0.625	0.32	0.28625	0.49	-0.4	0.0666667	1.44	1.44286	1.23333	0.0464	0.305867	0.2133	0.245614	0.283644
0.27	0.95	0.12	0.27	0.02	0.5	0.5	0.05	0.73	0.05	0.27	0.98	0.12	0.27	0.27	0.27	0.88	0.02	0.27	0.05	0.36625	0.31875	0.32625	0.255	0.44	0.215	0.38625	0.2625	0.26375	0.56625	0.4425	0.47875	0.225	0.30625	0.3125	0.48	0.5775	0.38	0.2675	0.575	-3.9	-0.0333333	1.78	1.55714	0.644444	0.4615	0.190933	0.27692	0.258743	0.255211
0.27	0.27	0.05	0.05	0.88	0.12	0.27	0.02	0.05	0.95	0.73	0.5	0.73	0.12	0.05	0.5	0.73	0.02	0.05	0.95	0.36625	0.48	0.335	0.35875	0.3925	0.33875	0.49125	0.26625	0.3575	0.40625	0.36625	0.5575	0.13	0.33375	0.25	0.45125	0.615	0.32	0.295	0.4625	4.2	1.6	0.72	0.657143	0.433333	0.0649	0.3095	0.2635	0.280314	0.285567
0.05	0.73	0.02	0.02	0.95	0.05	0.05	0.02	0.02	0.95	0.88	0.12	0.27	0.73	0.02	0.12	0.5	0.98	0.27	0.88	0.375	0.52625	0.35125	0.37625	0.375	0.42375	0.60375	0.27125	0.3325	0.34875	0.3475	0.72125	0.1875	0.14	0.25375	0.49875	0.7475	0.08	0.1775	0.5	4.5	2.63333	0.1	-0.485714	-0.0555556	0.4021	0.269867	0.30122	0.296629	0.328267
0.27	0.27	0.5	0.88	0.05	0.27	0.95	0.5	0.12	0.05	0.27	0.5	0.05	0.12	0.12	0.95	0.73	0.02	0.12	0.5	0.27125	0.64125	0.26	0.26875	0.47875	0.34	0.44375	0.15125	0.3075	0.4925	0.51875	0.72125	0.23375	0.21625	0.13375	0.31875	0.62375	0.2	0.16875	0.595	-0.8	0.0666667	0.18	-0.657143	-0.133333	0.3426	0.326567	0.3137	0.3569	0.297578
0.12	0.5	0.98	0.27	0.88	0.27	0.5	0.12	0.98	0.5	0.5	0.73	0.12	0.27	0.05	0.27	0.27	0.02	0.12	0.73	0.23375	0.64125	0.2	0.32625	0.31875	0.3875	0.5	0.095	0.1725	0.5125	0.47125	0.6925	0.225	0.18875	0.17125	0.4325	0.70875	0.14	0.1775	0.6425	-3.5	-2.6	-0.98	0.442857	0.377778	0.235	0.367167	0.39438	0.310043	0.309189
0.27	0.73	0.5	0.88	0.5	0.88	0.88	0.05	0.12	0.12	0.12	0.88	0.12	0.12	0.27	0.5	0.88	0.02	0.27	0.27	0.24375	0.55625	0.3075	0.27875	0.37875	0.31125	0.4525	0.16	0.2225	0.5875	0.5475	0.61375	0.2725	0.265	0.14375	0.46125	0.55625	0.1525	0.15875	0.7275	-3.5	-2.86667	-1.12	0.442857	0.377778	0.5239	0.409067	0.34066	0.322329	0.308056
0.12	0.95	0.12	0.12	0.05	0.73	0.73	0.05	0.27	0.27	0.5	0.95	0.12	0.05	0.12	0.27	0.88	0.02	0.27	0.73	0.2625	0.61375	0.3825	0.45875	0.3275	0.3775	0.55625	0.1725	0.26	0.45625	0.47125	0.605	0.19625	0.265	0.2475	0.4425	0.48	0.2125	0.15875	0.61375	-1.6	-0.433333	-0.12	-0.757143	-0.477778	0.4683	0.375233	0.30232	0.329357	0.385756
0.12	0.73	0.02	0.27	0.05	0.05	0.12	0.02	0.02	0.98	0.88	0.88	0.27	0.05	0.02	0.12	0.12	0.02	0.05	0.88	0.31875	0.58375	0.48375	0.5475	0.3	0.51875	0.68875	0.23625	0.3225	0.26375	0.3475	0.66125	0.15875	0.28375	0.2725	0.55625	0.575	0.09625	0.1675	0.5	3.8	2.13333	-0.2	-1.14286	-1.02222	0.1335	0.2509	0.34558	0.389586	0.415944
0.5	0.5	0.27	0.12	0.05	0.5	0.5	0.05	0.05	0.73	0.12	0.73	0.12	0.05	0.5	0.73	0.95	0.02	0.12	0.88	0.35625	0.59375	0.405	0.5475	0.30875	0.49125	0.61375	0.2325	0.3375	0.30375	0.4425	0.68	0.18625	0.275	0.26	0.4525	0.41375	0.1	0.20625	0.5	4.2	1.36667	-0.2	-0.7	-0.977778	0.1509	0.245233	0.39364	0.452271	0.424189
0.5	0.5	0.5	0.5	0.12	0.5	0.5	0.5	0.27	0.27	0.5	0.5	0.5	0.73	0.27	0.73	0.27	0.12	0.27	0.27	0.40375	0.565	0.2875	0.48125	0.205	0.4725	0.585	0.17625	0.19375	0.36125	0.42375	0.70875	0.1575	0.1625	0.40125	0.52875	0.575	0.0875	0.1875	0.51875	-3.9	-1.06667	0.04	-0.257143	-0.0888889	0.4513	0.455467	0.43474	0.436971	0.457522
0.27	0.95	0.27	0.73	0.02	0.5	0.95	0.12	0.5	0.05	0.5	0.5	0.12	0.05	0.73	0.12	0.12	0.5	0.05	0.5	0.4325	0.4325	0.26875	0.405	0.16125	0.39625	0.4525	0.30875	0.26875	0.43625	0.42375	0.66125	0.19625	0.2475	0.42875	0.63375	0.575	0.04	0.215	0.47125	-3.5	-2.6	-0.8	0.614286	0.255556	0.7642	0.629767	0.4914	0.4465	0.453422
0.5	0.27	0.73	0.88	0.73	0.5	0.5	0.5	0.27	0.12	0.27	0.5	0.12	0.88	0.12	0.88	0.5	0.05	0.12	0.12	0.4225	0.4325	0.2875	0.49	0.0725	0.3675	0.5275	0.28875	0.2975	0.4275	0.39625	0.605	0.215	0.22875	0.49625	0.59625	0.50875	0.09625	0.17875	0.4425	-0.4	-1.43333	-0.74	0.0142857	0.933333	0.6738	0.618267	0.56822	0.497	0.437489
0.95	0.12	0.12	0.73	0.12	0.5	0.73	0.5	0.27	0.12	0.27	0.5	0.12	0.05	0.5	0.73	0.27	0.05	0.5	0.5	0.41375	0.3625	0.3675	0.48125	0.14875	0.3675	0.49875	0.2925	0.32875	0.415	0.34875	0.52875	0.215	0.3325	0.48	0.6625	0.64125	0.09625	0.15875	0.40375	-0.4	1.23333	-0.04	0.0571429	0.977778	0.4168	0.541867	0.57536	0.521857	0.430456
0.5	0.27	0.27	0.12	0.12	0.12	0.27	0.12	0.05	0.5	0.73	0.73	0.27	0.05	0.95	0.88	0.88	0.02	0.12	0.27	0.41375	0.4	0.3775	0.54875	0.23375	0.4625	0.55625	0.33625	0.46	0.29125	0.29125	0.5275	0.215	0.445	0.36375	0.58625	0.46125	0.21625	0.30125	0.3375	4.5	1.23333	1.56	1.21429	0.122222	0.535	0.4796	0.4875	0.467414	0.439333
0.27	0.12	0.12	0.5	0.05	0.27	0.27	0.73	0.95	0.5	0.12	0.5	0.05	0.12	0.95	0.73	0.73	0.02	0.27	0.12	0.38625	0.475	0.3675	0.50125	0.22875	0.4725	0.55625	0.2	0.43875	0.25875	0.33875	0.55625	0.1825	0.36	0.3325	0.57625	0.48	0.20375	0.3675	0.325	-0.4	2.86667	2.48	1.21429	0.2	0.487	0.448967	0.36678	0.391214	0.414244
0.27	0.27	0.73	0.95	0.05	0.5	0.88	0.27	0.27	0.27	0.05	0.5	0.27	0.73	0.05	0.73	0.73	0.02	0.05	0.12	0.38625	0.3525	0.26	0.35625	0.2325	0.39625	0.36375	0.245	0.4675	0.39125	0.40375	0.50875	0.25	0.39625	0.35625	0.5675	0.48	0.25125	0.48	0.3725	4.5	2.76667	1.86	0.814286	1.08889	0.3249	0.294033	0.32958	0.327171	0.332333
0.5	0.02	0.05	0.05	0.05	0.05	0.12	0.05	0.27	0.88	0.5	0.27	0.27	0.05	0.27	0.5	0.95	0.02	0.27	0.95	0.3575	0.46875	0.26875	0.42125	0.20375	0.48125	0.4875	0.21625	0.4675	0.33375	0.32875	0.585	0.25	0.3775	0.3475	0.52	0.48125	0.3075	0.5	0.345	4.2	1.73333	0.32	1.51429	0.7	0.0702	0.208633	0.26768	0.271486	0.284322
0.05	0.95	0.5	0.05	0.73	0.88	0.5	0.02	0.88	0.12	0.12	0.95	0.27	0.95	0.02	0.27	0.12	0.95	0.88	0.12	0.32875	0.34375	0.2	0.33125	0.10625	0.3175	0.35	0.15875	0.42	0.505	0.46125	0.44375	0.32625	0.3825	0.37875	0.46375	0.56625	0.19125	0.4525	0.42	-3.5	-0.833333	1.3	0.314286	1.05556	0.2308	0.1755	0.17568	0.229586	0.241178
0.05	0.95	0.27	0.5	0.01	0.73	0.5	0.02	1	0.01	0.27	0.5	0.02	0.12	0.02	0.5	0.27	0.02	0.95	0.02	0.3575	0.3725	0.2575	0.37875	0.18375	0.38375	0.42625	0.235	0.405	0.4625	0.36625	0.5	0.3575	0.4825	0.29375	0.41625	0.5	0.3075	0.44375	0.41375	-3.2	-0.733333	-0.38	0.771429	0.166667	0.2255	0.1611	0.15904	0.164086	0.218622
0.27	0.12	0.02	0.02	0.05	0.12	0.02	0.02	0.05	0.88	0.95	0.12	0.88	0.95	0.02	0.05	0.12	0.88	0.73	0.88	0.31125	0.495	0.3075	0.4675	0.17875	0.46	0.4675	0.1775	0.49625	0.40125	0.385	0.51875	0.30625	0.42625	0.20875	0.39625	0.49	0.28875	0.4525	0.35375	4.5	-0.866667	-0.66	-0.371429	0.633333	0.027	0.164733	0.1507	0.1651	0.175622
0.5	0.95	0.12	0.5	0.5	0.73	0.73	0.05	0.27	0.27	0.12	0.88	0.12	0.05	0.27	0.27	0.73	0.5	0.5	0.73	0.31125	0.39125	0.295	0.30375	0.13125	0.33625	0.33125	0.2025	0.52625	0.45	0.48875	0.395	0.37	0.48125	0.29625	0.34	0.35625	0.34875	0.4775	0.36	-3.9	1.13333	-0.66	-0.428571	0.0555556	0.2417	0.0990667	0.17094	0.169357	0.1922
0.27	0.05	0.02	0.01	0.02	0.02	0.01	0.01	0.5	0.73	0.95	0.05	0.73	0.99	0.5	0.05	0.12	0.05	0.73	0.27	0.34	0.535	0.3925	0.46875	0.19125	0.48125	0.4975	0.2925	0.555	0.345	0.35625	0.49875	0.29375	0.3725	0.29625	0.3675	0.37625	0.405	0.42125	0.36125	2.8	-1.53333	0.74	-0.0285714	-0.455556	0.0285	0.200733	0.14584	0.204114	0.267678
0.73	0.5	0.5	0.95	0.02	0.5	0.88	0.73	0.05	0.05	0.12	0.73	0.27	0.02	0.27	0.73	0.5	0.02	0.12	0.12	0.31	0.39375	0.285	0.43625	0.1025	0.37375	0.36	0.31875	0.51625	0.43	0.45125	0.3575	0.32375	0.39	0.445	0.31125	0.37625	0.305	0.42125	0.39875	-3.5	1.03333	-0.3	0.371429	-0.111111	0.332	0.1535	0.23526	0.278971	0.307789
0.12	0.27	0.27	0.73	0.05	0.27	0.12	0.27	0.73	0.88	0.95	0.27	0.5	0.5	0.27	0.12	0.5	0.73	0.12	0.5	0.41375	0.3375	0.37125	0.52	0.1125	0.4025	0.48375	0.38875	0.32125	0.35875	0.32875	0.44375	0.3075	0.3775	0.53375	0.3875	0.37625	0.2475	0.3175	0.3825	3.8	-0.133333	0.4	-0.328571	-0.144444	0.1	0.302033	0.33682	0.359657	0.342011
0.5	0.27	0.73	0.12	0.12	0.12	0.5	0.5	0.73	0.05	0.05	0.27	0.02	0.27	1	0.5	0.27	0.12	0.02	0.02	0.36625	0.32875	0.3175	0.6	0.10375	0.42125	0.4675	0.39125	0.43875	0.44375	0.4325	0.435	0.37625	0.3975	0.455	0.34875	0.405	0.2475	0.2725	0.42375	-0.7	0.9	-0.24	-0.271429	-0.222222	0.4741	0.4412	0.44948	0.401343	0.354633
0.5	0.27	0.73	0.88	0.05	0.5	0.73	0.73	0.73	0.5	0.27	0.27	0.27	0.12	0.5	0.5	0.5	0.02	0.05	0.5	0.3375	0.30125	0.365	0.5525	0.08375	0.345	0.43875	0.39	0.49625	0.41625	0.405	0.41625	0.3925	0.425	0.59375	0.34875	0.31875	0.2	0.22125	0.335	-0.4	-0.5	-0.24	-0.128571	-0.222222	0.7495	0.605133	0.48978	0.417357	0.386522
0.27	0.27	0.12	0.73	0.02	0.5	0.27	0.95	0.12	0.12	0.05	0.5	0.05	0.12	0.98	0.5	0.5	0.12	0.27	0.27	0.3475	0.2975	0.44125	0.5725	0.0875	0.37625	0.4975	0.3675	0.54375	0.435	0.405	0.38375	0.43875	0.425	0.4775	0.37625	0.31875	0.24375	0.22625	0.42125	-0.4	-1.43333	-0.24	-0.185714	-0.677778	0.5918	0.624933	0.4979	0.445457	0.399411
0.27	0.27	0.73	0.95	0.12	0.73	0.73	0.12	0.12	0.27	0.12	0.73	0.12	0.5	0.73	0.5	0.27	0.27	0.12	0.27	0.29	0.32625	0.3175	0.46	0.07875	0.3475	0.36375	0.41375	0.6	0.4725	0.49125	0.32625	0.45875	0.39	0.56625	0.37625	0.3475	0.31375	0.245	0.46875	-3.5	-0.0333333	-0.88	-0.914286	0.211111	0.5335	0.421967	0.50882	0.451814	0.3937
0.27	0.05	0.05	0.05	0.05	0.12	0.27	0.27	0.99	0.73	0.88	0.05	0.95	0.88	0.12	0.12	0.12	0.27	0.27	0.73	0.36625	0.35375	0.38375	0.49625	0.1725	0.4525	0.4975	0.395	0.40625	0.32	0.2925	0.3925	0.32625	0.28625	0.73125	0.51875	0.3375	0.285	0.245	0.36375	3.8	-1.2	-1.06	-0.171429	-0.6	0.1406	0.400933	0.38782	0.424171	0.421967
0.27	0.73	0.5	0.88	0.27	0.5	0.73	0.27	0.73	0.5	0.12	0.73	0.5	0.12	0.88	0.27	0.27	0.02	0.12	0.5	0.395	0.25	0.2425	0.38	0.1325	0.42375	0.38	0.45625	0.35	0.345	0.39625	0.27625	0.3825	0.4575	0.57375	0.4525	0.3	0.30375	0.26375	0.405	-3.9	-0.466667	-0.08	-0.614286	-0.566667	0.5287	0.271267	0.32558	0.367729	0.407167
0.12	0.02	0.02	0.02	0.02	0.27	0.02	0.05	0.27	0.5	0.73	0.02	0.88	0.99	0.05	0.27	0.12	0.5	0.99	0.73	0.385	0.3675	0.2175	0.46875	0.16	0.515	0.46875	0.42625	0.35	0.2975	0.32	0.39375	0.335	0.34875	0.6775	0.405	0.29	0.24375	0.15125	0.32875	-1.3	-0.233333	-0.08	-0.614286	-0.911111	0.1445	0.317933	0.28976	0.331886	0.357467
0.27	0.73	0.12	0.27	0.05	0.5	0.27	0.27	0.5	0.5	0.88	0.5	0.5	0.12	0.73	0.73	0.5	0.73	0.12	0.5	0.3475	0.27875	0.22375	0.36125	0.21625	0.4575	0.41	0.28625	0.42875	0.345	0.32875	0.305	0.3825	0.56125	0.5325	0.3475	0.21375	0.325	0.34875	0.3575	4.5	-0.1	-0.92	-0.614286	-0.955556	0.2806	0.259833	0.32982	0.298843	0.320533
0.73	0.27	0.12	0.12	0.73	0.5	0.73	0.27	0.05	0.12	0.12	0.12	0.27	0.05	0.98	0.88	0.27	0.5	0.27	0.12	0.31875	0.30875	0.22375	0.32375	0.17875	0.38125	0.295	0.2775	0.47625	0.46875	0.5	0.295	0.4875	0.57	0.41625	0.3	0.27125	0.43	0.3775	0.49	-3.5	0.2	-0.84	-1.27143	-0.0666667	0.3544	0.3253	0.28452	0.315814	0.281622
0.73	0.12	0.05	0.02	0.02	0.27	0.02	0.99	0.02	0.02	0.12	0.02	0.02	0.88	0.5	0.12	0.12	0.02	0.02	0.12	0.37625	0.38375	0.28875	0.42125	0.2675	0.4575	0.38375	0.26375	0.46625	0.42375	0.42375	0.36375	0.49125	0.41875	0.47625	0.47125	0.30875	0.4625	0.40875	0.4325	-0.4	-2.46667	-0.74	-0.0714286	-0.533333	0.3409	0.3325	0.3075	0.266471	0.307333
0.27	0.5	0.05	0.73	0.02	1	0.73	0.27	0.27	0.12	0.27	0.5	0.27	0.12	0.5	0.12	0.27	0.02	0.02	0.12	0.4625	0.27875	0.3175	0.31375	0.24875	0.395	0.2375	0.3825	0.35875	0.41125	0.4525	0.275	0.48875	0.59	0.38125	0.5	0.31875	0.475	0.4275	0.4325	-3.5	-1.56667	-0.74	0.0571429	0.4	0.3022	0.300833	0.28804	0.298971	0.286233
0.12	0.27	0.27	0.12	0.5	0.27	0.05	0.05	0.98	0.5	0.27	0.27	0.05	0.95	0.5	0.5	0.27	1	0.98	0.27	0.5	0.39625	0.35	0.42125	0.22	0.48625	0.3825	0.4375	0.3275	0.3925	0.42375	0.36375	0.46875	0.45375	0.4375	0.4525	0.36625	0.4	0.275	0.385	-0.8	0.0666667	-0.12	0.0571429	1.04444	0.2594	0.2483	0.29156	0.307286	0.305333
0.5	0.05	0.73	0.5	0.5	0.12	0.27	0.05	0.05	0.88	0.73	0.27	0.73	0.5	0.05	0.27	0.5	0.88	0.5	0.95	0.51	0.33875	0.28375	0.34625	0.32375	0.4575	0.3275	0.41	0.3875	0.3925	0.36625	0.31625	0.4125	0.58625	0.52125	0.42375	0.30875	0.3575	0.335	0.32875	4.5	1.1	0.86	1.2	0.366667	0.1833	0.271567	0.29114	0.301857	0.313078
0.73	0.5	0.5	0.73	0.05	0.5	0.27	0.88	0.88	0.27	0.27	0.5	0.73	0.5	0.12	0.73	0.27	0.05	0.27	0.27	0.4525	0.34	0.33125	0.39375	0.295	0.38125	0.29875	0.2875	0.31125	0.46	0.4425	0.30625	0.39375	0.61375	0.51375	0.29	0.3375	0.41375	0.345	0.41375	-0.4	2.86667	2.46	1.02857	0.577778	0.372	0.298033	0.29398	0.3032	0.327767
0.5	0.27	0.73	0.73	0.12	0.73	0.27	0.5	0.12	0.5	0.5	0.5	0.73	0.73	0.12	0.5	0.5	0.12	0.27	0.5	0.4525	0.3875	0.35875	0.4825	0.29875	0.38125	0.35875	0.33	0.46625	0.49125	0.4325	0.36625	0.40625	0.5375	0.485	0.36625	0.3275	0.40875	0.37625	0.385	4.5	2.86667	2.3	1.3	0.577778	0.3388	0.3424	0.31216	0.329543	0.341056
0.27	0.73	0.5	0.27	0.27	0.27	0.5	0.27	0.73	0.73	0.5	0.5	0.5	0.73	0.5	0.27	0.5	0.88	0.73	0.5	0.51	0.30125	0.39625	0.51125	0.31125	0.3475	0.30125	0.34	0.39	0.53875	0.49	0.3375	0.46375	0.585	0.40875	0.41375	0.385	0.32625	0.4075	0.48	4.5	2.46667	1.08	1.35714	1.43333	0.3164	0.335167	0.37282	0.358271	0.339522
0.73	0.05	0.05	0.05	0.88	0.12	0.05	0.05	0.05	0.88	0.88	0.12	0.73	0.73	0.95	0.27	0.27	0.27	0.12	0.73	0.5	0.3675	0.51	0.6425	0.17875	0.36625	0.4425	0.4525	0.3675	0.52	0.47125	0.385	0.44375	0.5	0.32375	0.4425	0.47125	0.28375	0.37625	0.48	-1.6	0.433333	1.08	1.31429	1.13333	0.3503	0.384433	0.39052	0.373286	0.354411
0.5	0.73	0.27	0.73	0.05	0.27	0.5	0.12	0.27	0.05	0.27	0.27	0.12	0.27	0.99	0.27	0.27	0.12	0.12	0.12	0.5	0.31	0.425	0.5575	0.2825	0.395	0.44375	0.4525	0.3675	0.605	0.51875	0.42375	0.4625	0.51	0.40375	0.47125	0.5	0.19875	0.3475	0.5	-1.6	-1.2	1.02	0.871429	0.2	0.4866	0.432467	0.38044	0.376343	0.3972
0.5	0.27	0.5	0.73	0.12	0.5	0.5	0.95	0.5	0.5	0.27	0.5	0.12	0.5	0.27	0.5	0.27	0.05	0.27	0.12	0.4425	0.3675	0.44375	0.57625	0.27375	0.395	0.50125	0.2725	0.29125	0.54875	0.51875	0.395	0.405	0.43375	0.57	0.41375	0.5	0.2075	0.32875	0.52875	-0.4	0.733333	-0.58	-0.328571	-0.144444	0.4605	0.411833	0.39584	0.409143	0.420556
0.5	0.27	0.12	0.5	0.27	0.27	0.5	0.12	0.27	0.73	0.73	0.27	0.5	0.5	0.27	0.27	0.73	0.12	0.73	0.88	0.41375	0.34875	0.4625	0.5475	0.255	0.36625	0.50125	0.4325	0.3675	0.49125	0.50875	0.395	0.32875	0.405	0.58875	0.4425	0.41375	0.2175	0.27125	0.4625	4.2	0.1	-1.04	-1.47143	-0.688889	0.2884	0.380767	0.43946	0.447114	0.425978
0.5	0.12	0.73	0.95	0.05	0.27	0.73	0.73	0.12	0.5	0.5	0.27	0.12	0.27	0.27	0.73	0.73	0.05	0.12	0.5	0.4425	0.38625	0.38625	0.52	0.26375	0.42375	0.4725	0.41375	0.32875	0.4625	0.49	0.4425	0.3475	0.37625	0.6175	0.41375	0.41375	0.13125	0.29	0.4625	-3.5	-1.06667	-1.42	-1.3	-1.62222	0.3934	0.416733	0.45858	0.452443	0.430811
0.27	0.27	0.27	0.5	0.5	0.5	0.73	0.12	0.27	0.73	0.5	0.73	0.27	0.12	0.73	0.5	0.73	0.05	0.27	0.5	0.41375	0.395	0.5	0.60375	0.10375	0.41375	0.57625	0.49875	0.395	0.33875	0.41375	0.4325	0.2525	0.31875	0.565	0.4425	0.41375	0.13125	0.29	0.38625	-3.9	-3.63333	-1.42	-1.62857	-1.62222	0.5684	0.514667	0.444	0.434343	0.440722
0.27	0.5	0.88	0.88	0.05	0.73	0.73	0.27	0.5	0.27	0.27	0.5	0.27	0.12	0.73	0.5	0.27	0.05	0.27	0.5	0.385	0.29	0.42375	0.49875	0.16875	0.41375	0.605	0.49875	0.4425	0.5	0.51875	0.46125	0.3475	0.3475	0.475	0.4425	0.47125	0.17875	0.3375	0.405	-3.5	-2.6	-3.04	-1.8	-1.83333	0.5822	0.512733	0.4583	0.431343	0.403456
0.27	0.12	0.5	0.27	0.12	0.27	0.27	0.95	0.5	0.27	0.88	0.27	0.5	0.5	0.27	0.5	0.27	0.27	0.27	0.73	0.35625	0.395	0.4425	0.49875	0.23625	0.51875	0.6625	0.31	0.41375	0.52875	0.47125	0.5375	0.36625	0.2525	0.5325	0.41375	0.52875	0.15125	0.31875	0.4525	-0.4	-2.6	-2.66	-2.9	-2.22222	0.3876	0.443233	0.46752	0.411743	0.421344
0.5	0.88	0.5	0.5	0.12	0.73	0.5	0.73	0.27	0.27	0.12	0.88	0.27	0.27	0.73	0.5	0.5	0.12	0.27	0.12	0.29875	0.32875	0.43375	0.41375	0.20875	0.46125	0.5775	0.32875	0.415	0.55625	0.5375	0.4425	0.4425	0.225	0.565	0.395	0.42375	0.265	0.2425	0.51	-3.9	-1.96667	-2.58	-2.95714	-2.26667	0.3599	0.395667	0.38408	0.444329	0.419722
0.27	0.27	0.5	0.27	0.05	0.27	0.88	0.12	0.73	0.12	0.27	0.5	0.12	0.12	0.99	0.27	0.27	0.27	0.27	0.12	0.27125	0.515	0.345	0.325	0.2125	0.49125	0.445	0.315	0.405	0.51375	0.4575	0.47125	0.4525	0.2125	0.5	0.335	0.36375	0.24125	0.22875	0.45	-1.6	-3	-2.66	-1.85714	-2.37778	0.4395	0.316867	0.39194	0.402243	0.415889
0.27	0.12	0.27	0.27	0.12	0.5	0.73	0.27	0.88	0.88	0.88	0.27	0.88	0.5	0.27	0.27	0.27	0.5	0.5	0.27	0.3475	0.50625	0.355	0.26875	0.20375	0.51	0.3875	0.2875	0.3675	0.33	0.38125	0.415	0.3575	0.2125	0.62125	0.36375	0.2875	0.24	0.285	0.375	-3.5	-3	-1.82	-2	-1.52222	0.1512	0.404067	0.36918	0.370343	0.410056
0.27	0.73	0.27	0.12	0.73	0.88	0.5	0.12	0.27	0.73	0.5	0.88	0.5	0.12	0.27	0.27	0.73	0.05	0.12	0.73	0.31375	0.3675	0.245	0.18	0.12125	0.37125	0.325	0.2725	0.38375	0.3775	0.3975	0.27625	0.3725	0.36875	0.53	0.30125	0.19625	0.29625	0.42375	0.25625	-3.9	-1.2	-1.94	-1.4	-1.27778	0.6215	0.348833	0.36898	0.388671	0.362844
0.27	0.5	0.05	0.05	0.05	0.27	0.05	0.05	0.05	0.95	0.5	0.12	0.88	0.05	0.99	0.12	0.12	0.88	0.12	0.73	0.28625	0.3825	0.21625	0.15625	0.1925	0.41625	0.34875	0.16375	0.35	0.31625	0.28875	0.33875	0.26375	0.315	0.4075	0.3825	0.36125	0.15875	0.39625	0.1675	3.8	-1.53333	-0.86	-1.02857	-1.32222	0.2738	0.418067	0.38426	0.359729	0.3331
0.05	1	0.02	0.01	0.01	0.05	0.05	0.01	0.5	0.01	0.01	0.12	0.05	0.02	0.01	0.02	0.02	0.01	0.01	0.02	0.25375	0.2125	0.1575	0.09875	0.21625	0.355	0.2875	0.0775	0.26125	0.525	0.445	0.23	0.4525	0.31875	0.56125	0.335	0.31375	0.25375	0.39125	0.275	-4.5	1.03333	-0.42	-0.914286	-0.388889	0.3589	0.382867	0.38548	0.314071	0.294078
0.88	0.05	0.12	0.05	0.5	0.88	0.12	0.05	0.12	0.02	0.5	0.05	0.27	0.5	0.98	0.73	0.12	0.27	0.95	0.05	0.23875	0.3	0.08875	0.0625	0.2675	0.22	0.17125	0.06	0.22375	0.6	0.35625	0.1825	0.425	0.25	0.31875	0.33125	0.3775	0.2025	0.24625	0.3475	3.8	-0.666667	0.2	0.228571	-0.0111111	0.5159	0.344033	0.28516	0.293714	0.249244
0	0	0	0.02	0	0	0	0	0.02	0.5	0.02	0	0.01	0.99	0	0	0	0.05	1	0.01	0.32125	0.30625	0.1925	0.0475	0.32125	0.27375	0.10125	0.03875	0.1325	0.43125	0.3075	0.1575	0.34875	0.1275	0.41	0.51375	0.37375	0.1675	0.18375	0.32125	-1.3	0.566667	0.34	1.04286	0.288889	0.1573	0.264367	0.23214	0.210071	0.237322
0.05	0.01	0.05	0.01	0.01	0.02	0.01	0.01	0.01	0	0.01	0.01	0.01	0	0.01	1	0.98	0	0.05	0.02	0.3725	0.22875	0.1675	0.0675	0.33875	0.195	0.0525	0.05625	0.10625	0.43625	0.26125	0.06125	0.32	0.25125	0.4375	0.4775	0.25125	0.17375	0.3975	0.24375	-0.8	0.8	1.6	0.385714	0.644444	0.1199	0.0953	0.16756	0.177229	0.176911
0.02	0.02	0	0	0.27	0.02	0.01	0	0.01	1	0.88	0.01	0.95	0.27	0.98	0.02	0.02	0.01	0.12	0.27	0.37625	0.2275	0.20125	0.15375	0.315	0.2525	0.08	0.0575	0.10625	0.2075	0.105	0.06125	0.12625	0.21375	0.3175	0.6475	0.37125	0.0775	0.38	0.155	4.5	1.83333	0.68	0.928571	-0.277778	0.0087	0.0548667	0.07316	0.137071	0.173956
0.98	0.02	0.05	0.02	0.95	0.02	0.02	0.02	0.05	0.73	0.05	0.05	0.12	0.05	0.02	0.95	0.88	0.12	0.05	0.73	0.3125	0.165	0.28375	0.26	0.29125	0.30875	0.16375	0.11625	0.13	0.27375	0.27	0.10375	0.28625	0.2725	0.47	0.62	0.32375	0.0775	0.45	0.12875	1.8	1.83333	0.8	-0.257143	-0.133333	0.036	0.0295333	0.05726	0.0986857	0.168067
0.05	0.12	0.98	0.12	0.05	0.05	0.05	0.05	0.05	0.01	0.01	0.02	0.01	0.01	0.02	1	0.12	0	0.05	0.02	0.41	0.20875	0.24375	0.35125	0.375	0.2575	0.255	0.1975	0.14875	0.37625	0.24625	0.16375	0.3	0.23	0.41	0.585	0.46625	0.07375	0.34625	0.245	-0.8	0.1	0.06	-0.528571	-0.6	0.0439	0.0525667	0.08272	0.119914	0.141222
0.73	0.12	0.12	0.27	0.88	0.27	0.12	0.27	0.05	0.27	0.12	0.12	0.27	0.12	0.5	0.98	0.73	0.05	0.88	0.12	0.35875	0.27125	0.41375	0.44	0.305	0.2925	0.3375	0.20375	0.20875	0.315	0.26375	0.2425	0.3	0.1075	0.44125	0.65	0.42375	0.095	0.15125	0.29375	-0.7	-2	-1.48	-0.471429	-0.844444	0.0778	0.122967	0.14216	0.141971	0.179211
0.27	0.5	0.27	0.73	0.12	0.73	0.27	0.05	0.05	0.12	0.12	0.12	0.27	0.02	1	0.5	0.12	0.12	0.05	0.27	0.44375	0.25625	0.45125	0.49125	0.41375	0.26625	0.40875	0.34875	0.27	0.34	0.2775	0.30375	0.31375	0.1825	0.44	0.6475	0.41125	0.10125	0.2825	0.2875	-4.5	-2.8	-1.92	-1.61429	-1.14444	0.2472	0.2103	0.18982	0.212043	0.233456
0.5	0.5	0.73	0.88	0.5	0.5	0.73	0.5	0.73	0.27	0.5	0.5	0.5	0.27	0.27	0.73	0.5	0.12	0.5	0.27	0.44625	0.31625	0.4275	0.50625	0.36625	0.355	0.4125	0.32625	0.29375	0.25875	0.1825	0.3175	0.2575	0.2275	0.4425	0.65	0.395	0.13375	0.33	0.345	-3.2	-2.7	-2.46	-2.37143	-1.17778	0.3059	0.2758	0.28088	0.293771	0.278367
0.73	0.5	0.73	0.88	0.27	0.5	0.88	0.73	0.27	0.12	0.27	0.5	0.27	0.12	0.5	0.5	0.5	0.12	0.12	0.27	0.32875	0.37625	0.48375	0.595	0.31	0.44375	0.50125	0.31	0.4675	0.22	0.2675	0.345	0.305	0.33125	0.42625	0.59375	0.3475	0.1525	0.4625	0.2875	-0.4	-2.36667	-3.02	-1.65714	-1.76667	0.2743	0.3598	0.38694	0.346486	0.323556
0.27	0.5	0.5	0.88	0.27	0.5	0.73	0.27	0.5	0.27	0.27	0.73	0.27	0.12	0.73	0.5	0.27	0.27	0.27	0.5	0.41375	0.395	0.4525	0.69	0.31875	0.5	0.6325	0.42375	0.4475	0.215	0.2725	0.37625	0.31	0.36375	0.51375	0.5025	0.37625	0.14	0.47125	0.27125	-3.5	-2.46667	-1.28	-2.05714	-2.06667	0.4992	0.460533	0.42008	0.398614	0.383933
0.27	0.27	0.5	0.88	0.12	0.27	0.73	0.95	0.5	0.05	0.12	0.5	0.12	0.5	0.5	0.5	0.27	0.12	0.27	0.12	0.35625	0.47125	0.5475	0.7475	0.2425	0.5575	0.65125	0.415	0.50375	0.2425	0.3675	0.48125	0.32875	0.335	0.495	0.41375	0.31875	0.1675	0.42375	0.3375	-3.5	-0.933333	-1.34	-1.91429	-2.42222	0.6081	0.506733	0.44744	0.4472	0.427744
0.27	0.5	0.27	0.27	0.27	0.5	0.5	0.27	0.88	0.5	0.5	0.5	0.73	0.88	0.27	0.27	0.27	0.27	0.95	0.73	0.35625	0.47125	0.605	0.76625	0.22375	0.5	0.7375	0.5275	0.54125	0.23375	0.3675	0.52875	0.28125	0.31875	0.41375	0.4425	0.395	0.14875	0.395	0.29	4.2	-0.933333	-1.96	-2.01429	-2	0.4129	0.4879	0.51004	0.470943	0.421989
0.27	0.5	0.5	0.73	0.27	0.73	0.88	0.12	0.98	0.27	0.5	0.27	0.27	0.73	0.12	0.27	0.5	0.27	0.73	0.27	0.30875	0.415	0.4875	0.60125	0.22375	0.41125	0.60125	0.485	0.44375	0.3525	0.415	0.50125	0.31	0.395	0.40125	0.3575	0.31875	0.13625	0.39375	0.43625	-3.5	-0.933333	-2.04	-2.05714	-1.14444	0.4427	0.480967	0.50462	0.459671	0.388578
0.27	0.27	0.5	0.88	0.12	0.5	0.95	0.5	0.12	0.12	0.05	0.5	0.05	0.27	0.95	0.27	0.12	0.05	0.27	0.12	0.2325	0.44375	0.43	0.535	0.21125	0.44	0.5925	0.36125	0.6425	0.39	0.44	0.52	0.36625	0.44	0.24125	0.405	0.36625	0.15125	0.47	0.4275	-3.5	-3.63333	-1.48	-0.914286	-1.18889	0.5873	0.5007	0.42208	0.3891	0.372844
0.27	0.5	0.88	0.73	0.12	0.5	0.27	0.88	0.5	0.27	0.73	0.73	0.27	0.27	0.12	0.27	0.27	0.12	0.5	0.27	0.21375	0.35875	0.3225	0.45	0.24	0.38	0.58875	0.295	0.535	0.46	0.44375	0.40625	0.39625	0.535	0.25625	0.34875	0.32	0.11125	0.4225	0.45625	-3.9	-2.7	-1.42	-0.528571	-0.377778	0.4721	0.418267	0.34054	0.321186	0.318011
0.27	0.73	0.5	0.27	0.12	0.5	0.73	0.27	0.73	0.5	0.5	0.5	0.5	0.27	0.12	0.5	0.73	0.12	0.5	0.5	0.2425	0.3025	0.37	0.40375	0.3475	0.3525	0.44625	0.2675	0.535	0.4875	0.54875	0.37875	0.38625	0.4875	0.2	0.32	0.3475	0.13	0.51125	0.50375	-0.7	-0.0333333	-0.88	-0.585714	0.288889	0.1954	0.224233	0.27854	0.263014	0.260544
0.12	0.05	0.02	0.02	0.5	0.02	0.02	0.01	0.05	0.99	0.88	0.05	0.27	0.73	0.02	0.05	0.12	0.02	0.27	0.98	0.29	0.3275	0.41125	0.4075	0.3	0.35625	0.475	0.26875	0.51625	0.4825	0.4725	0.3875	0.3575	0.43	0.18125	0.34875	0.405	0.115	0.53125	0.47625	4.5	1	0.58	0.271429	0.288889	0.0052	0.1111	0.16222	0.212757	0.215789
0.12	0.5	0.27	0.5	0.02	0.5	0.88	0.12	1	0.27	0.02	0.88	0.5	0.02	0.05	0.88	0.5	0.02	0.27	0.05	0.36625	0.3275	0.3325	0.2625	0.3325	0.23875	0.2725	0.3025	0.28125	0.55375	0.5325	0.3725	0.31	0.43	0.1775	0.27375	0.31	0.08375	0.44625	0.62125	-0.8	2.5	1.86	1.37143	0.177778	0.1327	0.0478667	0.08598	0.1303	0.208067
0.12	0.05	0.02	0.05	0.5	0.02	0.02	0.12	0.02	0.98	0.98	0.05	0.73	0.88	0.02	0.05	0.05	0.02	0.12	0.88	0.42375	0.46	0.36375	0.2425	0.2725	0.29875	0.295	0.27375	0.4225	0.56	0.46875	0.4475	0.3375	0.30375	0.0775	0.3775	0.385	0.08375	0.465	0.6125	3.8	1.83333	2.84	1.28571	0.177778	0.0057	0.0764333	0.04892	0.116171	0.154967
0.5	0.05	0.5	0.05	0.98	0.05	0.05	0.12	0.73	0.5	0.73	0.05	0.27	0.12	0.05	0.5	0.95	0.27	0.98	0.73	0.405	0.4125	0.20875	0.16625	0.2125	0.2475	0.32	0.17	0.28625	0.6775	0.47125	0.37125	0.395	0.39875	0.065	0.3025	0.2725	0.07125	0.405	0.72	2.5	3.5	1.04	0.885714	1.03333	0.0909	0.0355667	0.12252	0.103886	0.153356
0.5	0.02	0.12	0.05	0.27	0.05	0.02	0.02	0.05	0.95	0.27	0.12	0.27	0.88	0.02	0.05	0.12	0.05	0.88	0.99	0.43375	0.3875	0.25625	0.195	0.30125	0.2475	0.3425	0.1825	0.39	0.5925	0.5	0.39125	0.36625	0.30375	0.0875	0.3875	0.37625	0.09875	0.38875	0.6875	4.2	0.733333	0.5	0.785714	0.722222	0.0101	0.158067	0.11786	0.168514	0.178944
0.88	0.95	0.12	0.05	0.05	0.27	0.12	0.5	0.05	0.12	0.12	0.98	0.12	0.02	0.12	0.5	0.12	0.02	0.05	0.5	0.405	0.29875	0.26875	0.22625	0.28125	0.2325	0.36125	0.13625	0.44625	0.60625	0.4425	0.31125	0.36625	0.41125	0.19125	0.34	0.42375	0.21875	0.58375	0.66	-4.5	-1.26667	0.5	0.4	0.0777778	0.3732	0.164233	0.20824	0.210371	0.216089
0.73	0.88	0.5	0.27	0.12	0.5	0.27	0.27	0.27	0.88	0.5	0.27	0.5	0.12	0.12	0.27	0.27	0.05	0.27	0.88	0.4425	0.33625	0.25	0.19875	0.285	0.2325	0.32375	0.18375	0.35625	0.51125	0.42625	0.4	0.29	0.41125	0.295	0.2925	0.37625	0.30375	0.61375	0.64	-3.5	-1.4	-0.7	-0.328571	-0.266667	0.1094	0.3134	0.2752	0.258057	0.266644
0.5	0.12	0.12	0.12	0.12	0.12	0.5	0.05	0.12	0.73	0.5	0.12	0.27	0.27	0.05	0.12	0.27	0.27	0.88	0.98	0.51875	0.4875	0.3575	0.27375	0.25625	0.31125	0.32625	0.23	0.4825	0.44125	0.3375	0.475	0.26125	0.3925	0.3925	0.3675	0.48	0.33625	0.585	0.55125	3.8	-1.06667	-1.8	-1.24286	-1.04444	0.4576	0.3309	0.34108	0.329029	0.308056
0.5	0.5	0.5	0.5	0.12	0.5	0.88	0.27	0.88	0.27	0.27	0.73	0.27	0.27	0.27	0.73	0.73	0.12	0.27	0.5	0.51875	0.49625	0.31	0.25375	0.14875	0.32	0.335	0.22125	0.35875	0.49875	0.30875	0.42625	0.29	0.3925	0.48125	0.29125	0.395	0.38375	0.5725	0.5825	-3.5	-0.333333	-1.68	-2.3	-1.5	0.4257	0.4076	0.38398	0.381643	0.358367
0.27	0.27	0.12	0.27	0.12	0.12	0.27	0.12	0.5	0.27	0.27	0.27	0.12	0.73	0.95	0.12	0.5	0.95	1	0.27	0.5475	0.61375	0.43375	0.38625	0.13	0.42375	0.5	0.3	0.43375	0.41375	0.3375	0.53125	0.30875	0.25875	0.485	0.42375	0.4425	0.28875	0.405	0.52125	-1.3	-2.9	-1.62	-1.88571	-2.35556	0.3395	0.450967	0.43778	0.406	0.421911
0.27	0.73	0.5	0.5	0.12	0.73	0.73	0.27	0.5	0.27	0.27	0.88	0.27	0.12	0.88	0.27	0.27	0.73	0.73	0.27	0.5	0.5	0.4625	0.41375	0.13875	0.37625	0.49	0.32875	0.46125	0.4325	0.35625	0.395	0.30875	0.3475	0.54125	0.405	0.51875	0.32875	0.4475	0.52125	-3.9	-2.8	-2.7	-1.88571	-1.94444	0.5877	0.4352	0.455	0.473514	0.452067
0.5	0.5	0.5	0.5	0.27	0.27	0.27	0.27	0.88	0.27	0.27	0.5	0.27	0.88	0.73	0.5	0.88	0.5	0.5	0.27	0.4425	0.51	0.43375	0.41375	0.13875	0.405	0.5475	0.4175	0.41375	0.3375	0.3275	0.4425	0.28	0.2525	0.6075	0.405	0.4425	0.36625	0.47625	0.445	-3.2	-2.9	-2.7	-2.54286	-1.6	0.3784	0.503267	0.48626	0.500229	0.510867
0.5	0.5	0.5	0.27	0.12	0.5	0.5	0.27	0.5	0.5	0.27	0.27	0.5	0.12	0.98	0.5	0.73	0.5	0.27	0.5	0.41375	0.61375	0.48125	0.49	0.1575	0.42375	0.5475	0.47375	0.5375	0.2325	0.28	0.56625	0.2325	0.32875	0.66125	0.4525	0.46125	0.395	0.41	0.30875	-1.6	-2.76667	-2.6	-2.1	-2.41111	0.5437	0.501367	0.54728	0.530643	0.522833
0.5	0.73	0.73	0.88	0.12	0.5	0.73	0.5	0.27	0.27	0.5	0.5	0.27	0.27	0.73	0.5	0.27	0.12	0.27	0.27	0.41375	0.55625	0.42375	0.385	0.17625	0.42375	0.47125	0.445	0.49	0.31875	0.28	0.50875	0.29	0.33875	0.75	0.42375	0.49	0.51875	0.43875	0.36625	-3.5	-1.96667	-1.9	-2.41429	-2.1	0.582	0.5901	0.55746	0.5629	0.526911
0.5	0.5	0.73	0.5	0.12	0.5	0.5	0.88	0.27	0.27	0.27	0.5	0.27	0.12	0.5	0.5	0.5	0.12	0.12	0.5	0.41375	0.67	0.47125	0.4325	0.1675	0.47125	0.5	0.3975	0.54625	0.31875	0.29	0.5375	0.30875	0.28125	0.7825	0.42375	0.4325	0.43375	0.395	0.36625	-0.8	-1.56667	-1.96	-1.95714	-1.48889	0.6446	0.621733	0.59484	0.545	0.516267
0.5	0.73	0.27	0.27	0.27	0.27	0.27	0.98	0.27	0.12	0.27	0.27	0.27	0.12	0.5	0.5	0.27	0.12	0.27	0.27	0.4425	0.6125	0.57625	0.46125	0.14875	0.5	0.5	0.4425	0.575	0.31875	0.27125	0.5475	0.3375	0.28125	0.735	0.4525	0.51875	0.43375	0.37625	0.37625	-0.4	-1.56667	-1.78	-0.9	-1.2	0.6386	0.616167	0.57858	0.525757	0.493678
0.27	0.95	0.5	0.5	0.12	0.5	0.73	0.5	0.73	0.12	0.12	0.88	0.12	0.12	0.73	0.5	0.27	0.5	0.12	0.12	0.415	0.52375	0.4875	0.3725	0.135	0.43875	0.41	0.59375	0.41375	0.28625	0.25875	0.415	0.32375	0.1725	0.61625	0.39625	0.41125	0.325	0.33375	0.36375	-3.5	-1.53333	-0.24	-0.857143	-0.888889	0.5653	0.555433	0.51092	0.503	0.476333
0.5	0.27	0.27	0.27	0.27	0.5	0.5	0.27	0.27	0.73	0.5	0.5	0.5	0.5	0.73	0.5	0.5	0.73	0.5	0.73	0.3575	0.60875	0.51625	0.40125	0.1075	0.4675	0.41	0.6225	0.42375	0.21	0.26875	0.52	0.2475	0.125	0.55625	0.3675	0.325	0.24	0.2675	0.335	-0.7	0	-0.34	-0.414286	-0.244444	0.4624	0.4238	0.45888	0.451614	0.442311
0.27	0.95	0.5	0.27	0.05	0.5	0.27	0.12	0.95	0.27	0.12	0.5	0.27	0.12	0.98	0.12	0.27	0.27	0.5	0.5	0.415	0.43875	0.4025	0.2925	0.245	0.41125	0.35	0.64125	0.3075	0.325	0.2875	0.46	0.3675	0.24875	0.43625	0.35875	0.3825	0.285	0.24	0.42125	4.2	0.733333	-0.34	0.3	0.422222	0.2437	0.3635	0.37562	0.393457	0.380056
0.5	0.5	0.88	0.5	0.12	0.73	0.5	0.73	0.73	0.12	0.12	0.73	0.5	0.12	0.5	0.5	0.73	0.73	0.73	0.12	0.33	0.43375	0.26625	0.20375	0.255	0.32625	0.265	0.46125	0.3025	0.31125	0.255	0.37125	0.30625	0.23375	0.435	0.37375	0.38625	0.2125	0.1975	0.40875	-1.3	0.833333	1.2	0.714286	0.422222	0.3844	0.283467	0.31006	0.305329	0.315756
0.05	0.01	0.02	0.02	0.01	0.01	0.01	1	0.05	0.01	0.02	0.05	0.01	0.01	0.01	0.05	0.02	0.01	0.01	0.02	0.33875	0.51375	0.45875	0.2925	0.25	0.4925	0.38375	0.3675	0.41625	0.3125	0.23625	0.51375	0.34875	0.235	0.49625	0.4775	0.5325	0.29	0.26	0.39375	-0.4	0.833333	1.84	1.1	0.388889	0.2223	0.2814	0.22192	0.233986	0.261011
0.27	0.5	0.5	0.27	0.05	0.73	0.27	0.27	0.12	0.5	0.73	0.73	0.27	0.12	0.5	0.27	0.27	0.05	0.12	0.88	0.2925	0.3675	0.33875	0.205	0.23625	0.3425	0.275	0.3975	0.44	0.25125	0.195	0.3525	0.3925	0.325	0.345	0.39	0.47	0.3475	0.35625	0.2775	4.2	2.1	0.84	1.1	0.633333	0.2375	0.1605	0.18636	0.188771	0.215556
0.73	0.05	0.05	0.01	1	0.05	0.02	0.5	0.02	0.73	0.27	0.02	1	0.88	0.02	0.05	0.5	0.02	0.05	0.73	0.17875	0.39125	0.36125	0.20375	0.1175	0.36625	0.245	0.335	0.42	0.25	0.31375	0.38125	0.3575	0.25875	0.315	0.35625	0.385	0.275	0.305	0.29625	2.5	1.96667	0.96	0.314286	1.13333	0.0217	0.108367	0.13866	0.176271	0.164378
0.05	0.01	0.02	0.02	0.27	0.05	0.05	0.05	0.01	0.01	0.01	0.02	0.01	0	0.01	1	0.99	0	0.01	0.02	0.32125	0.34	0.39375	0.27875	0.3125	0.3375	0.29875	0.3825	0.425	0.3125	0.3375	0.38125	0.45375	0.46375	0.2	0.31375	0.32375	0.335	0.28125	0.32875	-0.8	0.333333	0.78	1.04286	0.588889	0.0659	0.0778333	0.12544	0.121614	0.161589
0.12	0.88	0.95	0.5	0.12	0.88	0.73	0.5	0.5	0.02	0.02	0.73	0.12	0.02	0.5	0.88	0.73	0.02	0.05	0.05	0.3125	0.26	0.28625	0.26625	0.31875	0.23375	0.21375	0.26875	0.3825	0.2975	0.32375	0.26375	0.38	0.4475	0.0825	0.385	0.3275	0.2425	0.2	0.3125	-0.7	-0.933333	0.7	1	0.377778	0.1459	0.122667	0.0783	0.121086	0.179567
0.12	0.27	0.02	0.05	0.05	0.02	0.12	0.01	0.99	0.12	0.5	0.27	0.73	0.95	0.01	0.02	0.02	1	1	0.05	0.34	0.35	0.40125	0.3225	0.34125	0.34625	0.29125	0.20625	0.31625	0.375	0.385	0.34875	0.42125	0.345	0.14375	0.4925	0.42875	0.22875	0.095	0.3725	-1.3	0.6	0.06	-0.0571429	0.922222	0.1562	0.1013	0.11768	0.165186	0.163033
0.05	0.01	0	0	0.27	0.01	0.01	0	0.01	0.95	0.99	0.02	0.95	0.73	0.01	0.01	0.05	0.12	0.02	0.73	0.3775	0.43	0.4325	0.32875	0.30875	0.36625	0.3625	0.18	0.48625	0.215	0.235	0.41125	0.3625	0.36	0.19125	0.49375	0.425	0.33375	0.205	0.18375	3.8	0.6	-0.42	0.228571	0.0666667	0.0018	0.125533	0.21374	0.172586	0.209133
0.73	0.5	0.73	0.88	0.88	0.27	0.73	0.05	0.98	0.05	0.05	0.5	0.05	0.88	0.05	0.73	0.27	0.73	0.27	0.05	0.26375	0.3775	0.35	0.2325	0.14125	0.36125	0.38	0.11375	0.365	0.34625	0.38125	0.36375	0.365	0.23375	0.30625	0.43125	0.36875	0.25625	0.17375	0.2875	-0.7	-0.0333333	0.62	-0.157143	-0.388889	0.2186	0.255533	0.19926	0.256371	0.266667
0.5	0.73	0.95	0.88	0.02	0.73	0.5	0.27	0.88	0.01	0.02	0.5	0.02	0.01	0.05	0.95	0.5	0.01	0.12	0.02	0.30125	0.35	0.3825	0.2925	0.215	0.3125	0.4175	0.205	0.3825	0.35	0.38375	0.36375	0.3675	0.3425	0.305	0.285	0.21875	0.34625	0.1925	0.28875	-3.2	0.2	0.18	-0.285714	-0.344444	0.5462	0.279433	0.2985	0.3126	0.328789
0.27	0.12	0.01	0.02	0.12	0.05	0.02	0.01	0.01	0.73	0.99	0.27	0.95	0.12	0.01	0.05	0.12	0.88	0.12	0.5	0.3775	0.31875	0.39625	0.4625	0.1875	0.3975	0.4775	0.20875	0.49125	0.2575	0.26125	0.3075	0.27	0.32625	0.25375	0.37875	0.20875	0.235	0.1875	0.225	4.5	-0.733333	-0.9	-0.157143	-0.355556	0.0735	0.424033	0.40604	0.379571	0.352456
0.5	0.88	0.73	0.27	0.01	0.88	0.73	0.05	0.5	0.05	0.02	0.98	0.02	0.02	0.88	0.27	0.27	0.01	0.02	0.05	0.34875	0.28125	0.3375	0.45875	0.1975	0.35375	0.48375	0.20875	0.36875	0.36125	0.335	0.295	0.32875	0.25375	0.1775	0.41125	0.30625	0.2525	0.1375	0.3375	-3.5	-0.2	-0.84	-0.814286	-0.6	0.6524	0.4218	0.48732	0.430586	0.395167
0.5	0.12	0.12	0.12	0.27	0.27	0.88	0.02	0.02	0.88	0.5	0.12	0.12	0.02	0.98	0.27	0.27	0.01	0.05	0.88	0.3575	0.37625	0.41375	0.47875	0.1375	0.43	0.46625	0.21375	0.4275	0.26125	0.27	0.4025	0.26	0.19625	0.16375	0.41625	0.30625	0.23875	0.14625	0.26625	-1.6	-1.83333	-0.36	-1.21429	-0.555556	0.5395	0.605633	0.44986	0.476586	0.397567
0.12	0.02	0.5	0.5	0	0.12	0.12	1	0.05	0	0	0.02	0	0	0	0.05	0.02	0	0.01	0	0.3475	0.4175	0.3375	0.43125	0.0675	0.50625	0.58	0.11875	0.36375	0.37125	0.34125	0.44375	0.3025	0.15125	0.39	0.415	0.36625	0.25875	0.15125	0.385	-0.4	-0.933333	-1.96	-0.157143	-0.911111	0.625	0.5078	0.54328	0.4019	0.403689
0.5	0.02	0.12	1	0	0.88	0.73	0.27	0.5	0	0.01	0.05	0.27	0	0.05	0.73	0.27	0	0.01	0.02	0.24	0.32625	0.26625	0.25875	0.175	0.32	0.44125	0.17625	0.1975	0.49375	0.4475	0.3775	0.3575	0.26	0.3775	0.2125	0.27875	0.3675	0.17	0.5025	-0.8	-1.56667	-0.42	-1.35714	-0.0555556	0.3589	0.508167	0.41748	0.4305	0.343689
0.12	0.73	0.27	0.27	0.02	0.5	0.88	0.05	0.5	0.27	0.12	0.88	0.27	0.27	0.27	0.5	0.95	0.27	0.5	0.5	0.2875	0.34125	0.26125	0.41	0.16	0.395	0.45375	0.20875	0.23	0.375	0.34375	0.35875	0.2725	0.33	0.36375	0.345	0.27	0.23	0.1275	0.395	-3.5	-0.0333333	-0.88	-0.214286	-0.633333	0.5406	0.307633	0.36432	0.338186	0.349156
0.12	0.01	0	0.01	0.05	0.01	0.02	0.01	0	0.98	0.95	0.02	0.5	0.27	0	0.05	0.05	0.01	0.12	0.99	0.2875	0.3225	0.21	0.415	0.15625	0.3525	0.47625	0.3325	0.23125	0.37125	0.2525	0.35875	0.24375	0.32875	0.32125	0.3825	0.355	0.26125	0.1725	0.4375	4.2	-1.06667	0.1	-0.0857143	-0.288889	0.0234	0.279233	0.24056	0.278643	0.286433
0.27	0.73	0.5	0.88	0.05	0.73	0.88	0.27	0.5	0.05	0.12	0.73	0.27	0.5	0.88	0.5	0.5	0.88	0.27	0.12	0.2125	0.30875	0.135	0.2925	0.15625	0.2625	0.2925	0.2975	0.16875	0.38	0.295	0.28875	0.2575	0.2975	0.21375	0.295	0.26625	0.185	0.1475	0.43625	-3.9	1.6	0.12	-0.0857143	-0.288889	0.2737	0.1011	0.19332	0.201914	0.252022
0.02	0	0	0	0.88	0	0	0	0	0.99	0.88	0	0.73	0.88	0	0.01	0.05	0.88	0.27	0.98	0.2625	0.48875	0.15	0.34625	0.0675	0.40125	0.42125	0.22125	0.335	0.325	0.29125	0.44	0.2625	0.36	0.33875	0.4125	0.35375	0.2	0.265	0.39125	4.5	-0.0333333	0.74	-0.2	0.222222	0.0062	0.1342	0.10278	0.183471	0.221878
0.27	0.95	0.12	0.5	0.02	0.27	0.27	0.05	0.27	0.05	0.27	0.95	0.27	0.95	0.12	0.88	0.73	0.05	0.27	0.12	0.2025	0.37	0.23	0.16	0.175	0.2725	0.2975	0.30625	0.2725	0.44375	0.3675	0.33	0.28875	0.36625	0.38	0.21875	0.24125	0.30375	0.26625	0.5025	-0.7	1.13333	-0.42	0.9	0.266667	0.1227	0.0722667	0.14406	0.156771	0.222289
0.5	0.01	0.05	0.05	0.01	0.05	0.05	1	0.01	0.73	0.12	0.12	0.02	0.01	0.27	0.12	0.05	0	0	0.88	0.1925	0.4875	0.315	0.2925	0.17625	0.3	0.30625	0.24375	0.36125	0.3275	0.3775	0.43375	0.28875	0.465	0.39	0.3425	0.24125	0.2775	0.2525	0.3475	-0.4	-0.9	1.2	0.242857	0.222222	0.0879	0.1468	0.16006	0.205229	0.2306
0.05	0.73	0.02	0.01	0.27	0.27	0.27	0	0.02	0.02	0.01	0.27	0	0	1	0.02	0.01	0.27	0	0	0.2675	0.43	0.42875	0.3025	0.14	0.305	0.31	0.4775	0.375	0.3275	0.30625	0.41875	0.29125	0.55625	0.31375	0.41125	0.27375	0.3525	0.32875	0.34875	-1.6	0.733333	0.22	0.242857	-0.633333	0.2298	0.2238	0.23134	0.254043	0.293956
0.27	0.73	0.12	0.05	0.12	0.5	0.27	0.12	0.88	0.5	0.73	0.5	0.5	0.88	0.12	0.5	0.27	0.12	0.95	0.5	0.26875	0.35375	0.36	0.1875	0.15875	0.19125	0.23375	0.43125	0.2675	0.27625	0.21625	0.31375	0.305	0.50875	0.32875	0.295	0.2125	0.27625	0.2675	0.305	4.2	0.733333	-0.42	-0.9	0.0111111	0.3537	0.315367	0.32988	0.337957	0.267956
0.27	0.02	0.88	0.01	0	0.12	0.01	1	0.27	0.01	0.01	0.12	0.02	0.12	0.5	0.05	0.05	0	0.02	0.05	0.28125	0.53375	0.28	0.2075	0.06625	0.30125	0.3	0.3275	0.435	0.27625	0.2875	0.42375	0.365	0.585	0.34375	0.365	0.29625	0.305	0.4725	0.2725	-0.4	-0.0333333	-1.04	-0.528571	-0.0666667	0.3626	0.4439	0.43102	0.3261	0.289544
0.27	0.73	0.88	0.88	0.02	0.5	0.73	0.5	0.95	0.02	0.05	0.88	0.02	0.12	0.5	0.73	0.27	0.01	0.12	0.02	0.2625	0.36	0.28	0.07	0.095	0.25375	0.23875	0.39	0.35	0.33125	0.3675	0.2725	0.4225	0.52875	0.34375	0.20375	0.24	0.30375	0.44125	0.3525	-3.9	-2.6	-0.34	0.0714286	0.433333	0.6154	0.523867	0.393	0.342186	0.292144
0.27	0.27	0.88	0.05	0.02	0.27	0.27	0.88	0.12	0.27	0.27	0.05	0.5	0.99	0.12	0.5	0.27	0.88	0.73	0.12	0.2625	0.45	0.3075	0.2775	0.095	0.31	0.3525	0.22	0.54375	0.215	0.3275	0.395	0.3625	0.425	0.4825	0.2325	0.24875	0.28625	0.39875	0.26375	-3.5	-1.83333	-0.42	0.842857	0.3	0.5936	0.416233	0.36236	0.330229	0.299078
0.5	0.12	0.05	0	0.05	0.05	0.27	0.02	0.5	0.12	0.12	0.12	0.88	1	0.12	0.05	0.27	0.12	0.73	0.27	0.29	0.44	0.5275	0.37375	0.09125	0.395	0.42875	0.36125	0.55625	0.24625	0.36	0.4625	0.33	0.48625	0.42	0.34875	0.28125	0.35	0.41375	0.26	1.9	0.733333	0.42	0.0142857	0.0888889	0.0397	0.277933	0.31906	0.301171	0.364567
0.12	0.73	0.12	0.12	0.02	0.5	0.27	0.05	0.73	0.5	0.73	0.5	0.73	0.73	0.5	0.12	0.5	0.99	0.98	0.27	0.3375	0.335	0.595	0.47125	0.08625	0.38625	0.505	0.37625	0.45125	0.15125	0.2075	0.4625	0.34875	0.41625	0.3725	0.34	0.28125	0.26	0.27875	0.23125	3.8	3.16667	0.88	-0.428571	-0.766667	0.2005	0.128767	0.22604	0.3664	0.381933
0.12	0.27	0.12	0.27	0.27	0.27	0.5	0.05	0.27	0.5	0.95	0.5	0.73	0.5	0.12	0.27	0.5	0.05	0.12	0.73	0.36625	0.4525	0.51875	0.51375	0.08875	0.4625	0.5375	0.285	0.585	0.165	0.19375	0.51	0.36125	0.4925	0.48	0.3775	0.3375	0.3925	0.49375	0.20125	3.8	2	0.88	-0.371429	-0.9	0.1461	0.165633	0.27116	0.351343	0.379133
0.5	0.27	0.27	0.88	0.01	0.27	0.5	0.02	0.73	0.05	0.02	0.27	0.02	0.05	1	0.12	0.12	0.73	0.27	0.27	0.3475	0.42375	0.48125	0.4375	0.125	0.49125	0.55625	0.28875	0.47125	0.225	0.31875	0.52	0.48125	0.54	0.3225	0.39625	0.41375	0.3125	0.49375	0.29	-1.6	-0.433333	-0.2	-0.1	-0.855556	0.1503	0.371867	0.36522	0.314743	0.373778
0.5	0.5	0.95	0.73	0.27	0.73	0.88	0.27	0.5	0.12	0.12	0.88	0.12	0.5	0.5	0.5	0.27	0.02	0.12	0.12	0.37625	0.48	0.34875	0.48375	0.18125	0.4625	0.50875	0.21	0.51875	0.21625	0.2875	0.5475	0.44	0.36625	0.40375	0.34875	0.4525	0.2975	0.455	0.35625	-3.5	-2.86667	-1.28	-0.871429	-0.266667	0.8192	0.493167	0.3926	0.3901	0.326889
0.27	0.5	0.73	0.95	0.05	0.88	0.88	0.27	0.27	0.12	0.12	0.88	0.5	0.05	0.12	0.5	0.5	0.27	0.12	0.27	0.3575	0.55625	0.4325	0.51875	0.205	0.47125	0.56625	0.21375	0.60375	0.20375	0.275	0.62375	0.28875	0.3	0.56125	0.405	0.4525	0.25375	0.37	0.31	-3.5	-2.86667	-2.74	-1.15714	-0.866667	0.51	0.555533	0.47682	0.385971	0.338989
0.5	0.5	0.27	0.5	0.27	0.5	0.5	0.27	0.88	0.12	0.12	0.5	0.12	0.5	0.98	0.5	0.5	0.12	0.88	0.27	0.3475	0.48	0.4775	0.5625	0.26625	0.4625	0.58625	0.21	0.47	0.26	0.3025	0.62375	0.355	0.24375	0.3975	0.405	0.4525	0.155	0.18625	0.38625	-1.6	-2.86667	-2.06	-2.2	-0.822222	0.3374	0.471533	0.48108	0.386329	0.317389
0.5	0.5	0.73	0.88	0.05	0.73	0.88	0.5	0.5	0.05	0.12	0.73	0.27	0.05	0.12	0.73	0.5	0.05	0.27	0.27	0.395	0.4525	0.4075	0.48375	0.3225	0.40625	0.4825	0.20875	0.48625	0.32875	0.29375	0.53875	0.3075	0.27125	0.49625	0.3575	0.42375	0.16375	0.28125	0.405	-3.5	-1.1	-2.06	-1.37143	-0.744444	0.5672	0.358733	0.34696	0.365729	0.302167
0.5	0.95	0.5	0.27	0.73	0.5	0.27	0.5	0.27	0.27	0.12	0.88	0.27	0.05	0.27	0.5	0.73	0.05	0.27	0.5	0.3475	0.365	0.405	0.45125	0.29875	0.4075	0.49875	0.2075	0.42625	0.3575	0.41375	0.48875	0.43	0.38375	0.355	0.37375	0.38625	0.07875	0.2625	0.37625	1.8	-1.73333	-0.52	-0.228571	-0.355556	0.1716	0.2958	0.24618	0.25	0.285678
0.12	0.73	0.5	0.5	0.02	0.27	0.73	0.05	0.95	0.02	0.02	0.73	0.05	0.02	1	0.5	0.5	0.02	0.05	0.05	0.3475	0.3325	0.28875	0.3325	0.3875	0.3475	0.33375	0.23125	0.28	0.4975	0.52125	0.4	0.505	0.3875	0.20375	0.3175	0.39625	0.0825	0.28125	0.54	-3.5	0.833333	0.7	0.542857	0.455556	0.1486	0.108767	0.18052	0.177414	0.195033
0.27	0.12	0.02	0.02	0.73	0.05	0.05	0.02	0.27	0.95	0.95	0.12	0.88	0.73	0.05	0.12	0.5	0.05	0.27	0.88	0.4175	0.3525	0.26375	0.28	0.4025	0.29875	0.315	0.32375	0.33375	0.38125	0.3925	0.3725	0.345	0.295	0.31375	0.39375	0.34875	0.0475	0.24125	0.4175	4.2	1.73333	1.78	1.31429	1.04444	0.0061	0.0546	0.06746	0.1297	0.139233
0.5	0.05	0.02	0.02	0.5	0.05	0.05	0.27	0.02	0.98	0.88	0.05	0.5	0.27	0.05	0.12	0.27	0.05	0.27	0.88	0.43625	0.30125	0.23625	0.22375	0.4	0.2425	0.25875	0.3825	0.2575	0.365	0.3925	0.325	0.41125	0.2925	0.31	0.365	0.40625	0.035	0.13375	0.38625	4.5	3.53333	2.18	2.07143	1.14444	0.0091	0.0057	0.03382	0.0497857	0.117833
0.12	0.02	0.02	0.01	0.5	0.05	0.02	0.01	0.02	0.5	0.98	0.02	1	0.95	0.02	0.02	0.05	0.05	0.12	0.27	0.4275	0.24375	0.15125	0.1175	0.395	0.15375	0.15375	0.4775	0.19625	0.41875	0.365	0.24	0.31625	0.20125	0.3	0.2925	0.37375	0.03	0.12	0.42875	1.9	3.4	3.24	1.71429	1.48889	0.0019	0.0048	0.00566	0.0459571	0.0848778
0.12	0.02	0.02	0.01	0.27	0.02	0.02	0.01	0.01	0.99	0.88	0.02	0.5	0.5	0.02	0.05	0.12	0.02	0.05	0.98	0.4275	0.14	0.095	0.09	0.36625	0.10125	0.12625	0.42125	0.16625	0.43375	0.3775	0.13625	0.36	0.2575	0.2725	0.3175	0.3975	0.03	0.11	0.36875	3.8	2.5	2.26	2.15714	1.21111	0.0034	0.00436667	0.0334	0.0633857	0.0863889
0.98	0.05	0.05	0.05	0.88	0.27	0.05	0.98	0.02	0.12	0.02	0.05	0.05	0.02	0.05	0.73	0.12	0.02	0.02	0.12	0.33875	0.045	0.03125	0.02375	0.2875	0.0375	0.0325	0.41875	0.0475	0.54	0.4825	0.0425	0.41	0.315	0.145	0.17625	0.33625	0.0275	0.1075	0.47	1.8	1.63333	1.28	1.45714	1.55556	0.0078	0.052	0.0857	0.0889714	0.0721556
0.88	0.02	0.05	0.05	0.02	0.05	0.05	0.99	0.02	0.02	0.05	0.05	0.27	0.02	0.95	0.27	0.73	0.02	0.02	0.02	0.3325	0.03625	0.03	0.0225	0.36625	0.07375	0.02875	0.41625	0.01625	0.5575	0.47	0.03	0.3825	0.315	0.02875	0.23375	0.23125	0.02375	0.08	0.4825	-0.7	0.233333	0.76	0.757143	1.58889	0.1448	0.141067	0.12236	0.0906	0.0733111
0.05	0.01	0.05	0.02	0.01	0.02	0.01	1	0.01	0	0	0.02	0.01	0	0.01	0.05	0.02	0.01	0.01	0	0.49625	0.03375	0.06125	0.03	0.31125	0.0775	0.03375	0.415	0.0175	0.44375	0.36875	0.03375	0.35875	0.285	0.2025	0.3375	0.40875	0.02	0.05	0.39	-0.4	-0.6	-0.08	1.12857	1.28889	0.2706	0.2002	0.12578	0.0926857	0.0767889
0.5	0.12	0.05	0.05	0.27	0.05	0.05	0.05	0.02	0.88	0.12	0.05	0.12	0.05	0.05	0.73	0.99	0.02	0.12	0.73	0.43125	0.01875	0.06	0.02625	0.21625	0.07	0.02875	0.535	0.015	0.27375	0.23125	0.03	0.22125	0.19375	0.32	0.265	0.28375	0.0125	0.03625	0.2675	-0.7	-0.5	0.46	0.842857	0.9	0.1852	0.158767	0.12752	0.0979714	0.0783
0.27	0	0.02	0.01	0	0.01	0.01	1	0.01	0	0	0.01	0	0	0.01	0.05	0.01	0	0	0	0.46	0.03375	0.06375	0.045	0.23125	0.07875	0.03375	0.44875	0.02125	0.37	0.24625	0.035	0.29875	0.26	0.3375	0.35	0.40625	0.0275	0.13625	0.29875	-0.4	1.13333	0.96	0.357143	0.688889	0.0205	0.0740667	0.10664	0.0990714	0.0783556
0.12	0.02	0.01	0.01	0.5	0.12	0.02	0.01	0.02	0.99	0.88	0.02	0.88	0.73	0.02	0.12	0.27	0.02	0.05	0.88	0.37125	0.1475	0.065	0.05375	0.0925	0.065	0.04125	0.4525	0.0325	0.29375	0.225	0.09	0.27375	0.22875	0.33625	0.265	0.37375	0.085	0.25	0.265	4.5	1.96667	0.72	0.728571	-0.0111111	0.0165	0.0258	0.05562	0.0789429	0.0817889
0.98	0.02	0.27	0.05	0.05	0.05	0.05	0.27	0.02	0.05	0.02	0.05	0.05	0.01	0.5	0.73	0.98	0.01	0.02	0.12	0.26375	0.16	0.0325	0.0575	0.20875	0.19	0.065	0.3875	0.045	0.41	0.3275	0.095	0.34625	0.3175	0.19125	0.27875	0.20875	0.085	0.2575	0.36	1.8	1.56667	1.24	0.142857	-0.0111111	0.0404	0.0241333	0.01936	0.0458143	0.0674111
0.05	0.01	0.01	0.01	0	0.02	0.02	0.02	0.01	0.02	0	0.02	0.01	0.27	1	0.12	0.02	0	0.12	0.02	0.38875	0.16125	0.06	0.06125	0.21625	0.19375	0.06875	0.295	0.155	0.5325	0.44	0.0975	0.47375	0.40875	0.12875	0.35125	0.34125	0.0875	0.335	0.46375	-1.6	0.7	0.42	0.142857	-0.111111	0.0155	0.0199333	0.023	0.0215571	0.0380333
0.12	0.02	0.02	0.12	0.12	0.05	0.02	0.27	0.05	0.88	0.88	0.02	1	0.98	0.12	0.05	0.12	0.12	0.73	0.5	0.38	0.15125	0.05375	0.04375	0.1825	0.18625	0.06875	0.25875	0.14875	0.4375	0.4375	0.09375	0.45375	0.32875	0.23375	0.275	0.21125	0.18875	0.24625	0.40375	1.9	-1.4	-0.62	0.0142857	0.388889	0.0039	0.0193667	0.02278	0.0195143	0.0179222
0.12	0.98	0.05	0.12	0.27	0.27	0.12	0.02	0.12	0.5	0.73	0.5	0.73	0.5	0.05	0.12	0.12	0.5	0.98	0.73	0.36125	0.15	0.11	0.07625	0.165	0.28125	0.14625	0.1675	0.24875	0.49125	0.49	0.1425	0.5025	0.4225	0.24375	0.26625	0.225	0.25125	0.24875	0.3775	-4.5	-1.1	-1.24	-0.0857143	0.333333	0.0387	0.0193333	0.01594	0.0177571	0.0332
0.88	0.12	0.05	0.12	0.5	0.98	0.27	0.73	0.12	0.01	0.01	0.12	0.02	0.01	0.27	0.99	0.12	0.01	0.05	0.02	0.36125	0.3175	0.12375	0.185	0.07625	0.2875	0.24375	0.08375	0.36875	0.435	0.47625	0.25	0.49625	0.4075	0.22	0.23375	0.25375	0.3725	0.42125	0.3625	-0.7	-2.16667	-0.16	-0.471429	-0.666667	0.0154	0.0201	0.01368	0.0345571	0.0543556
0.12	0.01	0.01	0.01	0.02	0.02	0.01	0.01	0.88	0.95	0.88	0.01	0.99	0.99	0.01	0.02	0.12	0.02	0.73	0.73	0.39625	0.4475	0.10125	0.195	0.16375	0.46375	0.27625	0.14625	0.2775	0.43	0.475	0.29125	0.46	0.29875	0.205	0.27	0.14625	0.37625	0.34875	0.35	-1.3	0.6	-0.72	-0.885714	-0.655556	0.0062	0.0086	0.0445	0.0619	0.0568333
0.5	0.05	0.01	0.02	0.12	0.02	0.05	0.01	0.01	0.98	0.98	0.02	0.95	0.12	0.01	0.05	0.05	0.95	0.02	0.73	0.43375	0.45625	0.115	0.19875	0.1575	0.495	0.3025	0.15875	0.4	0.515	0.58125	0.32125	0.52625	0.48375	0.08625	0.26625	0.24375	0.26625	0.45625	0.43875	3.8	0.533333	-0.72	-0.885714	-0.166667	0.0042	0.0561333	0.07814	0.0703	0.0662778
0.12	0.95	0.5	0.27	0.01	0.99	0.73	0.02	0.88	0.05	0.27	0.88	0.12	0.27	0.02	0.05	0.12	0.88	0.27	0.02	0.5575	0.4325	0.11375	0.215	0.1625	0.45875	0.2775	0.1575	0.37625	0.5275	0.575	0.33	0.5675	0.405	0.10375	0.3225	0.2825	0.35125	0.3675	0.48	-0.9	-0.533333	-0.2	0.157143	-0.811111	0.158	0.123033	0.0876	0.0791286	0.115167
0.88	0.5	0.12	0.88	0.02	0.88	0.95	0.05	0.98	0.05	0.05	0.5	0.12	0.12	0.05	0.73	0.5	0.5	0.5	0.05	0.48125	0.4575	0.2775	0.2425	0.1425	0.54875	0.32625	0.16625	0.41125	0.47125	0.545	0.3775	0.49125	0.37625	0.1	0.25625	0.235	0.33875	0.2225	0.39125	-4.5	-1.16667	0.62	-0.3	-0.7	0.2069	0.142533	0.10646	0.140343	0.163044
0.5	0.95	0.05	0.02	0.27	0.5	0.05	0.05	0.05	0.95	0.88	0.27	0.73	0.12	0.12	0.05	0.12	0.05	0.12	0.73	0.48125	0.44875	0.37125	0.36875	0.0825	0.58375	0.4675	0.1375	0.54625	0.39125	0.47375	0.4825	0.475	0.39	0.17625	0.28	0.30125	0.4275	0.27875	0.3375	1.9	0.0666667	-0.92	-0.614286	-0.422222	0.0627	0.123367	0.1944	0.206543	0.209144
0.73	0.12	0.12	0.05	0.05	0.27	0.27	0.12	0.12	0.73	0.95	0.27	0.5	0.88	0.05	0.12	0.73	0.05	0.27	0.73	0.5	0.61375	0.4525	0.455	0.1225	0.70125	0.54875	0.16125	0.54625	0.315	0.37	0.5725	0.41375	0.18625	0.275	0.33125	0.24375	0.45875	0.2025	0.28	2.8	0.266667	-1.44	-0.9	-0.666667	0.1005	0.202367	0.25672	0.267414	0.2676
0.73	0.73	0.5	0.5	0.05	0.73	0.5	0.27	0.73	0.05	0.12	0.95	0.5	0.5	0.27	0.5	0.5	0.73	0.27	0.12	0.4525	0.64125	0.46625	0.51875	0.11375	0.7325	0.57625	0.15625	0.56	0.2925	0.36625	0.57625	0.31	0.23375	0.30875	0.36875	0.32875	0.26125	0.215	0.28	-3.9	-1.53333	-0.18	-1.27143	-1.58889	0.4439	0.338	0.3014	0.320886	0.327467
0.27	0.73	0.98	0.95	0.12	0.88	0.73	0.12	0.5	0.05	0.27	0.5	0.12	0.12	0.05	0.27	0.12	0.02	0.05	0.05	0.5575	0.585	0.40625	0.52	0.1375	0.68125	0.5475	0.235	0.54125	0.32	0.3475	0.61375	0.37625	0.28125	0.3675	0.45375	0.42375	0.27375	0.27125	0.34875	-3.5	-1.86667	-1.26	-1.27143	-1.28889	0.4696	0.447933	0.39532	0.3689	0.376567
0.5	0.5	0.73	0.27	0.27	0.88	0.5	0.5	0.27	0.27	0.27	0.73	0.5	0.12	0.95	0.5	0.27	0.27	0.12	0.27	0.48125	0.6425	0.485	0.52875	0.17875	0.63375	0.52	0.24375	0.48125	0.32	0.375	0.585	0.3475	0.3	0.2825	0.39625	0.46125	0.195	0.23375	0.3775	1.8	-1.73333	-2.72	-1.28571	-0.588889	0.4303	0.4774	0.48382	0.445643	0.407889
0.5	0.5	0.73	0.73	0.12	0.73	0.88	0.27	0.95	0.12	0.12	0.73	0.27	0.12	0.73	0.5	0.27	0.27	0.27	0.27	0.4525	0.58625	0.58875	0.56	0.1975	0.68125	0.5575	0.32875	0.48125	0.25375	0.3175	0.66125	0.3475	0.3475	0.3575	0.4525	0.50875	0.28	0.23375	0.30125	-3.5	-2.06667	-1.58	-1.42857	-1.18889	0.5323	0.501867	0.51502	0.501114	0.457311
0.12	0.88	0.5	0.98	0.05	0.73	0.5	0.12	0.73	0.12	0.12	0.73	0.12	0.12	0.5	0.73	0.5	0.05	0.12	0.12	0.5	0.5575	0.665	0.585	0.215	0.71	0.63375	0.395	0.585	0.25375	0.26125	0.69	0.395	0.3	0.47125	0.4425	0.45125	0.31625	0.2525	0.29125	-4.5	-2.06667	-0.52	-1.37143	-1.67778	0.543	0.5584	0.51886	0.5102	0.505689
0.5	0.5	0.5	0.73	0.27	0.73	0.73	0.5	0.5	0.27	0.27	0.73	0.27	0.27	0.27	0.5	0.5	0.27	0.5	0.5	0.42375	0.57625	0.69375	0.645	0.215	0.71	0.63375	0.37625	0.6325	0.2625	0.26125	0.63375	0.3475	0.2525	0.5	0.5	0.45125	0.2125	0.23375	0.29125	1.8	-0.3	-1.58	-1.1	-1.63333	0.5999	0.5439	0.5343	0.519671	0.517411
0.5	0.73	0.5	0.27	0.5	0.5	0.5	0.5	0.27	0.27	0.27	0.5	0.27	0.27	0.27	0.5	0.95	0.12	0.27	0.5	0.4525	0.51875	0.63375	0.64625	0.28125	0.69125	0.605	0.4525	0.69	0.29	0.26125	0.6625	0.36625	0.32875	0.5275	0.52875	0.4425	0.29125	0.3475	0.31875	1.8	0.0333333	-1.2	-1.85714	-1.38889	0.4888	0.532067	0.53502	0.536686	0.5217
0.27	0.5	0.88	0.73	0.27	0.73	0.73	0.5	0.73	0.27	0.27	0.88	0.5	0.5	0.5	0.5	0.5	0.73	0.27	0.12	0.48125	0.5475	0.5575	0.58875	0.31	0.64375	0.57625	0.48125	0.6325	0.29	0.26125	0.63375	0.3375	0.31875	0.4425	0.52875	0.55625	0.19625	0.395	0.36625	-3.5	-1.1	-1	-1.54286	-1.97778	0.5075	0.510733	0.5363	0.533243	0.532478
0.73	0.27	0.5	0.5	0.12	0.5	0.5	0.5	0.73	0.73	0.5	0.5	0.73	0.5	0.73	0.27	0.5	0.12	0.27	0.5	0.42375	0.605	0.5475	0.56	0.405	0.64375	0.5575	0.48125	0.57625	0.25125	0.25125	0.68125	0.30875	0.395	0.385	0.5575	0.61375	0.25375	0.42375	0.3475	-1.6	-2.86667	-1.62	-1.4	-1.27778	0.5359	0.530933	0.51796	0.531	0.521011
0.5	0.5	0.73	0.73	0.27	0.73	0.73	0.5	0.88	0.27	0.27	0.5	0.27	0.27	0.27	0.73	0.5	0.12	0.5	0.5	0.47125	0.52875	0.51875	0.47125	0.395	0.58625	0.52875	0.5575	0.52875	0.35625	0.3275	0.68125	0.41375	0.47125	0.47125	0.47125	0.61375	0.2625	0.41375	0.395	-3.5	-2.13333	-2.68	-1.25714	-1.21111	0.5494	0.531167	0.52566	0.5066	0.511156
0.5	0.5	0.5	0.5	0.88	0.5	0.27	0.73	0.73	0.27	0.27	0.5	0.27	0.73	0.27	0.5	0.5	0.5	0.73	0.27	0.47125	0.5575	0.57625	0.47125	0.31875	0.58625	0.52875	0.58875	0.5475	0.3375	0.30875	0.6525	0.41375	0.38625	0.47125	0.47125	0.585	0.1875	0.385	0.395	-1.3	-2.76667	-1.42	-2.07143	-1.45556	0.5082	0.5283	0.50998	0.501671	0.465556
0.5	0.5	0.5	0.27	0.27	0.73	0.5	0.73	0.27	0.27	0.27	0.88	0.5	0.27	0.5	0.5	0.73	0.12	0.5	0.27	0.4425	0.52875	0.57625	0.52875	0.33875	0.58625	0.52875	0.54125	0.6625	0.31875	0.30875	0.66125	0.36625	0.4725	0.5275	0.47125	0.47125	0.22625	0.395	0.36625	-3.5	-0.666667	-1.88	-1.62857	-1.34444	0.5273	0.4882	0.49366	0.456243	0.448189
0.5	0.73	0.27	0.27	0.73	0.5	0.5	0.27	0.5	0.27	0.27	0.73	0.27	0.73	0.5	0.5	0.73	0.12	0.5	0.5	0.47125	0.4525	0.58625	0.4525	0.31	0.5575	0.4525	0.55125	0.57625	0.395	0.30875	0.585	0.455	0.38625	0.48	0.4425	0.5	0.1375	0.395	0.44125	2.8	-1.53333	-1.26	-1	-1.04444	0.4291	0.470233	0.42168	0.427186	0.392656
0.27	0.5	0.5	0.5	0.12	0.5	0.5	0.73	0.5	0.5	0.5	0.73	0.5	0.5	0.73	0.5	0.5	0.12	0.27	0.5	0.415	0.48125	0.51	0.37625	0.405	0.50125	0.405	0.43375	0.6075	0.36625	0.25125	0.55625	0.36875	0.44375	0.3625	0.4425	0.5575	0.2475	0.50875	0.47	-3.9	-0.5	-0.44	-0.614286	-0.966667	0.4543	0.357633	0.38654	0.3498	0.336144
0.5	0.73	0.73	0.5	0.27	0.5	0.27	0.98	0.5	0.12	0.12	0.5	0.27	0.05	0.27	0.27	0.27	0.05	0.5	0.27	0.3575	0.39125	0.39125	0.28625	0.355	0.425	0.34375	0.34125	0.49875	0.47125	0.38875	0.52375	0.42625	0.57625	0.3875	0.38625	0.53875	0.3325	0.4325	0.49875	-0.4	-0.5	0.1	-0.557143	-0.155556	0.1895	0.325433	0.28262	0.2811	0.275344
0.27	0.5	0.5	0.5	0.05	0.73	0.73	0.12	0.73	0.12	0.27	0.95	0.12	0.5	0.95	0.5	0.27	0.05	0.12	0.27	0.32625	0.35875	0.3575	0.22375	0.30625	0.335	0.2525	0.36	0.4125	0.55625	0.37	0.40625	0.445	0.5525	0.3025	0.29625	0.51	0.3925	0.51125	0.58375	2.8	0.533333	-0.64	0.485714	0.455556	0.3325	0.176567	0.20226	0.206086	0.219856
0.5	0.12	0.73	0.12	0.5	0.27	0.12	0.12	0.27	0.88	0.27	0.12	0.98	0.27	0.12	0.27	0.73	0.02	0.27	0.95	0.2375	0.345	0.28125	0.24375	0.23125	0.3075	0.2675	0.27	0.55875	0.43375	0.39875	0.40125	0.29	0.6725	0.345	0.26375	0.3675	0.50375	0.555	0.4675	-0.8	0.366667	0.9	0.685714	1.15556	0.0077	0.1225	0.11184	0.146043	0.163011
0.05	0.27	0.12	0.12	0.27	0.05	0.12	0.02	0.98	0.73	0.27	0.27	0.27	0.73	0.02	0.27	0.73	1	0.95	0.73	0.35	0.2375	0.33	0.21125	0.27875	0.27375	0.20625	0.37375	0.40875	0.42125	0.36625	0.2925	0.34625	0.5575	0.29625	0.235	0.2825	0.3675	0.40875	0.43375	-0.9	0.7	1.82	1.64286	0.8	0.0273	0.0124	0.0757	0.0833857	0.128433
0.27	0.01	0.01	0.01	0.02	0.12	0.01	0.01	0.01	0.73	0.99	0.01	0.5	0.88	0.01	0.05	0.12	0.73	0.12	0.5	0.4075	0.21	0.405	0.1775	0.42	0.205	0.16	0.29875	0.47	0.365	0.21625	0.23625	0.27	0.53875	0.20875	0.23375	0.33	0.3875	0.49375	0.49125	3.8	2.36667	1.82	1.64286	1.7	0.0022	0.0127667	0.01234	0.0731571	0.0873111
0.02	0.01	0	0	0.27	0.01	0	0.02	0.27	0.95	0.27	0.01	0.27	0.99	0.27	0.01	0.27	0.98	0.98	0.95	0.39125	0.24375	0.34875	0.11875	0.355	0.2475	0.16125	0.1775	0.4375	0.32875	0.29375	0.28375	0.2675	0.525	0.205	0.2075	0.2925	0.35125	0.325	0.435	4.2	3.6	1.9	1.84286	1.56667	0.0088	0.0089	0.03438	0.0376857	0.104011
0.02	0.01	0.12	0.05	0.12	0.05	0.01	0.01	0.98	0.05	0.5	0.01	0.12	1	0.01	0.01	0.05	0.98	1	0.02	0.36375	0.24375	0.39375	0.1125	0.40125	0.185	0.08375	0.17	0.34875	0.42875	0.23375	0.2275	0.27375	0.52375	0.125	0.26375	0.40875	0.3475	0.37	0.52	2.8	2.2	2.92	1.72857	1.17778	0.0157	0.0474667	0.04576	0.0851286	0.0902889
0.95	0.02	0.05	0.01	0.88	0.01	0.01	1	0.01	0.02	0.01	0.01	0.01	0.27	0.01	0.27	0.05	0.01	0.01	0.01	0.2475	0.31875	0.32625	0.19375	0.25875	0.2475	0.1875	0.065	0.45125	0.32875	0.27625	0.30375	0.18	0.5875	0.20125	0.28875	0.40875	0.46875	0.49375	0.4175	-0.4	2.2	1.84	1.75714	1.18889	0.1179	0.0726	0.11328	0.111086	0.134778
0.95	0.02	0.99	0.12	1	0.02	0.02	0.12	0.02	0.05	0.02	0.02	0.12	0.5	0.02	0.27	0.27	0.01	0.12	0.73	0.275	0.395	0.25625	0.28375	0.2725	0.33125	0.29	0.20625	0.36125	0.23625	0.24375	0.37875	0.13875	0.47375	0.2125	0.3175	0.32375	0.345	0.3675	0.2425	4.2	0.733333	0.86	1.11429	1.11111	0.0842	0.180633	0.15332	0.169071	0.175156
0.12	1	0.27	0.02	0	0.73	0.27	0.02	0.5	0.05	0.02	0.88	0.02	0.05	0.5	0.02	0.12	0.01	0.01	0.27	0.36	0.2775	0.37875	0.42	0.40125	0.2425	0.37625	0.22375	0.39125	0.14625	0.1225	0.2725	0.095	0.42125	0.1575	0.405	0.3425	0.25375	0.3725	0.3	-1.6	0.633333	0.16	0.285714	0.3	0.3398	0.211	0.2318	0.223629	0.186867
0.05	0.5	0.98	0.5	0.27	0.27	0.12	0.05	0.73	0.02	0.02	0.5	0.02	0.5	0.05	0.95	0.98	0.02	0.5	0.02	0.38125	0.3725	0.32375	0.375	0.34875	0.31375	0.41	0.22375	0.45125	0.15	0.19875	0.325	0.1525	0.36	0.18625	0.3025	0.21625	0.13625	0.29875	0.275	-0.7	-1	-0.08	-0.614286	0.333333	0.209	0.318967	0.28636	0.236757	0.197167
0.5	0.73	0.12	0.73	0.12	0.73	0.95	0.27	0.12	0.05	0.12	0.73	0.12	0.05	0.73	0.73	0.73	0.02	0.27	0.12	0.41375	0.345	0.4175	0.34125	0.35875	0.2525	0.3075	0.1975	0.4075	0.25	0.24625	0.2975	0.1875	0.41	0.115	0.335	0.25625	0.02	0.3125	0.29375	-0.7	-1	-1.62	0.0857143	0.444444	0.4081	0.335933	0.29104	0.234414	0.200056
0.27	0.88	0.5	0.95	0.5	0.73	0.95	0.27	0.27	0.02	0.02	0.88	0.05	0.05	0.12	0.5	0.27	0.01	0.05	0.05	0.33	0.33875	0.36625	0.315	0.26375	0.25375	0.30875	0.07375	0.4025	0.26625	0.3675	0.27875	0.305	0.5	0.19125	0.33125	0.31375	0.13	0.46375	0.3075	-1.6	-1.93333	-0.4	0.0285714	0.344444	0.3907	0.302133	0.24338	0.228343	0.194944
0.12	0.05	0.27	1	0.05	0.12	0.95	0.05	0.73	0.01	0.02	0.02	0.05	0.01	0.05	0.5	0.12	0	0.05	0.5	0.26375	0.5625	0.2775	0.3275	0.20125	0.4375	0.41625	0.10125	0.405	0.2675	0.39875	0.50625	0.32375	0.44875	0.2125	0.3125	0.31375	0.13625	0.455	0.19375	-3.5	-0.2	0.5	0.0714286	-0.555556	0.1076	0.199933	0.20992	0.190071	0.222622
0.12	0.27	0.27	0.12	0.12	0.12	0.12	0.05	0.98	0.95	0.88	0.05	0.73	0.95	0.05	0.12	0.12	0.05	0.88	0.5	0.31125	0.425	0.2775	0.5575	0.19875	0.4375	0.60875	0.105	0.345	0.14625	0.29125	0.5025	0.23875	0.32625	0.165	0.39125	0.31375	0.135	0.3525	0.19375	4.5	1.6	0.38	-0.385714	-0.766667	0.1015	0.0836	0.14268	0.207829	0.259944
0.73	0.02	0.01	0.01	0.05	0.02	0.02	0.02	0.02	0.88	0.98	0.02	0.5	0.95	0.12	0.05	0.12	0.05	0.88	0.27	0.235	0.45625	0.2025	0.6	0.17375	0.47875	0.73125	0.1025	0.465	0.15375	0.2825	0.4775	0.28	0.27875	0.1525	0.28375	0.20625	0.22375	0.29125	0.22	3.8	2.33333	-0.08	-0.785714	-1.07778	0.0417	0.0717	0.1312	0.246057	0.266067
0.05	0.12	0.02	0.02	0.5	0.02	0.02	0.01	0.12	0.12	0.88	0.01	0.88	0.99	0.01	0.01	0.05	0.88	1	0.05	0.26	0.35375	0.18625	0.5075	0.10875	0.39375	0.61375	0.07	0.44375	0.3525	0.4025	0.39375	0.30875	0.39	0.07625	0.19875	0.12625	0.2425	0.305	0.32375	-1.3	-0.466667	-0.08	-1.05714	-0.577778	0.0719	0.148967	0.24482	0.227971	0.222544
0.27	0.98	0.05	0.27	0.05	0.88	0.88	0.12	0.5	0.05	0.27	0.98	0.27	0.05	0.12	0.12	0.12	0.05	0.05	0.27	0.26125	0.19875	0.1825	0.48	0.10375	0.305	0.51	0.02875	0.3775	0.37375	0.49125	0.25375	0.385	0.50375	0.0625	0.15625	0.1175	0.34625	0.42	0.29625	-3.9	-2.9	-1.68	-0.0142857	-0.788889	0.3333	0.3603	0.27734	0.214943	0.230778
0.5	0.12	0.27	0.98	0.05	0.73	0.98	0.05	0.27	0.02	0.02	0.88	0.02	0.01	0.12	0.27	0.12	0.05	0.02	0.27	0.3275	0.3625	0.18375	0.3575	0.1	0.4275	0.4975	0.065	0.40625	0.37875	0.52625	0.37375	0.44375	0.50875	0.05875	0.1375	0.165	0.3475	0.42375	0.24	-3.5	-3.63333	-1.68	-1.15714	-0.788889	0.6757	0.424367	0.27228	0.266843	0.272567
0.05	0.5	0.12	0.73	0	0.5	1	0	0.73	0.01	0.05	0.27	0.12	0.12	0.02	0.02	0.12	0.73	0.01	0	0.4025	0.2875	0.175	0.37625	0.09375	0.44375	0.48625	0.06625	0.26	0.3525	0.535	0.44625	0.45	0.48625	0.0675	0.15625	0.15625	0.38	0.43375	0.245	-3.5	-1.06667	-2.12	-2.2	-0.788889	0.2641	0.318733	0.35086	0.329986	0.269622
0.02	0.01	0	0	0.05	0.05	0.01	0	0.05	0.88	0.98	0.05	0.73	0.98	0.01	0.01	0.02	1	0.5	0.73	0.43375	0.40875	0.195	0.48125	0.115	0.6075	0.69875	0.12625	0.405	0.1675	0.33	0.53375	0.32625	0.26625	0.06875	0.185	0.1875	0.355	0.2775	0.21125	3.8	-1.06667	-2.04	-1.37143	-1.6	0.0164	0.248433	0.38094	0.330429	0.300644
0.5	0.5	0.5	0.98	0.01	0.88	0.98	0.05	0.12	0.12	0.12	0.73	0.05	0.02	0.12	0.27	0.27	0.01	0.02	0.05	0.4775	0.395	0.22125	0.41875	0.06375	0.61125	0.685	0.13375	0.415	0.25375	0.3425	0.56625	0.335	0.26875	0.06	0.21375	0.18375	0.37125	0.215	0.305	-3.5	-1.06667	-0.44	-1.31429	-1.84444	0.4648	0.321633	0.2608	0.328657	0.380267
0.88	0.5	0.5	0.73	0.02	0.95	0.95	0.27	0.73	0.02	0.05	0.88	0.27	0.01	0.02	0.5	0.5	0.01	0.05	0.05	0.45875	0.36375	0.2775	0.5075	0.0625	0.58375	0.68875	0.10625	0.33875	0.275	0.32375	0.54375	0.28875	0.26625	0.0725	0.2325	0.23125	0.3675	0.21125	0.28625	-3.5	-0.833333	-0.44	-1.31429	-1.84444	0.4837	0.341167	0.27216	0.344771	0.401656
0.27	0.05	0.05	0.02	0.02	0.02	0.05	0.01	0.27	0.73	0.98	0.02	0.88	0.88	0.02	0.02	0.05	0.99	0.95	0.27	0.50625	0.43875	0.3625	0.48875	0.0625	0.62375	0.69375	0.2425	0.48625	0.19875	0.23875	0.55625	0.24375	0.275	0.06375	0.27375	0.27875	0.33	0.21875	0.24	4.5	-0.833333	-1.9	-1.37143	-1.6	0.075	0.2932	0.42658	0.382157	0.3585
0.95	0.5	0.05	0.12	0.27	0.88	0.73	0.5	0.5	0.27	0.27	0.5	0.12	0.05	0.12	0.27	0.27	0.12	0.12	0.73	0.4775	0.335	0.43875	0.4475	0.0375	0.46875	0.49875	0.215	0.42875	0.3175	0.355	0.55375	0.33875	0.37	0.1725	0.27375	0.25125	0.35	0.3275	0.27375	-3.5	-0.833333	-1.98	-2.1	-1.38889	0.3209	0.3948	0.43878	0.420857	0.384011
0.88	0.5	0.73	0.5	0.05	0.88	0.88	0.12	0.27	0.05	0.12	0.95	0.27	0.05	0.05	0.5	0.27	0.02	0.02	0.12	0.5175	0.3675	0.445	0.51875	0.065	0.525	0.58875	0.35375	0.46625	0.26875	0.31375	0.55375	0.2625	0.28125	0.21375	0.2775	0.2825	0.32875	0.2925	0.2925	-3.5	-3.63333	-1.54	-1.82857	-2.2	0.7885	0.545067	0.3995	0.424986	0.456489
0.5	0.73	0.5	0.73	0.05	0.73	0.88	0.12	0.5	0.12	0.05	0.95	0.12	0.02	0.12	0.5	0.73	0.02	0.05	0.12	0.5175	0.395	0.53375	0.40125	0.07875	0.54375	0.52875	0.3625	0.5325	0.2475	0.31375	0.5725	0.29	0.28875	0.1925	0.30625	0.2825	0.36125	0.2925	0.2925	-3.9	-2.9	-2.76	-1.82857	-2.2	0.5258	0.533867	0.48324	0.451414	0.436622
0.27	0.27	0.5	0.12	0.05	0.12	0.12	0.88	0.99	0.12	0.27	0.12	0.27	0.95	0.05	0.12	0.05	0.73	0.98	0.12	0.45125	0.405	0.4775	0.40125	0.13875	0.51625	0.51125	0.24875	0.38625	0.33625	0.39	0.5725	0.3	0.295	0.205	0.30625	0.33875	0.28625	0.2325	0.39625	-1.3	-2.26667	-2.76	-2.97143	-1.5	0.2873	0.4356	0.5528	0.481557	0.393522
0.5	0.12	0.73	0.5	0.05	0.12	0.12	0.27	0.5	0.5	0.27	0.73	0.12	0.05	0.99	0.27	0.12	0.02	0.05	0.73	0.40375	0.54	0.53375	0.385	0.13875	0.605	0.59625	0.33	0.5325	0.2125	0.27375	0.6125	0.215	0.3	0.0875	0.31875	0.415	0.25375	0.26375	0.30125	-1.6	-2.13333	-2.76	-2.07143	-2.5	0.4937	0.483233	0.4523	0.4494	0.421967
0.27	0.27	0.73	0.95	0.05	0.5	0.88	0.73	0.12	0.27	0.5	0.5	0.27	0.27	0.27	0.27	0.27	0.73	0.12	0.27	0.3475	0.47375	0.53	0.315	0.19625	0.45375	0.41625	0.21125	0.55125	0.32625	0.32125	0.585	0.2725	0.32875	0.16875	0.29125	0.39625	0.26	0.35	0.38625	-3.5	-2.86667	-1.42	-2.21429	-1.68889	0.6687	0.4828	0.3663	0.384043	0.401911
0.12	0.95	0.98	0.27	0.12	0.88	0.5	0.12	0.88	0.02	0.05	0.88	0.12	0.05	0.02	0.5	0.73	0.27	0.05	0.05	0.27125	0.3325	0.44125	0.4	0.19625	0.33	0.36875	0.275	0.54625	0.41375	0.39625	0.4525	0.26375	0.46875	0.2	0.2625	0.39625	0.4375	0.4475	0.49	-3.5	-1.4	-2.06	-1.11429	-1.37778	0.286	0.350167	0.37504	0.328986	0.328689
0.12	0.12	0.05	0.12	0.5	0.12	0.05	0.12	0.05	0.73	0.88	0.05	0.5	0.99	0.05	0.12	0.27	0.12	0.5	0.88	0.22375	0.35125	0.51	0.33	0.205	0.34875	0.32125	0.2625	0.67875	0.34375	0.34875	0.4525	0.21625	0.45875	0.2725	0.2625	0.48125	0.46	0.50875	0.48125	2.8	-1.73333	-0.98	-1.02857	-1.08889	0.0958	0.2376	0.30438	0.306443	0.293622
0.12	0.98	0.73	0.27	0.02	0.73	0.73	0.05	0.95	0.12	0.05	0.95	0.05	0.02	0.02	0.27	0.73	0.02	0.27	0.12	0.3125	0.21625	0.365	0.3025	0.35	0.26375	0.2275	0.17625	0.53375	0.4675	0.43375	0.33125	0.25375	0.5525	0.27625	0.2625	0.48	0.49125	0.44875	0.68	-4.5	0.7	-0.42	-0.985714	-0.744444	0.331	0.189067	0.19654	0.265943	0.264289
0.27	0.12	0.02	0.01	0.73	0.05	0.05	0.01	0.27	0.95	0.88	0.05	0.73	0.5	0.05	0.05	0.27	0.88	0.88	0.95	0.2375	0.31125	0.365	0.275	0.34625	0.33625	0.30375	0.15	0.59	0.3925	0.415	0.355	0.16875	0.60875	0.15125	0.2625	0.55625	0.5	0.485	0.60375	3.8	-0.466667	0.02	-0.228571	-0.0666667	0.1404	0.2003	0.18138	0.173743	0.224178
0.12	0.05	0.27	0.5	0.12	0.27	0.12	0.02	0.99	0.5	0.27	0.27	0.05	0.95	0.05	0.5	0.73	0.98	0.73	0.73	0.25625	0.30125	0.33375	0.21375	0.41875	0.26125	0.27625	0.06375	0.5	0.4175	0.43125	0.27125	0.2225	0.52125	0.12375	0.29625	0.55625	0.43	0.50375	0.6125	-0.7	0.6	-0.18	0.914286	0.233333	0.1295	0.160033	0.16688	0.151843	0.168589
0.12	0.05	0.12	0.02	0.5	0.12	0.05	0.02	0.73	0.27	0.5	0.12	0.12	0.88	0.73	0.12	0.95	0.05	0.99	0.88	0.25625	0.30625	0.32125	0.33125	0.35875	0.28	0.3325	0.055	0.485	0.44625	0.39875	0.27125	0.205	0.52625	0.0425	0.29625	0.47125	0.515	0.48	0.59	-1.3	-0.0666667	1.62	0.4	0.122222	0.2102	0.121	0.12722	0.162214	0.199067
0.98	0.05	0.02	0.05	0.73	0.05	0.05	0.12	0.73	0.5	0.12	0.05	0.12	0.73	0.05	0.27	0.5	0.88	0.27	0.95	0.19625	0.30625	0.3425	0.43125	0.27	0.33625	0.445	0.0425	0.54125	0.3325	0.35125	0.28875	0.1575	0.42375	0.24375	0.29625	0.50875	0.39875	0.51375	0.48625	1.8	1.66667	0.7	0.4	-0.577778	0.0233	0.122067	0.13282	0.194971	0.233678
0.05	0.02	0.02	0.02	0.73	0.02	0.05	0.02	0.27	0.73	0.95	0.02	0.12	0.98	0.02	0.05	0.27	0.95	0.95	0.95	0.33125	0.22125	0.285	0.4925	0.27	0.37125	0.445	0.0825	0.48625	0.295	0.2475	0.2075	0.1575	0.405	0.36375	0.38125	0.5375	0.4025	0.3975	0.48625	4.5	1.83333	-0.06	-0.642857	-0.466667	0.1327	0.108133	0.21898	0.2331	0.247833
0.27	0.12	0.73	0.95	0.02	0.12	0.73	0.05	0.12	0.02	0.02	0.05	0.02	0.02	0.05	0.99	0.73	0.27	0.12	0.12	0.36125	0.20875	0.25625	0.4975	0.27	0.415	0.4725	0.16875	0.505	0.27125	0.25625	0.26	0.1125	0.46875	0.445	0.34875	0.48	0.37875	0.39375	0.4775	-0.8	-0.266667	-0.5	-1.04286	-1.32222	0.1684	0.287133	0.2584	0.280086	0.307178
0.12	0.99	0.73	0.73	0.02	0.88	0.88	0.05	0.5	0.02	0.02	0.73	0.05	0.02	0.05	0.12	0.27	0.02	0.12	0.02	0.38	0.10875	0.34125	0.5725	0.28875	0.39625	0.53	0.285	0.425	0.215	0.225	0.2325	0.1175	0.35125	0.45375	0.4575	0.48	0.28875	0.3175	0.405	-4.5	-2.93333	-1.56	-1.41429	-1.63333	0.5603	0.378667	0.34542	0.346414	0.342022
0.5	0.12	0.12	0.95	0.02	0.5	0.95	0.12	0.5	0.05	0.12	0.12	0.12	0.02	0.98	0.27	0.12	0.02	0.05	0.12	0.3325	0.22625	0.43625	0.63375	0.22875	0.44375	0.54875	0.28	0.33625	0.1925	0.15625	0.3275	0.09625	0.275	0.365	0.53375	0.41375	0.4075	0.23625	0.2975	-3.5	-3.83333	-3.24	-2.17143	-1.66667	0.4073	0.475333	0.45378	0.406386	0.376767
0.27	0.27	0.27	0.73	0.02	0.98	0.73	0.27	0.05	0.05	0.05	0.27	0.05	0.12	0.95	0.73	0.73	0.12	0.02	0.12	0.30125	0.26375	0.50625	0.765	0.17125	0.46875	0.66125	0.28	0.36375	0.16375	0.18375	0.4125	0.12375	0.205	0.39625	0.47625	0.36625	0.3	0.2975	0.19375	-3.5	-3.63333	-3.78	-3.04286	-2.25556	0.4584	0.5134	0.50872	0.462129	0.4551
0.73	0.12	0.5	0.98	0.02	0.5	0.95	0.73	0.27	0.05	0.02	0.5	0.27	0.05	0.73	0.73	0.27	0.01	0.02	0.05	0.3	0.295	0.5375	0.74625	0.11375	0.56	0.66125	0.34375	0.33625	0.0875	0.1025	0.415	0.115	0.10625	0.43625	0.485	0.42375	0.2575	0.28875	0.09875	-3.9	-3.63333	-3.2	-3.42857	-2.8	0.6745	0.525333	0.50124	0.542114	0.495333
0.12	0.12	0.95	0.88	0.27	0.88	0.73	0.95	0.73	0.05	0.02	0.73	0.12	0.01	0.12	0.5	0.27	0.01	0.12	0.05	0.405	0.37125	0.42375	0.7025	0.11375	0.56	0.68875	0.42	0.32625	0.1	0.13375	0.47125	0.165	0.17125	0.56875	0.4525	0.395	0.23875	0.32375	0.1175	-3.5	-3	-3.2	-2.84286	-2.75556	0.4431	0.546833	0.56544	0.532757	0.521356
0.12	0.12	0.27	0.73	0.02	0.12	0.27	0.05	0.02	0.12	0.05	0.27	0.02	0.27	0.95	0.88	0.27	1	0.27	0.12	0.42375	0.3575	0.42375	0.645	0.1575	0.6075	0.67	0.5325	0.38625	0.10375	0.13375	0.56125	0.17375	0.13875	0.465	0.4525	0.4525	0.175	0.2925	0.16875	-1.6	-2.86667	-2.58	-2.4	-2.75556	0.5229	0.564767	0.57272	0.532086	0.5089
0.5	0.5	0.73	0.88	0.27	0.73	0.73	0.27	0.5	0.27	0.27	0.88	0.27	0.27	0.27	0.27	0.73	0.12	0.73	0.12	0.32875	0.31	0.36625	0.57	0.12625	0.475	0.5	0.61375	0.27875	0.17	0.10625	0.50375	0.21875	0.13875	0.4425	0.51	0.41375	0.285	0.24375	0.245	-3.5	-1.83333	-1.88	-2.54286	-2.15556	0.7283	0.582	0.51834	0.530629	0.4799
0.5	0.12	0.5	0.12	0.27	0.27	0.27	0.99	0.27	0.12	0.27	0.27	0.27	0.12	0.12	0.12	0.27	0.5	0.88	0.12	0.2975	0.38625	0.37625	0.58	0.12625	0.41625	0.46875	0.49125	0.41125	0.18875	0.115	0.54875	0.2275	0.2675	0.37625	0.44375	0.41375	0.25625	0.3475	0.23625	-0.4	-1.43333	-2.08	-1.71429	-1.91111	0.4948	0.5419	0.51936	0.455171	0.476456
0.5	0.73	0.27	0.5	0.27	0.5	0.73	0.88	0.5	0.12	0.27	0.73	0.27	0.5	0.5	0.5	0.5	0.12	0.5	0.27	0.22125	0.2975	0.34875	0.41625	0.12625	0.34	0.295	0.415	0.36375	0.305	0.14625	0.435	0.20875	0.22875	0.27125	0.3075	0.3575	0.305	0.4075	0.33625	-0.4	-1.76667	-1.38	-1.4	-0.977778	0.4026	0.448533	0.44404	0.452929	0.406878
0.27	0.88	0.05	0.12	0.12	0.5	0.27	0.05	0.27	0.12	0.05	0.99	0.02	0.02	0.05	0.5	0.73	0.5	0.02	0.5	0.24125	0.2975	0.2725	0.36875	0.11375	0.35375	0.295	0.4025	0.42375	0.31375	0.205	0.345	0.2875	0.29375	0.315	0.27875	0.4175	0.25875	0.4675	0.30375	-4.5	-1	-0.94	-0.528571	-0.977778	0.4482	0.332367	0.38386	0.385129	0.381178
0.12	0.12	0.12	0.5	0.02	0.05	0.05	0.99	0.12	0.73	0.12	0.27	0.73	0.02	0.12	0.12	0.27	0.02	0.12	0.73	0.25125	0.38375	0.34	0.35375	0.13	0.48625	0.39875	0.34125	0.56375	0.225	0.1925	0.435	0.2025	0.26625	0.2025	0.23125	0.475	0.195	0.4275	0.26125	1.9	-1.3	0.04	-0.528571	-1.18889	0.1463	0.340633	0.29456	0.311343	0.356767
0.02	0.5	0.12	0.05	0.02	0.05	0.02	0.01	0.88	0.05	0.12	0.02	0.12	1	0.27	0.05	0.27	0.27	1	0.05	0.26375	0.38375	0.2825	0.315	0.11125	0.42875	0.37375	0.445	0.42125	0.33875	0.22125	0.4475	0.33625	0.20125	0.15625	0.24	0.39875	0.1825	0.26	0.44125	-1.3	1.7	-0.58	-0.971429	-1.3	0.4274	0.207333	0.2564	0.283971	0.294978
0.12	0.02	0.05	0.05	0.02	0.12	0.02	0.01	0.12	0.98	0.27	0.05	0.12	0.12	0.27	0.02	0.05	0.02	0.12	1	0.2225	0.43125	0.23125	0.30125	0.08	0.38875	0.3425	0.355	0.485	0.33	0.29125	0.4125	0.42125	0.35875	0.14375	0.235	0.42625	0.15375	0.26625	0.39875	4.5	-0.1	-0.38	-1.55714	-0.788889	0.0483	0.229167	0.2274	0.251057	0.241111
0.05	0.27	0.12	0.12	0.02	0.99	0.27	0.02	0.98	0.12	0.27	0.27	0.5	0.05	0.02	0.27	0.98	0.02	0.12	0.02	0.23125	0.4275	0.20375	0.26375	0.0525	0.30875	0.31125	0.25875	0.33	0.45625	0.34875	0.40375	0.43125	0.33875	0.1275	0.175	0.31	0.23	0.26625	0.5025	-3.5	-0.833333	-1.66	-0.314286	-0.544444	0.2118	0.187767	0.23258	0.188457	0.2442
0.05	0.05	0.88	0.99	0.05	0.73	0.88	0.5	0.99	0.02	0.02	0.27	0.05	0.05	0.12	0.12	0.27	0.01	0.05	0.01	0.23125	0.43625	0.13625	0.23125	0.03625	0.38875	0.325	0.2075	0.32875	0.45625	0.38875	0.37125	0.51875	0.3425	0.1425	0.14625	0.3225	0.17125	0.275	0.4475	-3.5	-3.83333	-0.56	-0.328571	-0.433333	0.3032	0.229067	0.1491	0.229043	0.261467
0.5	0.88	0.27	0.12	0.12	0.27	0.5	0.12	0.12	0.5	0.5	0.73	0.73	0.73	0.05	0.27	0.12	0.27	0.27	0.88	0.175	0.40875	0.31625	0.3875	0.04	0.53125	0.42875	0.14625	0.545	0.32	0.37625	0.3425	0.405	0.28875	0.17	0.1275	0.34125	0.1425	0.32375	0.2625	-4.5	-1.26667	-1.1	-0.642857	-1	0.1722	0.1618	0.22552	0.254214	0.274056
0.27	0.02	0.02	0.01	0.02	0.02	0.02	0.27	0.02	0.98	0.98	0.02	0.95	0.5	0.02	0.05	0.27	0.02	0.05	0.73	0.31125	0.4875	0.36625	0.4575	0.08375	0.59	0.52	0.2175	0.48125	0.31625	0.3925	0.49125	0.425	0.3025	0.155	0.24	0.3225	0.155	0.26	0.3375	4.2	0.5	-1.1	-1.74286	-0.655556	0.01	0.2042	0.30388	0.2844	0.244733
0.5	0.95	0.12	0.27	0.05	0.73	0.73	0.12	0.12	0.27	0.73	0.88	0.73	0.27	0.12	0.27	0.5	0.73	0.5	0.12	0.33	0.4025	0.3625	0.52875	0.08	0.54875	0.5475	0.26875	0.51625	0.2975	0.405	0.4875	0.47125	0.33125	0.2275	0.2725	0.32125	0.06625	0.20375	0.30375	1.8	0.833333	-1.04	-0.985714	-1.54444	0.4304	0.348	0.29516	0.2775	0.303789
0.27	0.73	0.27	0.73	0.02	0.88	0.99	0.12	0.27	0.02	0.12	0.73	0.27	0.05	0.27	0.12	0.12	0.02	0.02	0.05	0.415	0.43	0.3625	0.5475	0.0875	0.4975	0.6	0.3	0.4375	0.32875	0.51	0.535	0.52875	0.38625	0.26875	0.34875	0.30875	0.215	0.31125	0.325	-3.5	-1.63333	0.22	-0.985714	-1.54444	0.6036	0.4312	0.29342	0.317014	0.3174
0.12	0.73	0.95	0.88	0.12	0.73	0.5	0.12	0.98	0.12	0.5	0.5	0.5	0.27	0.27	0.12	0.27	0.05	0.73	0.12	0.4425	0.43875	0.17375	0.42	0.075	0.44	0.56625	0.24375	0.24	0.4325	0.57875	0.56375	0.55625	0.44375	0.26	0.34875	0.27125	0.21625	0.23125	0.43375	-3.2	-1.63333	-1.32	-0.842857	-0.733333	0.2596	0.342233	0.40738	0.340171	0.285422
0.88	0.27	0.27	0.5	0.27	0.27	0.27	0.73	0.27	0.5	0.73	0.5	0.5	0.88	0.12	0.73	0.27	0.12	0.27	0.5	0.37625	0.42	0.25875	0.48625	0.05625	0.4975	0.56625	0.18625	0.37625	0.35625	0.55	0.535	0.49875	0.38625	0.335	0.2725	0.29	0.29875	0.365	0.29125	1.8	-1.63333	-2.38	-0.9	-0.333333	0.1635	0.3343	0.38816	0.340943	0.286044
0.5	0.27	0.12	0.88	0.02	0.5	0.95	0.27	0.5	0.12	0.12	0.88	0.27	0.12	0.95	0.5	0.27	0.02	0.12	0.12	0.42375	0.5275	0.385	0.55625	0.1	0.5575	0.58875	0.24375	0.36	0.29625	0.5375	0.57625	0.415	0.43375	0.29125	0.3575	0.29	0.32375	0.38375	0.25375	-3.5	-1.73333	-0.92	-1.28571	-1.18889	0.5798	0.3592	0.27052	0.304857	0.344422
0.5	0.27	0.27	0.73	0.05	0.73	0.95	0.27	0.5	0.12	0.5	0.5	0.5	0.27	0.5	0.73	0.5	0.5	0.5	0.12	0.42375	0.4425	0.385	0.575	0.105	0.47125	0.56	0.24375	0.455	0.325	0.50875	0.5475	0.3575	0.44375	0.42375	0.32875	0.2325	0.295	0.33625	0.33	-3.5	-1.06667	-0.46	-1.28571	-0.966667	0.3343	0.309833	0.25416	0.295114	0.312511
0.12	0.12	0.05	0.12	0.05	0.12	0.12	0.05	0.12	0.95	0.95	0.27	0.5	0.73	0.05	0.12	0.12	0.05	0.12	0.95	0.47125	0.385	0.385	0.575	0.13625	0.44375	0.555	0.2625	0.48375	0.3375	0.55625	0.5	0.38625	0.4425	0.5375	0.42375	0.28	0.355	0.39625	0.31125	3.8	-0.2	-1.52	-0.285714	-0.0777778	0.0154	0.175833	0.32854	0.278486	0.249578
0.73	0.27	0.27	0.27	0.12	0.27	0.27	0.27	0.5	0.27	0.5	0.5	0.27	0.88	0.5	0.27	0.27	1	0.88	0.12	0.47125	0.30875	0.33	0.5375	0.20375	0.425	0.53625	0.25375	0.42375	0.44125	0.58375	0.5	0.38625	0.405	0.56625	0.4525	0.26125	0.245	0.225	0.43375	-0.9	-0.2	-0.06	0.1	-0.155556	0.1778	0.242867	0.24122	0.260443	0.272
0.27	0.88	0.88	0.95	0.12	0.73	0.88	0.27	0.12	0.12	0.27	0.73	0.05	0.12	0.5	0.5	0.27	0.12	0.05	0.05	0.48125	0.26125	0.33	0.5	0.17625	0.39625	0.53625	0.225	0.47125	0.4125	0.555	0.5	0.36625	0.39625	0.6425	0.395	0.29	0.34625	0.31	0.395	-3.5	-0.2	1.54	0.0428571	-0.744444	0.5354	0.285467	0.1818	0.243529	0.317622
0.5	0.27	0.27	0.27	0.12	0.27	0.5	0.12	0.88	0.5	0.88	0.27	0.5	0.5	0.73	0.27	0.27	0.98	0.5	0.73	0.42375	0.395	0.425	0.56625	0.18	0.50125	0.58375	0.2725	0.37625	0.3525	0.47	0.53875	0.29125	0.34875	0.605	0.42375	0.29	0.2425	0.25375	0.30125	3.8	1.6	-8.88178e-17	0.0428571	-0.744444	0.1432	0.2386	0.271	0.277786	0.322444
0.27	0.12	0.05	0.12	0.27	0.05	0.12	0.05	0.12	0.95	0.95	0.12	0.5	0.5	0.73	0.27	0.12	0.05	0.12	0.73	0.42375	0.41375	0.5375	0.61625	0.2175	0.5	0.60375	0.3575	0.4425	0.28375	0.40125	0.605	0.235	0.33	0.5575	0.36625	0.28	0.29875	0.25375	0.28875	4.5	1.46667	-0.52	-1	-0.788889	0.0372	0.213933	0.35026	0.364614	0.338367
0.73	0.27	0.73	0.73	0.73	0.73	0.5	0.27	0.88	0.27	0.27	0.73	0.27	0.12	0.95	0.5	0.27	0.12	0.12	0.27	0.46125	0.41375	0.46125	0.5875	0.26375	0.43375	0.55625	0.415	0.3475	0.3125	0.3825	0.51	0.26375	0.30125	0.58625	0.385	0.35625	0.29	0.2725	0.31875	-3.9	-0.966667	-0.52	-1.42857	-1.28889	0.4614	0.357567	0.36782	0.407443	0.339822
0.5	0.5	0.88	0.88	0.05	0.5	0.88	0.5	0.27	0.12	0.27	0.73	0.12	0.05	0.73	0.5	0.5	0.05	0.12	0.12	0.41375	0.385	0.4425	0.645	0.33625	0.49125	0.5375	0.3675	0.48625	0.33125	0.41125	0.53875	0.31125	0.2625	0.55375	0.385	0.30875	0.18875	0.2725	0.3375	-3.5	-3.63333	-2.06	-1.02857	-1.54444	0.5741	0.5529	0.4347	0.335029	0.335522
0.27	0.73	0.27	0.73	0.05	0.88	0.95	0.5	0.5	0.02	0.05	0.73	0.12	0.12	0.88	0.5	0.27	0.05	0.12	0.05	0.47125	0.2475	0.41	0.54625	0.4125	0.35375	0.42125	0.335	0.44375	0.45125	0.49625	0.44875	0.3675	0.3575	0.47375	0.325	0.31875	0.17625	0.37625	0.4625	-3.5	-3.63333	-3.1	-2.02857	-1.23333	0.6232	0.5583	0.43296	0.334443	0.276911
0.27	0.27	0.95	0.98	0.5	0.5	0.73	0.88	0.27	0.02	0.02	0.88	0.05	0.12	0.12	0.27	0.27	0.02	0.12	0.02	0.41	0.27125	0.29125	0.48125	0.40375	0.3675	0.38625	0.2725	0.39625	0.395	0.48125	0.39625	0.405	0.4175	0.4775	0.32	0.285	0.09125	0.43875	0.3775	-3.9	-2.7	-2.96	-2.77143	-1.8	0.4776	0.376433	0.3685	0.330257	0.261789
0.88	0.27	0.12	0.5	0.88	0.27	0.12	0.73	0.12	0.5	0.12	0.12	0.5	0.12	0.5	0.5	0.88	0.05	0.27	0.73	0.3625	0.2575	0.39	0.52625	0.4325	0.39125	0.45375	0.28625	0.40125	0.335	0.46	0.4775	0.405	0.465	0.34	0.29125	0.2275	0.0825	0.41125	0.32	-0.7	-2.6	-2.4	-2.4	-1.8	0.0285	0.215067	0.25526	0.265357	0.258067
0.12	0.27	0.27	0.88	0.02	0.5	0.5	0.12	1	0.27	0.73	0.73	0.5	0.5	0.02	0.27	0.12	0.12	0.88	0.12	0.38125	0.22375	0.28	0.3875	0.57375	0.27125	0.34625	0.32875	0.18125	0.33	0.3525	0.31	0.37125	0.4025	0.28125	0.26	0.28875	0.05875	0.32	0.36875	-3.2	-1.53333	-1.96	-1.25714	-1.08889	0.1391	0.0585	0.13204	0.183871	0.209444
0.5	0.01	0.01	0.01	0.73	0.01	0.02	0.01	0.01	0.98	0.73	0.01	0.5	0.95	0.01	0.02	0.12	0.02	0.88	0.98	0.2725	0.19375	0.2025	0.38625	0.47875	0.27	0.29625	0.405	0.27125	0.22625	0.31875	0.30875	0.35625	0.34	0.19125	0.22875	0.22625	0.065	0.305	0.24625	-0.7	-1.73333	-0.28	-0.4	-0.744444	0.0079	0.0513667	0.03726	0.0982429	0.155578
0.01	0	0	0	0.5	0	0	0	0.27	0.05	0.73	0	0.73	0.98	0	0	0	0.27	1	0.02	0.39125	0.11	0.185	0.35875	0.50125	0.16125	0.18125	0.34375	0.17625	0.34	0.3275	0.22125	0.3125	0.32125	0.2075	0.26	0.20875	0.0275	0.275	0.36	-1.3	0.833333	0.36	0.1	0.0666667	0.0071	0.00623333	0.03632	0.0427714	0.133189
0.5	0.01	0.01	0	0.88	0.01	0.05	0.01	0.01	0.95	0.88	0.01	0.95	0.88	0.01	0.27	0.27	0.01	0.05	0.98	0.33	0.1375	0.09875	0.2425	0.40625	0.1125	0.175	0.23875	0.1775	0.23125	0.3125	0.22	0.28125	0.3525	0.315	0.255	0.20375	0.0575	0.385	0.32875	4.5	1.9	0.92	0.742857	-9.86865e-17	0.0037	0.0115333	0.02636	0.0989429	0.132978
0.12	0	0	0	1	0	0.02	0	0	0	0.02	0	0	0	0	0.02	0	0	0	0.05	0.33	0.1675	0.1475	0.18625	0.2825	0.11375	0.17875	0.2675	0.17875	0.32125	0.41125	0.24	0.4	0.45	0.3775	0.2575	0.1425	0.0675	0.36	0.36875	2.5	2.2	1.82	0.557143	0.0333333	0.0238	0.0389333	0.10912	0.147029	0.190389
0.01	0	0	0	0	0	0	1	0	0	0	0	0	0	0	0	0	0	0	0	0.32875	0.13375	0.11375	0.07625	0.405	0.0525	0.11875	0.1275	0.0875	0.29375	0.35625	0.14875	0.4625	0.51125	0.37625	0.22625	0.1275	0.0525	0.265	0.36625	-0.4	1.96667	1.18	0.6	0.6	0.0893	0.178267	0.20284	0.223786	0.185144
0.73	0.05	0.12	0.5	0	0	0.01	0	0	0	0.12	0.02	0	0	1	0.73	0.01	0	0	0	0.28625	0.12875	0.18875	0.015	0.31625	0.0575	0.14875	0.25375	0.08875	0.28125	0.34125	0.1475	0.525	0.39875	0.3125	0.1475	0.145	0.0525	0.2175	0.35375	3.8	-0.366667	0.2	1.05714	0.288889	0.4217	0.3289	0.31114	0.2359	0.198967
0.27	0.5	0.27	0.05	0.12	0.12	0.73	0.05	0.02	0.05	0.05	0.88	0.02	0.27	0.99	0.5	0.5	0	0.05	0.73	0.405	0.1825	0.20375	0.1625	0.245	0.16125	0.16875	0.2625	0.0675	0.275	0.26125	0.1625	0.4375	0.245	0.37625	0.23875	0.14625	0.02	0.10125	0.26625	-4.5	-0.366667	0.08	-0.0857143	0.0444444	0.4757	0.480867	0.32476	0.254271	0.257822
0.5	0.5	0.5	0.05	0.01	0.27	0.12	0.95	0.12	0.27	0.05	0.27	0.5	0.02	0.99	0.27	0.12	0.12	0.02	0.12	0.4325	0.19625	0.23625	0.28125	0.15125	0.2325	0.30125	0.21125	0.145	0.13125	0.15375	0.27125	0.2925	0.22875	0.38125	0.325	0.19375	0.01875	0.1325	0.22625	-0.4	-1	-0.54	-0.942857	-0.5	0.5452	0.370933	0.33336	0.327557	0.2936
0	0	0	0	0	0.01	0	0	0.27	0.05	0.27	0	1	0.99	0.01	0	0	0	0.12	0.05	0.5425	0.25875	0.29875	0.2875	0.03	0.27125	0.315	0.3325	0.12625	0.28125	0.18625	0.30625	0.34	0.1225	0.50375	0.35875	0.2425	0.03375	0.12125	0.35375	1.9	-0.666667	-2	-0.942857	-0.277778	0.0919	0.256467	0.35638	0.361329	0.2917
0.88	0.02	0.73	0.02	0.02	0.05	0.27	0.02	0.02	0.88	0.73	0.02	1	0.05	0.5	0.12	0.27	0.02	0.5	0.88	0.49375	0.36625	0.27	0.3475	0.09	0.37625	0.39125	0.21125	0.2675	0.21125	0.1625	0.395	0.4025	0.255	0.44875	0.40625	0.2425	0.04625	0.1075	0.28375	-3.5	-1.7	-1.18	-0.842857	-0.622222	0.1323	0.253667	0.32638	0.302043	0.302778
0.5	0.88	0.27	0.73	0.05	0.95	0.88	0.12	0.12	0.05	0.02	0.98	0.05	0.02	0.5	0.5	0.5	0.01	0.12	0.05	0.48375	0.3625	0.40375	0.30625	0.12	0.3825	0.42375	0.26125	0.28875	0.3175	0.2425	0.39125	0.52375	0.27375	0.33	0.33	0.24625	0.04875	0.1575	0.39	-3.5	-2.46667	-0.2	-0.7	-0.844444	0.5368	0.3316	0.21868	0.261086	0.3137
0.95	0.12	0.5	0.95	0.02	0.73	0.5	0.5	0.73	0.02	0.02	0.27	0.27	0.5	0.05	0.73	0.27	0.12	0.27	0.05	0.5125	0.40125	0.35625	0.30625	0.17125	0.48625	0.41375	0.21375	0.2725	0.3775	0.27	0.385	0.60375	0.21375	0.26875	0.2725	0.3225	0.12625	0.1475	0.36125	-0.4	0.2	-1.28	-0.385714	-0.144444	0.3257	0.289733	0.2381	0.257486	0.271333
0.5	0	0	0	0.02	0.05	0.01	0.02	0	0.98	0.5	0.01	0.88	0.12	0	0.02	0.27	0	0.01	1	0.54	0.35375	0.35625	0.41875	0.28	0.5375	0.46	0.155	0.34875	0.2575	0.3275	0.39	0.55625	0.36875	0.15125	0.32875	0.34125	0.16	0.18	0.29	4.5	0.2	-0.22	-0.4	0.322222	0.0067	0.1738	0.31564	0.257843	0.212367
0.5	0.88	0.5	0.5	0.5	0.88	0.88	0.05	0.88	0.27	0.27	0.73	0.5	0.12	0.05	0.5	0.27	0.12	0.27	0.27	0.57375	0.335	0.3275	0.41875	0.2825	0.5425	0.4425	0.1575	0.23875	0.43125	0.385	0.41	0.54125	0.25125	0.15	0.3025	0.375	0.1475	0.1475	0.46625	-3.5	0.933333	0.84	0.642857	0.0222222	0.189	0.238567	0.22716	0.241014	0.233711
0.27	0.88	0.73	0.88	0.27	0.95	0.88	0.5	0.27	0.02	0.05	0.95	0.02	0.12	0.05	0.5	0.27	0.01	0.02	0.02	0.58375	0.42375	0.27	0.4875	0.32375	0.6375	0.51875	0.16125	0.34625	0.355	0.33625	0.4425	0.4825	0.2475	0.12125	0.37875	0.40375	0.17375	0.11875	0.39	1.8	0.0333333	1.68	1.02857	0.611111	0.52	0.2678	0.16492	0.2049	0.274211
0.95	0.05	0.12	0.27	0.5	0.73	0.27	0.05	0.5	0.5	0.27	0.12	0.88	0.27	0.05	0.27	0.88	0.73	0.12	0.5	0.49875	0.42375	0.3275	0.47375	0.35125	0.58	0.49125	0.23625	0.3175	0.4075	0.425	0.43	0.4875	0.24125	0.06125	0.35125	0.28	0.085	0.125	0.43375	1.8	2.46667	0.62	1.34286	1.2	0.0944	0.209633	0.22038	0.229343	0.220789
0.27	0	0	0	0.88	0	0	0	0	0.27	0.99	0.05	0.73	0.88	0	0.01	0.27	0.27	0.02	0.5	0.55625	0.4175	0.31375	0.395	0.335	0.5825	0.465	0.3025	0.29125	0.54375	0.42375	0.41125	0.535	0.165	0.06375	0.3075	0.32875	0.13	0.1375	0.51875	3.8	1.6	1.68	0.957143	1.44444	0.0145	0.130967	0.28194	0.236386	0.191411
0.27	0.73	0.27	0.5	0.5	0.88	0.73	0.05	0.27	0.73	0.5	0.88	0.5	0.05	0.05	0.27	0.27	0.02	0.12	0.73	0.60375	0.38875	0.28625	0.3475	0.395	0.5575	0.49125	0.3	0.26375	0.42625	0.45625	0.3975	0.51625	0.31625	0.09125	0.335	0.32875	0.28	0.1575	0.45625	-0.8	1.6	1.68	1.71429	1.14444	0.284	0.2651	0.18914	0.218143	0.233678
0.73	0.73	0.5	0.95	0.12	0.88	0.88	0.5	0.27	0.02	0.12	0.5	0.05	0.02	0.27	0.73	0.5	0.12	0.02	0.02	0.54625	0.37	0.22875	0.29125	0.38125	0.56625	0.4725	0.24	0.245	0.48375	0.4725	0.47625	0.5125	0.30625	0.1675	0.2775	0.32875	0.25375	0.1425	0.51375	1.8	0.933333	1.68	1.71429	1.1	0.4968	0.278933	0.18252	0.199157	0.285011
0.5	0.05	0.12	0.01	0.5	0.27	0.05	0.27	0.12	0.95	0.95	0.05	0.95	0.12	0.02	0.05	0.12	0.02	0.27	0.88	0.575	0.4075	0.21875	0.40875	0.30125	0.63375	0.58875	0.22125	0.32125	0.3675	0.3775	0.505	0.48875	0.3125	0.28375	0.33375	0.3575	0.3275	0.1425	0.41875	1.8	1.8	1.28	0.9	0.511111	0.056	0.2047	0.25704	0.278671	0.275878
0.73	0.02	0.27	0.05	0.27	0.02	0.02	0.98	0.02	0.88	0.73	0.05	0.5	0.5	0.02	0.12	0.05	0.02	0.27	0.73	0.51875	0.42	0.295	0.385	0.26875	0.68375	0.65	0.25	0.305	0.315	0.3725	0.52375	0.4375	0.2325	0.28375	0.35375	0.2625	0.2375	0.12875	0.3775	1.8	1.8	0.66	-0.142857	0.266667	0.0613	0.168133	0.33044	0.339143	0.3444
0.88	0.5	0.05	0.12	0.12	0.73	0.95	0.05	0.05	0.5	0.27	0.73	0.5	0.5	0.27	0.5	0.27	0.95	0.27	0.73	0.52875	0.4225	0.41375	0.41	0.21125	0.68625	0.625	0.4575	0.36375	0.43875	0.36875	0.495	0.38	0.15625	0.25875	0.33875	0.235	0.09375	0.2175	0.3775	1.8	-0.1	-0.4	-0.0857143	0.311111	0.3871	0.366467	0.31864	0.400157	0.377089
0.5	0.73	0.27	0.5	0.01	0.95	0.88	0.02	0.73	0.02	0.02	0.98	0.02	0.01	0.88	0.5	0.5	0.01	0.05	0.02	0.5575	0.30875	0.415	0.41	0.165	0.61125	0.605	0.46125	0.3075	0.5175	0.42875	0.3875	0.5	0.27375	0.19125	0.415	0.20625	0.21125	0.245	0.4375	-3.9	-1.86667	-0.84	0.257143	0.322222	0.651	0.491967	0.44966	0.373286	0.404856
0.27	0.5	0.27	0.88	0.01	0.88	0.98	0.12	0.73	0.02	0.12	0.73	0.73	0.27	0.73	0.27	0.12	0.5	0.27	0.12	0.605	0.28	0.3675	0.2775	0.15625	0.54375	0.4975	0.42	0.3925	0.54875	0.4925	0.39	0.43875	0.2725	0.23875	0.415	0.25375	0.2575	0.30625	0.45625	-3.5	-2.6	-0.36	-0.1	0.0222222	0.4378	0.599967	0.49914	0.441557	0.3704
0.73	0.12	0.88	0.12	0.01	0.88	0.73	0.99	0.27	0.01	0.01	0.27	0.02	0.01	0.05	0.5	0.05	0.01	0.01	0.02	0.51875	0.38375	0.29125	0.49	0.095	0.60125	0.645	0.28	0.46875	0.44625	0.4025	0.50375	0.4425	0.29625	0.3275	0.47125	0.2625	0.31875	0.39625	0.37375	-0.4	0.1	-0.86	-0.485714	-0.266667	0.7111	0.485867	0.5285	0.459471	0.422822
0.5	0.5	0.73	0.27	0.27	0.73	0.73	0.73	0.5	0.88	0.5	0.5	0.27	0.27	0.05	0.27	0.27	0.05	0.73	0.5	0.49	0.425	0.31	0.5875	0.02875	0.7275	0.76625	0.205	0.4525	0.2275	0.25125	0.5025	0.35	0.20125	0.3275	0.5	0.2625	0.31125	0.27375	0.22375	4.2	1.03333	-0.26	-0.857143	-0.855556	0.3087	0.5179	0.43564	0.479571	0.473578
0.12	0.05	0.5	0.88	0.02	0.5	0.5	0.05	0.5	0.88	0.73	0.27	0.98	0.5	0.12	0.88	0.27	0.02	0.12	0.5	0.49	0.42125	0.33375	0.4975	0.04625	0.69875	0.69125	0.285	0.48	0.18	0.2225	0.47375	0.29	0.235	0.28625	0.36375	0.23125	0.30625	0.44125	0.195	-0.7	0.866667	0.28	-0.8	-1.2	0.5339	0.3431	0.45364	0.460586	0.447189
0.88	0.27	0.12	0.27	0.05	0.27	0.12	0.27	0.95	0.27	0.73	0.27	0.27	0.27	0.5	0.5	0.5	0.98	0.73	0.27	0.36625	0.3175	0.35	0.51375	0.04375	0.6425	0.69125	0.25625	0.36625	0.345	0.33	0.36625	0.495	0.385	0.13125	0.355	0.17375	0.21875	0.42125	0.3125	-0.9	-0.8	-0.34	-0.485714	-1.15556	0.1867	0.416133	0.41504	0.419414	0.384378
0.27	0.5	0.12	0.95	0.01	0.73	0.98	0.02	0.27	0.12	0.12	0.5	0.27	0.05	0.05	0.73	0.12	0.02	0.73	0.12	0.47125	0.3175	0.35	0.3525	0.05	0.5375	0.52375	0.30625	0.375	0.37625	0.40625	0.36875	0.46625	0.48875	0.11125	0.38375	0.22125	0.27875	0.4025	0.33125	-0.8	-1.73333	-1.44	-0.928571	-1.2	0.5278	0.410867	0.38322	0.330071	0.391111
0.27	0.73	0.27	0.98	0	0.88	0.99	0.12	0.12	0	0.01	0.27	0.01	0	0.02	0.12	0.27	0	0.01	0.01	0.41375	0.365	0.28375	0.4525	0.0525	0.5275	0.55	0.2325	0.4225	0.3925	0.425	0.455	0.53	0.49625	0.17125	0.48875	0.25875	0.2825	0.4975	0.345	-3.5	-1.86667	-2	-2.08571	-1.54444	0.5181	0.3985	0.29358	0.357171	0.370578
0.5	0.02	0.01	0.01	0.01	0.27	0.12	0.01	0.27	0.12	0.27	0.27	0.73	1	0.01	0.02	0.02	0.88	1	0.5	0.325	0.3925	0.225	0.54	0.02	0.515	0.56875	0.155	0.3425	0.30125	0.45375	0.39375	0.53125	0.34375	0.1675	0.46875	0.25875	0.22875	0.285	0.255	-1.3	-2.76667	-2.6	-2.48571	-1.58889	0.1496	0.251133	0.35592	0.356086	0.341156
0.27	0.12	0.02	0.02	0.02	0.27	0.5	0.01	0.27	0.73	0.88	0.12	0.95	0.98	0.02	0.05	0.27	0.27	0.5	0.73	0.35375	0.49625	0.17625	0.4625	0.0175	0.5625	0.58125	0.15125	0.295	0.1175	0.2925	0.50125	0.44375	0.34625	0.1575	0.37	0.2	0.305	0.33875	0.16625	-3.5	-2.9	-3.14	-1.81429	-1.94444	0.0857	0.244567	0.35562	0.335686	0.323367
0.5	0.73	0.27	0.27	0.02	0.5	0.5	0.27	0.12	0.12	0.12	0.98	0.5	0.88	0.12	0.73	0.12	0.02	0.12	0.12	0.2775	0.4775	0.1925	0.5075	0.0175	0.5625	0.6575	0.09125	0.22875	0.19375	0.31125	0.47875	0.5	0.33125	0.08875	0.31375	0.21875	0.21625	0.30125	0.2425	-3.9	-3.63333	-1.68	-2.25714	-2.27778	0.4984	0.370133	0.26078	0.313686	0.3891
0.27	0.73	0.5	0.95	0.02	0.95	0.95	0.5	0.5	0.02	0.05	0.73	0.27	0.02	0.5	0.73	0.5	0.02	0.05	0.02	0.335	0.44875	0.24	0.395	0.01875	0.53375	0.5975	0.075	0.18125	0.19375	0.3075	0.53875	0.58625	0.435	0.04125	0.31375	0.26625	0.21625	0.225	0.24625	-3.5	-1.2	-2.2	-2.31429	-1.98889	0.5263	0.3562	0.30562	0.350857	0.398167
0.02	0.01	0	0	0.02	0.02	0.01	0	0.01	0.27	0.99	0.01	1	0.05	0.01	0.01	0.02	0.5	0.02	0.27	0.3475	0.5575	0.37875	0.45375	0.03375	0.57375	0.65375	0.24125	0.3375	0.165	0.20375	0.71375	0.5	0.43375	0.10625	0.4225	0.3075	0.15875	0.2425	0.21625	3.8	-1.2	-2.28	-1.87143	-1.64444	0.0439	0.314667	0.44414	0.416543	0.393778
0.12	0.98	0.12	0.27	0.01	0.88	0.98	0.02	0.12	0.02	0.05	0.98	0.5	0.5	0.05	0.12	0.05	0.02	0.05	0.02	0.275	0.55875	0.36875	0.42125	0.03375	0.55125	0.5325	0.23875	0.29625	0.18125	0.29	0.62125	0.48625	0.2525	0.10125	0.42125	0.31625	0.11	0.11625	0.18625	-3.9	-1.33333	-1.14	-1.42857	-2	0.3738	0.398667	0.46634	0.472671	0.399767
0.5	0.73	0.5	0.88	0.05	0.5	0.73	0.05	0.27	0.27	0.12	0.95	0.27	0.05	0.05	0.73	0.5	0.02	0.05	0.27	0.195	0.57625	0.32	0.3425	0.0275	0.56625	0.5025	0.23625	0.25875	0.06125	0.1775	0.61125	0.39875	0.30875	0.09875	0.34	0.2275	0.20125	0.17875	0.06625	-3.9	-2	-0.52	-1.51429	-1.71111	0.7783	0.587167	0.4568	0.430543	0.393533
0.5	0.27	0.73	0.73	0.02	0.95	0.95	0.12	0.27	0.02	0.02	0.73	0.73	0.02	0.05	0.73	0.88	0.02	0.05	0.05	0.16625	0.5575	0.3675	0.33375	0.03125	0.57	0.4275	0.2	0.36875	0.16875	0.2375	0.57875	0.3125	0.2175	0.08625	0.2825	0.18	0.29	0.1975	0.1125	1.8	-0.833333	-2.18	-1.14286	-1.63333	0.6094	0.6221	0.48872	0.359586	0.350022
0.12	0.88	0.88	0.5	0.12	0.27	0.5	0.95	0.88	0.02	0.12	0.95	0.05	0.02	0.05	0.27	0.12	0.02	0.12	0.02	0.195	0.5	0.30125	0.25875	0.01875	0.655	0.48375	0.03625	0.245	0.2	0.2525	0.55125	0.37875	0.2175	0.03	0.2825	0.275	0.29	0.18875	0.22375	-0.4	-1.03333	-1.58	-2.14286	-0.777778	0.4786	0.4305	0.41988	0.368571	0.331311
0.02	1	0.05	0.02	0	0.95	0.12	0.01	0.05	0	0.02	0.5	0.12	0	0.01	0.12	0.12	0.01	0.02	0.01	0.2075	0.49	0.42	0.44375	0.03125	0.5825	0.65375	0.15625	0.35375	0.16875	0.14125	0.6125	0.24625	0.21375	0.03625	0.30625	0.275	0.22875	0.2	0.19125	-4.5	-1.93333	-1.44	-0.985714	-1.58889	0.2035	0.237233	0.28558	0.3663	0.353167
0.01	0.01	0.01	0	0.01	0.01	0.01	0.02	0.12	0.02	0.05	0.01	0.02	0.98	0	0.01	0.01	1	1	0.02	0.25625	0.49375	0.4125	0.415	0.09125	0.5925	0.5475	0.15375	0.33125	0.28625	0.165	0.55375	0.23	0.035	0.03375	0.32	0.40125	0.10375	0.0775	0.31125	-0.9	-2.86667	-0.96	-0.928571	-1.23333	0.0296	0.1133	0.23528	0.289486	0.343022
0.27	0.12	0.88	0.05	0.02	0.98	0.12	0.05	1	0.73	0.5	0.5	0.27	0.12	0.02	0.27	0.12	0.73	0.27	0.27	0.1625	0.38875	0.24125	0.29875	0.08375	0.41	0.4425	0.14375	0.19375	0.165	0.09625	0.37375	0.1675	0.25875	0.025	0.19625	0.32625	0.26	0.2875	0.2475	-3.2	0.0333333	-1.58	-1.28571	-0.944444	0.1068	0.164767	0.18768	0.242786	0.314511
