0.12	0.02	0.12	0.27	0.02	0.12	0.05	0.05	0.02	0.05	0.27	0.05	0.12	0.12	1	0.12	0.5	0.01	0.02	0.05	0.32875	0.1975	0.49375	0.4775	0.08125	0.49125	0.405	0.20875	0.3075	0.39125	0.31875	0.25375	0.32875	0.32625	0.18	0.41375	0.595	0.10875	0.35375	0.54125	-1.6	-0.433333	-1.66	-1.74286	-1	0.3824	0.2741	0.37916	0.460986	0.496922
0.27	0.05	0.05	0.02	0.12	0.12	0.12	0.02	0.05	0.73	0.95	0.05	0.95	0.27	0.05	0.27	0.73	0.05	0.12	0.88	0.3675	0.22125	0.53375	0.54	0.06875	0.5475	0.4525	0.24375	0.335	0.25	0.2525	0.31	0.24375	0.33625	0.3075	0.45125	0.56625	0.1125	0.4175	0.3475	3.8	-0.433333	-1.66	-1.87143	-1.07778	0.0935	0.2775	0.26806	0.3458	0.449111
0.5	0.73	0.73	0.88	0.05	0.88	0.73	0.12	0.27	0.27	0.12	0.73	0.27	0.05	0.12	0.5	0.88	0.27	0.5	0.5	0.24375	0.13625	0.53375	0.52375	0.065	0.47125	0.4525	0.1275	0.355	0.295	0.32875	0.225	0.32	0.36	0.21375	0.4225	0.4525	0.08125	0.3975	0.335	-3.5	-1.06667	-1.22	-0.828571	-1.42222	0.3566	0.203833	0.27146	0.307914	0.343367
0.05	0.12	1	0.98	0.02	0.73	0.27	0.12	0.73	0.02	0.12	0.27	0.05	0.02	0.27	0.27	0.12	0.01	0.05	0.12	0.3575	0.19375	0.42375	0.4825	0.0875	0.49	0.5675	0.175	0.27875	0.38375	0.37625	0.26375	0.42375	0.335	0.195	0.42375	0.55625	0.105	0.40625	0.45875	-3.5	-2.76667	-0.14	-0.828571	-1.11111	0.1614	0.2938	0.28532	0.289571	0.296078
0.12	0.12	0.5	0.88	0.05	0.88	0.73	0.27	0.27	0.27	0.12	0.27	0.12	0.95	0.05	0.27	0.27	0.27	0.99	0.27	0.3775	0.2125	0.4575	0.52375	0.08375	0.48	0.51	0.15625	0.27875	0.305	0.4525	0.26375	0.4725	0.19	0.23125	0.48125	0.48	0.0725	0.33625	0.355	-1.3	-0.333333	-1.6	-0.7	-1.11111	0.3634	0.3255	0.31022	0.276557	0.281322
0.73	0.27	0.27	0.27	0.12	0.5	0.5	0.27	0.27	0.5	0.88	0.5	0.88	0.5	0.12	0.5	0.27	0.12	0.73	0.27	0.28875	0.19375	0.47375	0.5675	0.07375	0.51875	0.535	0.15125	0.39875	0.27625	0.33	0.23125	0.36875	0.35	0.09875	0.44	0.42	0.20875	0.49125	0.355	3.8	-0.333333	-1.04	-1.74286	-1.07778	0.4517	0.344367	0.29716	0.293714	0.243122
0.12	0.12	0.95	1	0.02	0.27	0.73	0.12	0.5	0.02	0.05	0.12	0.05	0.02	0.05	0.73	0.12	0.02	0.27	0.02	0.39375	0.2125	0.38875	0.47625	0.0775	0.53875	0.4975	0.1825	0.37875	0.3075	0.40625	0.27875	0.41625	0.49875	0.10375	0.41125	0.41	0.33875	0.65625	0.3675	-3.5	-0.133333	-1.04	-1.42857	-1.18889	0.218	0.320333	0.3076	0.248286	0.243156
0.73	0.12	0.27	0.27	0.27	0.27	0.73	0.5	0.12	0.73	0.5	0.12	0.73	0.27	0.12	0.73	0.95	0.05	0.5	0.73	0.365	0.1275	0.445	0.4725	0.1025	0.44375	0.42125	0.23875	0.39875	0.2475	0.36875	0.2025	0.36	0.4675	0.095	0.44	0.30625	0.3075	0.57125	0.27875	-0.7	-2.56667	-1.04	-0.528571	-0.844444	0.2913	0.240967	0.24264	0.238629	0.208433
0.5	0.27	0.27	0.5	0.05	0.95	0.95	0.05	0.27	0.12	0.73	0.27	0.73	0.27	0.12	0.73	0.27	0.05	0.5	0.27	0.42125	0.1275	0.43875	0.4125	0.13375	0.3775	0.47	0.295	0.3225	0.355	0.33125	0.2125	0.36875	0.4675	0.18	0.46875	0.4675	0.36875	0.57125	0.33625	-3.5	-1.83333	-1.24	-0.4	-0.533333	0.2136	0.181167	0.17106	0.193014	0.243589
0.02	0.02	0.02	0.01	0.01	0.05	0.02	0.01	0.98	0.05	0.05	0.02	0.05	0.95	0.01	0.02	0.02	0.95	1	0.05	0.5	0.15	0.41	0.36625	0.1475	0.38625	0.4975	0.26875	0.2025	0.4525	0.51125	0.21625	0.54875	0.2975	0.19	0.5575	0.5275	0.225	0.4	0.4525	-1.3	-0.666667	-0.62	-1.04286	0.111111	0.0386	0.115333	0.13628	0.196743	0.205
0.5	0.05	0.05	0.02	0.05	0.05	0.05	0.12	0.12	0.5	0.73	0.05	0.5	0.98	0.02	0.27	0.5	0.99	0.98	0.73	0.3825	0.175	0.46375	0.39375	0.13375	0.4425	0.49375	0.28375	0.29125	0.34	0.33125	0.24125	0.3975	0.2375	0.18875	0.555	0.5525	0.21125	0.345	0.34875	2.8	0.366667	-0.62	0.1	-0.355556	0.0938	0.0588333	0.17358	0.1679	0.177978
0.88	0.05	0.5	0.12	0.5	0.12	0.12	0.95	0.05	0.5	0.27	0.12	0.5	0.05	0.12	0.73	0.88	0.05	0.05	0.5	0.35375	0.16625	0.29125	0.25875	0.09	0.40625	0.39625	0.1675	0.24	0.46125	0.47375	0.28	0.45375	0.41375	0.1725	0.4125	0.505	0.32875	0.4425	0.4975	-0.4	0.566667	0.98	0.142857	0.533333	0.0441	0.205233	0.13408	0.156071	0.1558
0.27	0.27	0.95	0.73	0.05	0.88	0.88	0.12	0.27	0.27	0.05	0.5	0.12	0.02	0.95	0.5	0.73	0.5	0.05	0.12	0.3725	0.18625	0.21625	0.155	0.115	0.28375	0.21625	0.33375	0.2	0.4	0.44	0.22375	0.4125	0.385	0.05625	0.4125	0.41125	0.26875	0.38125	0.455	-0.7	1.13333	1.16	1.28571	0.566667	0.4778	0.179333	0.16806	0.128186	0.132311
0.27	0.05	0.02	0.02	0.12	0.05	0.02	0.02	0.02	0.98	0.88	0.05	0.88	0.27	0.02	0.27	0.5	0.02	0.12	0.98	0.3725	0.2425	0.39	0.2725	0.115	0.36	0.29625	0.37375	0.23125	0.31125	0.27875	0.3375	0.26	0.32625	0.1725	0.46875	0.4975	0.32875	0.325	0.32875	4.5	1.13333	1.5	1.41429	0.877778	0.0161	0.234133	0.15298	0.134086	0.154644
0.27	0.5	0.73	0.5	0.05	0.95	0.5	0.5	0.12	0.05	0.12	0.73	0.12	0.05	0.12	0.73	0.95	0.05	0.27	0.12	0.40375	0.2175	0.40875	0.32125	0.1375	0.35125	0.325	0.40375	0.13	0.4275	0.37375	0.3125	0.36375	0.24125	0.26875	0.5	0.53	0.2125	0.19625	0.445	-0.4	2.86667	1.5	0.914286	0.844444	0.2085	0.081	0.16014	0.179914	0.222722
0.27	0.05	0.02	0.02	0.12	0.05	0.02	0.02	0.02	0.99	0.73	0.5	0.5	0.5	0.02	0.05	0.12	0.02	0.12	0.98	0.40375	0.30125	0.5825	0.44125	0.1375	0.52	0.44125	0.55875	0.1425	0.2625	0.24	0.3975	0.26875	0.06875	0.3975	0.61375	0.63375	0.09875	0.1075	0.28	4.5	1.23333	1.5	0.742857	0.733333	0.0184	0.102267	0.1475	0.266657	0.273378
0.27	0.5	0.12	0.05	0.02	0.05	0.05	1	0.02	0.01	0.01	0.05	0.02	0.01	0.02	0.5	0.05	0.02	0.01	0.01	0.3275	0.33	0.54125	0.51375	0.09375	0.615	0.51375	0.3325	0.17	0.385	0.33	0.53	0.37625	0.215	0.3975	0.52875	0.62375	0.1075	0.14875	0.40125	-0.4	1.13333	0.28	1.1	0.388889	0.0799	0.170967	0.27454	0.276929	0.291144
0.5	0.5	0.73	0.73	0.12	0.73	0.73	0.27	0.27	0.12	0.27	0.73	0.27	0.05	0.12	0.95	0.73	0.05	0.12	0.12	0.29875	0.33	0.4375	0.4	0.1375	0.51125	0.41	0.42375	0.12	0.34375	0.2975	0.4925	0.36375	0.21	0.37625	0.50125	0.56625	0.04375	0.135	0.40625	-0.7	-0.9	0.72	-0.0428571	0.0777778	0.4146	0.381933	0.34278	0.303771	0.301267
0.27	0.27	0.88	0.88	0.12	0.88	0.73	0.73	0.27	0.05	0.05	0.5	0.12	0.05	0.88	0.73	0.73	0.05	0.12	0.12	0.29625	0.355	0.4175	0.38	0.125	0.54875	0.41	0.365	0.12375	0.34	0.325	0.5175	0.3825	0.30125	0.28	0.4975	0.51	0.05625	0.23875	0.375	-1.6	-0.166667	-0.88	-0.485714	-0.111111	0.6513	0.538533	0.3799	0.355257	0.300889
0.5	0.27	0.73	0.5	0.12	0.5	0.5	0.88	0.12	0.12	0.27	0.5	0.12	0.05	0.95	0.5	0.5	0.05	0.12	0.27	0.2675	0.38375	0.455	0.38	0.125	0.56875	0.41	0.29875	0.21875	0.35875	0.31625	0.5175	0.43	0.3575	0.31875	0.52625	0.53	0.14125	0.29625	0.375	1.8	-1.1	-1.5	-0.728571	-0.144444	0.5497	0.468333	0.4777	0.354443	0.305367
0.27	0.73	0.27	0.73	0.05	0.88	0.73	0.12	0.27	0.5	0.27	0.73	0.88	0.73	0.12	0.5	0.73	0.12	0.27	0.5	0.35375	0.3225	0.5125	0.35	0.125	0.52125	0.38125	0.39375	0.2	0.27875	0.34375	0.42875	0.39125	0.2725	0.4225	0.52625	0.52	0.1325	0.26875	0.34625	-3.5	-1.73333	-0.8	-0.771429	-0.177778	0.204	0.440867	0.39732	0.378571	0.303911
0.27	0.27	0.73	0.5	0.5	0.73	0.73	0.12	0.12	0.05	0.05	0.88	0.27	0.02	0.88	0.73	0.95	0.02	0.05	0.27	0.3825	0.3325	0.53125	0.46375	0.08125	0.625	0.40875	0.28375	0.32625	0.425	0.4325	0.4375	0.575	0.375	0.34	0.52625	0.5775	0.14875	0.31	0.465	-3.5	-1.4	-0.62	-0.0714286	0.366667	0.5689	0.261867	0.31682	0.3201	0.304122
0.02	0.02	0.01	0.01	0.02	0.5	0.02	0.01	0.05	0.88	0.88	0.02	0.88	1	0.01	0.02	0.05	0.12	0.95	0.73	0.385	0.31625	0.545	0.44	0.14125	0.5775	0.42125	0.27	0.31625	0.41625	0.38625	0.46875	0.55625	0.36875	0.44875	0.53	0.6325	0.24	0.245	0.5025	2.8	-0.466667	-0.14	0.8	0.755556	0.0127	0.2768	0.20794	0.238743	0.260322
0.27	0.73	0.88	0.12	0.05	0.73	0.27	0.12	0.73	0.27	0.27	0.73	0.5	0.5	0.5	0.73	0.88	0.73	0.73	0.27	0.335	0.20875	0.38875	0.44125	0.12875	0.4725	0.36125	0.18	0.2125	0.4925	0.4625	0.3325	0.595	0.43125	0.2925	0.38375	0.4525	0.16	0.26375	0.55125	-0.7	2.1	1.46	0.942857	0.544444	0.2488	0.0889333	0.1835	0.163129	0.196656
0.73	0.02	0.02	0.01	0.05	0.05	0.02	0.02	0.02	0.73	0.95	0.02	0.95	0.5	0.02	0.05	0.27	0.02	0.05	0.98	0.24875	0.27875	0.43875	0.4075	0.12875	0.52875	0.36375	0.0975	0.30125	0.45375	0.40625	0.3925	0.5575	0.44	0.2675	0.4975	0.59	0.2575	0.34875	0.4625	4.2	2.66667	2.72	0.942857	0.266667	0.0053	0.111967	0.0738	0.145171	0.137567
0.5	0.12	0.73	0.73	0.12	0.73	0.27	0.12	0.88	0.73	0.5	0.27	0.88	0.12	0.12	0.73	0.73	0.05	0.12	0.73	0.25875	0.1775	0.37875	0.26	0.115	0.33625	0.24375	0.195	0.1625	0.3925	0.43	0.2725	0.4575	0.3975	0.2425	0.35625	0.45625	0.24	0.3075	0.43375	4.5	3.83333	1.46	1.34286	0.611111	0.0818	0.0358333	0.08692	0.0664571	0.141556
0.27	0.12	0.12	0.05	0.12	0.12	0.12	0.05	0.12	0.88	0.73	0.12	0.73	0.98	0.12	0.27	0.27	0.88	0.5	0.88	0.2875	0.14625	0.37875	0.28875	0.055	0.3275	0.1775	0.2225	0.245	0.36875	0.39625	0.1875	0.505	0.28875	0.135	0.4475	0.41	0.135	0.25625	0.38375	2.8	1.26667	1.46	0.885714	0.911111	0.0204	0.0601667	0.04074	0.0989143	0.0925778
0.12	0.12	0.5	1	0.05	0.27	0.5	0.12	0.12	0.05	0.05	0.12	0.05	0.05	0.12	0.27	0.12	0.02	0.05	0.05	0.395	0.15	0.3925	0.26	0.1525	0.26125	0.16125	0.2275	0.245	0.365	0.37375	0.2	0.48625	0.2825	0.19625	0.56875	0.485	0.23	0.2	0.4025	-3.5	-0.466667	0.54	0.871429	0.511111	0.0783	0.0388667	0.08766	0.0816714	0.101011
0.27	0.12	0.27	0.12	0.12	0.27	0.27	0.12	0.12	0.27	0.5	0.27	0.27	0.12	0.27	0.73	0.99	0.12	0.12	0.27	0.34875	0.07375	0.435	0.47875	0.14	0.185	0.17125	0.2275	0.245	0.31875	0.34625	0.09625	0.43	0.2175	0.1175	0.435	0.2725	0.12875	0.19125	0.35625	-0.7	-1.53333	-0.52	0.157143	0.2	0.0179	0.112033	0.09692	0.0935714	0.0822667
0.12	0.02	0.5	0.27	0.01	0.02	0.02	1	0.02	0.01	0.01	0.02	0.01	0.01	0.02	0.05	0.12	0.01	0.01	0.02	0.2825	0.08625	0.41	0.46	0.15375	0.2125	0.2025	0.11625	0.2575	0.35125	0.4125	0.1275	0.40625	0.27875	0.14875	0.52875	0.4575	0.14625	0.21375	0.3275	-0.4	-0.633333	-1.24	-0.985714	0.155556	0.2399	0.128633	0.11056	0.0933286	0.0854333
0.27	0.02	0.12	0.05	0.02	0.05	0.05	0.27	0.02	0.01	0.01	0.05	0.5	0.01	0.02	1	0.12	0.01	0.02	0.02	0.21625	0.07125	0.36625	0.39625	0.13875	0.11875	0.165	0.1925	0.1475	0.29375	0.3525	0.09	0.23625	0.27	0.13375	0.31875	0.3675	0.265	0.2125	0.25125	-0.8	-0.666667	-1.24	-0.842857	-0.444444	0.1281	0.1522	0.11092	0.0952429	0.0788111
0.73	0.05	0.5	0.73	0.73	0.12	0.27	0.12	0.05	0.02	0.02	0.12	0.05	0.02	0.5	0.99	0.5	0.02	0.05	0.05	0.13125	0.055	0.305	0.30625	0.0975	0.12875	0.125	0.20625	0.13	0.27375	0.3225	0.06875	0.21625	0.20875	0.06125	0.28875	0.34875	0.155	0.1525	0.2625	-0.8	-1.7	-0.34	-0.471429	-0.288889	0.0886	0.0989333	0.1141	0.0872286	0.0785444
0.05	0.12	0.99	0.99	0.02	0.12	0.12	0.12	0.73	0.12	0.5	0.05	0.27	0.05	0.02	0.12	0.05	0.02	0.73	0.12	0.26375	0.04625	0.29125	0.16375	0.1825	0.205	0.0875	0.20625	0.03625	0.26125	0.2625	0.06875	0.245	0.3175	0.23125	0.3975	0.405	0.155	0.07625	0.2625	-3.5	-0.166667	-0.44	0.228571	-0.0777778	0.0801	0.0675	0.07056	0.0872429	0.0765556
0.05	0.02	0.05	0.01	0.05	0.02	0.02	0.01	0.02	0.73	0.99	0.02	0.5	0.88	0.02	0.12	0.88	0.05	0.12	0.5	0.2925	0.05875	0.4375	0.33375	0.28875	0.19	0.0725	0.2675	0.14375	0.15375	0.14125	0.045	0.185	0.20125	0.20375	0.43	0.1925	0.13875	0.17125	0.18375	3.8	-0.2	0.56	0.0571429	-0.0888889	0.0338	0.0453667	0.04854	0.0616	0.0823667
0.12	0	0	0	0.01	0.01	0	0	0	0.27	0.02	0	0.01	0.05	0	0	0.01	1	0.12	0.12	0.36	0.0925	0.44375	0.36375	0.3075	0.28	0.135	0.1775	0.15875	0.30125	0.27625	0.13625	0.26	0.31	0.21875	0.54875	0.39625	0.02125	0.17625	0.29125	-0.9	2.36667	0.4	0.0571429	0.422222	0.0222	0.0246667	0.0429	0.0533286	0.101789
0.05	0.02	0.01	0.01	0.5	0.27	0.02	0.01	0.01	0.73	0.5	0.02	0.12	0.5	0.02	0.02	0.5	0.01	0.05	1	0.36875	0.15	0.51875	0.4475	0.25875	0.35125	0.2175	0.1575	0.24625	0.24875	0.24875	0.19	0.19875	0.315	0.3325	0.455	0.3825	0.15875	0.30125	0.19375	4.2	0.566667	0.94	0.771429	0.366667	0.018	0.0335333	0.04092	0.0999143	0.146833
0.5	0.12	0.88	0.12	0.02	0.88	0.05	0.12	0.05	0.05	0.05	0.05	0.5	0.95	1	0.27	0.12	0.02	0.12	0.12	0.23625	0.13375	0.35	0.345	0.3525	0.3225	0.1825	0.13125	0.32625	0.34625	0.365	0.17375	0.17875	0.25875	0.15	0.315	0.40125	0.1575	0.30125	0.3125	-1.6	0.6	1.02	1.08571	0.733333	0.0604	0.0495333	0.1171	0.164686	0.155844
0.5	0.12	0.5	0.5	1	0.05	0.05	0.5	0.27	0.02	0.02	0.05	0.02	0.02	0.05	0.99	0.12	0.02	0.27	0.02	0.2925	0.13375	0.33625	0.2075	0.23375	0.5025	0.1825	0.1025	0.3175	0.36875	0.3125	0.23	0.22	0.38375	0.37625	0.32	0.51375	0.24625	0.25375	0.3725	-0.8	0.6	0.94	0.9	1.03333	0.0702	0.181767	0.21936	0.1841	0.205278
0.73	0.27	0.5	0.5	0.12	0.73	0.5	0.27	0.12	0.73	0.12	0.73	0.12	0.05	0.12	0.88	0.88	0.02	0.05	0.5	0.32	0.14625	0.42125	0.2975	0.4	0.50625	0.18625	0.16375	0.34875	0.195	0.1825	0.205	0.15125	0.285	0.39875	0.44125	0.37125	0.2425	0.3	0.25625	4.2	0.7	0.6	0.914286	0.522222	0.4147	0.339467	0.2497	0.255929	0.257944
0.27	0.5	0.73	0.73	0.12	0.88	0.73	0.12	0.73	0.05	0.27	0.5	0.12	0.5	0.95	0.27	0.5	0.12	0.95	0.12	0.39625	0.18	0.42625	0.3025	0.52125	0.5775	0.22	0.245	0.2875	0.3375	0.22375	0.2675	0.2125	0.2375	0.38625	0.60875	0.48	0.11125	0.1875	0.35125	-1.3	1.8	0.76	0.2	1.04444	0.5335	0.372633	0.34262	0.3259	0.3149
0.12	0.02	0.02	0.02	1	0.5	0.02	0.02	0.73	0.12	0.5	0.02	0.27	0.02	0.02	0.12	0.27	0.02	0.12	0.12	0.5275	0.2525	0.57625	0.48125	0.36375	0.6825	0.36875	0.31875	0.30125	0.24375	0.13875	0.34	0.19375	0.32625	0.5625	0.71625	0.50875	0.12875	0.3475	0.24125	2.5	0.133333	0.76	0.971429	0.777778	0.1697	0.4094	0.43014	0.393671	0.352856
0.5	0.12	0.5	0.27	0.05	0.73	0.12	0.27	0.88	0.27	0.05	0.5	0.12	0.12	0.88	0.88	0.95	0.73	0.5	0.5	0.4325	0.23125	0.42125	0.44125	0.605	0.635	0.365	0.27875	0.2825	0.23375	0.20375	0.33625	0.15625	0.1975	0.33625	0.65	0.47125	0.04	0.29125	0.2125	-0.8	0.3	0.68	1.34286	1.23333	0.525	0.400833	0.45416	0.435014	0.381244
0.5	0.27	0.73	0.73	0.5	0.73	0.5	0.27	0.12	0.05	0.05	0.5	0.05	0.12	0.27	0.98	0.5	0.02	0.27	0.05	0.40375	0.28875	0.3925	0.38375	0.43	0.73875	0.37375	0.25	0.3775	0.27375	0.235	0.44	0.19625	0.22875	0.42125	0.605	0.60375	0.2175	0.34875	0.32875	-0.8	0.733333	1.3	1.1	1.23333	0.5078	0.522533	0.41938	0.4209	0.430244
0.27	0.5	0.27	0.27	0.98	0.73	0.5	0.5	0.12	0.73	0.5	0.27	0.5	0.12	0.73	0.73	0.5	0.05	0.12	0.5	0.40375	0.3175	0.4975	0.44125	0.37	0.71	0.345	0.27875	0.39625	0.13125	0.1975	0.44	0.1875	0.285	0.41125	0.6175	0.585	0.2175	0.395	0.24375	3.8	1.6	1.3	1.17143	0.377778	0.5348	0.4674	0.44862	0.417714	0.4446
0.95	0.12	0.5	0.73	0.12	0.73	0.5	0.5	0.12	0.05	0.05	0.12	0.12	0.73	0.5	0.73	0.5	0.05	0.5	0.12	0.31875	0.30875	0.44	0.32625	0.465	0.6625	0.26875	0.2975	0.43	0.2125	0.22625	0.43	0.235	0.1525	0.32375	0.59875	0.5375	0.23625	0.3475	0.2825	1.8	2.7	1.3	0.314286	0.166667	0.3596	0.403433	0.44586	0.471171	0.419367
0.12	0.05	0.12	0.05	1	0.73	0.12	0.05	0.05	0.12	0.12	0.5	0.05	0.02	0.05	0.5	0.5	0.02	0.05	0.27	0.44125	0.40625	0.60375	0.47125	0.245	0.63375	0.37625	0.46125	0.4575	0.195	0.16125	0.41375	0.21625	0.25375	0.4875	0.7225	0.595	0.24	0.40375	0.26375	2.5	1.16667	0.76	-0.0285714	-0.5	0.3159	0.395567	0.45308	0.439943	0.450556
0.27	0.73	0.5	0.5	0.05	0.88	0.5	0.27	0.27	0.12	0.27	0.88	0.27	0.27	0.12	0.73	0.73	0.73	0.5	0.5	0.39375	0.41625	0.5275	0.39625	0.39125	0.5575	0.3475	0.40625	0.335	0.2525	0.2275	0.395	0.265	0.24125	0.375	0.64625	0.5575	0.06625	0.37625	0.26375	-0.8	-0.6	-0.64	-0.414286	-0.8	0.5112	0.457	0.4074	0.431743	0.422467
0.5	0.73	0.88	0.5	0.12	0.5	0.27	0.73	0.27	0.27	0.27	0.5	0.5	0.5	0.5	0.73	0.73	0.05	0.27	0.27	0.305	0.38375	0.39	0.3075	0.3825	0.51625	0.315	0.31625	0.41125	0.23375	0.23625	0.38125	0.23625	0.3225	0.295	0.53	0.4975	0.1825	0.49625	0.28875	-3.5	-2.5	-1.7	-1.45714	-0.4	0.5439	0.453833	0.42556	0.394229	0.368989
0.27	0.05	0.5	0.27	0.02	0.5	0.12	0.27	1	0.02	0.05	0.27	0.12	0.05	0.02	0.12	0.12	0.27	0.95	0.05	0.315	0.46875	0.52625	0.425	0.275	0.51625	0.3625	0.32625	0.39625	0.17625	0.20375	0.48625	0.2275	0.36625	0.27875	0.5775	0.545	0.15	0.43	0.25625	-3.2	-3.4	-2.9	-1.31429	-1.21111	0.3064	0.433567	0.41682	0.346643	0.340078
0.27	0.73	0.95	0.5	0.12	0.27	0.5	0.88	0.88	0.05	0.05	0.27	0.05	0.12	0.88	0.88	0.73	0.02	0.12	0.12	0.23	0.4025	0.41375	0.31125	0.28125	0.46875	0.2675	0.19375	0.4875	0.16875	0.19875	0.53375	0.23625	0.2675	0.23375	0.50125	0.46875	0.17625	0.48625	0.23875	-3.5	-3.4	-2.18	-2.17143	-1.58889	0.4504	0.343	0.31988	0.340743	0.3184
0.27	0.88	0.27	0.12	0.27	0.27	0.27	0.05	0.12	0.73	0.73	0.73	0.73	0.27	0.05	0.5	0.88	0.05	0.73	0.73	0.2775	0.41125	0.575	0.38625	0.14375	0.46875	0.3725	0.325	0.63875	0.075	0.11375	0.505	0.15125	0.24875	0.3375	0.605	0.47875	0.1725	0.41	0.135	-3.5	-1.4	-2.18	-2.28571	-2.25556	0.2722	0.2497	0.26602	0.291214	0.373744
0.02	0.01	0.01	0.02	0.5	0.02	0.01	0.01	0.73	0.05	0.12	0.01	0.05	1	0.01	0.05	0.02	0.27	1	0.02	0.36625	0.52	0.6075	0.44625	0.115	0.48125	0.405	0.35875	0.5625	0.15125	0.17125	0.60375	0.2175	0.13	0.36125	0.68	0.5575	0.05625	0.3475	0.1675	2.8	-1.4	-1.86	-2.28571	-2.55556	0.0265	0.1911	0.23764	0.3298	0.386867
0.12	0.5	0.98	0.98	0.02	0.73	0.73	0.12	0.73	0.02	0.02	0.88	0.05	0.02	0.12	0.5	0.27	0.01	0.27	0.02	0.325	0.37375	0.41	0.2975	0.1625	0.345	0.2875	0.26	0.53125	0.13625	0.1525	0.46625	0.1575	0.19125	0.2875	0.6575	0.52625	0.08375	0.4075	0.13625	-3.5	-0.766667	-1.86	-2.32857	-2.25556	0.2746	0.1552	0.31036	0.375929	0.347
0.27	0.27	0.05	0.05	0.27	0.12	0.12	0.05	0.73	0.02	0.01	0.5	0.12	0.01	1	0.88	0.5	0.01	0.12	0.05	0.30625	0.45875	0.47875	0.395	0.13125	0.37375	0.355	0.2975	0.4125	0.13625	0.15	0.57125	0.13625	0.20125	0.18125	0.72	0.57375	0.05125	0.3225	0.14125	-1.6	-2.86667	-1.86	-1.94286	-1.98889	0.1645	0.4177	0.38178	0.338029	0.392222
0.5	0.27	0.73	0.27	0.05	0.73	0.73	0.27	0.5	0.05	0.12	0.73	0.05	0.02	0.05	0.95	0.73	0.02	0.05	0.05	0.2775	0.37375	0.29	0.32	0.20625	0.27875	0.2225	0.175	0.365	0.14125	0.1325	0.5425	0.145	0.1875	0.22375	0.71125	0.57875	0.04875	0.33125	0.1325	-3.5	-2.86667	-2.58	-1.55714	-1.67778	0.814	0.535933	0.4135	0.401057	0.3872
0.73	0.73	0.5	0.88	0.05	0.73	0.5	0.5	0.27	0.05	0.12	0.95	0.12	0.05	0.27	0.88	0.5	0.02	0.27	0.05	0.24875	0.24	0.2875	0.23125	0.2825	0.25125	0.2325	0.155	0.39375	0.065	0.05625	0.48625	0.05125	0.2725	0.1925	0.72	0.50375	0.13375	0.3375	0.075	-3.5	-2.6	-2.04	-2.05714	-0.977778	0.6293	0.5428	0.50126	0.455157	0.400256
0.27	0.05	0.27	0.27	0.02	0.12	0.05	0.05	0.02	0.12	0.02	0.27	0.02	0.01	0.02	1	0.73	0.01	0.02	0.02	0.3375	0.43375	0.3775	0.32	0.22625	0.435	0.35	0.24375	0.39625	0.05625	0.11625	0.6925	0.0725	0.18625	0.22875	0.76125	0.50625	0.1075	0.2775	0.09125	-0.8	-1.7	-1.86	-1.15714	-1.67778	0.1851	0.509267	0.5494	0.4716	0.447633
0.27	0.5	0.12	0.12	0.02	0.12	0.05	0.5	0.05	0.02	0.02	0.73	0.02	0.12	0.05	1	0.73	0.01	0.12	0.12	0.385	0.34875	0.3925	0.32625	0.2575	0.3775	0.32125	0.20625	0.31625	0.08125	0.12875	0.5875	0.08125	0.17625	0.30125	0.80875	0.56375	0.10875	0.2375	0.13875	-0.8	-0.766667	-0.6	-1.42857	-1.08889	0.7134	0.434567	0.46454	0.5128	0.4588
0.27	0.05	0.12	0.12	0.5	0.12	0.05	0.12	0.27	0.12	0.02	0.27	0.05	0.02	0.27	0.88	1	0.01	0.12	0.05	0.36625	0.38625	0.505	0.35375	0.17	0.425	0.32125	0.37	0.2125	0.0725	0.16125	0.645	0.125	0.19	0.155	0.77625	0.5775	0.11	0.22875	0.1475	-0.7	0.433333	-0.6	-0.671429	-0.988889	0.4052	0.502767	0.42926	0.4501	0.499589
0.27	0.27	0.02	0.02	0.88	0.05	0.12	0.12	0.12	0.12	0.12	0.5	0.05	0.98	0.02	0.5	0.05	0.73	1	0.27	0.36625	0.3875	0.5175	0.395	0.22625	0.4525	0.28375	0.39875	0.23125	0.0725	0.14	0.61625	0.13375	0.0825	0.2425	0.79625	0.715	0.02375	0.20375	0.12875	2.8	-0.466667	-0.08	-0.271429	-0.988889	0.3897	0.415933	0.46726	0.436143	0.458156
0.27	0.88	0.5	0.12	0.02	0.88	0.5	0.27	0.5	0.05	0.5	0.98	0.12	0.27	0.05	0.5	0.27	0.05	0.27	0.12	0.30875	0.2825	0.4575	0.36375	0.33375	0.32	0.23625	0.3325	0.165	0.10875	0.08375	0.52875	0.125	0.18	0.29625	0.79625	0.74375	0.10875	0.2675	0.15625	-3.5	0.366667	-0.06	-0.657143	-0.988889	0.4529	0.4059	0.4309	0.472714	0.450989
0.5	0.27	0.95	0.88	0.27	0.27	0.5	0.27	0.12	0.12	0.12	0.5	0.12	0.05	0.73	0.88	0.73	0.02	0.05	0.5	0.26125	0.355	0.40125	0.2375	0.315	0.38375	0.2325	0.32875	0.21625	0.11875	0.19125	0.5575	0.1375	0.33125	0.21125	0.6575	0.60125	0.23625	0.415	0.1975	1.8	-0.8	-0.62	-1.04286	-0.477778	0.3751	0.4532	0.43808	0.451486	0.440722
0.12	0.12	0.95	0.27	0.05	0.5	0.12	0.98	0.12	0.05	0.27	0.5	0.5	0.02	0.05	0.5	0.88	0.02	0.05	0.05	0.3375	0.345	0.4775	0.39	0.34625	0.4025	0.365	0.21125	0.2725	0.14	0.185	0.52875	0.1025	0.335	0.3525	0.69875	0.5825	0.26875	0.4625	0.25375	-0.7	-0.8	-1.88	-0.4	-0.477778	0.5316	0.449267	0.4731	0.406843	0.419211
0.5	0.5	0.73	0.5	0.88	0.88	0.5	0.5	0.5	0.05	0.05	0.73	0.12	0.12	0.5	0.73	0.88	0.05	0.73	0.12	0.27125	0.29375	0.49625	0.34875	0.21375	0.3425	0.31375	0.25875	0.19375	0.25	0.30125	0.46875	0.20625	0.3825	0.265	0.575	0.4725	0.26625	0.425	0.34875	-3.5	-2.56667	-0.42	-0.914286	0.1	0.4411	0.5125	0.40106	0.425429	0.389233
0.27	0.5	0.5	0.73	0.05	0.5	0.5	0.12	0.12	0.27	0.05	0.73	0.12	0.12	0.73	0.88	0.95	0.02	0.05	0.12	0.32875	0.3225	0.585	0.3325	0.21375	0.49375	0.36125	0.35375	0.33625	0.2225	0.2925	0.4975	0.23375	0.275	0.2675	0.60375	0.5675	0.185	0.41875	0.33	-3.5	-1.06667	-0.94	0.228571	-0.288889	0.5648	0.3662	0.43	0.380071	0.419744
0.12	0.02	0.27	0.02	0.12	0.02	0.02	0.02	0.05	0.27	0.5	0.02	0.12	1	0.02	0.27	0.05	1	0.98	0.73	0.315	0.27375	0.5525	0.40625	0.20375	0.4775	0.36	0.335	0.2975	0.21875	0.17625	0.465	0.22125	0.24125	0.35625	0.61875	0.6475	0.09	0.39375	0.24125	3.8	-0.166667	0.1	-0.128571	-0.0444444	0.0927	0.392433	0.35076	0.421386	0.390367
0.5	0.27	0.73	0.73	0.05	0.5	0.73	0.27	0.5	0.12	0.12	0.5	0.12	0.12	0.5	0.95	0.73	0.27	0.5	0.12	0.2675	0.21125	0.3825	0.27	0.18125	0.4175	0.215	0.395	0.24125	0.2375	0.21125	0.34875	0.20875	0.3475	0.2075	0.43875	0.505	0.18125	0.45375	0.3175	-0.8	2.5	0.66	-0.214286	-0.288889	0.5198	0.2493	0.3954	0.372371	0.438033
0.12	0.02	0.05	0.02	0.27	0.02	0.02	0.02	0.02	1	0.73	0.02	0.5	0.5	0.02	0.12	0.12	0.02	0.5	0.88	0.315	0.23375	0.36375	0.45	0.1625	0.4775	0.30375	0.31875	0.2925	0.12375	0.1025	0.36125	0.10125	0.30375	0.2675	0.59	0.59375	0.21125	0.45	0.21875	4.5	1	1.1	0.228571	-0.288889	0.1354	0.439833	0.32014	0.424229	0.466833
0.5	0.5	0.5	0.12	0.05	0.88	0.5	0.5	0.88	0.12	0.05	0.73	0.27	0.12	0.27	0.88	0.88	0.05	0.27	0.12	0.23875	0.11375	0.23125	0.3775	0.08125	0.275	0.1875	0.32125	0.125	0.2275	0.18125	0.19625	0.11625	0.3375	0.17625	0.495	0.4225	0.2025	0.38875	0.3	-0.7	0.833333	0.26	0.628571	0.0555556	0.6643	0.3294	0.46242	0.456514	0.448389
0.01	0.01	0.01	0	0.01	0.27	0.01	0.02	0.12	0.02	0.02	0.01	0.02	0.88	0.05	0.01	0.01	0.27	1	0.02	0.3	0.175	0.26375	0.31625	0.08625	0.30375	0.22	0.38125	0.23875	0.2125	0.19375	0.2575	0.13875	0.23	0.14625	0.6175	0.5225	0.17375	0.29375	0.30375	-1.3	-0.8	0.28	0.0285714	0.355556	0.1885	0.5523	0.51662	0.482571	0.431689
0.5	0.02	0.05	0.5	0.02	0.27	0.05	1	0.12	0.12	0.02	0.05	0.02	0.02	0.02	0.12	0.27	0.02	0.05	0.5	0.3425	0.1775	0.23125	0.2575	0.085	0.31625	0.2275	0.27125	0.23875	0.22875	0.2225	0.265	0.2425	0.275	0.15375	0.66125	0.54625	0.19875	0.3525	0.24375	-0.4	-0.8	-0.7	0.0285714	0.144444	0.8041	0.594467	0.54456	0.467529	0.425744
0.12	0.05	0.12	1	0.12	0.5	0.12	0.12	0.05	0.02	0.01	0.12	0.02	0.05	0.05	0.88	0.98	0.01	0.02	0.02	0.41875	0.17375	0.165	0.1375	0.0725	0.2875	0.19	0.3625	0.19125	0.26	0.22375	0.25625	0.26125	0.2625	0.1025	0.57	0.47625	0.16875	0.3	0.35125	-0.7	-0.5	-0.72	-0.342857	0.155556	0.7908	0.623333	0.4946	0.453786	0.4032
0.27	0.02	0.12	0.02	0.01	0.12	0.05	1	0.02	0	0	0.12	0.01	0.01	0.02	0.73	0.27	0.01	0.01	0.01	0.39125	0.17625	0.1925	0.26	0.05375	0.335	0.1975	0.375	0.19375	0.13875	0.14	0.25625	0.20125	0.22	0.105	0.58	0.5525	0.1675	0.24	0.245	-0.4	-0.633333	-0.08	-0.342857	-0.388889	0.2751	0.493467	0.46474	0.404157	0.398867
0.27	0.5	0.27	0.12	0.05	0.12	0.27	0.12	0.27	0.05	0.12	0.5	0.05	0.02	0.27	0.99	0.88	0.01	0.02	0.05	0.34375	0.0875	0.2025	0.32375	0.04875	0.24	0.17	0.42875	0.0675	0.20875	0.1525	0.15125	0.19625	0.3225	0.07375	0.47125	0.4575	0.27125	0.315	0.31625	-0.8	0.233333	-0.14	-0.214286	0.188889	0.4145	0.242933	0.3673	0.391	0.350867
0.95	0.05	0.05	0.05	0.12	0.12	0.12	0.12	0.05	0.5	0.73	0.12	0.95	0.5	0.05	0.73	0.5	0.95	0.5	0.73	0.26375	0.145	0.235	0.335	0.045	0.20875	0.19375	0.4325	0.0825	0.26	0.1925	0.2	0.19125	0.2625	0.0975	0.50875	0.51875	0.23875	0.22125	0.3475	1.9	0.133333	-0.08	0.485714	0.755556	0.0392	0.256867	0.22842	0.309314	0.334289
0.73	0.27	0.27	0.27	0.05	0.5	0.5	0.12	0.05	0.27	0.12	0.5	0.27	0.05	0.12	0.98	0.88	0.02	0.05	0.5	0.32	0.13	0.21625	0.26	0.0575	0.13375	0.14625	0.43	0.0825	0.33625	0.2725	0.1525	0.3075	0.4075	0.12	0.55375	0.4525	0.35875	0.39	0.37625	-0.7	0.266667	0.9	1.12857	0.755556	0.3169	0.150833	0.21986	0.201957	0.253167
0.05	0.01	0.27	0.02	0.01	0.02	0.01	1	0.01	0.01	0.05	0.02	0.01	0.12	0.01	0.05	0.02	0.01	0.01	0.02	0.42375	0.21875	0.26375	0.18125	0.0625	0.25	0.28375	0.31125	0.1725	0.4	0.31375	0.28875	0.3525	0.4075	0.13375	0.59375	0.55625	0.365	0.51125	0.4675	-0.4	1.13333	1.82	1.12857	0.688889	0.0964	0.2152	0.14482	0.173229	0.204333
0.12	0.27	0.73	0.73	0.05	0.12	0.5	0.05	0.12	0.73	0.27	0.27	0.27	0.95	0.27	0.27	0.73	0.88	0.88	0.73	0.38375	0.18625	0.20625	0.215	0.05625	0.22875	0.3075	0.3075	0.15875	0.31125	0.28625	0.24875	0.32	0.3025	0.10125	0.48125	0.43625	0.255	0.4025	0.37875	4.5	2.63333	1.36	1.05714	0.344444	0.2323	0.122667	0.15178	0.1642	0.183822
0.05	0.02	0.05	0.02	0.05	0.02	0.05	0.05	0.02	0.88	0.95	0.02	0.88	0.88	0.02	0.05	0.12	0.95	0.73	0.95	0.3925	0.18875	0.3675	0.3225	0.05625	0.26	0.345	0.29875	0.14375	0.32	0.22	0.28	0.27125	0.315	0.105	0.47625	0.52625	0.2475	0.43375	0.43625	3.8	2.63333	1.24	0.285714	0.355556	0.0393	0.1152	0.15866	0.171529	0.164022
0.73	0.12	0.12	0.12	0.05	0.05	0.05	0.98	0.12	0.5	0.05	0.05	0.27	0.73	0.27	0.73	0.12	0.05	0.95	0.5	0.2225	0.1725	0.355	0.305	0.075	0.24375	0.3325	0.16875	0.1275	0.415	0.35125	0.26375	0.33875	0.3625	0.07	0.30625	0.47875	0.24375	0.35	0.525	-0.4	0.7	0.62	0.285714	0.611111	0.074	0.154867	0.15748	0.160014	0.169622
0.27	0.5	0.5	0.12	0.12	0.95	0.73	0.05	0.73	0.27	0.27	0.73	0.12	0.12	0.05	0.27	0.95	0.05	0.95	0.27	0.25125	0.15375	0.365	0.305	0.09375	0.16	0.21875	0.30375	0.13625	0.425	0.315	0.17875	0.33875	0.43875	0.08875	0.35125	0.3875	0.24375	0.3775	0.525	-1.3	-1.73333	-0.42	0.942857	0.3	0.3513	0.171933	0.15828	0.159043	0.172278
0.02	0.02	0.12	1	0	0.05	0.73	0.02	0.02	0.01	0	0.05	0.01	0	0.02	0.05	0.02	0	0.01	0.01	0.29125	0.215	0.38	0.19375	0.11375	0.2725	0.22	0.18375	0.22625	0.57875	0.4525	0.26375	0.385	0.5575	0.09375	0.375	0.5075	0.255	0.5275	0.6775	-3.5	-1.83333	-0.34	-0.2	0.811111	0.0905	0.226033	0.16834	0.174543	0.204089
0.27	0.27	0.88	0.27	0.05	0.27	0.12	0.05	0.05	0.27	0.27	0.5	0.27	0.05	0.05	0.73	0.99	0.02	0.12	0.73	0.355	0.15625	0.25625	0.20875	0.10375	0.2925	0.2675	0.2975	0.29875	0.4575	0.3875	0.18	0.32125	0.435	0.11875	0.31875	0.32875	0.145	0.40625	0.49875	-0.7	0	-0.96	-0.142857	0.266667	0.2363	0.1388	0.2217	0.2236	0.219256
0.27	0.02	0.02	0.01	0.27	0.02	0.02	0.01	0.02	0.88	0.88	0.02	0.88	0.73	0.02	0.05	0.12	0.02	0.05	0.99	0.3825	0.2	0.47625	0.34875	0.0725	0.38375	0.28875	0.42	0.33375	0.2725	0.19375	0.27125	0.1375	0.2425	0.12625	0.48875	0.4375	0.02875	0.32625	0.35	4.2	0	0.14	-0.142857	-0.2	0.0896	0.222233	0.22798	0.265714	0.256789
0.5	0.5	0.73	0.27	0.27	0.73	0.27	0.27	0.73	0.12	0.05	0.5	0.12	0.05	0.05	0.88	0.98	0.02	0.27	0.27	0.325	0.13125	0.37875	0.30375	0.1	0.295	0.2575	0.28	0.2325	0.42375	0.41	0.21125	0.26125	0.29875	0.095	0.3275	0.40625	0.02875	0.195	0.49625	-3.5	1.63333	0.76	-0.0142857	0.344444	0.3408	0.271033	0.28364	0.2694	0.275011
0.12	0.02	0.01	0.01	0.05	0.02	0.02	0.01	0.02	0.98	0.88	0.02	0.27	0.95	0.02	0.02	0.05	0.05	0.27	0.98	0.3725	0.14375	0.4975	0.355	0.11875	0.35625	0.26	0.32125	0.245	0.2975	0.2875	0.27125	0.2425	0.18625	0.09875	0.51125	0.52625	0.02125	0.0825	0.465	4.2	0.1	0.82	1.12857	0.4	0.3827	0.3641	0.3118	0.290471	0.281467
0.88	0.05	0.5	0.12	0.02	0.5	0.27	0.99	0.73	0.02	0.02	0.05	0.02	0.02	0.5	0.5	0.27	0.02	0.02	0.02	0.3375	0.14375	0.455	0.3075	0.12875	0.29625	0.14375	0.23	0.15625	0.52625	0.4575	0.2675	0.30625	0.33625	0.07	0.5075	0.55875	0.0275	0.11875	0.70625	-0.4	1.13333	0.88	1.11429	0.4	0.3688	0.3762	0.34148	0.3152	0.288411
0.27	0.12	0.95	0.88	0.02	0.5	0.12	0.99	0.27	0.01	0.01	0.27	0.02	0.02	0.05	0.73	0.12	0.02	0.02	0.02	0.41375	0.1925	0.3225	0.19375	0.12875	0.35375	0.21	0.23	0.27	0.50875	0.43125	0.2875	0.27875	0.3325	0.23875	0.4975	0.5725	0.0275	0.11	0.63	-0.4	1.23333	1.42	0.0142857	0.4	0.3771	0.327967	0.3552	0.324257	0.321789
0.5	0.05	0.05	0.02	0.27	0.05	0.05	0.12	0.02	0.95	0.95	0.05	0.5	0.5	0.05	0.27	0.73	0.05	0.12	0.95	0.385	0.2325	0.555	0.41	0.06625	0.47	0.3075	0.4475	0.36125	0.28375	0.20625	0.375	0.115	0.1875	0.25125	0.64	0.54375	0.02375	0.10625	0.3925	4.5	1.1	-0.12	0.414286	-0.455556	0.238	0.3415	0.30926	0.352243	0.370978
0.27	0.12	0.73	0.27	0.05	0.73	0.5	0.12	0.12	0.12	0.12	0.73	0.12	0.12	0.05	0.88	0.98	0.02	0.05	0.73	0.3575	0.17625	0.39375	0.3475	0.06125	0.41875	0.2325	0.415	0.26375	0.435	0.3375	0.26125	0.18125	0.33875	0.2475	0.46875	0.405	0.0275	0.0875	0.42	-0.8	0.0666667	-0.18	-0.685714	-0.455556	0.4094	0.2668	0.34284	0.373614	0.374644
0.5	0.05	0.27	0.73	0.05	0.05	0.05	0.27	0.02	0.88	0.5	0.05	0.27	0.27	0.27	0.5	0.5	0.02	0.05	0.98	0.42375	0.1975	0.48375	0.39875	0.06125	0.61125	0.3775	0.41	0.28875	0.28	0.21375	0.3775	0.14375	0.21625	0.28	0.57625	0.55	0.02375	0.06	0.32875	-3.5	-1.66667	-0.8	-1.12857	-0.422222	0.153	0.366367	0.37388	0.374329	0.376667
0.27	0.73	0.27	0.12	0.05	0.73	0.5	0.05	0.5	0.12	0.05	0.88	0.05	0.02	0.95	0.88	0.95	0.02	0.05	0.12	0.345	0.1075	0.42125	0.46	0.06125	0.465	0.2875	0.31375	0.14	0.49125	0.33	0.26875	0.2025	0.37	0.1325	0.4675	0.475	0.0275	0.09125	0.54375	-0.7	-2.56667	-2.4	-0.428571	-0.0666667	0.5367	0.407333	0.40104	0.377729	0.383267
0.27	0.27	0.98	0.88	0.02	0.5	0.73	0.88	0.5	0.02	0.02	0.5	0.05	0.05	0.12	0.73	0.5	0.02	0.12	0.02	0.42125	0.1525	0.22875	0.26125	0.065	0.465	0.335	0.21	0.10875	0.59375	0.335	0.28875	0.2025	0.365	0.2325	0.41	0.5225	0.02625	0.08125	0.56875	-3.5	-2.56667	-1.34	-0.671429	-0.0666667	0.5323	0.480933	0.39934	0.4049	0.3867
0.05	0.12	0.12	0.02	0.01	1	0.12	0.01	0.05	0.5	0.27	0.27	0.27	0.88	0.02	0.12	0.12	0.02	0.05	0.27	0.44875	0.17125	0.345	0.4	0.155	0.41125	0.52375	0.31	0.16875	0.50625	0.295	0.32625	0.14625	0.21375	0.2725	0.48625	0.49375	0.0225	0.09	0.51	-3.5	-0.833333	-0.08	-0.614286	-0.144444	0.3738	0.435667	0.45438	0.4047	0.390378
0.88	0.12	0.27	0.88	0.05	0.88	0.73	0.12	0.12	0.5	0.27	0.27	0.12	0.12	0.5	0.5	0.73	0.02	0.05	0.5	0.43375	0.1625	0.25	0.265	0.15	0.34125	0.39125	0.39125	0.15125	0.55375	0.295	0.24125	0.2125	0.29625	0.24	0.43875	0.3575	0.0225	0.08625	0.4525	4.5	1.26667	-0.02	0.428571	-0.144444	0.4009	0.400967	0.42864	0.421571	0.376833
0.02	0.01	0	0	0.02	0.01	0	0	0.02	0.95	0.5	0.01	0.27	1	0	0.01	0.12	0.05	0.27	0.88	0.49375	0.20375	0.3125	0.375	0.15375	0.50625	0.5675	0.3875	0.2525	0.42125	0.2375	0.35875	0.19375	0.1675	0.275	0.52875	0.49375	0.0225	0.14375	0.345	2.8	2.3	1.44	0.414286	-0.144444	0.4282	0.412367	0.3764	0.385971	0.412744
0.88	0.02	0.12	0.05	0.02	0.27	0.73	0.99	0.02	0.73	0.02	0.05	0.02	0.01	0.02	0.12	0.05	0.01	0.01	0.12	0.38625	0.2025	0.37375	0.46375	0.15375	0.47375	0.52375	0.2725	0.22375	0.43625	0.2975	0.35375	0.225	0.29125	0.16	0.515	0.49375	0.11625	0.185	0.43125	-0.4	2.06667	1.98	0.414286	-0.144444	0.408	0.3691	0.35914	0.377957	0.403711
0.5	0.05	0.12	0.27	0.98	0.12	0.95	0.05	0.05	0.73	0.88	0.12	0.27	0.12	0.27	0.27	0.12	0.02	0.12	0.73	0.43375	0.18	0.36125	0.38875	0.03375	0.54	0.5275	0.295	0.1725	0.49625	0.2025	0.2975	0.2025	0.27375	0.12	0.49625	0.51375	0.115	0.1625	0.44375	3.8	0.866667	0.38	0.814286	-0.144444	0.2711	0.3222	0.3742	0.389614	0.380367
0.98	0.05	0.12	0.05	0.05	0.05	0.05	0.88	0.05	0.5	0.12	0.05	0.5	0.02	0.27	0.88	0.5	0.02	0.02	0.5	0.43	0.19875	0.38	0.4475	0.155	0.4575	0.6875	0.22375	0.18125	0.46875	0.27875	0.2875	0.14625	0.17875	0.24125	0.52375	0.51375	0.115	0.26	0.445	-0.8	-0.166667	-0.32	-0.328571	0.0666667	0.2875	0.344933	0.37964	0.378371	0.389456
0.12	0.27	0.5	0.73	0.05	0.5	0.73	0.12	0.73	0.27	0.27	0.73	0.27	0.12	0.05	0.73	0.98	0.05	0.73	0.5	0.49	0.1625	0.36125	0.34375	0.155	0.35375	0.52625	0.42625	0.0875	0.44125	0.24125	0.23125	0.175	0.16625	0.2125	0.59	0.39625	0.11125	0.19875	0.41625	-3.5	-1.66667	-0.94	-0.957143	-0.477778	0.4762	0.406367	0.36248	0.382286	0.393656
0.27	0.73	0.88	0.88	0.05	0.73	0.88	0.12	0.27	0.02	0.05	0.88	0.05	0.02	0.05	0.88	0.88	0.73	0.12	0.05	0.5025	0.1375	0.405	0.41625	0.15875	0.43375	0.57	0.46	0.1575	0.41625	0.26875	0.27375	0.23125	0.145	0.275	0.68	0.485	0.02625	0.275	0.39625	-0.7	-2.56667	-2.02	-0.957143	-0.877778	0.4554	0.417933	0.39938	0.386671	0.390644
0.27	0.12	0.88	0.5	0.02	0.88	0.98	0.12	0.12	0.5	0.12	0.12	0.12	0.02	0.05	0.73	0.73	0.02	0.05	0.73	0.42625	0.2175	0.4525	0.4725	0.16625	0.39625	0.5	0.3425	0.18875	0.3275	0.32	0.3775	0.25375	0.2675	0.36375	0.69875	0.58875	0.205	0.345	0.3875	-3.5	-1.93333	-1.94	-1.61429	-0.522222	0.3222	0.411067	0.42962	0.405243	0.379478
0.5	0.27	0.27	0.27	0.05	0.27	0.5	0.27	0.12	0.05	0.12	0.12	0.05	0.02	0.99	0.95	0.5	0.02	0.73	0.05	0.3975	0.2075	0.5475	0.4825	0.055	0.49125	0.475	0.3325	0.21625	0.355	0.30125	0.3775	0.29125	0.37625	0.21875	0.7	0.665	0.29375	0.33625	0.44375	-1.6	-1.83333	-1.4	-1.1	-0.522222	0.4556	0.4055	0.4146	0.4081	0.376089
0.5	0.05	0.5	0.73	0.05	0.5	0.12	0.98	0.05	0.05	0.12	0.5	0.12	0.12	0.05	0.88	0.27	0.02	0.27	0.27	0.3375	0.2625	0.61375	0.48125	0.11125	0.5475	0.6075	0.19625	0.2525	0.32625	0.34875	0.38625	0.2825	0.37625	0.33625	0.69	0.665	0.30625	0.45375	0.41625	-0.4	-0.933333	-0.7	-0.0571429	-0.577778	0.4387	0.4318	0.38502	0.374443	0.395811
0.27	0.27	0.73	0.73	0.05	0.88	0.5	0.27	0.12	0.5	0.5	0.5	0.5	0.73	0.5	0.88	0.73	0.05	0.27	0.27	0.41375	0.21625	0.585	0.50875	0.19625	0.5	0.5025	0.3325	0.24375	0.27	0.30125	0.32875	0.26375	0.37625	0.28875	0.66125	0.5475	0.31125	0.4725	0.41625	-0.8	0.533333	0.76	-0.142857	-0.333333	0.4011	0.382433	0.3687	0.375814	0.390456
0.27	0.05	0.5	0.12	0.05	0.12	0.27	0.05	0.12	0.5	0.5	0.12	0.27	0.99	0.73	0.12	0.73	0.73	0.5	0.73	0.49875	0.215	0.5375	0.50875	0.22375	0.56625	0.455	0.455	0.225	0.30125	0.32875	0.32875	0.30125	0.3475	0.26875	0.75625	0.52875	0.14125	0.44375	0.38625	2.8	1.93333	0.82	0.171429	-0.0555556	0.3075	0.3164	0.37058	0.390929	0.373189
0.5	0.12	0.27	0.12	0.12	0.27	0.27	0.12	0.27	0.5	0.73	0.12	0.5	0.99	0.05	0.5	0.5	0.73	0.73	0.5	0.49875	0.25375	0.5475	0.48	0.21875	0.5	0.395	0.49375	0.225	0.25375	0.3	0.42375	0.2725	0.37875	0.47	0.68	0.52875	0.145	0.4425	0.3575	3.8	1.76667	0.64	0.657143	0.155556	0.2406	0.3377	0.36844	0.3687	0.383411
0.5	0.27	0.88	0.5	0.5	0.73	0.73	0.5	0.27	0.27	0.5	0.5	0.5	0.12	0.27	0.73	0.27	0.12	0.5	0.5	0.47	0.21625	0.5	0.405	0.17125	0.42375	0.28125	0.44625	0.24375	0.31	0.37625	0.3675	0.32875	0.60875	0.3525	0.595	0.58625	0.3375	0.47125	0.41375	-1.3	0.4	1.16	0.485714	0.644444	0.465	0.377867	0.34822	0.3652	0.355344
0.5	0.12	0.5	0.95	0.73	0.5	0.27	0.5	0.73	0.27	0.27	0.27	0.5	0.73	0.12	0.5	0.5	0.12	0.88	0.5	0.4225	0.235	0.5475	0.3825	0.13875	0.48125	0.38625	0.33	0.18625	0.30625	0.39625	0.3675	0.31625	0.52	0.38	0.57625	0.53875	0.33625	0.39625	0.3825	-1.3	-0.266667	0.28	1	0.3	0.428	0.397667	0.36956	0.3369	0.325811
0.95	0.5	0.27	0.27	0.27	0.5	0.27	0.88	0.12	0.27	0.27	0.5	0.12	0.05	0.12	0.88	0.73	0.05	0.12	0.27	0.33875	0.155	0.49125	0.37875	0.19125	0.37375	0.325	0.37375	0.24875	0.245	0.335	0.27875	0.31625	0.515	0.31875	0.43375	0.42125	0.34	0.45875	0.38375	1.8	-0.366667	0.08	0.1	0.344444	0.3	0.380733	0.36204	0.317671	0.288111
0.5	0.5	0.73	0.27	0.05	0.5	0.5	0.5	0.27	0.12	0.12	0.88	0.12	0.27	0.98	0.5	0.5	0.05	0.27	0.27	0.3675	0.15125	0.3725	0.365	0.21875	0.36125	0.26375	0.41625	0.21625	0.32625	0.41	0.21875	0.345	0.37875	0.1225	0.46875	0.365	0.25125	0.38375	0.41125	-1.6	1	-0.36	-0.5	0.533333	0.4142	0.305733	0.30362	0.292129	0.261989
0.27	0.12	0.5	0.05	0.05	0.12	0.05	0.27	0.27	0.27	0.5	0.05	0.5	0.99	0.27	0.5	0.73	0.95	0.73	0.5	0.34875	0.18625	0.36875	0.37875	0.21	0.3775	0.28875	0.43625	0.185	0.33625	0.395	0.31	0.3575	0.25625	0.2075	0.4125	0.28	0.05375	0.24125	0.41125	2.8	-0.766667	-0.18	0.328571	0.533333	0.203	0.263367	0.23038	0.236043	0.2401
0.12	0.05	0.5	1	0.02	0.73	0.5	0.05	0.05	0.02	0.05	0.27	0.02	0.02	0.12	0.5	0.12	0.01	0.05	0.02	0.31125	0.1625	0.265	0.2	0.1525	0.2125	0.1425	0.52625	0.18	0.33375	0.38875	0.2225	0.35625	0.36375	0.19375	0.3275	0.325	0.1575	0.265	0.41	-3.5	-0.366667	0.36	1.05714	0.633333	0.1729	0.1459	0.18486	0.181129	0.200478
0.05	0.01	0.05	0.02	0.01	0.02	0.01	1	0.01	0.01	0.01	0.02	0.12	0.01	0.01	0.12	0.02	0.01	0.01	0.05	0.2725	0.155	0.26	0.205	0.06875	0.24125	0.1725	0.35125	0.09625	0.42	0.48375	0.2225	0.40375	0.33625	0.195	0.315	0.28125	0.14875	0.16625	0.40625	-0.4	0.2	1.44	0.742857	1.2	0.0618	0.102367	0.11074	0.153757	0.162167
0.05	0.02	0.01	0.01	0.05	0.02	0.01	0.01	0.01	1	0.95	0.02	0.5	0.12	0.02	0.02	0.05	0.02	0.05	0.95	0.2725	0.09375	0.29375	0.17875	0.03625	0.185	0.145	0.48875	0.08375	0.265	0.335	0.16625	0.34375	0.31875	0.185	0.30875	0.1925	0.14375	0.14875	0.275	4.5	2.63333	0.8	1.51429	1.2	0.0724	0.0592667	0.09182	0.106471	0.135889
0.12	0.02	0.01	0.01	0.05	0.02	0.02	0.05	0.02	0.73	0.99	0.02	0.98	0.73	0.02	0.05	0.05	0.05	0.05	0.73	0.235	0.065	0.20875	0.1475	0.03625	0.12875	0.0875	0.43625	0.14	0.29875	0.3775	0.0625	0.33125	0.3325	0.09625	0.24875	0.13625	0.25625	0.24	0.28375	3.8	2.63333	2.26	1.37143	1.23333	0.0436	0.0748	0.07388	0.0865429	0.106356
0.05	0.01	0.05	0.02	0.01	0.02	0.01	1	0.01	0	0	0.02	0.01	0.01	0.01	0.05	0.02	0.01	0.01	0.01	0.2725	0.06625	0.175	0.23125	0.04125	0.205	0.11625	0.3175	0.11375	0.3625	0.445	0.11875	0.39625	0.30125	0.1875	0.29625	0.11125	0.145	0.16	0.32625	-0.4	2.4	2.7	1.68571	0.744444	0.1084	0.0784	0.07422	0.0830429	0.116144
0.12	0.02	0.01	0.01	0.05	0.02	0.02	0.05	0.02	0.95	0.99	0.02	0.98	0.5	0.02	0.02	0.05	0.05	0.05	0.5	0.34	0.12125	0.18	0.17	0.04875	0.1475	0.14375	0.4925	0.14	0.275	0.33	0.1475	0.2875	0.24375	0.23375	0.35625	0.2025	0.145	0.155	0.29625	3.8	1.73333	1.54	1.51429	1.04444	0.0832	0.0850333	0.08942	0.1158	0.152111
0.95	0.02	0.5	0.05	0.05	0.05	0.05	0.99	0.02	0.02	0.02	0.05	0.02	0.02	0.05	0.73	0.05	0.02	0.02	0.12	0.23625	0.135	0.20375	0.1775	0.11	0.175	0.145	0.265	0.15375	0.5125	0.56875	0.1475	0.455	0.33625	0.235	0.25875	0.23375	0.15375	0.16375	0.42875	1.8	1.43333	0.46	0.757143	1.58889	0.0635	0.0983667	0.13892	0.1764	0.191
0.27	0.27	0.05	0.02	0.05	0.05	0.05	0.12	0.73	0.12	0.5	0.05	0.5	0.99	0.27	0.05	0.05	0.98	1	0.12	0.425	0.1075	0.38125	0.195	0.11	0.1875	0.235	0.3875	0.07875	0.39	0.3925	0.16	0.33875	0.2025	0.21125	0.46375	0.31875	0.03375	0.04125	0.325	-1.3	-0.366667	0.38	0.857143	1	0.1484	0.167667	0.21656	0.229	0.227911
0.5	0.12	0.27	0.73	0.05	0.73	0.27	0.27	0.05	0.05	0.05	0.5	0.05	0.02	0.99	0.88	0.5	0.02	0.05	0.12	0.4725	0.1575	0.3675	0.11125	0.1375	0.13375	0.22	0.39625	0.1675	0.39875	0.3875	0.11625	0.335	0.295	0.18125	0.445	0.36625	0.15375	0.16875	0.3525	-1.6	-1.23333	0.52	0.8	0.777778	0.2911	0.312033	0.28228	0.271314	0.279211
0.73	0.5	0.5	0.5	0.12	0.27	0.73	0.5	0.27	0.27	0.12	0.5	0.12	0.05	0.5	0.95	0.88	0.05	0.05	0.27	0.5	0.17125	0.42375	0.22875	0.1425	0.28	0.22375	0.3525	0.15375	0.405	0.4125	0.17625	0.3875	0.3525	0.30375	0.52125	0.35	0.1825	0.1825	0.395	-0.8	0.7	-4.44089e-17	0.514286	0.733333	0.4966	0.399833	0.3505	0.331614	0.329056
0.05	0.12	0.73	0.12	0.5	0.27	0.05	0.12	0.12	0.98	0.95	0.05	0.5	0.27	0.05	0.05	0.27	0.05	0.05	0.73	0.60375	0.25	0.50375	0.30875	0.1225	0.36875	0.34	0.5125	0.20375	0.2	0.1875	0.34	0.22375	0.265	0.36375	0.74125	0.45375	0.17875	0.21	0.28125	4.5	0.966667	0.62	0.142857	0.266667	0.4118	0.437667	0.42188	0.402114	0.375089
0.88	0.05	0.98	0.12	0.05	0.12	0.73	0.12	0.12	0.12	0.02	0.12	0.05	0.02	0.05	0.98	0.73	0.02	0.05	0.12	0.4725	0.29	0.44375	0.3175	0.20625	0.5	0.2825	0.45125	0.21625	0.3675	0.335	0.3875	0.2925	0.30875	0.44875	0.59625	0.48125	0.18625	0.29875	0.43375	-0.8	1.83333	0.78	0.271429	0.266667	0.4046	0.440567	0.47506	0.451986	0.414244
0.73	0.27	0.12	0.05	0.27	0.27	0.12	0.27	0.05	0.73	0.5	0.12	0.5	0.5	0.5	0.73	0.88	0.05	0.12	0.95	0.49125	0.2625	0.57875	0.38625	0.17875	0.50875	0.415	0.45125	0.14	0.33875	0.275	0.4725	0.23625	0.13125	0.46875	0.68375	0.575	0.0625	0.17125	0.3775	1.8	0.0666667	0.86	0.757143	0.333333	0.5053	0.488967	0.47524	0.469814	0.445978
0.5	0.5	0.73	0.73	0.12	0.73	0.5	0.88	0.12	0.27	0.27	0.5	0.5	0.5	0.5	0.73	0.27	0.27	0.12	0.5	0.49125	0.225	0.56	0.21625	0.19375	0.375	0.34	0.375	0.1275	0.3925	0.3	0.36875	0.2325	0.135	0.47	0.665	0.71125	0.03375	0.2275	0.42125	-0.8	0.2	0.32	0.771429	0.333333	0.557	0.519933	0.47606	0.460871	0.452367
0.27	0.27	0.88	0.27	0.27	0.73	0.27	0.95	0.27	0.02	0.02	0.88	0.05	0.02	0.05	0.88	0.27	0.02	0.27	0.05	0.4625	0.19375	0.485	0.21375	0.16625	0.34375	0.28375	0.31875	0.0775	0.5	0.37875	0.265	0.28875	0.3125	0.57375	0.56125	0.635	0.15	0.265	0.5625	-0.4	0.2	0.34	-0.1	0.888889	0.4975	0.490133	0.48194	0.451843	0.436489
0.73	0.27	0.27	0.12	0.27	0.95	0.27	0.5	0.12	0.5	0.27	0.5	0.12	0.12	0.73	0.5	0.73	0.05	0.73	0.73	0.405	0.18125	0.4725	0.22	0.10625	0.285	0.28	0.36625	0.19125	0.35125	0.32	0.3125	0.30875	0.39125	0.57375	0.6175	0.55875	0.2625	0.31125	0.44875	1.8	0.233333	-0.34	0.614286	0.7	0.4159	0.449133	0.4506	0.444571	0.410911
0.27	0.27	0.27	0.5	0.05	0.27	0.5	0.27	0.05	0.5	0.5	0.73	0.5	0.05	0.88	0.5	0.95	0.02	0.05	0.5	0.38625	0.18125	0.38375	0.28125	0.13	0.44625	0.25125	0.41375	0.2	0.35125	0.295	0.28375	0.26125	0.46	0.555	0.5575	0.47375	0.2975	0.50875	0.49625	-0.7	-0.166667	0.66	0.757143	0.4	0.434	0.3995	0.40994	0.398329	0.398311
0.27	0.05	0.73	0.05	0.02	0.12	0.05	0.27	0.02	0.02	0.02	0.05	0.02	0.05	1	0.73	0.98	0.01	0.5	0.02	0.32875	0.19	0.43625	0.34625	0.19125	0.54125	0.32625	0.4425	0.26	0.32625	0.3075	0.41625	0.27375	0.4	0.48375	0.52875	0.45125	0.295	0.44375	0.44375	-1.6	0.633333	1.3	0.371429	-0.188889	0.3486	0.378767	0.34676	0.360357	0.374244
0.27	0.02	0.05	0.02	0.05	0.02	0.05	0.12	0.02	0.88	0.5	0.05	0.12	0.99	0.88	0.27	0.27	0.73	0.5	0.95	0.28125	0.13375	0.43125	0.26	0.17875	0.465	0.26625	0.3525	0.2475	0.27625	0.3375	0.35625	0.32375	0.25375	0.43875	0.4975	0.5125	0.17375	0.435	0.35625	4.2	1.8	0.24	-0.0714286	0.322222	0.3537	0.294633	0.32182	0.330529	0.318556
0.05	0.02	0.02	0.02	0.02	0.02	0.02	0.05	0.88	0.27	0.73	0.05	0.73	1	0.73	0.12	0.12	0.98	0.88	0.5	0.30875	0.1625	0.33125	0.2325	0.155	0.43625	0.25125	0.24875	0.1125	0.44125	0.36875	0.365	0.36	0.28375	0.4575	0.44	0.5125	0.25875	0.41625	0.51625	2.8	1.16667	-0.32	0.214286	0.266667	0.1816	0.2755	0.29276	0.279086	0.293911
0.27	0.05	0.27	0.99	0.02	0.73	0.73	0.27	0.12	0.12	0.05	0.12	0.05	0.5	0.05	0.5	0.27	0.27	0.95	0.27	0.2525	0.1875	0.385	0.1875	0.1275	0.32	0.22	0.1925	0.28375	0.4	0.4225	0.40375	0.43625	0.33375	0.485	0.44	0.43625	0.34375	0.3225	0.46	-3.5	-1.4	0.76	0.185714	-0.322222	0.2912	0.253833	0.2342	0.256471	0.318822
0.27	0.12	1	0.12	0.73	0.88	0.27	0.5	0.5	0.05	0.12	0.5	0.12	0.02	0.05	0.73	0.73	0.02	0.05	0.05	0.28125	0.2075	0.29375	0.2675	0.03375	0.3925	0.30625	0.1325	0.26375	0.3475	0.3525	0.29875	0.37125	0.38875	0.3775	0.44	0.275	0.37375	0.43125	0.42625	-3.5	-1.06667	-0.26	-0.0857143	-0.633333	0.2887	0.2119	0.2186	0.298114	0.3224
0.12	0.02	0.01	0.01	0.05	0.02	0.02	0.01	0.02	0.73	0.99	0.02	1	0.27	0.02	0.02	0.05	0.02	0.05	0.73	0.3	0.27625	0.4175	0.3375	0.1225	0.5	0.34625	0.28375	0.355	0.26625	0.2475	0.44375	0.265	0.3575	0.27125	0.47125	0.27125	0.37875	0.375	0.345	3.8	-0.2	-1.52	-1.18571	-0.5	0.0558	0.206733	0.3103	0.314186	0.356589
0.27	0.5	0.05	0.05	0.05	0.5	0.12	0.05	0.05	0.73	0.5	0.95	0.95	0.27	0.05	0.27	0.12	0.95	0.5	0.88	0.31	0.22875	0.44	0.3925	0.13125	0.47125	0.36125	0.27875	0.41125	0.2475	0.365	0.38375	0.31875	0.2675	0.1725	0.46875	0.2625	0.18625	0.27125	0.29875	-0.9	-0.2	-1.52	-1.64286	-0.544444	0.2757	0.323867	0.3453	0.382	0.354367
0.5	0.5	0.95	0.73	0.05	0.73	0.73	0.27	0.73	0.02	0.02	0.88	0.05	0.02	0.27	0.88	0.27	0.02	0.05	0.05	0.29	0.22875	0.3275	0.3075	0.135	0.44625	0.285	0.2475	0.21875	0.42625	0.4525	0.3925	0.43125	0.2075	0.05625	0.41125	0.24375	0.18625	0.22375	0.45	-3.5	-2.63333	-0.9	-0.6	-0.388889	0.6401	0.460667	0.41882	0.388071	0.346111
0.5	0.5	0.27	0.27	0.01	1	0.73	0.02	0.27	0.01	0.01	0.27	0.05	0.01	0.02	0.73	0.12	0.01	0.02	0.01	0.3475	0.285	0.44125	0.36	0.17125	0.355	0.30375	0.27875	0.27625	0.44625	0.45375	0.545	0.43125	0.14875	0.14375	0.4775	0.32	0.15625	0.115	0.4275	-3.5	-2.46667	-0.9	0.5	-0.0888889	0.4662	0.587533	0.4744	0.362157	0.385789
0.27	0.5	0.73	0.5	0.05	0.12	0.12	0.99	0.27	0.05	0.05	0.73	0.05	0.05	0.12	0.27	0.27	0.05	0.05	0.05	0.37625	0.3325	0.32125	0.37875	0.08125	0.465	0.45625	0.11	0.22875	0.44125	0.4675	0.54375	0.43125	0.1475	0.14	0.55375	0.2725	0.155	0.13875	0.43125	-0.4	-0.0333333	0.12	-0.157143	-0.0888889	0.6563	0.4854	0.44072	0.4468	0.401511
0.5	0.12	0.27	0.5	0.12	0.27	0.27	0.12	0.5	0.73	0.95	0.5	0.5	0.27	0.12	0.5	0.27	0.12	0.12	0.73	0.36625	0.41125	0.49625	0.4875	0.06875	0.45875	0.46875	0.25125	0.26	0.28	0.23375	0.60375	0.2525	0.08875	0.2625	0.55625	0.3	0.145	0.12625	0.27	3.8	2.53333	0.66	-0.528571	-0.9	0.3337	0.365767	0.44236	0.468871	0.422233
0.12	0.02	0.02	0.02	0.05	0.05	0.02	0.02	0.02	0.99	0.95	0.05	0.73	0.27	0.02	0.27	0.12	0.05	0.05	0.88	0.49	0.37625	0.5275	0.54375	0.08625	0.43875	0.49125	0.26375	0.32	0.26625	0.28125	0.60375	0.1675	0.1175	0.275	0.56625	0.3375	0.04125	0.0875	0.26	4.2	2.4	0.66	-0.528571	-0.377778	0.1073	0.3631	0.43516	0.412043	0.401856
0.73	0.5	0.5	0.95	0.27	0.27	0.88	0.27	0.12	0.27	0.05	0.73	0.05	0.02	0.5	0.88	0.73	0.02	0.05	0.05	0.35375	0.255	0.3825	0.33625	0.05375	0.32125	0.29375	0.19875	0.2225	0.3875	0.425	0.41	0.28	0.27125	0.18125	0.38125	0.22875	0.0575	0.205	0.36	-0.8	-0.0333333	0.04	0.514286	0.322222	0.6483	0.395267	0.35236	0.358629	0.334
0.27	0.5	0.5	0.5	0.05	0.88	0.88	0.12	0.12	0.05	0.27	0.95	0.12	0.05	0.12	0.88	0.5	0.05	0.27	0.12	0.45875	0.195	0.36375	0.365	0.095	0.12625	0.20875	0.325	0.19125	0.415	0.3975	0.355	0.2675	0.2675	0.22875	0.415	0.3525	0.05375	0.17625	0.3525	-3.5	-2.6	0.04	0.971429	0.622222	0.4302	0.440267	0.30408	0.269071	0.287711
0.27	0.27	0.95	0.88	0.02	0.12	0.27	0.27	0.5	0.12	0.02	0.27	0.02	0.02	1	0.27	0.27	0.01	0.02	0.12	0.4875	0.16375	0.21875	0.25625	0.155	0.20875	0.2725	0.18375	0.20125	0.4625	0.5325	0.35125	0.38375	0.38875	0.10625	0.46375	0.38125	0.0675	0.31125	0.465	-3.5	-1.06667	-0.24	0.314286	1.13333	0.2423	0.254933	0.2885	0.228486	0.219989
0.88	0.12	0.05	0.02	0.12	0.12	0.05	0.05	0.05	0.88	0.88	0.5	0.5	0.5	0.05	0.12	0.27	0.05	0.12	0.95	0.355	0.17375	0.3125	0.31625	0.2525	0.26625	0.26875	0.1975	0.28625	0.27875	0.30875	0.2625	0.2675	0.405	0.21125	0.45375	0.41	0.1725	0.40875	0.27625	3.8	1.03333	-0.24	0.314286	0.566667	0.0923	0.121333	0.16876	0.219843	0.199333
0.02	0.01	0.27	0	0.01	0.01	0.01	0	0.05	0.27	0.27	0.01	0.27	1	0	0.01	0.01	0.12	0.99	0.02	0.45375	0.18625	0.2825	0.31625	0.2625	0.275	0.2725	0.20125	0.29875	0.29375	0.39125	0.31875	0.32375	0.4	0.21625	0.435	0.43	0.16	0.35625	0.2975	2.8	1.93333	1.3	0.242857	0.522222	0.0294	0.0571	0.09208	0.148343	0.196378
0.88	0.02	0.12	0.05	0.12	0.05	0.05	0.88	0.02	0.01	0.01	0.05	0.02	0.01	0.02	1	0.88	0.01	0.01	0.02	0.3175	0.1375	0.3625	0.225	0.30625	0.27	0.1725	0.14875	0.3025	0.295	0.42	0.31375	0.355	0.52375	0.185	0.32	0.2925	0.17375	0.475	0.29375	-0.8	2.06667	1.74	1.28571	0.522222	0.0496	0.0419333	0.07318	0.0984143	0.152622
0.5	0.02	0.02	0.01	0.5	0.02	0.02	0.01	0.73	0.5	0.88	0.02	0.88	0.99	0.02	0.05	0.27	0.12	0.88	0.95	0.365	0.19375	0.34625	0.2775	0.25875	0.1975	0.1	0.33375	0.30875	0.23	0.28375	0.29	0.23875	0.42875	0.20375	0.43875	0.36875	0.16	0.395	0.16875	4.2	0.7	1.74	1.67143	0.822222	0.0468	0.0814	0.07086	0.100157	0.150022
0.05	0.05	0.12	0.12	1	0.73	0.02	0.01	0.73	0.02	0.02	0.02	0.05	0.88	0.01	0.27	0.5	1	1	0.05	0.42125	0.19	0.33375	0.2725	0.2	0.185	0.12875	0.39125	0.35625	0.28125	0.40375	0.31875	0.34625	0.455	0.17125	0.44	0.36875	0.055	0.41125	0.2725	-1.3	2.23333	1.02	1.01429	0.822222	0.1478	0.0917667	0.11588	0.145086	0.168822
0.05	0.01	0	0	0.02	0.01	0.01	0	0.12	0.5	1	0.01	0.95	0.73	0.01	0.01	0.02	0.02	0.5	0.12	0.345	0.195	0.4525	0.395	0.31375	0.35125	0.215	0.4775	0.5175	0.1175	0.1775	0.32	0.1775	0.4175	0.275	0.5675	0.4575	0.17375	0.465	0.16	3.8	0.566667	1.02	0.114286	0.0111111	0.0807	0.161	0.18732	0.199671	0.206256
0.5	0.12	0.99	0.27	0.73	0.27	0.12	0.73	0.12	0.02	0.02	0.73	0.05	0.02	0.27	0.95	0.5	0.02	0.02	0.02	0.3775	0.21375	0.3575	0.47125	0.23	0.40875	0.29125	0.44875	0.57375	0.15	0.28125	0.32	0.29	0.3875	0.27625	0.54	0.45875	0.165	0.41625	0.20375	-0.8	0.733333	-0.52	-0.271429	-0.688889	0.2545	0.247333	0.26026	0.2539	0.254867
0.27	0.95	0.27	0.88	0.05	0.27	0.27	0.73	0.88	0.02	0.05	0.73	0.05	0.27	0.27	0.88	0.5	0.05	0.5	0.05	0.3875	0.1225	0.5425	0.45125	0.30625	0.43625	0.3575	0.44875	0.5675	0.155	0.29125	0.37625	0.32125	0.37	0.3075	0.515	0.44	0.16625	0.37	0.2125	-0.8	-1.7	-0.96	-1.37143	-0.688889	0.4068	0.3576	0.31654	0.313914	0.298956
0.27	0.27	0.95	0.95	0.05	0.73	0.5	0.73	0.88	0.05	0.12	0.5	0.05	0.12	0.73	0.5	0.5	0.05	0.27	0.05	0.3875	0.22	0.48875	0.4475	0.2775	0.39125	0.34125	0.57125	0.51	0.09125	0.175	0.43625	0.22625	0.28	0.36625	0.61875	0.4975	0.185	0.29125	0.1	-3.5	-2.6	-2.42	-1.3	-1.2	0.4115	0.415833	0.39378	0.356571	0.344911
0.27	0.12	0.88	0.88	0.05	0.73	0.73	0.73	0.73	0.05	0.05	0.5	0.05	0.05	0.88	0.88	0.5	0.02	0.05	0.12	0.3875	0.23375	0.48875	0.44375	0.15375	0.3025	0.3125	0.695	0.4525	0.08875	0.18125	0.43625	0.22125	0.17875	0.38	0.6475	0.45	0.06375	0.19375	0.085	-3.5	-3.5	-2.42	-1.9	-1.14444	0.4292	0.435867	0.43216	0.410814	0.366689
0.73	0.27	0.5	0.88	0.05	0.73	0.73	0.5	0.5	0.05	0.12	0.73	0.27	0.05	0.27	0.73	0.5	0.05	0.12	0.27	0.38625	0.2475	0.57	0.45875	0.1575	0.3925	0.43	0.73	0.48125	0.06	0.08125	0.44	0.10875	0.17875	0.46125	0.775	0.53875	0.06375	0.185	0.11375	-3.5	-2.6	-2.34	-1.9	-1.1	0.4669	0.4475	0.44288	0.423571	0.396744
0.73	0.12	0.88	0.5	0.05	0.27	0.73	0.88	0.73	0.05	0.12	0.5	0.27	0.12	0.27	0.73	0.73	0.05	0.12	0.12	0.33875	0.2525	0.4	0.4725	0.06875	0.41875	0.41625	0.59125	0.44	0.18	0.1975	0.37875	0.19375	0.25875	0.42875	0.65875	0.45375	0.0675	0.305	0.24	-0.8	-1.56667	-1.8	-1.18571	-0.544444	0.4464	0.4579	0.42934	0.415629	0.401578
0.5	0.12	0.27	0.05	0.27	0.12	0.12	0.99	0.27	0.02	0.02	0.27	0.12	0.12	0.95	0.5	0.73	0.27	0.02	0.05	0.3675	0.1675	0.505	0.51	0.04125	0.41875	0.4925	0.48875	0.39375	0.3	0.295	0.3225	0.31625	0.25875	0.31625	0.5925	0.4825	0.04	0.28875	0.3525	-0.4	-0.666667	-0.26	-0.0857143	-0.0333333	0.4604	0.416867	0.41374	0.399414	0.3865
0.05	0.01	0.05	0.02	0.01	0.02	0.02	1	0.12	0	0	0.02	0.01	0	0.27	0.88	0.12	0	0	0	0.39125	0.1475	0.47625	0.395	0.06875	0.34	0.4425	0.39625	0.305	0.35875	0.3925	0.29125	0.33875	0.38375	0.31	0.48375	0.4975	0.07375	0.32	0.3675	-0.8	1	1.28	0.957143	0.777778	0.3438	0.385133	0.37996	0.376829	0.368878
0.5	0.27	0.27	0.12	0.05	0.73	0.95	0.05	0.12	0.27	0.27	0.27	0.27	0.73	0.05	0.88	0.73	0.05	0.5	0.5	0.3075	0.1	0.34125	0.27375	0.0725	0.16125	0.23625	0.54875	0.215	0.31875	0.355	0.2125	0.3	0.28625	0.2275	0.37625	0.36	0.065	0.25125	0.29	4.2	2.53333	2.2	2	1.12222	0.3512	0.331	0.3449	0.346257	0.369844
0.12	0.01	0.01	0	0.02	0.02	0.01	0	0.02	0.98	0.95	0.01	0.73	0.73	0.01	0.02	0.05	0.05	0.98	0.88	0.355	0.11375	0.3175	0.27	0.0725	0.165	0.26875	0.61625	0.17125	0.23	0.2575	0.1875	0.21125	0.37125	0.20125	0.42625	0.3975	0.06125	0.2675	0.22375	4.2	4.06667	3.04	2.05714	1.46667	0.298	0.306767	0.3034	0.345043	0.356533
0.27	0.27	0.5	0.73	0.05	0.12	0.27	0.02	0.05	0.95	0.73	0.05	0.88	0.27	0.05	0.12	0.73	0.05	0.27	0.88	0.27875	0.06875	0.14875	0.11875	0.06875	0.12125	0.1475	0.50625	0.07875	0.35125	0.3325	0.1225	0.22125	0.4475	0.165	0.385	0.28375	0.0575	0.4325	0.33125	3.8	3.93333	3.12	2.05714	2.05556	0.2711	0.274	0.32222	0.328857	0.342833
0.01	0	0.5	0	0.01	0	0	0	0.02	0.5	0.88	0	0.12	1	0	0.01	0.01	0.05	0.5	0.12	0.255	0.09	0.225	0.32875	0.04	0.1275	0.22875	0.3875	0.05125	0.405	0.31125	0.0975	0.30125	0.34125	0.08625	0.3425	0.285	0.02375	0.40125	0.42	3.8	2.4	2.2	2.81429	1.71111	0.2529	0.320633	0.3214	0.3259	0.326578
0.05	0	0.02	0.01	0.12	0.01	0.01	1	0.01	0	0.02	0.12	0	0	0	0.02	0.01	0	0	0	0.2775	0.10375	0.3975	0.35875	0.0275	0.1575	0.2875	0.1525	0.15625	0.47	0.42125	0.19	0.32125	0.4725	0.17125	0.34125	0.38	0.06375	0.47	0.4375	-0.4	1	2.26	1.71429	1.71111	0.4379	0.345967	0.32642	0.3206	0.350944
0.73	0.12	0.05	0.73	0.02	0.05	0.05	0.99	0.05	0.05	0.02	0.27	0.02	0.73	0.02	0.27	0.12	0.02	0.73	0.12	0.22125	0.1175	0.47	0.2875	0.04	0.12375	0.17875	0.21	0.1425	0.4325	0.39	0.22875	0.29125	0.32375	0.19625	0.3225	0.385	0.0575	0.3225	0.36625	-0.4	1.23333	0.8	1	1.15556	0.3471	0.369367	0.33502	0.358471	0.376522
0.27	0.02	0.02	0.02	0.05	0.02	0.02	0.02	0.02	0.99	0.5	0.02	0.5	0.27	0.02	0.5	0.5	0.02	0.73	0.98	0.27	0.19125	0.4875	0.3825	0.035	0.15875	0.19625	0.33375	0.26625	0.2075	0.27375	0.3825	0.17375	0.3525	0.1975	0.2975	0.3375	0.11375	0.3225	0.1825	4.5	0.2	-0.12	0.342857	0.544444	0.3231	0.3281	0.39706	0.4028	0.374578
0.05	0.02	0.88	1	0	0.05	0.5	0.02	0.02	0	0	0.02	0	0	0.27	0.05	0.02	0	0	0	0.26625	0.15875	0.31875	0.175	0.06875	0.1425	0.10375	0.33125	0.37	0.2275	0.26	0.3775	0.1325	0.475	0.2225	0.34125	0.3125	0.14375	0.505	0.21	-3.5	0.0666667	-0.2	-0.385714	-0.0222222	0.3141	0.4001	0.42576	0.406743	0.3732
0.27	0.12	0.95	0.27	0.02	0.27	0.5	0.12	0.95	0.02	0.02	0.88	0.05	0.05	0.95	0.88	0.88	0.27	0.05	0.02	0.3	0.20875	0.28125	0.3	0.07125	0.225	0.16625	0.3525	0.3425	0.1775	0.15375	0.36125	0.12625	0.34625	0.14375	0.34625	0.32625	0.10625	0.4425	0.255	-0.8	-1.7	-0.38	-0.514286	-0.522222	0.5631	0.4862	0.41244	0.381143	0.394944
0.73	0.5	0.88	0.27	0.05	0.5	0.12	0.5	0.05	0.02	0.02	0.73	0.05	0.27	0.27	0.98	0.88	0.02	0.05	0.05	0.25125	0.1625	0.3025	0.30125	0.05375	0.1975	0.21875	0.305	0.455	0.1775	0.15125	0.37125	0.1275	0.31875	0.235	0.34625	0.3275	0.13875	0.44375	0.25125	-0.8	-0.966667	-1.54	-0.557143	-0.522222	0.5814	0.475	0.39956	0.395643	0.412756
0.05	0.5	0.12	0.05	0.01	0.27	0.12	0.02	0.98	0.12	0.5	0.99	0.27	0.5	0.02	0.05	0.05	0.5	0.98	0.27	0.27875	0.1625	0.50125	0.35625	0.05875	0.31125	0.3225	0.275	0.3475	0.16125	0.10375	0.3675	0.10375	0.20125	0.32625	0.53875	0.47875	0.07875	0.27	0.22375	-1.3	-1.13333	-0.98	-1.25714	-0.566667	0.2805	0.373533	0.42646	0.434943	0.442644
0.02	0.01	0.01	0.05	0.27	0.02	0.01	0	0.88	0.12	0.12	0.01	0.05	0.98	0.5	0.02	0.05	0.27	1	0.12	0.255	0.22375	0.51375	0.355	0.02625	0.3425	0.33625	0.27625	0.44875	0.15625	0.21125	0.49	0.16	0.2175	0.32625	0.495	0.4225	0.1075	0.19125	0.23	-1.3	-1.1	-0.9	-0.871429	-0.644444	0.2587	0.329267	0.43348	0.478086	0.424778
0.5	0.5	0.27	0.27	0.05	0.88	0.5	0.27	0.73	0.12	0.05	0.73	0.12	0.02	0.05	0.88	0.98	0.02	0.05	0.5	0.28	0.175	0.48125	0.2175	0.0875	0.29125	0.2275	0.27375	0.575	0.21875	0.22625	0.46	0.16625	0.37125	0.355	0.4725	0.4225	0.24875	0.40125	0.27375	-0.7	-0.8	-0.9	-0.214286	-0.644444	0.4486	0.435167	0.44042	0.420829	0.426311
0.12	0.01	0.12	0.02	0.01	0.02	0.05	1	0.01	0	0	0.05	0.01	0	0.05	0.12	0.02	0.01	0.01	0	0.3275	0.2225	0.39625	0.22125	0.09125	0.3675	0.2275	0.17375	0.5525	0.23375	0.2325	0.44125	0.17625	0.4775	0.2375	0.4725	0.55125	0.34125	0.525	0.33625	-0.4	-0.633333	0.12	-0.6	-0.655556	0.5982	0.5543	0.41678	0.384614	0.3983
0.27	0.12	0.88	0.95	0.02	0.73	0.88	0.27	0.12	0.02	0.12	0.5	0.05	0.02	0.5	0.88	0.5	0.02	0.27	0.12	0.25125	0.1525	0.1975	0.07375	0.09	0.23125	0.1425	0.205	0.595	0.33875	0.30625	0.3	0.19875	0.475	0.1625	0.28875	0.5	0.34	0.4925	0.4375	-0.8	0.866667	-0.32	-0.542857	-0.1	0.6161	0.458867	0.43062	0.388971	0.368767
0.05	0.02	0.01	0.01	0.05	0.02	0.02	0.01	0.73	0.95	0.98	0.02	0.73	0.88	0.5	0.12	0.05	0.02	0.12	0.88	0.2875	0.105	0.40125	0.2475	0.08625	0.30125	0.25	0.2375	0.39875	0.20875	0.15125	0.29875	0.08125	0.305	0.285	0.3925	0.565	0.2775	0.39	0.31	3.8	-0.166667	-0.36	0.242857	-0.133333	0.1623	0.368767	0.4031	0.3971	0.376411
0.73	0.12	0.88	0.12	0.27	0.5	0.12	0.27	0.88	0.5	0.05	0.5	0.12	0.27	0.05	0.73	0.95	0.88	0.73	0.73	0.23375	0.09375	0.2925	0.22875	0.03125	0.25375	0.23875	0.20625	0.27125	0.3725	0.3625	0.24	0.26125	0.265	0.28125	0.31625	0.46125	0.13875	0.195	0.4375	-3.5	-0.2	0.56	0.114286	0.477778	0.3279	0.267067	0.34658	0.382914	0.370644
0.27	0.01	0.12	0.05	0.01	0.02	0.05	0.05	0.05	0.02	0.02	0.05	0.02	0.88	0.01	0.12	0.95	1	1	0.02	0.24375	0.13625	0.4725	0.295	0.12	0.26625	0.2	0.215	0.3175	0.45125	0.36625	0.23875	0.27375	0.18875	0.31375	0.3925	0.46125	0.1225	0.1575	0.52625	-0.9	-0.0666667	0.4	0.771429	0.466667	0.311	0.318167	0.29322	0.327	0.371344
0.27	0.05	0.05	0.02	0.05	0.12	0.27	0.02	0.5	0.88	0.73	0.05	0.27	0.27	0.12	0.27	0.95	0.02	0.05	0.98	0.2625	0.24875	0.52875	0.33	0.17625	0.36125	0.2	0.10875	0.35125	0.35875	0.28375	0.32375	0.25625	0.2675	0.3275	0.4775	0.4925	0.24625	0.30875	0.44	4.2	0.566667	0.48	0.771429	0.977778	0.3156	0.3253	0.30212	0.303971	0.360678
0.12	0.02	0.88	0.5	0.01	0.12	0.12	0.02	0.02	0.01	0.12	0.5	0.01	0	1	0.12	0.12	0	0.01	0.01	0.28125	0.32875	0.40625	0.2425	0.18125	0.38875	0.2275	0.1375	0.41125	0.47125	0.35125	0.315	0.28875	0.30125	0.2175	0.44875	0.5675	0.24875	0.2825	0.5525	-1.6	2.26667	1.02	0.828571	0.677778	0.3493	0.290567	0.32752	0.352529	0.350333
0.27	0.02	0.01	0.01	0.05	0.12	0.02	0.01	0.01	0.98	0.88	0.02	0.88	0.05	0.02	0.02	0.12	0.02	0.05	0.99	0.31875	0.34125	0.57625	0.33625	0.1725	0.40125	0.24375	0.26125	0.3275	0.23375	0.14875	0.40625	0.15125	0.1875	0.31125	0.48	0.6525	0.3625	0.325	0.335	4.2	0.6	2.04	0.828571	0.211111	0.2068	0.337	0.36576	0.3804	0.375
0.12	0.73	0.95	0.73	0.5	0.5	0.12	0.12	0.27	0.27	0.05	0.27	0.12	0.02	0.27	0.88	0.98	0.01	0.02	0.5	0.2525	0.24375	0.41125	0.24625	0.08375	0.2975	0.27875	0.22	0.295	0.2625	0.2525	0.31875	0.23375	0.28	0.27625	0.29625	0.4325	0.37625	0.3625	0.31125	-0.8	2.53333	0.5	0.9	0.455556	0.4549	0.387967	0.40724	0.390871	0.374189
0.27	0.95	0.5	0.27	0.5	0.88	0.27	0.12	0.73	0.12	0.05	0.73	0.12	0.02	0.27	0.95	0.27	0.02	0.27	0.27	0.20125	0.21625	0.4525	0.2975	0.0825	0.25375	0.255	0.21375	0.23375	0.28	0.28375	0.27	0.24625	0.20375	0.29	0.30625	0.40375	0.375	0.33125	0.33875	4.2	-0.0333333	0.74	0.114286	0.455556	0.5022	0.493367	0.41424	0.391586	0.375722
0.27	0.73	0.73	0.73	0.02	0.95	0.95	0.5	0.12	0.05	0.05	0.88	0.05	0.02	0.5	0.5	0.27	0.02	0.02	0.05	0.20125	0.3	0.48	0.27125	0.19875	0.35375	0.24625	0.22625	0.28125	0.19375	0.195	0.27875	0.255	0.1725	0.2525	0.42	0.3475	0.375	0.4475	0.2775	-3.5	0.1	-0.36	0.214286	-0.4	0.523	0.469833	0.437	0.388086	0.372978
0.5	0.12	0.5	0.27	0.02	0.12	0.05	0.99	0.05	0.02	0.12	0.27	0.5	0.02	0.27	0.27	0.73	0.95	0.5	0.12	0.1725	0.375	0.4	0.2675	0.20375	0.445	0.345	0.16875	0.32125	0.32	0.23375	0.295	0.23125	0.295	0.19	0.44	0.30875	0.2925	0.40125	0.39	-0.4	-1.73333	-0.38	-0.885714	0.277778	0.3843	0.4093	0.41098	0.4001	0.3464
0.05	0.05	0.5	0.12	0.01	0.05	0.5	0.05	0.88	0.02	0.05	0.05	0.02	0.98	0.02	0.12	0.05	0.98	1	0.05	0.2575	0.44375	0.46125	0.3475	0.205	0.50125	0.32	0.3475	0.32625	0.23125	0.16625	0.3825	0.24375	0.18375	0.31	0.5475	0.4975	0.28875	0.33875	0.29	-1.3	-0.866667	-1.92	-0.128571	-0.266667	0.3206	0.343233	0.36872	0.350843	0.362011
0.01	0.01	0	0	0	0.05	0.01	0	0.02	0.01	0.27	0.12	0.12	0.27	0.12	0.27	0.01	1	1	0.01	0.31	0.36375	0.4075	0.27375	0.1775	0.50125	0.3725	0.34125	0.415	0.30875	0.25125	0.355	0.33875	0.36125	0.2975	0.4525	0.41375	0.29125	0.35125	0.32375	-0.9	-1.9	-0.32	-0.828571	0.244444	0.3248	0.3121	0.28614	0.328714	0.328256
0.27	0.5	0.5	0.27	0.5	0.99	0.88	0.5	0.27	0.12	0.02	0.27	0.27	0.02	0.05	0.73	0.5	0.02	0.73	0.27	0.2775	0.2175	0.37375	0.32875	0.055	0.33625	0.32125	0.355	0.29875	0.28625	0.2825	0.3075	0.33875	0.405	0.27875	0.33875	0.41	0.41375	0.36625	0.29125	-3.5	0.0333333	-0.38	0.214286	-0.611111	0.2909	0.241933	0.27874	0.275586	0.31
0.12	0.01	0.01	0.01	0.05	0.02	0.01	0.05	0.27	0.99	0.5	0.02	0.27	0.98	0.27	0.05	0.27	0.27	0.12	0.98	0.35375	0.25	0.3775	0.36125	0.115	0.3725	0.345	0.4675	0.3175	0.17375	0.23125	0.2625	0.3475	0.285	0.20375	0.48	0.4675	0.3825	0.4425	0.2025	4.5	0.1	0.64	-0.228571	-0.311111	0.1101	0.249433	0.24484	0.268957	0.285356
0.5	0.5	0.5	0.5	0.05	0.5	0.27	0.5	0.88	0.27	0.27	0.5	0.5	0.12	0.73	0.73	0.95	0.02	0.05	0.12	0.2775	0.17625	0.25625	0.2675	0.11875	0.3	0.3125	0.29375	0.25	0.38375	0.33625	0.17125	0.3475	0.50875	0.115	0.3675	0.30625	0.30125	0.5075	0.41375	-0.7	2.53333	0.12	-0.157143	0.233333	0.3473	0.202833	0.24746	0.266186	0.267989
0.5	0.05	0.02	0.02	0.27	0.5	0.05	0.02	0.12	0.88	0.95	0.12	0.98	0.73	0.27	0.27	0.27	0.05	0.12	0.73	0.33375	0.28875	0.31625	0.375	0.09625	0.385	0.34	0.38125	0.2975	0.33875	0.27875	0.30375	0.3	0.325	0.185	0.52	0.495	0.18125	0.4075	0.365	3.8	-0.133333	0.66	0.614286	0.3	0.1511	0.278767	0.24952	0.252357	0.264289
0.27	0.27	0.73	0.98	0.02	0.5	0.73	0.73	0.05	0.05	0.05	0.5	0.27	0.12	0.05	0.5	0.73	0.02	0.12	0.27	0.37625	0.26625	0.23	0.2575	0.1425	0.385	0.26	0.3075	0.30625	0.56375	0.44875	0.2475	0.48375	0.45875	0.2	0.4725	0.47	0.09375	0.31625	0.54375	-3.5	-0.166667	0.66	1.01429	0.611111	0.3379	0.2634	0.2731	0.251843	0.272011
0.73	0.5	0.27	0.73	0.05	0.27	0.27	0.95	0.27	0.02	0.12	0.27	0.12	0.02	0.12	0.95	0.5	0.02	0.02	0.05	0.31875	0.2375	0.34375	0.37375	0.0825	0.32375	0.24125	0.34	0.26	0.55875	0.44375	0.27625	0.48375	0.475	0.19125	0.3875	0.47	0.0975	0.2525	0.5525	-0.8	0.0666667	0.66	0.642857	0.611111	0.3012	0.289033	0.2611	0.292443	0.278222
0.27	0.02	0.02	0.01	0.05	0.02	0.05	0.05	0.12	0.98	0.73	0.02	0.73	0.95	0.02	0.05	0.12	0.05	0.95	0.95	0.37625	0.33	0.48375	0.49625	0.07875	0.3675	0.27375	0.57	0.25125	0.3175	0.3075	0.3675	0.37625	0.25125	0.185	0.60375	0.5175	0.0625	0.12375	0.32375	4.5	1	0.28	0.242857	0.0666667	0.228	0.272167	0.30974	0.292371	0.318222
0.5	0.5	0.5	0.5	0.05	0.73	0.5	0.27	0.5	0.27	0.27	0.73	0.12	0.12	0.12	0.88	0.88	0.05	0.27	0.27	0.3475	0.27	0.4525	0.46375	0.07875	0.32625	0.24625	0.5425	0.10875	0.3875	0.34625	0.3075	0.405	0.37375	0.115	0.51875	0.395	0.06625	0.2175	0.40875	-0.7	1.9	0.28	-0.357143	-0.244444	0.2873	0.3032	0.31152	0.337943	0.332333
0.12	0.05	0.02	0.02	0.12	0.05	0.05	0.12	0.02	0.98	0.73	0.05	0.88	0.73	0.02	0.12	0.27	0.27	0.27	0.98	0.395	0.35375	0.60125	0.63125	0.0425	0.41125	0.33	0.62125	0.16875	0.25125	0.20375	0.41125	0.2025	0.2125	0.1275	0.69	0.5475	0.035	0.2175	0.29125	1.9	-0.766667	0.36	-0.357143	-0.744444	0.3943	0.3428	0.3453	0.357429	0.351744
0.27	0.5	0.95	0.95	0.05	0.27	0.27	0.98	0.12	0.05	0.05	0.27	0.12	0.05	0.05	0.5	0.27	0.05	0.12	0.12	0.405	0.27875	0.40875	0.42625	0.0825	0.355	0.22625	0.45625	0.165	0.47125	0.37375	0.355	0.32625	0.345	0.12375	0.6425	0.56625	0.06625	0.3125	0.45625	-3.5	-0.666667	-1.24	-0.342857	0.144444	0.3468	0.403733	0.39456	0.360943	0.358367
0.12	0.27	0.88	0.27	0.02	0.12	0.05	0.99	0.05	0.02	0.02	0.5	0.02	0.12	0.12	0.88	0.27	0.02	0.02	0.05	0.42375	0.27875	0.475	0.4825	0.095	0.4025	0.25375	0.39875	0.17375	0.535	0.425	0.32625	0.3575	0.425	0.1625	0.5675	0.56625	0.0825	0.35625	0.52125	-0.4	-2.46667	-1.24	-0.342857	0.433333	0.4701	0.4304	0.40226	0.385157	0.3633
0.5	0.5	0.73	0.73	0.05	0.88	0.5	0.5	0.12	0.12	0.12	0.73	0.12	0.27	0.27	0.88	0.73	0.05	0.12	0.12	0.405	0.2625	0.55375	0.43875	0.21	0.33875	0.25375	0.4875	0.165	0.49125	0.355	0.31	0.31625	0.32125	0.15625	0.6525	0.55625	0.07875	0.23125	0.4275	-3.5	-1.53333	-0.72	0.0142857	0.211111	0.4743	0.4234	0.4029	0.393486	0.379967
0.5	0.27	0.73	0.88	0.05	0.5	0.27	0.5	0.12	0.5	0.27	0.27	0.12	0.05	0.27	0.88	0.88	0.02	0.12	0.5	0.405	0.24375	0.60125	0.44875	0.21	0.3575	0.2825	0.51625	0.1175	0.41625	0.33625	0.33875	0.31625	0.3675	0.20375	0.66125	0.5375	0.07875	0.20375	0.36125	-0.7	0.1	0.34	0.1	0.2	0.3258	0.3992	0.40266	0.391157	0.392211
0.5	0.12	0.12	0.27	0.27	0.27	0.12	0.27	0.12	0.88	0.73	0.27	0.5	0.5	0.05	0.5	0.88	0.05	0.73	0.73	0.4525	0.31875	0.76625	0.61375	0.25875	0.4425	0.3575	0.64875	0.14875	0.26125	0.19375	0.395	0.17375	0.235	0.2625	0.785	0.595	0.0475	0.185	0.225	4.5	1.86667	0.92	0.485714	-0.0555556	0.3975	0.3563	0.38424	0.3984	0.397056
0.73	0.27	0.73	0.5	0.12	0.5	0.27	0.5	0.27	0.5	0.5	0.27	0.27	0.73	0.5	0.73	0.5	0.12	0.27	0.5	0.4525	0.3	0.6625	0.5	0.2775	0.41375	0.33875	0.62	0.13	0.30875	0.21875	0.42375	0.2025	0.2025	0.23375	0.8125	0.7	0.035	0.23	0.245	1.8	2.93333	1.46	0.485714	0.288889	0.3456	0.3737	0.36888	0.3938	0.403589
0.5	0.12	0.5	0.12	1	0.27	0.5	0.27	0.12	0.73	0.27	0.12	0.5	0.27	0.12	0.73	0.5	0.05	0.05	0.27	0.5	0.2875	0.5875	0.57625	0.29	0.43375	0.31	0.635	0.17625	0.3875	0.26	0.38625	0.205	0.355	0.3	0.73625	0.7575	0.0475	0.27	0.30125	2.5	1.16667	1.52	0.928571	0.611111	0.378	0.3737	0.3913	0.383986	0.393122
0.5	0.12	0.88	0.73	0.05	0.5	0.5	0.5	0.12	0.05	0.27	0.5	0.12	0.27	0.5	0.95	0.88	0.02	0.05	0.12	0.47125	0.25875	0.51125	0.5	0.40875	0.41375	0.33875	0.65375	0.195	0.46375	0.26	0.31	0.3	0.32375	0.31	0.69	0.68125	0.0475	0.26125	0.32	-0.8	0.433333	0.54	1.38571	0.611111	0.3975	0.404467	0.39292	0.391143	0.395456
0.5	0.5	0.73	0.73	0.73	0.5	0.5	0.95	0.27	0.12	0.05	0.5	0.12	0.12	0.27	0.73	0.73	0.05	0.73	0.12	0.5325	0.18	0.44125	0.3925	0.32375	0.3575	0.3075	0.62625	0.16375	0.48375	0.26	0.2825	0.31875	0.33875	0.31125	0.64125	0.68125	0.0425	0.17625	0.37625	-0.4	-0.533333	0.68	0.242857	0.888889	0.4379	0.413667	0.39898	0.405114	0.407111
0.5	0.5	0.73	0.27	0.05	0.27	0.27	0.98	0.12	0.05	0.02	0.5	0.12	0.02	0.27	0.95	0.73	0.02	0.02	0.05	0.485	0.16625	0.42625	0.41625	0.3775	0.35375	0.3225	0.58875	0.16875	0.5075	0.2825	0.25	0.36625	0.38	0.30625	0.5525	0.58625	0.0425	0.2075	0.40375	-0.4	0.566667	-0.52	0.242857	0.888889	0.4056	0.406467	0.42244	0.417271	0.398611
0.27	0.02	0.05	0.5	1	0.05	0.05	0.88	0.27	0.88	0.12	0.05	0.27	0.88	0.27	0.27	0.73	0.05	0.12	0.27	0.51375	0.195	0.42125	0.32625	0.25875	0.32125	0.31875	0.54	0.1175	0.46	0.32625	0.275	0.405	0.24375	0.24625	0.56125	0.53875	0.02625	0.1675	0.43625	2.5	-0.466667	0	0.528571	1.15556	0.3759	0.4256	0.42908	0.409129	0.397989
0.27	0.27	0.5	0.73	0.05	0.95	0.73	0.88	0.27	0.05	0.12	0.5	0.5	0.02	0.73	0.73	0.5	0.02	0.05	0.12	0.4525	0.15	0.3175	0.4075	0.2525	0.19	0.18625	0.50875	0.10375	0.4725	0.2925	0.20625	0.31375	0.3175	0.175	0.4275	0.50625	0.02375	0.17	0.42125	-3.5	0.266667	0.98	1.24286	0.488889	0.4953	0.433967	0.4057	0.400914	0.414711
0.99	0.02	0.02	0.02	0.05	0.05	0.02	0.73	0.02	0.73	0.05	0.05	0.27	0.02	0.05	0.27	0.73	0.01	0.12	0.95	0.30625	0.16875	0.27375	0.4075	0.30875	0.2425	0.215	0.4675	0.12125	0.3825	0.26875	0.2025	0.33	0.28375	0.2	0.49	0.4925	0.0225	0.15625	0.305	1.8	0.933333	1.9	0.8	0.5	0.4307	0.415667	0.39258	0.413857	0.424622
0.12	0.01	0	0	0.02	0.01	0.01	0	0.01	1	0.88	0.01	0.88	0.73	0.01	0.01	0.12	0.02	0.27	0.88	0.35875	0.11375	0.1875	0.32	0.22125	0.18625	0.155	0.565	0.09	0.33375	0.15875	0.14625	0.23875	0.18	0.1725	0.465	0.48375	0.015	0.04625	0.29875	4.5	3.5	0.7	0.757143	0.5	0.321	0.3639	0.4231	0.425443	0.416144
0.73	0.02	0.01	0.01	0.12	0.02	0.02	0.01	0.01	0.95	0.95	0.02	0.73	0.5	0.02	0.12	0.12	0.02	0.05	0.98	0.25375	0.0525	0.10125	0.2875	0.205	0.16625	0.135	0.4425	0.07625	0.33625	0.14875	0.0975	0.245	0.20625	0.14	0.42375	0.5175	0.0125	0.0725	0.2825	4.2	1.73333	1.26	0.342857	0.466667	0.34	0.3965	0.42138	0.4234	0.407322
0.01	0.01	0.12	1	0	0.12	0.12	0.02	0.01	0	0	0.02	0	0	0.01	0.12	0.01	0	0	0	0.3725	0.05375	0.115	0.10375	0.0975	0.15375	0.1225	0.33375	0.045	0.3475	0.25375	0.0975	0.305	0.165	0.14125	0.51375	0.56375	0.00875	0.06625	0.3775	-3.5	7.40149e-17	0.82	0.742857	0.1	0.5285	0.451733	0.40756	0.399243	0.402544
0.05	0.02	0.05	0.02	0.5	0.02	0.02	0.02	0.01	0.01	0.01	0.02	0.02	0	0.02	0.99	1	0	0.01	0.02	0.34	0.02125	0.07625	0.1375	0.03125	0.05	0.045	0.225	0.07375	0.43125	0.36125	0.0375	0.33125	0.28125	0.05125	0.31625	0.38375	0.0125	0.1775	0.4225	-0.7	-1.53333	-0.22	0.371429	0.911111	0.4867	0.458933	0.4086	0.385271	0.380667
0.05	0.05	0.02	0.01	0	0.01	0.01	1	0.01	0	0	0.01	0	0	0.01	0.27	0.05	0	0	0	0.23125	0.0175	0.0925	0.13875	0.09375	0.05125	0.04625	0.01375	0.07375	0.46	0.475	0.035	0.41875	0.3125	0.04875	0.435	0.53	0.01375	0.17	0.36875	-0.4	-0.6	-1.22	0.271429	1.13333	0.3616	0.3915	0.40718	0.382043	0.342433
0.27	0.02	0.05	0.02	0.02	0.12	0.12	0.01	0.01	0.02	0.01	0.12	0.02	0	0.02	0.73	1	0	0.01	0.02	0.25125	0.11125	0.095	0.14	0.095	0.0425	0.0375	0.14375	0.10625	0.395	0.455	0.02625	0.36875	0.255	0.04875	0.43875	0.4875	0.02625	0.26	0.3475	-0.7	-0.633333	0.24	0.214286	0.555556	0.3262	0.340233	0.36116	0.345843	0.328089
0.5	0.02	0.27	0.02	0.02	0.05	0.05	0.02	0.02	0.02	0.01	0.05	0.02	0.05	0.27	0.99	0.99	0	0.02	0.05	0.165	0.11125	0.06875	0.14	0.0825	0.05125	0.045	0.26	0.10625	0.31	0.45875	0.035	0.36875	0.29625	0.01625	0.39375	0.48	0.02625	0.28625	0.28375	-0.8	0.766667	1.14	0.614286	0.0444444	0.3329	0.319167	0.28114	0.297757	0.294878
0.05	0.02	0.12	0.02	0.02	0.02	0.01	0.01	0.5	0.73	0.99	0.02	0.73	0.95	0.02	0.02	0.05	0.05	0.95	0.5	0.235	0.11125	0.07875	0.10625	0.0825	0.13125	0.05	0.26	0.04625	0.22125	0.33625	0.0425	0.28125	0.18625	0.17125	0.53375	0.61125	0.02	0.17	0.23	3.8	2.26667	1.08	0.657143	0.255556	0.2984	0.2393	0.2472	0.2341	0.251567
0.12	0.02	0.12	0.02	0.05	0.05	0.02	0.02	0.02	0.95	0.95	0.02	0.95	0.27	0.02	0.5	0.95	0.02	0.05	0.5	0.2825	0.17125	0.135	0.195	0.0225	0.24375	0.10875	0.27125	0.11125	0.19875	0.34625	0.13125	0.26625	0.27375	0.23125	0.46	0.4925	0.02625	0.28375	0.26125	3.8	2.3	1.14	0.485714	0.255556	0.0866	0.1923	0.19018	0.202257	0.251033
0.5	0.73	0.05	0.02	0.05	0.05	0.05	0.05	0.27	0.5	0.73	0.05	0.5	0.27	0.02	0.5	0.73	0.12	1	0.73	0.32	0.11	0.20375	0.30375	0.02875	0.3525	0.21375	0.17625	0.1125	0.2575	0.37625	0.2175	0.32875	0.27625	0.26375	0.53625	0.57625	0.01625	0.17125	0.2475	-0.7	0.9	0.98	0.485714	0.211111	0.1919	0.106533	0.15134	0.2245	0.279211
0.27	0.02	0.02	0.01	0.02	0.02	0.01	0.95	0.02	0.27	0.98	0.02	0.73	0.88	0.01	0.02	0.05	0.02	0.27	0.5	0.40625	0.2025	0.2075	0.33625	0.03625	0.375	0.2375	0.06875	0.14875	0.4025	0.435	0.22125	0.33125	0.29125	0.29625	0.53875	0.59875	0.0625	0.3525	0.38375	-0.4	-0.9	0.08	0.485714	0.488889	0.0411	0.1239	0.18804	0.264829	0.255822
0.12	0.01	0.05	0.73	0	0.73	0.12	0.01	0.01	0	0	0.05	0.01	0.02	1	0.27	0.12	0	0	0.02	0.4725	0.20375	0.1725	0.245	0.0425	0.2825	0.22	0.18625	0.15375	0.54375	0.61875	0.21375	0.48125	0.48375	0.14125	0.39	0.5	0.07125	0.5025	0.56	-1.6	-0.9	-0.84	0.2	1.07778	0.1387	0.220567	0.29376	0.238729	0.224678
0.5	0.5	0.5	0.73	0.05	0.95	0.5	0.12	0.05	0.05	0.05	0.73	0.12	0.02	0.5	0.88	0.95	0.02	0.02	0.27	0.48125	0.23125	0.21125	0.36125	0.03625	0.34375	0.28125	0.18625	0.12	0.46125	0.495	0.2175	0.3825	0.37125	0.2075	0.4025	0.48125	0.065	0.415	0.48125	-0.7	-1.03333	-0.34	0.3	0.855556	0.4819	0.411933	0.27852	0.233871	0.243856
0.73	0.27	0.5	0.88	0.05	0.88	0.88	0.27	0.27	0.02	0.02	0.73	0.05	0.02	0.27	0.88	0.5	0.02	0.05	0.12	0.5475	0.29125	0.2875	0.4025	0.03625	0.465	0.29375	0.18	0.105	0.3525	0.395	0.325	0.36375	0.34	0.2675	0.45	0.4525	0.065	0.41125	0.4525	-0.8	0.1	0.64	0.657143	0.0444444	0.6152	0.404267	0.28082	0.273743	0.273622
0.73	0.05	0.05	0.27	0.05	0.27	0.27	0.05	0.05	0.95	0.73	0.12	0.27	0.73	0.27	0.27	0.5	0.27	0.73	0.88	0.5	0.23	0.33875	0.4775	0.03625	0.5375	0.365	0.2025	0.10125	0.29625	0.33375	0.3975	0.365	0.3275	0.26625	0.46625	0.395	0.025	0.32375	0.37625	1.8	1.83333	1.32	0.214286	0.622222	0.1157	0.261167	0.34728	0.318514	0.254278
0.88	0.02	0.02	0.01	0.05	0.02	0.02	0.02	0.05	0.88	0.5	0.02	0.5	0.73	0.02	0.05	0.27	0.05	0.95	0.98	0.53875	0.29375	0.45	0.515	0.04	0.67625	0.42875	0.12125	0.20875	0.33375	0.3025	0.44125	0.33625	0.25125	0.31125	0.525	0.4325	0.08375	0.385	0.36375	4.5	2.7	0.76	1.08571	0.277778	0.0526	0.2131	0.3218	0.301243	0.2646
0.5	0.73	0.88	0.95	0.02	0.73	0.88	0.12	0.27	0.12	0.05	0.73	0.05	0.05	0.05	0.73	0.73	0.02	0.27	0.12	0.63375	0.26625	0.39875	0.41625	0.04625	0.60625	0.3975	0.14125	0.29	0.43125	0.365	0.465	0.3975	0.33625	0.18875	0.51625	0.39375	0.09	0.50375	0.475	1.8	0.933333	1.82	0.685714	0.366667	0.471	0.2927	0.20232	0.251543	0.327222
0.88	0.27	0.73	0.5	0.05	0.95	0.5	0.12	0.12	0.05	0.12	0.88	0.73	0.02	0.27	0.88	0.27	0.02	0.05	0.12	0.6425	0.27625	0.4175	0.44375	0.0425	0.57875	0.445	0.16	0.33625	0.4675	0.38375	0.4175	0.33125	0.3525	0.105	0.47875	0.395	0.09	0.5625	0.475	-3.5	0.933333	0.76	0.685714	0.0555556	0.3545	0.2811	0.20598	0.263986	0.321611
0.12	0.02	0.01	0.01	0.05	0.02	0.01	0.01	0.02	0.98	0.95	0.02	0.73	0.88	0.01	0.02	0.27	0.05	0.98	0.88	0.70875	0.275	0.44625	0.39625	0.0425	0.5875	0.3975	0.14125	0.3175	0.4725	0.36875	0.43625	0.3875	0.3525	0.105	0.47875	0.36625	0.08625	0.53125	0.48375	4.5	-0.833333	-0.3	-0.0714286	0.644444	0.0178	0.168767	0.33592	0.309086	0.260389
0.73	0.5	0.88	0.05	0.05	0.88	0.27	0.27	0.88	0.5	0.5	0.27	0.73	0.27	0.12	0.27	0.12	0.27	0.98	0.5	0.575	0.215	0.4225	0.44875	0.03875	0.5375	0.34625	0.22625	0.21	0.415	0.33625	0.48125	0.35625	0.33875	0.14875	0.4475	0.385	0.02625	0.44125	0.42375	-3.5	0.0666667	-1.36	-0.0714286	0.4	0.134	0.2847	0.328	0.310743	0.316856
0.5	0.5	0.5	0.88	0.02	0.88	0.73	0.27	0.88	0.02	0.05	0.95	0.05	0.02	0.05	0.88	0.27	0.02	0.27	0.05	0.6175	0.2275	0.47375	0.35875	0.09875	0.55	0.2925	0.33375	0.20625	0.37125	0.33625	0.40875	0.385	0.28125	0.16125	0.45625	0.36625	0.0525	0.41375	0.44875	-0.8	-2.6	0.24	-0.385714	0.1	0.7023	0.422567	0.26994	0.332586	0.3385
0.95	0.12	0.5	0.5	0.05	0.95	0.5	0.27	0.27	0.27	0.27	0.5	0.27	0.12	0.05	0.73	0.5	0.02	0.27	0.27	0.59	0.2175	0.42625	0.3025	0.09875	0.56	0.245	0.325	0.26375	0.35875	0.30875	0.465	0.36625	0.2775	0.16125	0.49375	0.35625	0.05625	0.49	0.46875	-3.5	0.0666667	-0.74	0.371429	-0.188889	0.4314	0.3993	0.39116	0.317286	0.347589
0.5	0.01	0.01	0.01	0.05	0.02	0.01	0.01	0.02	0.99	0.73	0.02	0.5	0.88	0.01	0.02	0.27	0.02	0.73	0.95	0.57	0.26	0.43	0.41125	0.095	0.6675	0.35375	0.34875	0.31375	0.26875	0.25125	0.50625	0.26125	0.195	0.2425	0.56375	0.385	0.145	0.53625	0.4025	4.5	0.2	0.32	-0.385714	-0.188889	0.0642	0.373167	0.41384	0.393714	0.351044
0.27	0.05	0.73	0.73	0.02	0.73	0.12	0.99	0.05	0.01	0.02	0.73	0.02	0.01	0.73	0.27	0.5	0.01	0.01	0.02	0.59875	0.315	0.46125	0.41125	0.095	0.61	0.40125	0.25875	0.34125	0.3025	0.255	0.4775	0.245	0.25625	0.185	0.64	0.35625	0.1425	0.56625	0.4425	-0.4	1.96667	0.32	-0.385714	-1.07778	0.6239	0.311833	0.38394	0.429657	0.3864
0.99	0.12	0.05	0.12	0.5	0.12	0.05	0.88	0.02	0.05	0.05	0.12	0.05	0.02	0.05	0.73	0.27	0.01	0.02	0.73	0.48	0.2775	0.49875	0.54375	0.04375	0.6675	0.4675	0.30125	0.26875	0.26875	0.20375	0.55375	0.18375	0.3125	0.3175	0.6675	0.4325	0.21875	0.505	0.2975	1.8	0.2	0.32	-0.771429	-0.777778	0.2474	0.4747	0.37478	0.377329	0.420622
0.73	0.27	0.5	0.12	0.05	0.88	0.27	0.05	0.12	0.27	0.05	0.73	0.12	0.12	0.05	0.88	0.88	0.05	0.88	0.5	0.48375	0.21125	0.49	0.5525	0.1	0.5725	0.44	0.38625	0.18	0.245	0.2125	0.37375	0.18375	0.38875	0.345	0.60125	0.385	0.2175	0.47375	0.335	-0.8	-0.833333	-1.28	-0.385714	-1.07778	0.5528	0.395267	0.42914	0.378843	0.390233
0.27	0.5	0.27	0.88	0.02	0.88	0.88	0.05	0.27	0.05	0.12	0.73	0.12	0.12	0.88	0.73	0.27	0.73	0.88	0.27	0.4375	0.17	0.51875	0.41	0.16	0.51625	0.335	0.4775	0.13	0.24	0.185	0.3175	0.1525	0.43625	0.26875	0.54375	0.41375	0.1325	0.44625	0.3325	-3.5	-2.6	-1.36	-1.52857	-0.733333	0.3856	0.4248	0.39276	0.430929	0.382467
0.12	0.5	0.98	0.73	0.02	0.27	0.5	0.27	0.27	0.27	0.27	0.5	0.12	0.5	0.27	0.88	0.27	0.02	0.5	0.27	0.4275	0.2025	0.4625	0.46125	0.21625	0.7	0.5	0.55875	0.1425	0.10375	0.10875	0.40625	0.105	0.34125	0.3775	0.55625	0.4425	0.2525	0.49375	0.2475	-3.5	-2.6	-2.42	-1.52857	-1.62222	0.336	0.387867	0.42904	0.393443	0.421222
0.5	0.27	0.5	0.5	0.12	0.73	0.73	0.5	0.27	0.27	0.12	0.27	0.27	0.73	0.5	0.95	0.5	0.88	0.5	0.05	0.3525	0.23125	0.43375	0.4	0.2025	0.56625	0.4575	0.42125	0.19875	0.105	0.15875	0.34625	0.175	0.43375	0.25875	0.5475	0.3575	0.2675	0.6175	0.2875	-0.8	-2.6	-2.34	-2.28571	-1.36667	0.442	0.402267	0.39078	0.4171	0.389978
0.27	0.12	0.88	0.95	0.02	0.88	0.73	0.12	0.27	0.05	0.12	0.12	0.12	0.73	0.27	0.5	0.5	0.05	0.88	0.12	0.29125	0.26875	0.41375	0.34375	0.2625	0.56625	0.485	0.37375	0.2025	0.2175	0.215	0.365	0.27875	0.5225	0.2875	0.575	0.415	0.37625	0.65875	0.2975	-3.5	-1.56667	-2.34	-1.9	-1.1	0.4288	0.410767	0.39626	0.387086	0.3934
0.12	0.02	0.5	0.12	0.5	0.5	0.27	1	0.02	0.01	0.12	0.05	0.02	0.5	0.27	0.12	0.12	0.02	0.05	0.02	0.23375	0.25	0.40125	0.43375	0.2025	0.51	0.51125	0.26	0.22125	0.3075	0.3	0.285	0.3675	0.655	0.28375	0.51875	0.415	0.38	0.7625	0.37	-0.4	-2.46667	-1.26	-0.8	-0.511111	0.3615	0.4011	0.3976	0.371743	0.354622
0.27	0.27	0.27	0.27	0.5	0.88	0.95	0.88	0.12	0.12	0.27	0.5	0.12	0.5	0.27	0.27	0.5	0.27	0.73	0.27	0.19625	0.17125	0.50625	0.4275	0.2025	0.38625	0.4075	0.275	0.18125	0.29	0.26875	0.1525	0.37375	0.64125	0.2975	0.51875	0.39625	0.25875	0.60125	0.3075	-3.5	-0.666667	-0.26	0.342857	-0.211111	0.413	0.3724	0.36484	0.352857	0.365089
0.05	0.05	0.02	0.01	0.01	0.12	0.01	0.12	0.5	0.02	0.27	0.02	0.73	0.98	0.01	0.27	0.05	0.99	1	0.12	0.21125	0.13625	0.415	0.36875	0.38625	0.4475	0.4625	0.33625	0.1	0.27	0.24125	0.15	0.28375	0.525	0.29625	0.47125	0.48125	0.16625	0.505	0.29375	1.9	0.866667	1.34	0.342857	0.455556	0.3427	0.344633	0.31984	0.358257	0.359922
0.27	0.27	0.27	0.12	0.88	0.27	0.27	0.12	0.05	0.73	0.5	0.12	0.73	0.73	0.05	0.5	0.73	0.05	0.73	0.88	0.18375	0.08125	0.44	0.41125	0.38125	0.3525	0.3725	0.28875	0.1375	0.14875	0.19875	0.16625	0.2525	0.48	0.29125	0.4425	0.34875	0.2975	0.49125	0.195	4.2	3.53333	1.26	1.2	0.455556	0.2782	0.2749	0.3435	0.338357	0.364656
0.12	0.02	0.02	0.01	0.05	0.05	0.02	0.02	0.02	0.95	0.73	0.02	0.73	0.95	0.02	0.05	0.5	0.05	0.88	0.98	0.27875	0.13125	0.42375	0.34	0.48875	0.36125	0.375	0.30125	0.14125	0.13	0.18875	0.27375	0.27125	0.3675	0.295	0.5275	0.425	0.29375	0.425	0.23	4.5	2.63333	2.46	1.14286	0.755556	0.2038	0.3206	0.3188	0.355943	0.3685
0.12	0.12	0.88	0.98	0.02	0.27	0.73	0.05	0.05	0.02	0.02	0.12	0.27	0.01	0.99	0.88	0.5	0.01	0.27	0.02	0.32625	0.15	0.31625	0.26625	0.46375	0.33375	0.315	0.235	0.15	0.355	0.325	0.28875	0.38875	0.45625	0.155	0.5	0.4725	0.31125	0.5575	0.43875	-0.8	2.06667	1.92	1.52857	1.3	0.4798	0.324367	0.34718	0.363143	0.3539
0.02	0	0	0	1	0	0	0	0	0.01	0.05	0	0.01	0.05	0	0.5	0.5	0	0	0.01	0.3675	0.165	0.51125	0.44625	0.285	0.34875	0.35	0.19375	0.15625	0.35625	0.3025	0.30375	0.42125	0.395	0.355	0.62375	0.44375	0.285	0.515	0.42125	2.5	0.3	0.92	1.9	1.3	0.2895	0.417967	0.38422	0.347057	0.382433
0.5	0.05	0.95	0.95	0.95	0.12	0.27	0.12	0.12	0.01	0.01	0.5	0.02	0.12	0.5	0.95	0.12	0.99	0.12	0.02	0.36375	0.1675	0.48125	0.4175	0.29625	0.38125	0.40625	0.1975	0.085	0.36	0.28875	0.33	0.3625	0.2975	0.35375	0.64375	0.60375	0.04	0.38125	0.42	-0.8	0.3	0.92	0.8	1	0.4846	0.4125	0.38948	0.403	0.421178
0.88	0.27	0.5	0.27	0.05	0.73	0.5	0.12	0.27	0.12	0.27	0.88	0.27	0.05	0.27	0.73	0.88	0.02	0.5	0.5	0.2975	0.1125	0.51875	0.5025	0.305	0.28625	0.35875	0.1975	0.06625	0.3175	0.3125	0.33	0.35875	0.24875	0.3825	0.6425	0.48	0.16125	0.305	0.34125	-0.8	0.966667	0.38	0.0428571	0.955556	0.4634	0.3927	0.42748	0.472657	0.409556
0.5	0.27	0.5	0.5	0.27	0.5	0.5	0.5	0.12	0.88	0.5	0.27	0.5	0.27	0.12	0.73	0.5	0.12	0.5	0.73	0.345	0.125	0.53125	0.4875	0.2725	0.3425	0.3625	0.15375	0.145	0.16625	0.19875	0.41	0.24125	0.10875	0.52375	0.65125	0.47125	0.14375	0.1975	0.205	4.5	0.0666667	-0.28	0.7	0.277778	0.2301	0.454433	0.50786	0.428914	0.419411
0.5	0.27	0.95	0.73	0.05	0.73	0.5	0.5	0.12	0.12	0.12	0.5	0.12	0.05	0.88	0.88	0.27	0.05	0.12	0.12	0.36375	0.11625	0.475	0.45875	0.3	0.295	0.33375	0.1625	0.145	0.265	0.24625	0.4	0.26125	0.15	0.3675	0.6325	0.5475	0.26125	0.27375	0.29375	-3.5	0.0666667	0.64	0.114286	-0.0222222	0.6698	0.530433	0.44566	0.429343	0.4017
0.5	0.12	0.73	0.73	0.05	0.5	0.73	0.27	0.05	0.05	0.12	0.73	0.27	0.27	0.5	0.88	0.95	0.02	0.05	0.12	0.3675	0.13625	0.5175	0.46	0.1775	0.325	0.30625	0.1925	0.155	0.395	0.35875	0.3725	0.275	0.23875	0.41625	0.57625	0.40625	0.2675	0.31625	0.41125	-0.8	-0.166667	0.48	-0.271429	0.2	0.6914	0.5116	0.41148	0.405886	0.371233
0.12	0.05	0.12	0.12	0.05	0.12	0.12	0.12	0.05	0.5	0.95	0.5	0.95	0.27	0.05	0.27	0.5	0.05	0.5	0.73	0.415	0.145	0.50875	0.45125	0.065	0.42	0.41125	0.23	0.14625	0.42875	0.26875	0.3725	0.22125	0.2575	0.41625	0.64375	0.56625	0.1425	0.3075	0.4425	3.8	0.466667	-1.12	0.485714	0.755556	0.1736	0.385833	0.42954	0.341871	0.335989
0.12	0.12	0.12	0.12	0.01	0.27	0.05	0.05	0.5	0.5	0.05	0.05	0.02	0.05	1	0.12	0.05	0.01	0.02	0.12	0.3075	0.10375	0.4475	0.4175	0.065	0.31125	0.3575	0.22375	0.05875	0.47625	0.43875	0.32	0.41375	0.40375	0.26375	0.5775	0.51875	0.15125	0.3675	0.5475	-1.6	-0.433333	0.48	0.442857	1.15556	0.2925	0.262167	0.29864	0.332914	0.286256
0.27	0.05	0.88	0.98	0.02	0.12	0.5	0.12	0.05	0.05	0.02	0.27	0.05	0.12	0.5	0.88	0.88	0.88	0.5	0.12	0.26	0.1125	0.38125	0.33875	0.03625	0.33	0.2725	0.1675	0.21875	0.45625	0.38625	0.32125	0.3625	0.36375	0.3175	0.4825	0.475	0.03	0.27875	0.5475	-3.5	-0.2	1.48	1.34286	0.577778	0.3204	0.2094	0.19384	0.239486	0.281356
0.05	0.01	0.12	0.01	0.02	0.01	0.01	0.01	0.01	0.98	0.95	0.01	0.27	0.98	0.01	0.05	0.05	0.02	0.27	0.95	0.23125	0.09	0.39125	0.38375	0.0325	0.255	0.27375	0.12	0.21125	0.44875	0.34625	0.30625	0.41125	0.37375	0.27	0.49125	0.55125	0.1375	0.3075	0.52	4.5	1.73333	1.28	1.35714	1.46667	0.0153	0.1677	0.16228	0.167286	0.213578
0.5	0.05	0.27	0.27	0.05	0.5	0.5	0.27	0.05	0.73	0.12	0.27	0.27	0.27	0.05	0.88	0.95	0.02	0.5	0.88	0.14625	0.10375	0.40375	0.35125	0.02375	0.19375	0.155	0.17625	0.20625	0.475	0.43625	0.1975	0.38	0.43	0.205	0.36875	0.35375	0.13625	0.27375	0.515	4.2	3.83333	1.46	1.45714	1.16667	0.1674	0.0661667	0.14098	0.151029	0.195111
0.02	0.01	0.01	0	0.01	0.01	0	0	0.02	0.5	0.73	0.01	0.88	1	0	0.05	0.05	0.05	0.5	0.73	0.20625	0.105	0.53125	0.46125	0.02375	0.2425	0.20875	0.32	0.26625	0.44125	0.24125	0.17	0.18625	0.305	0.20625	0.53	0.4375	0.1275	0.2125	0.44375	2.8	2.1	3.06	1.18571	0.7	0.0158	0.123067	0.08886	0.184271	0.257322
0.27	0.27	0.73	0.73	0.05	0.5	0.27	0.12	0.95	0.27	0.05	0.5	0.12	0.02	0.05	0.73	0.98	0.02	0.27	0.73	0.2225	0.12	0.48875	0.37	0.02375	0.21	0.2025	0.3325	0.15	0.47	0.35375	0.19375	0.3125	0.5125	0.16625	0.4925	0.34875	0.13625	0.33	0.52	-0.7	2.2	1.46	1.62857	1.34444	0.186	0.0872	0.19084	0.243286	0.255922
0.05	0.05	0.27	0.12	0.02	0.02	0.02	0.01	0.02	0.99	0.73	0.12	0.73	0.99	0.01	0.12	0.05	0.05	0.12	0.73	0.25	0.2325	0.54625	0.43375	0.0275	0.365	0.23375	0.34625	0.35125	0.38	0.2725	0.32625	0.245	0.37875	0.1425	0.52125	0.465	0.05625	0.30125	0.53875	4.5	0.1	0.54	1.58571	1.34444	0.0598	0.257	0.30406	0.281086	0.280667
0.27	0.27	0.98	0.73	0.01	0.5	0.27	0.98	0.05	0.01	0.01	0.12	0.02	0.01	0.02	0.73	0.27	0.01	0.01	0.01	0.23125	0.20625	0.44375	0.3575	0.02875	0.31	0.20375	0.225	0.3525	0.5025	0.335	0.3275	0.3625	0.5025	0.14125	0.44125	0.44625	0.16875	0.405	0.5725	-3.5	0.2	0.82	0.485714	0.7	0.5252	0.4395	0.35688	0.334757	0.282678
0.12	0.02	0.88	0.73	0.01	0.02	0.05	1	0.5	0	0	0.02	0.01	0	0.01	0.73	0.27	0.01	0.01	0.01	0.27875	0.29375	0.51375	0.3575	0.02875	0.34125	0.26	0.20375	0.32375	0.4275	0.32375	0.34	0.33625	0.485	0.255	0.44125	0.44625	0.16875	0.3575	0.4775	-0.4	0.1	0.26	-0.1	0.0555556	0.7335	0.512867	0.4283	0.337271	0.305389
0.5	0.5	0.5	0.12	0.05	0.5	0.27	0.27	0.5	0.5	0.27	0.73	0.27	0.73	0.73	0.5	0.27	0.05	0.73	0.73	0.24375	0.23875	0.56625	0.43375	0.025	0.28125	0.23375	0.295	0.32125	0.42125	0.32125	0.25625	0.2275	0.275	0.16625	0.46625	0.455	0.15875	0.2075	0.42	4.2	0.1	-0.9	-0.228571	0.166667	0.2799	0.518833	0.42302	0.363814	0.305889
0.27	0.73	0.88	0.88	0.02	0.88	0.5	0.12	0.73	0.05	0.05	0.95	0.12	0.02	0.27	0.5	0.88	0.27	0.12	0.27	0.25375	0.1825	0.46125	0.2625	0.025	0.18625	0.18625	0.3325	0.18875	0.50625	0.3575	0.18125	0.24625	0.36375	0.3425	0.485	0.36625	0.19125	0.265	0.44875	-3.5	-0.2	-0.52	-0.328571	0.155556	0.5431	0.285467	0.39234	0.358171	0.313489
0.12	0.02	0.01	0.01	0.02	0.05	0.02	0.01	0.05	0.98	0.73	0.02	0.5	0.99	0.01	0.02	0.12	0.88	0.99	0.5	0.37625	0.26625	0.55125	0.35875	0.02375	0.29	0.25	0.4075	0.305	0.32875	0.215	0.285	0.14125	0.12125	0.49875	0.5925	0.47	0.10875	0.1425	0.34375	-1.3	-2.13333	0.32	0.0571429	-0.522222	0.0334	0.3161	0.2497	0.319486	0.321478
0.73	0.5	0.73	0.27	0.05	0.27	0.73	0.12	0.27	0.12	0.02	0.27	0.05	0.12	0.95	0.88	0.95	0.02	0.12	0.12	0.28125	0.235	0.43	0.32625	0.02125	0.31875	0.2375	0.33375	0.3625	0.43625	0.305	0.30125	0.20125	0.23	0.385	0.5125	0.395	0.21625	0.28375	0.39625	-1.6	0.3	-0.68	-0.114286	-0.222222	0.3718	0.141833	0.2446	0.233514	0.323622
0.12	0.05	0.05	0	0.02	0.01	0.01	0	0	0.95	0.98	0.05	0.27	0.05	0.01	0.02	0.12	0.01	0.02	0.99	0.4525	0.30375	0.515	0.39125	0.02625	0.45875	0.43125	0.23	0.39625	0.335	0.2	0.38875	0.17875	0.245	0.535	0.62	0.48	0.21875	0.3575	0.28875	3.8	0.466667	-0.3	-0.828571	0.0222222	0.0203	0.2155	0.16232	0.271314	0.266344
0.12	0.05	0.27	0.12	0.02	0.12	0.12	0.27	0.12	0.5	0.12	0.12	0.12	0.02	1	0.88	0.88	0.5	0.12	0.5	0.39625	0.2425	0.425	0.36125	0.02125	0.3975	0.39	0.1625	0.41	0.34375	0.38375	0.29	0.255	0.28	0.32	0.45125	0.3525	0.16625	0.37875	0.26125	-0.8	0.466667	-0.2	-0.0714286	-0.588889	0.2544	0.135467	0.26454	0.224871	0.238211
0.88	0.01	0.12	0.02	0.01	0.02	0.05	0.5	0.27	0.5	0.27	0.02	0.27	0.02	1	0.5	0.12	0	0.01	0.12	0.2825	0.1575	0.34875	0.265	0.0225	0.315	0.3375	0.12	0.30125	0.46125	0.46875	0.19	0.33125	0.36875	0.2875	0.43875	0.42875	0.1975	0.38375	0.39375	-1.6	-1.06667	0.48	-0.0714286	0.3	0.1317	0.3102	0.23378	0.223914	0.1873
0.12	0.5	0.73	0.73	0.02	0.95	0.88	0.5	0.73	0.01	0.02	0.5	0.05	0.01	0.05	0.95	0.5	0.01	0.27	0.05	0.3775	0.15625	0.33375	0.1775	0.025	0.255	0.24625	0.13375	0.24375	0.51	0.5275	0.13375	0.35875	0.3375	0.4075	0.41375	0.4	0.1775	0.3375	0.43125	-0.8	-0.2	-0.54	0.8	0.866667	0.5445	0.298067	0.23506	0.182929	0.201156
0.88	0.12	0.88	0.98	0.02	0.88	0.88	0.05	0.5	0.02	0.12	0.5	0.05	0.05	0.27	0.73	0.12	0.02	0.5	0.02	0.1975	0.20375	0.28625	0.14625	0.02	0.3525	0.24625	0.18125	0.2725	0.5	0.515	0.21	0.35875	0.38	0.38375	0.4225	0.335	0.17625	0.385	0.42625	1.8	-0.1	0.52	0.8	0.655556	0.218	0.263067	0.20116	0.202614	0.1995
0.05	0.01	0	0	0.01	0.12	0.05	0	0.73	0.12	0.88	0.01	0.73	0.98	0	0.01	0.01	0.12	1	0.02	0.34875	0.245	0.48125	0.37875	0.025	0.50875	0.44	0.25	0.25875	0.43125	0.33125	0.29875	0.255	0.26375	0.45	0.5725	0.425	0.165	0.32625	0.4125	-1.3	1.66667	1.6	0.414286	-0.155556	0.0267	0.109867	0.20644	0.217257	0.236689
0.12	0.01	0.12	0.01	0.02	0.12	0.01	0.01	0.01	0.99	0.88	0.05	0.88	0.73	0.01	0.02	0.73	0.02	0.05	0.95	0.3875	0.25375	0.52375	0.4725	0.02375	0.585	0.52125	0.325	0.3675	0.2625	0.31875	0.3125	0.255	0.3075	0.33	0.57125	0.31625	0.1175	0.52125	0.24875	4.5	2.33333	1.06	0.142857	-0.455556	0.0849	0.0899	0.16892	0.249157	0.265667
0.12	0.5	0.5	0.02	0.05	0.5	0.12	0.12	0.05	0.88	0.95	0.05	0.5	0.73	0.02	0.27	0.27	0.73	0.88	0.73	0.31125	0.20625	0.57125	0.57875	0.02125	0.62625	0.5925	0.3675	0.39125	0.22875	0.29125	0.34375	0.3025	0.31125	0.21	0.54	0.42125	0.03125	0.5075	0.27625	3.8	1.6	0	-0.242857	-0.666667	0.1581	0.199967	0.19632	0.244971	0.316022
0.05	0.5	0.5	0.27	0.01	0.98	0.73	0.05	0.27	0.05	0.02	0.88	0.05	0.5	0.98	0.73	0.05	0.02	0.73	0.05	0.3675	0.20625	0.51375	0.51875	0.03	0.53875	0.42125	0.405	0.335	0.365	0.43875	0.1925	0.3675	0.40125	0.09	0.47375	0.49625	0.125	0.555	0.4175	-3.5	-1.06667	-0.44	-1	-0.666667	0.3569	0.29	0.29402	0.297386	0.306867
0.5	0.27	0.73	0.88	0.05	0.5	0.73	0.5	0.12	0.5	0.27	0.27	0.12	0.05	0.27	0.5	0.73	0.02	0.05	0.88	0.21625	0.22125	0.46625	0.335	0.1475	0.495	0.31375	0.405	0.2925	0.3075	0.39375	0.2125	0.35375	0.4525	0.15125	0.5025	0.43	0.12375	0.5925	0.3175	-3.5	-3.5	-2.04	-0.928571	-0.588889	0.355	0.409033	0.39402	0.359586	0.321167
0.5	0.12	0.73	0.88	0.02	0.73	0.73	0.88	0.27	0.02	0.02	0.27	0.27	0.12	0.05	0.88	0.73	0.02	0.73	0.12	0.24375	0.25375	0.5	0.34125	0.15625	0.46625	0.34125	0.39125	0.1975	0.4625	0.425	0.245	0.335	0.4125	0.185	0.545	0.53875	0.12375	0.50125	0.4725	-3.5	-3.5	-2.96	-1.21429	-0.522222	0.5152	0.485033	0.45482	0.396986	0.363533
0.27	0.12	0.88	0.88	0.02	0.73	0.73	0.95	0.5	0.12	0.12	0.27	0.27	0.05	0.05	0.5	0.5	0.02	0.73	0.12	0.32	0.25875	0.5	0.34625	0.245	0.485	0.37375	0.4725	0.17375	0.36	0.365	0.2725	0.25875	0.3925	0.19	0.70875	0.5675	0.18375	0.52875	0.41625	-3.5	-2.6	-1.76	-1.85714	-1.11111	0.5849	0.520733	0.45278	0.432686	0.383578
0.5	0.5	0.27	0.5	0.05	0.73	0.12	0.73	0.5	0.27	0.27	0.12	0.12	0.5	0.05	0.88	0.88	0.05	0.5	0.5	0.33875	0.15	0.5475	0.40625	0.36	0.45625	0.4375	0.6075	0.17	0.24625	0.2425	0.2875	0.2175	0.24625	0.25	0.6425	0.54875	0.15125	0.45375	0.31125	-0.8	-0.6	-1.2	-1.47143	-1.57778	0.4621	0.464567	0.46338	0.4196	0.386456
0.12	0.01	0.73	0.12	1	0.05	0.02	0.5	0.01	0.01	0.01	0.05	0.01	0.01	0.05	0.73	0.27	0.01	0.12	0.05	0.395	0.15	0.42875	0.42	0.3025	0.425	0.36	0.63625	0.2	0.39125	0.36375	0.1875	0.31625	0.37	0.12875	0.5725	0.625	0.16875	0.52875	0.395	2.5	0.333333	-0.66	-1.02857	-0.877778	0.3467	0.4056	0.4134	0.395171	0.358967
0.27	0.12	0.27	0.05	0.05	0.12	0.27	0.27	0.12	0.88	0.88	0.27	0.73	0.73	0.05	0.73	0.88	0.12	0.95	0.5	0.37625	0.165	0.4575	0.38125	0.50625	0.46375	0.32875	0.69375	0.23375	0.25375	0.255	0.18875	0.32125	0.28875	0.12875	0.5725	0.52	0.15875	0.43375	0.2625	-0.7	0.333333	-0.04	-0.128571	-0.877778	0.408	0.34	0.33322	0.337214	0.350278
0.5	0.05	0.27	0.05	0.73	0.27	0.27	0.73	0.05	0.27	0.5	0.27	0.27	0.5	0.05	0.95	0.73	0.5	0.27	0.5	0.37625	0.165	0.38125	0.305	0.4525	0.3875	0.2525	0.64875	0.215	0.33375	0.315	0.18875	0.35125	0.4125	0.185	0.4975	0.4625	0.115	0.51875	0.2625	-0.8	-0.633333	0.68	-0.128571	-0.533333	0.2653	0.285767	0.2627	0.2932	0.327433
0.5	0.01	0.27	0.12	1	0.27	0.02	0.98	0.02	0.12	0.12	0.02	0.02	0.01	0.5	0.12	0.5	0.5	0.05	0.27	0.405	0.18875	0.33375	0.20125	0.52625	0.33	0.2075	0.59	0.17125	0.42875	0.43875	0.20125	0.4675	0.53	0.15625	0.60125	0.49125	0.1275	0.47	0.33875	-0.4	0.533333	-0.52	-0.0714286	0.0666667	0.184	0.186267	0.24872	0.271414	0.292344
0.12	0.01	0.01	0	0.5	0.05	0.01	0.05	0.02	0.95	0.73	0.01	0.73	1	0.01	0.02	0.05	0.12	0.95	0.27	0.4525	0.16	0.42375	0.27625	0.58875	0.37625	0.25625	0.6775	0.12375	0.3825	0.34375	0.22125	0.455	0.35875	0.22625	0.56625	0.47125	0.175	0.3575	0.31	2.8	-0.366667	-0.46	-0.157143	-0.233333	0.1095	0.1901	0.22904	0.260329	0.301922
0.5	0.5	0.5	0.5	0.73	0.88	0.73	0.73	0.5	0.27	0.27	0.5	0.88	0.12	0.27	0.5	0.5	0.05	0.12	0.27	0.4525	0.13125	0.28625	0.2325	0.45	0.32875	0.1975	0.545	0.09625	0.57625	0.49125	0.16875	0.4975	0.55875	0.2025	0.50625	0.44375	0.1975	0.50875	0.395	-3.5	-0.366667	0.08	-0.557143	-0.0444444	0.2768	0.231967	0.2298	0.280371	0.294156
0.73	0.05	0.12	0.27	0.27	0.27	0.12	0.98	0.05	0.05	0.12	0.27	0.05	0.88	0.5	0.5	0.12	0.05	0.73	0.12	0.4525	0.20625	0.39125	0.3175	0.5075	0.48125	0.27375	0.5425	0.2	0.5275	0.43375	0.17875	0.5725	0.40625	0.29125	0.4775	0.415	0.21625	0.3475	0.36625	-0.4	-0.666667	-0.54	0.157143	-0.144444	0.3096	0.285167	0.30266	0.282014	0.298189
0.5	0.27	0.5	0.12	0.88	0.27	0.12	0.73	0.12	0.73	0.73	0.12	0.95	0.5	0.27	0.5	0.5	0.12	0.12	0.5	0.4525	0.20625	0.3725	0.36375	0.37375	0.51	0.27375	0.51625	0.19125	0.4425	0.32875	0.17875	0.44125	0.40625	0.43625	0.46875	0.3675	0.1475	0.39625	0.31875	1.9	-0.666667	-0.26	-0.0142857	-0.133333	0.2691	0.375667	0.33612	0.3192	0.313433
0.5	0.27	0.73	0.98	0.05	0.88	0.5	0.5	0.12	0.73	0.12	0.27	0.73	0.12	0.12	0.5	0.27	0.05	0.5	0.27	0.4525	0.23875	0.40125	0.30375	0.35875	0.43375	0.2575	0.5325	0.195	0.4425	0.405	0.1725	0.5	0.455	0.515	0.56375	0.3675	0.09625	0.34875	0.32	-3.5	0.866667	0.12	-0.514286	-0.177778	0.5483	0.364733	0.36962	0.361057	0.366744
0.5	0.27	0.12	0.27	0.12	0.5	0.27	0.12	0.27	0.88	0.73	0.12	0.5	0.73	0.12	0.73	0.5	0.12	0.5	0.73	0.5	0.3	0.53875	0.455	0.3025	0.5375	0.3475	0.665	0.23625	0.33875	0.3	0.22375	0.47125	0.26875	0.57625	0.6425	0.4425	0.07875	0.245	0.29125	4.2	-0.3	0.06	-0.128571	-0.577778	0.2768	0.423133	0.3882	0.416343	0.419722
0.5	0.27	0.73	0.5	0.05	0.73	0.27	0.5	0.5	0.27	0.27	0.12	0.5	0.27	0.99	0.5	0.27	0.27	0.27	0.12	0.47125	0.2525	0.4625	0.455	0.22625	0.4325	0.29	0.65	0.17875	0.3875	0.32625	0.17625	0.395	0.31375	0.44875	0.7	0.47125	0.05625	0.265	0.34875	-1.6	0.633333	-0.48	-0.185714	-0.233333	0.4443	0.374533	0.46714	0.455871	0.432589
0.27	0.27	0.5	0.27	0.27	0.5	0.27	0.27	0.05	0.27	0.27	0.12	0.12	0.12	0.98	0.88	0.73	0.02	0.05	0.5	0.4425	0.26125	0.5675	0.56	0.17125	0.49	0.385	0.6475	0.2625	0.39625	0.3175	0.17625	0.4425	0.225	0.51	0.68125	0.49	0.08375	0.2075	0.2925	-0.7	-1.03333	0.06	-0.514286	-0.577778	0.4025	0.503533	0.47474	0.473514	0.4647
0.5	0.27	0.73	0.5	0.05	0.27	0.27	0.88	0.05	0.12	0.12	0.12	0.27	0.02	0.98	0.88	0.27	0.02	0.05	0.05	0.41375	0.2425	0.49125	0.55	0.10375	0.5475	0.385	0.495	0.31	0.415	0.355	0.17625	0.39625	0.285	0.51	0.6525	0.57625	0.08375	0.255	0.3775	-0.8	-0.766667	-0.86	-0.514286	-0.366667	0.6638	0.550867	0.4979	0.4807	0.447911
0.5	0.5	0.5	0.5	0.12	0.5	0.5	0.73	0.5	0.27	0.5	0.27	0.27	0.12	0.5	0.88	0.88	0.05	0.12	0.5	0.4425	0.1825	0.53875	0.43	0.09125	0.47125	0.29625	0.46625	0.245	0.33875	0.3075	0.12625	0.33875	0.34875	0.5575	0.68125	0.48125	0.19875	0.29375	0.29	-0.8	-0.666667	-1.24	-0.571429	-0.0777778	0.5863	0.547567	0.52876	0.458014	0.392056
0.27	0.12	0.5	0.73	0.05	0.27	0.27	0.99	0.27	0.05	0.02	0.12	0.27	0.02	0.12	0.73	0.5	0.02	0.05	0.12	0.415	0.1975	0.52375	0.3675	0.0875	0.43875	0.29125	0.41875	0.24	0.38125	0.3675	0.13125	0.33875	0.285	0.59125	0.615	0.4725	0.18875	0.24625	0.365	-0.4	-1.56667	-0.34	-0.471429	-0.0444444	0.3926	0.525833	0.47186	0.401057	0.372444
0.27	0.12	0.73	0.88	0.05	0.5	0.88	0.73	0.27	0.12	0.05	0.27	0.05	0.02	0.98	0.73	0.73	0.02	0.05	0.05	0.355	0.165	0.41	0.28625	0.08375	0.32	0.18125	0.38875	0.17875	0.44875	0.45375	0.09875	0.36625	0.37375	0.36	0.55375	0.4125	0.1575	0.275	0.42125	-3.5	-0.0333333	-0.36	0.271429	0.555556	0.5986	0.369733	0.34822	0.357886	0.324067
0.5	0.12	0.12	0.27	0.12	0.5	0.12	0.12	0.5	0.73	0.88	0.12	0.73	0.88	0.27	0.27	0.73	0.12	0.5	0.73	0.295	0.13125	0.42625	0.335	0.04125	0.2575	0.2425	0.55625	0.14375	0.33875	0.31625	0.1025	0.26625	0.25125	0.32625	0.50375	0.32125	0.1425	0.2125	0.27375	3.8	-0.2	0.7	0.928571	0.588889	0.118	0.254067	0.25102	0.264329	0.280133
0.73	0.02	0.88	0.02	0.02	0.5	0.02	0.12	0.05	0.27	0.12	0.02	0.27	0.73	0.02	0.73	0.12	1	0.88	0.02	0.26625	0.11125	0.35	0.42875	0.0475	0.28625	0.255	0.48	0.2275	0.38125	0.4025	0.1025	0.29125	0.2675	0.23625	0.3425	0.37	0.03	0.15875	0.35625	-0.9	2.46667	1.54	0.985714	0.288889	0.0456	0.0879667	0.17428	0.181586	0.208656
0.05	0.01	0	0	0.02	0.01	0	0	0	1	0.73	0.01	0.5	0.12	0.01	0.05	0.05	0.01	0.05	0.95	0.3225	0.065	0.51625	0.375	0.035	0.2875	0.1975	0.40625	0.205	0.36625	0.2975	0.0725	0.2625	0.34375	0.20875	0.35125	0.36	0.14875	0.2625	0.30125	4.5	2.46667	2.16	0.542857	0.844444	0.1003	0.0516	0.05598	0.128429	0.145522
0.02	0.01	0.05	0	0.02	0.01	0	0	0.01	0.88	0.99	0.01	0.5	0.98	0	0.01	0.02	0.02	0.5	0.5	0.29875	0.05	0.4475	0.28375	0.02875	0.345	0.16375	0.2825	0.20375	0.4375	0.26875	0.0575	0.23125	0.35875	0.195	0.26625	0.31625	0.15125	0.2625	0.37625	3.8	2.63333	0.7	1.64286	1.2	0.0089	0.0387667	0.03648	0.0455	0.102222
0.02	0	0.02	0.05	0	0	0	1	0	0	0	0	0	0	0	0.02	0	0	0	0	0.27125	0.0375	0.36	0.1675	0.0275	0.375	0.055	0.06625	0.1725	0.65125	0.51	0.02625	0.4125	0.54125	0.0725	0.175	0.23	0.1525	0.32125	0.46625	-0.4	-0.0333333	1.72	1.5	2.08889	0.0071	0.0121667	0.03098	0.0290571	0.0370667
0.5	0.01	0.88	1	0	0.5	0.27	0.27	0.27	0	0.05	0.02	0.01	0	0.01	0.05	0.05	0	0	0	0.155	0.14625	0.24375	0.03	0.0125	0.36	0.0975	0.205	0.0825	0.56125	0.4	0.1275	0.35375	0.43125	0.04	0.17125	0.13875	0.13875	0.26	0.3775	-3.5	0.1	1.38	2.27143	1.16667	0.0205	0.0152333	0.0115	0.0242857	0.0347111
0.27	0.12	0.95	0.05	0.02	0.02	0.02	0.02	0.27	0.88	0.27	0.02	0.27	0.12	0.27	0.27	0.73	0.01	0.12	0.99	0.155	0.22125	0.24375	0.20875	0.0225	0.44875	0.18875	0.3125	0.1675	0.42	0.3725	0.21625	0.32125	0.34	0.0675	0.1625	0.0725	0.015	0.15	0.2575	4.2	1.16667	1.52	0.985714	0.877778	0.0181	0.0138333	0.01216	0.0237857	0.0430778
0.05	0	0	0	0	0.73	0	0	0.27	0.5	0.05	0	0.02	1	0	0.01	0.12	0.05	0.5	0.27	0.2675	0.24125	0.425	0.22125	0.025	0.46875	0.1975	0.3175	0.1825	0.405	0.32375	0.25125	0.3525	0.33375	0.10125	0.195	0.17625	0.07125	0.22125	0.29125	2.8	3.83333	0.7	-0.0571429	0.233333	0.0029	0.0110667	0.0301	0.0397857	0.0358667
0.05	0.01	0	0	0.02	0.73	0.01	0	0.01	0.95	0.99	0.01	1	0.5	0	0.01	0.02	0.01	0.02	0.27	0.26625	0.25375	0.42	0.22125	0.035	0.4825	0.1975	0.3175	0.3325	0.24125	0.11625	0.25	0.23	0.3975	0.10125	0.195	0.1875	0.165	0.34375	0.2625	4.5	0.933333	0.7	-0.185714	-0.333333	0.0122	0.0373	0.05018	0.0438286	0.0354444
0.05	1	0.05	0.12	0	0.88	0.73	0.5	0.05	0.01	0.05	0.95	0.27	0	0.02	0.27	0.05	0.01	0.01	0.02	0.32625	0.1325	0.445	0.2025	0.04375	0.46625	0.11	0.1325	0.33	0.45	0.29625	0.135	0.43125	0.4625	0.10125	0.27	0.3025	0.16625	0.3475	0.41625	-4.5	-1.16667	-0.4	0.128571	-0.366667	0.0968	0.0766333	0.05364	0.0416286	0.0352111
0.5	0.73	0.95	0.5	0.12	0.73	0.5	0.73	0.73	0.02	0.12	0.73	0.27	0.12	0.5	0.88	0.27	0.02	0.12	0.05	0.2225	0.16625	0.2225	0.03	0.03125	0.42375	0.13875	0.0725	0.21125	0.55875	0.315	0.16125	0.445	0.4625	0.04125	0.19375	0.28375	0.165	0.34	0.5375	-3.5	-3.1	-1.22	-0.571429	0.488889	0.1209	0.0843667	0.05408	0.0397571	0.0348778
0.73	0.05	0.5	0.05	0.02	0.88	0.05	0.02	0.12	0.5	0.12	0.27	0.5	0.95	0.01	0.05	0.27	0.5	1	0.5	0.16	0.23625	0.16	0.08	0.04125	0.4025	0.1925	0.15875	0.31625	0.39125	0.28375	0.21625	0.41625	0.46875	0.06875	0.26375	0.1925	0.195	0.34	0.35875	-1.3	-2.03333	-2.26	-0.371429	0.333333	0.0354	0.0538	0.05264	0.0418429	0.0330889
0.01	0.12	0.01	0	0.12	0.12	0.01	0	0.95	0.02	0.27	0.01	0.5	0.99	0	0.01	0.01	0.73	1	0.27	0.24375	0.22875	0.33125	0.21125	0.02875	0.42125	0.2125	0.1625	0.19375	0.38875	0.25875	0.25125	0.41375	0.33875	0.07125	0.27375	0.21125	0.16	0.2775	0.35375	-1.3	-1.1	-0.52	-0.614286	-0.366667	0.0051	0.0151667	0.03678	0.0403857	0.0393
0.5	0.02	0.27	0.02	0.05	0.02	0.02	0.02	0.02	0.73	0.5	0.02	0.88	0.02	0.02	0.88	0.95	0.01	0.02	0.98	0.19125	0.35875	0.305	0.21125	0.0375	0.405	0.21625	0.175	0.3425	0.215	0.225	0.26375	0.3325	0.48875	0.08375	0.1975	0.15375	0.35875	0.5075	0.265	-0.7	0.733333	0.74	-0.471429	-1.36667	0.005	0.0092	0.013	0.0349571	0.0501
0.12	0.01	0	0	0.02	0.01	0.27	0.02	0	0.88	0.27	0.01	0.12	0.12	0.01	0.05	0.12	0	0.05	1	0.32375	0.26875	0.3475	0.32125	0.04375	0.3875	0.2125	0.23125	0.3725	0.19625	0.24875	0.16125	0.39625	0.4775	0.085	0.33	0.285	0.36	0.505	0.26625	4.2	2.1	0.3	-0.614286	-0.666667	0.0175	0.00816667	0.01768	0.0333143	0.103611
0	0	0	0	0	0	0	0	0.5	0.02	0.02	0	0.27	1	0	0	0	0.73	1	0.01	0.31	0.27	0.35375	0.36875	0.0325	0.36	0.19875	0.23375	0.23375	0.3025	0.26625	0.1625	0.34625	0.35375	0.03	0.26	0.3	0.26625	0.37375	0.39875	2.8	1.16667	-0.34	-0.171429	-0.666667	0.002	0.0261	0.03854	0.110886	0.1588
0	0.01	0.88	1	0	0.12	0.12	0.01	0.12	0	0	0.02	0	0	0.01	0.05	0.01	0	0	0	0.23375	0.325	0.30375	0.3	0.03125	0.26875	0.21125	0.245	0.3575	0.245	0.2875	0.23625	0.40875	0.3625	0.14625	0.31	0.28	0.29625	0.43625	0.34	-3.5	-1.73333	0.16	-0.485714	-0.911111	0.0588	0.0567333	0.15322	0.198386	0.200578
0.12	0.95	0.05	0.02	0.02	0.5	0.05	0.12	0.27	0.27	0.95	0.12	0.73	0.73	0.12	0.27	0.5	0.88	0.88	0.27	0.2325	0.31625	0.4125	0.42875	0.015	0.31625	0.31	0.23375	0.235	0.21125	0.16875	0.3325	0.28875	0.15375	0.135	0.315	0.3275	0.09625	0.20375	0.30625	-4.5	-2.06667	-1.38	-0.885714	-1.2	0.1094	0.248867	0.27324	0.256443	0.224522
0.73	0.27	0.12	0.98	0.02	0.73	0.95	0.95	0.27	0.01	0.01	0.12	0.02	0.01	0.02	0.5	0.27	0.01	0.02	0.05	0.09625	0.39875	0.37	0.30625	0.01125	0.28625	0.195	0.1275	0.2325	0.27625	0.315	0.33125	0.3775	0.2475	0.145	0.1775	0.24375	0.20375	0.31125	0.335	1.8	-2.06667	-2.64	-2.04286	-0.655556	0.5784	0.435133	0.35512	0.285457	0.224289
0.27	0.73	1	0.88	0.01	0.5	0.12	0.73	0.12	0.01	0.01	0.73	0.02	0.01	0.05	0.27	0.27	0	0.02	0.12	0.1725	0.34625	0.26625	0.32125	0.01125	0.37625	0.2675	0.2775	0.26625	0.16625	0.28125	0.25625	0.36375	0.2325	0.14125	0.31875	0.23125	0.205	0.305	0.20125	-3.5	-1.73333	-2.72	-1.84286	-1.16667	0.6176	0.5358	0.38748	0.285586	0.226589
0.12	0.5	0.98	0.5	0.01	0.27	0.27	0.12	0.73	0.02	0.27	0.88	0.73	0.02	0.95	0.5	0.12	0.01	0.5	0.02	0.1925	0.37625	0.26875	0.36875	0.0125	0.40625	0.24875	0.35375	0.12875	0.28125	0.365	0.2375	0.35125	0.23125	0.02875	0.29125	0.2525	0.235	0.15375	0.24625	-3.5	-3.63333	-0.98	-1.4	-1.05556	0.4114	0.416533	0.36618	0.282643	0.228167
0.12	0.99	0.05	0.05	0.01	0.88	0.73	0.02	0.12	0.02	0.27	0.88	0.27	0.05	0.02	0.27	0.88	0.01	0.02	0.27	0.3175	0.315	0.27625	0.30125	0.015	0.3175	0.17875	0.39875	0.19125	0.2825	0.36625	0.25	0.41125	0.2275	0.14625	0.3475	0.1625	0.235	0.215	0.23	-3.9	-1.06667	-1.42	-0.214286	-0.466667	0.2206	0.211633	0.25814	0.269329	0.2246
0.02	0	0	0	0.02	0.01	0	0	0	0.99	0.73	0.01	0.88	0.05	0	0.01	0.05	0	0.02	0.99	0.40625	0.35375	0.2825	0.31125	0.0125	0.48625	0.32625	0.3925	0.17875	0.13	0.19625	0.435	0.25	0.1375	0.2575	0.36125	0.26625	0.1275	0.11125	0.12125	4.2	-0.0333333	0.04	-0.214286	-0.144444	0.0029	0.0872333	0.13786	0.190514	0.2581
0.27	0.05	0.05	0.02	0.01	0.5	0.02	1	0.12	0	0	0.02	0.01	0	0.01	0.95	0.02	0	0	0	0.40625	0.32	0.2675	0.18875	0.0175	0.44375	0.21125	0.155	0.22125	0.28625	0.32	0.425	0.37125	0.145	0.26	0.2725	0.25125	0.1275	0.1175	0.34875	-0.4	2.53333	1.1	0.0571429	0.122222	0.0382	0.0191	0.06092	0.160986	0.232256
0.01	0.01	0	0	0.01	0.01	0	0	0.01	0.95	0.95	0	0.88	1	0	0.01	0.02	0.98	0.27	0.27	0.52875	0.24875	0.155	0.0875	0.0225	0.4575	0.21375	0.20375	0.22625	0.16875	0.2025	0.45875	0.26625	0.02	0.26125	0.4475	0.2325	0.00625	0.08375	0.30625	3.8	1.73333	1.56	1.15714	0.711111	0.0162	0.0270333	0.09898	0.151614	0.261867
