0.73	0.27	0.73	0.5	0.27	0.5	0.5	0.5	0.27	0.12	0.12	0.5	0.27	0.12	0.27	0.98	0.73	0.05	0.12	0.12	0.3475	0.235	0.3125	0.21375	0.1775	0.325	0.255	0.23875	0.215	0.365	0.42375	0.26375	0.495	0.4175	0.1425	0.4175	0.36	0.27375	0.375	0.34875	-0.8	1.3	1.38	1.28571	0.566667	0.3446	0.2849	0.32454	0.456129	0.540044
0.27	0.27	0.12	0.05	0.27	0.5	0.12	0.05	0.12	0.73	0.88	0.27	0.99	0.5	0.12	0.27	0.27	0.27	0.27	0.73	0.43375	0.15875	0.36	0.24125	0.18625	0.235	0.22625	0.295	0.18625	0.2975	0.32875	0.235	0.3575	0.37	0.2525	0.535	0.5025	0.2375	0.3375	0.29125	1.9	0.1	0.48	0.828571	0.777778	0.3708	0.4179	0.45474	0.473014	0.537033
0.73	0.27	0.73	0.5	0.27	0.5	0.5	0.5	0.27	0.12	0.12	0.5	0.27	0.12	0.27	0.98	0.73	0.05	0.12	0.12	0.47125	0.1675	0.2925	0.185	0.205	0.24375	0.1875	0.26625	0.14875	0.345	0.42375	0.215	0.4475	0.41625	0.24625	0.49375	0.46375	0.23625	0.3475	0.3675	-0.8	0.133333	-0.16	0.0571429	0.777778	0.5383	0.5966	0.58842	0.559157	0.528811
0.5	0.27	0.5	0.27	0.27	0.27	0.27	0.12	0.12	0.27	0.27	0.27	0.27	0.12	0.27	0.73	0.98	0.12	0.12	0.5	0.5	0.15875	0.33	0.22625	0.18625	0.2725	0.21625	0.43375	0.1675	0.345	0.345	0.24375	0.4	0.3875	0.24625	0.54375	0.4325	0.21875	0.32875	0.32	-0.7	-0.633333	-0.32	0.0571429	0.855556	0.8807	0.742233	0.68604	0.627186	0.544822
0.5	0.12	0.5	0.27	0.05	0.12	0.12	1	0.12	0.02	0.02	0.12	0.05	0.05	0.12	0.5	0.12	0.05	0.05	0.05	0.5475	0.17375	0.33	0.2225	0.32375	0.29125	0.23125	0.32375	0.14	0.3475	0.3475	0.2625	0.38	0.2775	0.26875	0.59125	0.55875	0.1425	0.225	0.37625	-0.4	-0.9	-0.14	0.814286	0.822222	0.8077	0.840367	0.73498	0.631357	0.541833
0.5	0.12	0.27	0.27	0.12	0.27	0.27	0.12	0.12	0.12	0.12	0.27	0.12	0.05	1	0.73	0.95	0.05	0.12	0.27	0.51875	0.155	0.30125	0.175	0.315	0.24375	0.165	0.38625	0.12125	0.41125	0.3825	0.215	0.4	0.2775	0.14	0.5025	0.4825	0.1425	0.21625	0.4525	-1.6	0.266667	0.92	0.9	0.833333	0.8327	0.751967	0.70208	0.594443	0.535389
0.88	0.12	0.12	0.05	0.27	0.12	0.12	0.27	0.12	0.27	0.5	0.12	0.5	0.99	0.12	0.5	0.27	0.5	0.88	0.27	0.47125	0.1275	0.31125	0.19875	0.29625	0.215	0.175	0.36375	0.1125	0.41125	0.335	0.20625	0.32	0.16	0.24125	0.5125	0.59625	0.05875	0.12125	0.48	2.8	1.9	1.56	0.914286	1.08889	0.6155	0.607333	0.54842	0.558486	0.509678
0.27	0.05	0.12	0.12	0.12	0.12	0.05	0.98	0.05	0.88	0.5	0.12	0.5	0.27	0.05	0.27	0.27	0.05	0.12	0.73	0.49	0.19375	0.25375	0.16125	0.29625	0.27125	0.2125	0.2275	0.12125	0.3825	0.35375	0.2625	0.34875	0.25	0.23125	0.4525	0.53875	0.115	0.21625	0.49875	4.5	3.26667	1.5	1.61429	0.744444	0.3738	0.367233	0.4442	0.452586	0.497678
0.5	0.02	0.05	0.02	1	0.05	0.02	0.05	0.05	0.27	0.27	0.05	0.12	0.05	0.05	0.27	0.27	0.05	0.05	0.27	0.41375	0.17875	0.29125	0.265	0.155	0.30875	0.2925	0.3625	0.14	0.43125	0.35125	0.27125	0.36875	0.265	0.2125	0.42375	0.45	0.10125	0.21625	0.5	2.5	2.1	2.66	1.11429	0.433333	0.1124	0.2576	0.30554	0.398671	0.474022
0.5	0.12	0.27	0.12	0.27	0.27	0.12	0.12	0.12	0.73	0.5	0.27	0.5	0.12	0.12	0.5	0.95	0.05	0.12	0.95	0.36625	0.185	0.325	0.28125	0.24625	0.3	0.29875	0.2625	0.2075	0.3775	0.32625	0.2625	0.33	0.3125	0.195	0.395	0.38375	0.1575	0.32375	0.42375	-0.7	2	1.32	0.842857	0.0888889	0.2866	0.179467	0.2685	0.375114	0.425111
0.27	0.05	0.05	0.02	0.27	0.12	0.05	0.02	0.05	0.88	0.88	0.05	0.73	0.5	0.05	0.12	0.5	0.05	0.27	0.95	0.36625	0.27	0.38125	0.29375	0.2375	0.40875	0.38375	0.275	0.26375	0.35	0.27875	0.375	0.32	0.265	0.1125	0.41375	0.355	0.16625	0.305	0.405	4.2	-0.133333	-0.28	-0.0571429	-0.122222	0.1394	0.285433	0.3273	0.339686	0.367678
0.27	0.73	0.27	0.27	0.12	0.95	0.73	0.12	0.27	0.5	0.27	0.95	0.5	0.12	0.12	0.27	0.27	0.05	0.12	0.73	0.29	0.185	0.4575	0.29	0.2375	0.32375	0.29875	0.24375	0.255	0.455	0.4025	0.2625	0.3775	0.2225	0.095	0.36625	0.4125	0.11	0.22875	0.50875	-3.9	-1.06667	-1.48	-1.2	0.0333333	0.4303	0.4125	0.37832	0.3314	0.311367
0.12	0.12	0.73	1	0.02	0.5	0.88	0.27	0.27	0.05	0.02	0.27	0.05	0.02	0.12	0.5	0.27	0.01	0.05	0.05	0.29	0.3175	0.4	0.19875	0.24125	0.39875	0.3075	0.10875	0.2825	0.435	0.43375	0.4425	0.43375	0.325	0.095	0.31875	0.39375	0.17125	0.3325	0.53625	-3.5	-3.63333	-2.04	-0.957143	-0.155556	0.6678	0.488533	0.38416	0.330871	0.291367
0.12	0.27	0.99	0.5	0.05	0.27	0.27	0.27	0.73	0.05	0.05	0.27	0.12	0.5	0.05	0.5	0.27	0.5	0.98	0.12	0.3375	0.31125	0.3675	0.265	0.14625	0.43625	0.39625	0.1175	0.225	0.51125	0.45875	0.45125	0.4725	0.2925	0.1125	0.31875	0.4225	0.11	0.225	0.6125	-3.5	-3.5	-2.04	-0.457143	0.0333333	0.3675	0.450367	0.37802	0.317614	0.305133
0.27	0.73	0.5	0.27	0.05	0.99	0.88	0.12	0.5	0.05	0.12	0.95	0.27	0.05	0.27	0.5	0.27	0.12	0.12	0.12	0.375	0.2725	0.51375	0.3125	0.14625	0.34625	0.33875	0.18375	0.2725	0.435	0.4025	0.36625	0.425	0.34	0.10375	0.3475	0.36625	0.1575	0.3325	0.5275	-3.5	-0.933333	-0.7	-0.457143	0.311111	0.3158	0.264	0.33072	0.331457	0.321367
0.27	0.12	0.95	0.27	0.12	0.27	0.12	0.12	0.27	0.73	0.88	0.12	0.73	0.27	0.05	0.27	0.5	0.05	0.12	0.88	0.375	0.37625	0.57375	0.4325	0.11	0.455	0.49	0.3	0.32875	0.2425	0.2	0.4975	0.2825	0.25625	0.14	0.42375	0.30875	0.1625	0.305	0.32	4.2	1.16667	0.84	0.357143	-0.544444	0.1087	0.2061	0.24442	0.3318	0.370178
0.12	0.5	0.12	0.12	0.05	0.27	0.27	0.05	0.27	0.27	0.5	0.88	0.5	0.99	0.05	0.12	0.12	0.5	0.88	0.27	0.375	0.2525	0.65	0.42	0.11875	0.35125	0.38625	0.29625	0.3575	0.3	0.32375	0.29	0.34	0.27375	0.13125	0.42375	0.3375	0.19125	0.31875	0.3675	2.8	3.73333	1.9	0.357143	0.311111	0.1938	0.1796	0.25746	0.319071	0.340989
0.88	0.12	0.05	0.05	0.27	0.12	0.12	0.12	0.05	0.88	0.5	0.12	0.5	0.27	0.12	0.27	0.5	0.05	0.12	0.95	0.29875	0.3475	0.5825	0.31875	0.095	0.34125	0.32875	0.26875	0.385	0.2325	0.355	0.46125	0.3675	0.48	0.23125	0.37625	0.29	0.28	0.47	0.29125	4.2	2.93333	1.9	1.4	0.522222	0.2363	0.2876	0.31004	0.290514	0.302533
0.95	0.27	0.95	0.27	0.27	0.27	0.27	0.5	0.27	0.12	0.12	0.27	0.27	0.05	0.27	0.73	0.5	0.05	0.12	0.27	0.385	0.31	0.3525	0.235	0.1225	0.30375	0.29125	0.2025	0.28125	0.38375	0.50625	0.42375	0.44375	0.5075	0.22125	0.29	0.29	0.3425	0.41	0.395	1.8	0.833333	1.82	1.67143	0.811111	0.4327	0.4159	0.32182	0.291357	0.281111
0.27	0.27	0.98	0.98	0.05	0.27	0.5	0.95	0.27	0.02	0.02	0.27	0.05	0.05	0.12	0.5	0.27	0.02	0.05	0.05	0.47	0.3375	0.34875	0.14625	0.15875	0.2425	0.18625	0.14625	0.2525	0.42375	0.51875	0.39625	0.47125	0.5075	0.22125	0.3475	0.4075	0.3375	0.41875	0.44125	-3.5	0.7	0.94	0.942857	1.12222	0.5787	0.393	0.3474	0.300786	0.296089
0.12	0.12	0.05	0.02	0.12	0.12	0.05	0.02	0.5	0.5	0.88	0.05	0.73	0.98	0.05	0.12	0.12	0.73	0.99	0.5	0.48875	0.375	0.36125	0.26625	0.15	0.29	0.3375	0.25375	0.22375	0.335	0.41125	0.4425	0.4175	0.39125	0.23875	0.395	0.3975	0.2575	0.32	0.3375	3.8	-0.433333	-0.08	0.442857	0.866667	0.1676	0.356	0.33508	0.337471	0.3298
0.27	0.5	0.12	0.12	0.05	0.27	0.27	0.12	0.27	0.12	0.27	0.88	0.27	0.95	0.99	0.27	0.27	0.27	0.5	0.12	0.48875	0.3275	0.3525	0.25375	0.1675	0.27125	0.31	0.24125	0.23375	0.44	0.54375	0.33875	0.50375	0.33375	0.13	0.37625	0.3975	0.2675	0.305	0.41375	-1.6	0.433333	-0.58	0.114286	0.977778	0.3217	0.221333	0.33866	0.362586	0.323956
0.88	0.12	0.05	0.05	0.27	0.12	0.12	0.12	0.12	0.5	0.88	0.12	0.5	0.5	0.12	0.27	0.27	1	0.5	0.27	0.33625	0.4225	0.4175	0.31875	0.12125	0.39375	0.4325	0.24125	0.30875	0.2975	0.42	0.51	0.44625	0.3625	0.2575	0.405	0.445	0.17625	0.305	0.29125	-0.9	-1.06667	0.5	0.4	0.122222	0.1747	0.315667	0.30534	0.320943	0.358667
0.27	0.95	0.5	0.27	0.12	0.5	0.27	0.12	0.27	0.27	0.12	0.73	0.27	0.05	0.12	0.73	0.98	0.05	0.12	0.27	0.4125	0.3	0.27625	0.2725	0.14	0.34625	0.41375	0.2975	0.27125	0.32625	0.515	0.43375	0.45625	0.41875	0.2575	0.3475	0.3275	0.295	0.3525	0.29125	-0.7	0.1	0.5	0.4	-0.122222	0.4506	0.3458	0.30006	0.316657	0.371433
0.27	0.27	0.12	0.27	0.12	0.5	0.88	0.05	0.27	0.5	0.88	0.27	0.98	0.27	0.12	0.27	0.27	0.12	0.27	0.5	0.4125	0.47	0.26375	0.2725	0.13625	0.40375	0.39375	0.2025	0.27125	0.30125	0.42375	0.54875	0.37625	0.39125	0.2575	0.405	0.41625	0.29	0.3425	0.2625	1.9	1.66667	0.12	-0.2	-0.122222	0.4121	0.334633	0.34546	0.370943	0.381344
0.27	0.5	0.12	0.12	0.12	0.27	0.27	0.05	0.12	0.73	0.95	0.88	0.73	0.5	0.12	0.12	0.27	0.12	0.27	0.5	0.43125	0.48875	0.32	0.41125	0.12375	0.53625	0.5825	0.215	0.29	0.21625	0.31125	0.5575	0.33125	0.2425	0.285	0.47125	0.435	0.205	0.23375	0.20625	3.8	0.733333	0.22	-0.471429	-0.933333	0.1412	0.367333	0.42004	0.4204	0.420467
0.27	0.5	0.5	0.5	0.12	0.95	0.95	0.12	0.5	0.12	0.12	0.73	0.27	0.05	0.27	0.5	0.88	0.05	0.12	0.12	0.43125	0.46	0.29125	0.41125	0.1325	0.48	0.5825	0.20625	0.2425	0.3875	0.44375	0.52875	0.4175	0.21375	0.17625	0.42375	0.35875	0.195	0.22375	0.33	-3.5	-0.0333333	-0.34	-0.842857	-0.255556	0.5487	0.4125	0.4635	0.469686	0.431389
0.95	0.12	0.27	0.12	0.27	0.27	0.27	0.95	0.12	0.12	0.12	0.27	0.12	0.05	0.27	0.73	0.27	0.05	0.12	0.27	0.27	0.58375	0.37625	0.515	0.095	0.66875	0.74375	0.12125	0.3375	0.34	0.34875	0.69	0.4075	0.16625	0.195	0.42375	0.46375	0.085	0.195	0.2925	-0.4	-2.46667	-1.42	-0.1	-0.544444	0.5476	0.588067	0.48502	0.465314	0.472911
0.27	0.95	0.5	0.98	0.02	0.73	0.95	0.12	0.27	0.05	0.05	0.73	0.12	0.05	0.12	0.5	0.27	0.05	0.12	0.05	0.355	0.395	0.3	0.38875	0.145	0.5825	0.64	0.225	0.3	0.425	0.4525	0.575	0.465	0.2225	0.2325	0.395	0.40375	0.1125	0.21375	0.39625	-3.5	-2.46667	-1.28	-0.871429	-9.86865e-17	0.6679	0.5784	0.54078	0.484786	0.453056
0.27	0.5	0.5	0.98	0.02	0.95	0.95	0.12	0.5	0.05	0.05	0.73	0.12	0.02	0.27	0.5	0.27	0.05	0.12	0.05	0.38375	0.50875	0.3475	0.38875	0.13625	0.61125	0.62125	0.3375	0.27125	0.36875	0.34875	0.66	0.3575	0.19875	0.21375	0.42375	0.40375	0.10375	0.195	0.34	-3.5	-0.833333	-1.28	-0.814286	-0.255556	0.5197	0.535867	0.54072	0.503457	0.444978
0.27	0.27	0.27	0.5	0.12	0.5	0.95	0.12	0.27	0.88	0.5	0.5	0.5	0.27	0.27	0.27	0.27	0.12	0.27	0.73	0.46	0.59375	0.395	0.4675	0.12375	0.725	0.65	0.365	0.31875	0.18875	0.18875	0.6975	0.2525	0.11125	0.2325	0.5	0.40375	0.08625	0.1575	0.2075	4.5	-0.833333	-0.36	-0.371429	-1.11111	0.42	0.496033	0.48558	0.473557	0.492822
0.27	0.73	0.5	0.5	0.12	0.95	0.73	0.27	0.5	0.12	0.12	0.95	0.27	0.12	0.27	0.5	0.5	0.12	0.27	0.12	0.46	0.5925	0.36625	0.49625	0.11125	0.66	0.68125	0.34625	0.29	0.275	0.2275	0.64125	0.2625	0.13	0.21375	0.47125	0.29875	0.08625	0.1575	0.275	-3.5	1.73333	0.26	-0.871429	-1.11111	0.5484	0.413433	0.41988	0.477014	0.481467
0.27	0.27	0.12	0.12	0.27	0.27	0.12	0.12	0.12	0.88	0.88	0.27	0.73	0.5	0.27	0.27	0.5	0.27	0.27	0.88	0.35625	0.64125	0.38625	0.53125	0.07375	0.72625	0.73	0.2525	0.3375	0.25625	0.2275	0.69875	0.30875	0.2	0.18625	0.42375	0.28	0.12375	0.2525	0.20875	4.2	0.1	0.18	-0.871429	-0.755556	0.2719	0.386567	0.4303	0.445386	0.431689
0.5	0.73	0.5	0.27	0.05	0.95	0.73	0.95	0.27	0.05	0.05	0.95	0.12	0.05	0.12	0.5	0.27	0.05	0.12	0.05	0.41625	0.48	0.29125	0.405	0.1325	0.58375	0.56875	0.19625	0.3	0.3875	0.34	0.55625	0.40375	0.265	0.22375	0.42375	0.3375	0.15125	0.27125	0.36875	-0.4	-0.0333333	-1.42	0.0285714	-0.166667	0.3394	0.394367	0.4356	0.385371	0.389322
0.88	0.95	0.27	0.27	0.12	0.73	0.5	0.27	0.27	0.12	0.12	0.95	0.27	0.05	0.27	0.5	0.27	0.05	0.12	0.12	0.445	0.42375	0.29125	0.31625	0.13625	0.6025	0.54125	0.38875	0.27125	0.37875	0.33125	0.5275	0.385	0.26875	0.18625	0.42375	0.3375	0.15125	0.27125	0.36875	-3.9	-2.6	-0.16	-0.357143	0.422222	0.5718	0.452567	0.34584	0.366314	0.392389
0.27	0.95	0.5	0.73	0.02	0.88	0.98	0.12	0.5	0.05	0.05	0.73	0.12	0.05	0.12	0.5	0.27	0.05	0.12	0.05	0.52125	0.5125	0.2625	0.21125	0.14	0.6125	0.425	0.4075	0.27125	0.28375	0.2925	0.61125	0.375	0.2975	0.18625	0.42375	0.3375	0.17	0.35625	0.30125	-3.5	-1.53333	-0.64	0.4	-0.577778	0.4465	0.372633	0.34878	0.366157	0.381522
0.12	0.05	0.05	0.02	0.12	0.12	0.05	0.05	0.12	0.73	0.88	0.05	0.95	0.99	0.05	0.12	0.12	0.5	0.88	0.5	0.54	0.59625	0.27125	0.2525	0.1275	0.65125	0.48375	0.38875	0.27125	0.275	0.23625	0.69625	0.3	0.18	0.17625	0.4425	0.35625	0.105	0.2425	0.34875	2.8	0.366667	-0.2	-0.842857	0.277778	0.0996	0.277567	0.39036	0.373343	0.334511
0.98	0.12	0.12	0.12	0.27	0.27	0.27	0.5	0.12	0.27	0.12	0.27	0.27	0.12	0.27	0.73	0.5	0.05	0.12	0.5	0.4325	0.5875	0.31	0.31625	0.0775	0.69	0.565	0.4275	0.29	0.225	0.2275	0.6975	0.30875	0.2325	0.14875	0.395	0.28	0.13375	0.31875	0.245	1.8	2.13333	-0.32	-0.185714	-0.577778	0.2866	0.311167	0.34044	0.342757	0.368422
0.88	0.27	0.27	0.27	0.12	0.88	0.5	0.98	0.27	0.05	0.05	0.5	0.12	0.05	0.12	0.5	0.27	0.05	0.12	0.12	0.41625	0.56875	0.29125	0.38625	0.0925	0.58625	0.56375	0.26375	0.27125	0.2525	0.23625	0.66875	0.3275	0.2375	0.18625	0.42375	0.30875	0.13	0.31875	0.2925	1.8	-0.3	1.22	-0.128571	-0.922222	0.5473	0.385367	0.2762	0.343514	0.388856
0.27	0.98	0.27	0.12	0.05	0.73	0.5	0.12	0.5	0.05	0.12	0.95	0.27	0.5	0.12	0.27	0.27	0.27	0.95	0.12	0.50125	0.37625	0.29125	0.38625	0.21125	0.5475	0.535	0.37125	0.22375	0.2525	0.2275	0.5275	0.30875	0.18125	0.18625	0.5	0.3375	0.1025	0.215	0.31125	-4.5	0.5	-0.04	-0.128571	-0.211111	0.3222	0.3316	0.3717	0.354486	0.351356
0.27	0.5	0.12	0.12	0.12	0.5	0.27	0.05	0.12	0.73	0.5	0.95	0.5	0.12	0.12	0.27	0.5	0.05	0.12	0.95	0.53	0.35125	0.3575	0.32875	0.23375	0.5	0.475	0.38	0.2425	0.2525	0.2075	0.47	0.3275	0.2375	0.18625	0.5	0.39375	0.13	0.31875	0.31125	4.2	-1.26667	-1.1	-0.171429	0.1	0.1253	0.341533	0.41904	0.373729	0.351589
0.27	0.27	0.5	0.73	0.02	0.73	0.99	0.88	0.27	0.02	0.05	0.5	0.12	0.05	0.27	0.5	0.27	0.05	0.12	0.05	0.54875	0.43625	0.4225	0.3125	0.24625	0.5475	0.48875	0.30375	0.27125	0.25625	0.16	0.63	0.27125	0.12875	0.195	0.5475	0.49875	0.07375	0.22375	0.37625	-3.5	-0.933333	-0.96	-0.528571	-0.6	0.5771	0.408567	0.35644	0.396871	0.406367
0.27	0.73	0.5	0.98	0.02	0.73	0.95	0.12	0.27	0.05	0.05	0.95	0.12	0.02	0.27	0.5	0.27	0.02	0.12	0.05	0.46	0.37875	0.4225	0.28125	0.2275	0.5475	0.475	0.3425	0.29	0.28125	0.17875	0.555	0.27125	0.18	0.28	0.51875	0.54625	0.105	0.3275	0.42375	-3.5	-1.5	-0.2	-1.28571	-0.333333	0.5233	0.4449	0.38172	0.403343	0.4231
0.95	0.12	0.27	0.12	1	0.27	0.27	0.27	0.12	0.12	0.12	0.27	0.27	0.05	0.27	0.88	0.5	0.05	0.12	0.27	0.3275	0.53125	0.48	0.38875	0.09625	0.58625	0.58875	0.235	0.30875	0.2725	0.17	0.70125	0.2525	0.17625	0.29875	0.5	0.54625	0.10125	0.3275	0.39625	2.5	-0.566667	-1.74	-0.0428571	-0.966667	0.2343	0.402067	0.47518	0.419771	0.422656
0.5	0.27	0.88	0.27	0.27	0.27	0.27	0.12	0.27	0.73	0.27	0.27	0.5	0.12	0.12	0.5	0.95	0.05	0.12	0.88	0.38375	0.42375	0.4325	0.465	0.1875	0.58625	0.645	0.25375	0.35125	0.19625	0.1425	0.645	0.205	0.11125	0.3175	0.605	0.49	0.07375	0.27125	0.31125	-0.7	-0.566667	-0.2	-1.2	-0.822222	0.4486	0.425167	0.4472	0.479486	0.455178
0.27	0.5	0.95	0.5	0.12	0.73	0.88	0.27	0.5	0.05	0.05	0.88	0.12	0.05	0.27	0.73	0.73	0.05	0.12	0.12	0.4125	0.36625	0.47125	0.54375	0.19375	0.5575	0.65875	0.24375	0.37	0.19625	0.11375	0.5125	0.19625	0.1075	0.3175	0.605	0.48875	0.07375	0.2625	0.29375	-3.5	0	-0.28	-1.15714	-1.67778	0.5926	0.4928	0.4512	0.484886	0.502356
0.27	0.12	0.12	0.12	0.12	0.27	0.12	0.05	0.27	0.5	0.27	0.12	0.27	0.5	0.95	0.5	0.88	0.27	0.95	0.88	0.4125	0.41375	0.54625	0.61875	0.20625	0.58625	0.74	0.17625	0.39875	0.2	0.17125	0.57875	0.28125	0.07875	0.21375	0.605	0.47	0.04625	0.15875	0.22625	4.2	-1.06667	-1.42	-1.15714	-1.07778	0.4372	0.524367	0.52732	0.488686	0.484489
0.5	0.88	0.5	0.27	0.05	0.73	0.73	0.27	0.27	0.05	0.05	0.99	0.12	0.05	0.27	0.73	0.5	0.05	0.12	0.12	0.46	0.29	0.45125	0.4925	0.24625	0.47125	0.57875	0.14875	0.38	0.3125	0.3025	0.4425	0.37625	0.16625	0.28	0.5475	0.5175	0.08625	0.2625	0.3775	-3.9	-0.966667	-1.98	-1.24286	-0.488889	0.5433	0.5318	0.54758	0.514686	0.457822
0.27	0.27	0.5	0.88	0.05	0.73	0.95	0.12	0.99	0.05	0.05	0.5	0.12	0.05	0.12	0.73	0.27	0.05	0.5	0.05	0.4325	0.36625	0.4325	0.435	0.1275	0.47125	0.55125	0.14875	0.29	0.30375	0.29375	0.50375	0.34875	0.1625	0.39	0.52875	0.5175	0.0825	0.20625	0.3675	-3.2	-3.53333	-0.9	-0.885714	-0.944444	0.6149	0.569367	0.51232	0.491071	0.479511
0.27	0.27	0.5	0.98	0.02	0.73	0.99	0.12	0.5	0.05	0.05	0.5	0.05	0.02	0.27	0.5	0.27	0.05	0.05	0.05	0.4325	0.42375	0.385	0.4225	0.1125	0.52875	0.575	0.14875	0.35125	0.2275	0.275	0.5925	0.32875	0.1575	0.39	0.58625	0.5175	0.0825	0.2625	0.29125	-3.5	-1.6	-1.38	-0.614286	-0.944444	0.5499	0.527033	0.48154	0.467771	0.505511
0.27	0.27	0.27	0.95	0.12	0.5	0.88	0.12	0.27	0.5	0.73	0.27	0.95	0.27	0.12	0.27	0.27	0.05	0.12	0.27	0.50875	0.37625	0.31	0.37	0.21	0.48125	0.49375	0.14875	0.3325	0.25625	0.2175	0.52625	0.235	0.135	0.485	0.58625	0.46	0.0825	0.25375	0.31125	1.9	0.0666667	-0.92	-1.31429	-0.277778	0.4163	0.4165	0.45878	0.502829	0.465833
0.88	0.5	0.12	0.12	0.27	0.27	0.27	0.12	0.12	0.5	0.88	0.73	0.73	0.27	0.12	0.27	0.27	0.12	0.12	0.5	0.4325	0.3475	0.3475	0.4925	0.19125	0.51	0.58875	0.1575	0.3325	0.20875	0.18	0.4875	0.24375	0.07875	0.49125	0.58625	0.46875	0.04625	0.15	0.20625	1.8	0.7	-0.42	-0.4	-0.822222	0.2833	0.376367	0.47232	0.458857	0.4494
0.5	0.12	0.12	0.27	0.05	0.27	0.27	0.12	0.12	0.05	0.05	0.27	0.05	0.02	1	0.73	0.27	0.02	0.05	0.12	0.45125	0.37625	0.3475	0.5025	0.21875	0.5375	0.61625	0.13875	0.36125	0.265	0.28375	0.54	0.3475	0.11	0.38125	0.5	0.44	0.05875	0.15875	0.245	-1.6	-0.166667	0.78	-0.0428571	-0.822222	0.4295	0.465133	0.40944	0.412343	0.463033
0.5	0.73	0.5	0.27	0.12	0.73	0.5	0.12	0.27	0.12	0.12	0.98	0.27	0.05	0.27	0.73	0.95	0.05	0.12	0.27	0.45125	0.3575	0.27125	0.42625	0.21	0.48	0.53125	0.13875	0.2525	0.25625	0.275	0.51125	0.32	0.1025	0.58	0.47125	0.355	0.055	0.1025	0.22625	-0.7	0.0666667	0.26	-0.1	-0.644444	0.6826	0.4492	0.38404	0.428929	0.4312
0.88	0.12	0.12	0.05	1	0.12	0.12	0.27	0.12	0.73	0.27	0.12	0.27	0.12	0.88	0.5	0.27	0.05	0.12	0.5	0.40375	0.415	0.27125	0.34625	0.10375	0.49875	0.48875	0.12	0.22375	0.18	0.25625	0.59	0.32	0.09375	0.595	0.47125	0.44	0.05125	0.1025	0.1975	2.5	0.366667	-0.88	-0.6	-0.433333	0.2355	0.402467	0.46058	0.416371	0.388489
0.27	0.12	0.27	0.27	0.12	0.27	0.27	0.12	0.12	0.12	0.12	0.27	0.12	0.05	1	0.5	0.95	0.05	0.12	0.27	0.5375	0.415	0.28125	0.23375	0.2325	0.48	0.4225	0.1575	0.22375	0.2	0.19	0.57125	0.235	0.075	0.6875	0.56	0.4125	0.05125	0.1025	0.2075	-0.7	-0.7	-0.88	-1.08571	-0.822222	0.2893	0.396933	0.44036	0.399543	0.426667
0.27	0.73	0.5	0.5	0.05	0.95	0.95	0.12	0.5	0.05	0.05	0.95	0.27	0.05	0.27	0.5	0.27	0.05	0.12	0.05	0.43375	0.2825	0.24375	0.1925	0.21375	0.36375	0.30625	0.14875	0.195	0.20875	0.15125	0.40125	0.1875	0.16625	0.76625	0.5325	0.47875	0.1275	0.20625	0.20625	-3.9	-2.06667	-1.06	-1.08571	-0.711111	0.666	0.4279	0.33694	0.446743	0.415089
0.27	0.73	0.27	0.27	0.05	0.73	0.5	0.12	0.27	0.05	0.05	0.98	0.12	0.02	0.98	0.5	0.27	0.05	0.12	0.05	0.405	0.27	0.26375	0.19	0.3325	0.36375	0.33125	0.14	0.215	0.2175	0.16	0.37	0.215	0.17375	0.55875	0.475	0.47875	0.13125	0.20625	0.225	-1.6	-2.36667	-1.88	-0.585714	-0.255556	0.3284	0.386633	0.44182	0.374814	0.373767
0.27	0.12	0.12	0.12	0.05	0.27	0.27	0.12	0.12	0.05	0.05	0.27	0.05	0.02	1	0.27	0.27	0.02	0.05	0.05	0.405	0.28875	0.2825	0.20875	0.35125	0.36375	0.33125	0.24375	0.215	0.2175	0.16	0.37	0.22375	0.17375	0.55625	0.5225	0.47875	0.135	0.215	0.225	-1.6	-1.6	-1.18	-0.585714	-0.222222	0.1655	0.417933	0.41978	0.3494	0.326822
0.73	0.27	0.5	0.27	0.27	0.5	0.5	0.27	0.27	0.05	0.05	0.27	0.12	0.05	0.98	0.98	0.73	0.05	0.12	0.12	0.3475	0.28875	0.235	0.2175	0.21375	0.3825	0.3975	0.225	0.19625	0.14125	0.14125	0.38875	0.19625	0.16125	0.5725	0.43375	0.42125	0.13125	0.20625	0.1875	-1.6	-0.133333	0.1	-0.542857	-0.677778	0.7599	0.368167	0.2981	0.345229	0.357044
0.05	0.05	0.05	0.02	0.05	0.02	0.02	0.05	0.27	0.5	0.5	0.05	0.5	1	0.02	0.05	0.12	0.73	0.95	0.27	0.46125	0.335	0.32	0.33375	0.2325	0.5275	0.53375	0.3475	0.215	0.07625	0.07625	0.445	0.14875	0.0425	0.5825	0.55	0.4125	0.04625	0.1025	0.14125	2.8	1.23333	0.34	-0.214286	-0.988889	0.1791	0.3322	0.28444	0.322586	0.3773
0.27	0.02	0.05	0.02	1	0.05	0.02	0.05	0.05	0.12	0.12	0.05	0.12	0.05	0.05	0.27	0.27	0.05	0.05	0.27	0.415	0.2625	0.34875	0.39625	0.11	0.4675	0.50625	0.3475	0.21375	0.12375	0.12	0.36	0.16875	0.1575	0.56	0.5225	0.39375	0.12625	0.20625	0.1375	2.5	1.63333	0.34	-0.485714	-0.944444	0.0576	0.1656	0.35284	0.343043	0.373489
0.5	0.27	0.5	0.27	0.27	0.27	0.27	0.95	0.12	0.12	0.12	0.27	0.27	0.05	0.27	0.88	0.95	0.05	0.12	0.27	0.415	0.17375	0.2925	0.34625	0.22875	0.3825	0.44625	0.235	0.18625	0.18	0.17625	0.24375	0.25375	0.17	0.425	0.475	0.3975	0.135	0.1975	0.19375	-0.4	0.166667	-0.04	-0.757143	-0.555556	0.2601	0.275067	0.29518	0.409643	0.354867
0.88	0.27	0.12	0.27	0.12	0.5	0.88	0.27	0.12	0.12	0.12	0.27	0.12	0.05	0.99	0.5	0.27	0.05	0.12	0.27	0.39625	0.22125	0.3875	0.365	0.275	0.3825	0.39875	0.32	0.18625	0.2075	0.185	0.32	0.3	0.17375	0.24375	0.58	0.57125	0.13875	0.20625	0.22125	-1.6	-1.83333	-1.3	-0.257143	-0.811111	0.5075	0.413067	0.3857	0.324057	0.392556
0.5	0.27	0.5	0.95	0.05	0.95	0.88	0.88	0.27	0.05	0.05	0.5	0.12	0.05	0.12	0.5	0.27	0.05	0.12	0.05	0.38625	0.25	0.31125	0.28	0.25625	0.3875	0.4275	0.225	0.19625	0.24375	0.22125	0.34875	0.40375	0.1825	0.245	0.49125	0.51375	0.1475	0.20625	0.2675	-3.5	-2.86667	-1.42	-1.21429	-0.422222	0.4716	0.536933	0.40634	0.370571	0.324789
0.12	0.12	0.73	1	0.02	0.5	0.73	0.12	0.27	0.05	0.02	0.27	0.05	0.02	0.12	0.5	0.27	0.01	0.05	0.02	0.4425	0.26875	0.2825	0.27375	0.26	0.4475	0.45	0.32	0.225	0.215	0.225	0.3775	0.38375	0.18625	0.245	0.5	0.51375	0.17125	0.22125	0.27125	-3.5	-1.7	-2.12	-1.3	-0.422222	0.6317	0.421367	0.45526	0.383771	0.3183
0.5	0.27	0.27	0.12	0.27	0.27	0.27	0.12	0.12	0.5	0.5	0.27	0.95	0.12	0.12	0.73	0.98	0.12	0.12	0.5	0.37625	0.2625	0.4525	0.415	0.11	0.50375	0.52	0.32875	0.32875	0.15875	0.165	0.38625	0.29	0.2775	0.245	0.47125	0.425	0.2425	0.33125	0.1925	1.9	-1.83333	-1.42	-0.842857	-1.08889	0.1608	0.4324	0.38376	0.363857	0.335133
0.5	0.5	0.5	0.27	0.27	0.5	0.5	0.12	0.12	0.27	0.12	0.88	0.27	0.05	0.27	0.73	0.98	0.05	0.12	0.27	0.32	0.20625	0.3675	0.365	0.0825	0.44375	0.46	0.21625	0.3475	0.235	0.26	0.2825	0.40375	0.405	0.195	0.3675	0.32125	0.33625	0.435	0.22125	-3.9	-0.0333333	-0.16	-1.11429	-0.733333	0.5047	0.271833	0.31358	0.321229	0.3148
0.27	0.5	0.27	0.27	0.05	0.99	0.73	0.12	0.5	0.27	0.27	0.73	0.95	0.12	0.12	0.27	0.27	0.12	0.12	0.27	0.2725	0.1875	0.4725	0.455	0.10125	0.35375	0.4125	0.1975	0.3	0.25375	0.24125	0.30125	0.31875	0.39625	0.105	0.39625	0.41	0.32375	0.42625	0.27875	1.9	0.266667	-0.16	-0.214286	-0.0888889	0.15	0.258467	0.22906	0.264871	0.319322
0.12	0.05	0.05	0.02	0.05	0.05	0.05	0.05	0.5	0.27	0.5	0.05	0.27	1	0.02	0.12	0.12	0.88	1	0.27	0.29125	0.21625	0.47125	0.3825	0.10125	0.3675	0.4025	0.22125	0.28125	0.25	0.20875	0.33875	0.395	0.28625	0.1175	0.415	0.41	0.22875	0.3075	0.27875	2.8	0.4	0.02	0.885714	0.255556	0.1207	0.159933	0.21232	0.252943	0.332578
0.12	0.12	0.95	0.27	0.05	0.27	0.12	0.12	0.73	0.12	0.12	0.12	0.27	0.88	0.05	0.27	0.27	0.73	1	0.12	0.31	0.195	0.27375	0.22875	0.22375	0.28375	0.305	0.20375	0.225	0.2775	0.26875	0.3025	0.40375	0.305	0.105	0.3675	0.39125	0.2525	0.3075	0.32875	-3.5	0.7	1.64	0.557143	0.922222	0.2091	0.135633	0.22102	0.314386	0.272256
0.05	0.05	0.05	0.02	0.05	0.02	0.02	0.05	0.27	0.5	0.5	0.05	0.5	1	0.02	0.05	0.12	0.73	0.95	0.27	0.31875	0.20375	0.38625	0.26	0.205	0.315	0.29875	0.2125	0.2825	0.23	0.25	0.31125	0.38125	0.30875	0.10875	0.395	0.35	0.2525	0.3325	0.31	2.8	1.16667	1.18	1.47143	0.622222	0.0771	0.278133	0.3092	0.254971	0.2788
0.27	0.12	0.73	0.99	0.05	0.27	0.73	0.12	0.12	0.27	0.12	0.27	0.12	0.05	0.12	0.27	0.27	0.02	0.05	0.73	0.29125	0.13875	0.245	0.11125	0.205	0.23625	0.15375	0.195	0.2925	0.34375	0.37375	0.18	0.48625	0.455	0.06875	0.29125	0.27125	0.34125	0.46375	0.34125	4.2	2.2	1.12	1.08571	1.52222	0.5482	0.4054	0.30282	0.264929	0.229622
0.5	0.05	0.27	0.12	0.05	0.12	0.12	1	0.12	0.02	0.02	0.12	0.05	0.05	0.12	0.5	0.12	0.05	0.05	0.05	0.2625	0.1475	0.3025	0.22	0.205	0.255	0.23	0.085	0.2925	0.375	0.44375	0.19875	0.43875	0.455	0.06875	0.2625	0.29	0.3375	0.46375	0.42625	-0.4	2.1	1.66	1.28571	1.73333	0.5909	0.4093	0.30494	0.256557	0.228178
0.27	0.02	0.05	0.02	1	0.05	0.02	0.05	0.05	0.12	0.12	0.05	0.12	0.05	0.05	0.27	0.27	0.05	0.05	0.27	0.31	0.16	0.44625	0.2925	0.08625	0.29125	0.27	0.32125	0.2725	0.33125	0.37125	0.235	0.4025	0.33625	0.09	0.33875	0.29	0.23375	0.345	0.37125	2.5	0.433333	1.94	2.32857	1.37778	0.0888	0.2998	0.30194	0.246257	0.253344
0.5	0.27	0.27	0.12	0.12	0.27	0.12	0.12	0.12	0.5	0.73	0.27	1	0.27	0.12	0.73	0.5	0.12	0.27	0.5	0.28125	0.1475	0.425	0.35625	0.19625	0.2925	0.305	0.33125	0.235	0.27125	0.2825	0.255	0.265	0.205	0.09	0.31	0.29	0.13625	0.2075	0.33375	-0.8	1.96667	1.86	1.87143	1.37778	0.2197	0.123533	0.2197	0.284843	0.291289
0.5	0.05	0.05	0.05	0.27	0.12	0.05	0.05	0.05	0.95	0.73	0.05	0.73	0.27	0.05	0.12	0.5	0.05	0.27	0.98	0.30875	0.2875	0.50875	0.39625	0.1775	0.4	0.4025	0.34875	0.24375	0.15875	0.22625	0.4	0.25125	0.08625	0.13	0.4425	0.30875	0.06	0.10375	0.24625	4.2	2.4	1.86	0.771429	0.633333	0.0621	0.1396	0.17096	0.285186	0.314589
0.27	0.5	0.27	0.27	0.05	0.99	0.73	0.12	0.5	0.27	0.73	0.73	0.5	0.12	0.12	0.27	0.27	0.12	0.12	0.27	0.3375	0.2225	0.39625	0.2475	0.2325	0.26375	0.2325	0.3275	0.17875	0.32875	0.32125	0.2875	0.35625	0.16125	0.1125	0.405	0.3375	0.055	0.15	0.3625	3.8	2.53333	0.66	0.271429	0.588889	0.137	0.1821	0.26332	0.241743	0.258633
0.27	0.12	0.98	0.5	0.05	0.27	0.27	0.99	0.27	0.02	0.02	0.27	0.05	0.05	0.12	0.5	0.27	0.05	0.05	0.05	0.29	0.27875	0.28	0.20625	0.2325	0.35375	0.28125	0.1	0.28375	0.39125	0.44125	0.33625	0.44	0.2875	0.10375	0.32875	0.3375	0.1675	0.2775	0.4175	-0.4	-0.0333333	0.04	0.457143	0.944444	0.3472	0.344933	0.27674	0.235429	0.202422
0.12	0.27	1	0.88	0.05	0.5	0.5	0.27	0.5	0.02	0.02	0.5	0.05	0.05	0.12	0.5	0.5	0.02	0.12	0.05	0.30875	0.26375	0.2775	0.1625	0.14125	0.325	0.25625	0.18625	0.255	0.495	0.5175	0.3075	0.51625	0.315	0.10375	0.31	0.3375	0.17125	0.29625	0.50625	-3.5	-2.6	-0.04	0.971429	1.16667	0.5506	0.394867	0.27324	0.216186	0.206011
0.27	0.95	0.5	0.27	0.05	0.73	0.73	0.12	0.27	0.05	0.05	0.99	0.12	0.05	0.27	0.5	0.27	0.05	0.12	0.05	0.29	0.16	0.36875	0.3425	0.1325	0.2775	0.24625	0.31375	0.28375	0.43125	0.425	0.24625	0.38875	0.28375	0.085	0.28125	0.31875	0.15875	0.26875	0.45	-3.9	-1.2	-0.24	1.01429	0.866667	0.2868	0.294	0.26284	0.224614	0.243833
0.27	0.05	0.05	0.02	0.27	0.05	0.05	0.02	0.05	0.95	0.88	0.05	0.73	0.5	0.05	0.12	0.27	0.05	0.27	0.95	0.26125	0.385	0.5375	0.43	0.0775	0.46625	0.41625	0.41125	0.3675	0.20625	0.23625	0.44875	0.255	0.2	0.12125	0.37625	0.29	0.15875	0.23125	0.22125	3.8	0.9	0.74	-0.0285714	0.0111111	0.0446	0.1388	0.21762	0.285057	0.305233
0.12	0.12	0.05	0.02	0.05	0.12	0.05	0.05	0.73	0.27	0.27	0.05	0.27	0.99	0.05	0.12	0.12	0.88	1	0.27	0.3375	0.37625	0.56625	0.43	0.11375	0.44375	0.3875	0.42625	0.25375	0.29125	0.255	0.4675	0.34125	0.13875	0.14	0.43375	0.385	0.04625	0.14	0.30625	2.8	3.7	0.74	-0.471429	-0.844444	0.085	0.0835667	0.21952	0.323271	0.357267
0.27	0.05	0.05	0.05	0.27	0.05	0.05	0.02	0.05	0.95	0.73	0.05	0.73	0.27	0.05	0.12	0.5	0.05	0.27	0.98	0.3	0.385	0.45	0.36625	0.08625	0.43375	0.36	0.3125	0.39625	0.2375	0.22875	0.44875	0.31125	0.345	0.13125	0.38625	0.31875	0.25375	0.35	0.245	4.5	1.26667	0.82	-0.528571	-0.944444	0.1211	0.2554	0.2851	0.331086	0.357167
0.5	0.12	0.5	0.95	0.05	0.12	0.27	0.99	0.12	0.02	0.02	0.27	0.05	0.02	0.12	0.5	0.12	0.05	0.05	0.05	0.375	0.3575	0.28375	0.15	0.14125	0.3775	0.285	0.19125	0.33125	0.4425	0.3775	0.37375	0.4525	0.385	0.1225	0.33875	0.36625	0.2575	0.3775	0.47375	-3.5	-0.833333	-0.72	-0.157143	-0.0888889	0.5601	0.431967	0.39724	0.339586	0.3241
0.27	0.95	0.95	0.5	0.05	0.95	0.73	0.73	0.5	0.05	0.05	0.73	0.27	0.05	0.12	0.5	0.27	0.05	0.12	0.05	0.385	0.26	0.19875	0.1875	0.1375	0.27375	0.19875	0.215	0.3125	0.43875	0.3825	0.3025	0.425	0.38125	0.10375	0.31	0.3475	0.2575	0.36875	0.47375	-3.5	-3.63333	-1.54	-0.1	-0.155556	0.6147	0.593367	0.4495	0.369357	0.341311
0.73	0.5	0.5	0.27	0.12	0.88	0.5	0.27	0.27	0.27	0.27	0.88	0.73	0.12	0.27	0.73	0.88	0.05	0.12	0.27	0.30875	0.325	0.34	0.33875	0.0975	0.33875	0.3125	0.285	0.36875	0.29875	0.2475	0.31125	0.2825	0.3125	0.09375	0.32875	0.27125	0.2525	0.34125	0.33	-3.9	-2.9	-1.6	-1.14286	-0.966667	0.6053	0.5221	0.47588	0.420314	0.394533
0.12	0.12	0.05	0.02	0.05	0.12	0.05	0.05	0.73	0.27	0.27	0.12	0.27	0.98	0.05	0.12	0.12	0.88	1	0.27	0.385	0.3725	0.3925	0.37	0.13375	0.43375	0.36875	0.30875	0.22625	0.375	0.33625	0.40625	0.41625	0.14375	0.12125	0.39625	0.385	0.05375	0.14	0.3875	-1.3	-0.333333	-1.8	-2.28571	-0.855556	0.3463	0.401533	0.4522	0.477814	0.401933
0.95	0.12	0.12	0.05	0.27	0.12	0.12	0.27	0.05	0.73	0.5	0.12	0.5	0.12	0.12	0.5	0.5	0.05	0.12	0.95	0.31	0.4	0.44	0.47	0.10625	0.46125	0.41625	0.29375	0.32	0.2325	0.23125	0.43375	0.33	0.22375	0.14	0.44375	0.3975	0.1575	0.23125	0.21375	4.2	-0.533333	-1.8	-1.24286	-1.43333	0.253	0.347	0.43398	0.419457	0.4398
0.12	1	0.27	0.12	0.02	0.73	0.5	0.05	0.5	0.05	0.12	0.88	0.12	0.05	0.12	0.27	0.27	0.05	0.12	0.05	0.46125	0.30875	0.3925	0.37625	0.165	0.48	0.3975	0.23125	0.2825	0.33	0.29125	0.3675	0.405	0.23625	0.2475	0.52	0.47375	0.1575	0.24	0.35375	-4.5	-1.26667	-0.26	-0.842857	-0.844444	0.4417	0.4061	0.34324	0.397629	0.448222
0.12	0.12	0.73	1	0.02	0.5	0.73	0.12	0.27	0.05	0.02	0.27	0.05	0.02	0.12	0.5	0.27	0.01	0.05	0.02	0.46125	0.3625	0.335	0.32625	0.165	0.4525	0.36875	0.165	0.2825	0.33	0.30375	0.4625	0.395	0.24	0.2475	0.52	0.5025	0.15875	0.24	0.3575	-3.5	-1.4	-0.14	-0.0285714	-0.888889	0.5236	0.3723	0.36636	0.402	0.4645
0.12	0.12	0.02	0.02	0.27	0.12	0.05	0.02	0.05	0.88	0.98	0.05	0.88	0.5	0.05	0.05	0.27	0.12	0.27	0.73	0.40375	0.33375	0.42375	0.5375	0.12125	0.48125	0.515	0.15875	0.33875	0.195	0.15625	0.4425	0.20625	0.1675	0.25625	0.5475	0.42625	0.145	0.20375	0.24125	3.8	-0.133333	-0.62	-0.4	-0.844444	0.1516	0.379033	0.44294	0.461271	0.423989
0.5	0.27	0.5	0.88	0.27	0.27	0.5	0.12	0.12	0.27	0.12	0.27	0.27	0.05	0.27	0.88	0.98	0.05	0.12	0.27	0.40375	0.315	0.3725	0.43375	0.13	0.48125	0.4675	0.14625	0.36125	0.35625	0.2925	0.415	0.31125	0.135	0.22875	0.4625	0.35625	0.05	0.16	0.375	-0.7	1.63333	-0.5	-1.5	-1.05556	0.4619	0.416467	0.50684	0.459514	0.414956
0.88	0.27	0.27	0.27	0.27	0.88	0.5	0.27	0.27	0.12	0.12	0.5	0.27	0.05	0.98	0.88	0.5	0.05	0.12	0.27	0.3475	0.3625	0.4775	0.56625	0.11125	0.5	0.5625	0.1275	0.37	0.29875	0.245	0.4625	0.2825	0.12625	0.15875	0.49125	0.445	0.05	0.16	0.29	1.8	-0.933333	-0.5	-1.31429	-1.32222	0.6359	0.619667	0.45026	0.434271	0.442089
0.27	0.5	0.95	0.98	0.05	0.5	0.73	0.27	0.27	0.05	0.05	0.88	0.12	0.05	0.12	0.73	0.5	0.02	0.05	0.05	0.4425	0.27125	0.42125	0.55375	0.13875	0.575	0.595	0.13625	0.37	0.3075	0.245	0.39625	0.30125	0.1225	0.285	0.53875	0.445	0.05375	0.16875	0.3175	-3.9	-1.86667	-1.9	-0.557143	-1.21111	0.7612	0.545933	0.47294	0.4305	0.433389
0.27	0.27	0.5	0.98	0.02	0.73	0.99	0.12	0.5	0.02	0.05	0.5	0.05	0.02	0.27	0.5	0.27	0.05	0.05	0.05	0.46125	0.3	0.38875	0.43125	0.17375	0.49875	0.4775	0.1425	0.31375	0.415	0.365	0.41625	0.41375	0.18625	0.2575	0.52	0.47375	0.06375	0.19625	0.425	-3.5	-3.53333	-1.4	-1.6	-0.355556	0.2407	0.4223	0.48	0.460757	0.3841
0.5	0.12	0.12	0.05	0.12	0.27	0.12	0.05	0.98	0.95	0.5	0.12	0.5	0.27	0.05	0.27	0.27	0.05	0.5	0.88	0.45125	0.41375	0.49625	0.57875	0.13375	0.66375	0.67125	0.16375	0.31	0.195	0.1925	0.58	0.28125	0.09875	0.3125	0.605	0.47375	0.055	0.12125	0.23625	-3.2	-1.63333	-2.46	-0.9	-1.16667	0.265	0.3343	0.4255	0.4062	0.424022
0.88	0.5	0.73	0.5	0.12	0.88	0.88	0.27	0.27	0.12	0.12	0.73	0.27	0.05	0.27	0.73	0.73	0.05	0.12	0.27	0.40375	0.36625	0.42	0.475	0.13375	0.61625	0.62375	0.13625	0.4175	0.29875	0.25875	0.5325	0.31	0.135	0.285	0.52875	0.41625	0.055	0.16875	0.34125	1.8	-1.63333	-0.84	-1.65714	-1.16667	0.4972	0.3752	0.28926	0.388343	0.427033
0.27	0.5	0.5	0.73	0.02	0.95	0.99	0.12	0.5	0.05	0.05	0.73	0.12	0.02	0.27	0.5	0.27	0.05	0.12	0.05	0.37625	0.33875	0.42125	0.415	0.11875	0.5	0.55	0.1275	0.38875	0.355	0.315	0.47625	0.3575	0.2575	0.165	0.45375	0.42625	0.14	0.2725	0.36875	-3.5	0.833333	-0.84	-1.2	-1.05556	0.3634	0.313533	0.3433	0.349457	0.362944
0.27	0.12	0.02	0.02	0.27	0.12	0.05	0.02	0.05	0.88	0.98	0.05	0.88	0.5	0.05	0.12	0.27	0.12	0.27	0.88	0.3575	0.4425	0.425	0.50375	0.08375	0.6325	0.695	0.12125	0.445	0.25125	0.19875	0.5425	0.2625	0.19375	0.1925	0.4725	0.3975	0.13125	0.25375	0.265	4.2	-0.933333	-0.34	-0.3	-1.12222	0.08	0.3181	0.3881	0.323514	0.3155
0.27	0.88	0.5	0.27	0.05	0.98	0.73	0.12	0.5	0.05	0.05	0.98	0.27	0.05	0.27	0.5	0.27	0.05	0.12	0.05	0.415	0.37625	0.33625	0.4125	0.12375	0.525	0.59625	0.1275	0.36	0.38625	0.32375	0.47375	0.36625	0.25375	0.165	0.425	0.455	0.14	0.28125	0.425	-3.5	7.40149e-17	-0.14	-0.485714	-1.12222	0.5109	0.359967	0.30048	0.3334	0.355944
0.5	0.27	0.5	0.5	0.27	0.5	0.88	0.12	0.27	0.27	0.27	0.5	0.27	0.12	0.27	0.73	0.98	0.05	0.12	0.5	0.3575	0.5475	0.38375	0.41125	0.0875	0.66125	0.65375	0.13625	0.3	0.24625	0.24	0.6425	0.3375	0.2175	0.1925	0.425	0.36625	0.14	0.23375	0.265	-0.7	-0.466667	-0.34	-1.24286	-1.2	0.489	0.353	0.29464	0.348757	0.379078
0.05	0.05	0.05	0.02	0.05	0.02	0.02	0.05	0.27	0.5	0.5	0.05	0.5	1	0.02	0.05	0.12	0.73	0.95	0.27	0.3375	0.575	0.3825	0.42375	0.115	0.73375	0.71375	0.1175	0.3	0.3125	0.2875	0.67	0.3975	0.135	0.205	0.4525	0.41625	0.06375	0.14875	0.35125	2.8	-0.8	-1.88	-1.3	-0.9	0.0591	0.2941	0.39958	0.364443	0.336344
0.12	0.95	0.5	0.98	0.02	0.73	0.95	0.12	0.27	0.05	0.05	0.73	0.12	0.02	0.12	0.5	0.27	0.02	0.05	0.05	0.405	0.43375	0.32625	0.24625	0.15	0.56	0.5075	0.1275	0.2525	0.39625	0.37125	0.5275	0.46375	0.27	0.1925	0.425	0.48625	0.1525	0.26125	0.435	-4.5	-1.73333	-1.96	-1.25714	-0.311111	0.3342	0.332667	0.39204	0.3691	0.3499
0.73	0.5	0.27	0.5	0.12	0.73	0.88	0.27	0.27	0.27	0.12	0.88	0.27	0.05	0.27	0.5	0.73	0.05	0.12	0.5	0.4175	0.49	0.3675	0.31875	0.1375	0.57875	0.54375	0.14	0.26125	0.32125	0.27375	0.53625	0.3975	0.21875	0.20125	0.4725	0.4575	0.14	0.23375	0.37875	-3.5	-3.96667	-0.92	-0.5	-0.577778	0.6047	0.4707	0.31676	0.365457	0.380578
0.27	0.88	0.5	0.27	0.05	0.88	0.73	0.12	0.27	0.05	0.05	0.99	0.27	0.05	0.27	0.5	0.27	0.05	0.12	0.05	0.45625	0.3475	0.2825	0.31625	0.14625	0.4525	0.4775	0.15	0.29	0.37625	0.31	0.415	0.3975	0.335	0.17375	0.425	0.49625	0.24375	0.34375	0.4625	-3.9	-0.966667	-1.12	-0.142857	0.122222	0.4732	0.396833	0.40202	0.346471	0.345778
0.27	0.5	0.27	0.12	0.12	0.98	0.5	0.05	0.27	0.88	0.73	0.5	0.98	0.27	0.12	0.27	0.27	0.12	0.27	0.73	0.4275	0.4525	0.31125	0.335	0.11	0.50125	0.515	0.15875	0.31875	0.245	0.1975	0.505	0.30875	0.295	0.1925	0.425	0.4075	0.24375	0.325	0.32125	4.5	0.8	0.14	-0.142857	-0.188889	0.1126	0.357067	0.4064	0.366271	0.3402
0.88	0.27	0.5	0.27	0.27	0.27	0.27	0.27	0.12	0.27	0.27	0.27	0.27	0.12	0.27	0.73	0.98	0.05	0.12	0.5	0.37875	0.56625	0.33875	0.42375	0.0875	0.67875	0.66375	0.14	0.3375	0.265	0.19875	0.64625	0.35	0.195	0.205	0.42375	0.3375	0.1675	0.24	0.3225	1.8	2.7	1.4	-6.34413e-17	-0.888889	0.4854	0.318033	0.325	0.381214	0.408489
0.98	0.12	0.12	0.12	0.27	0.27	0.27	0.27	0.12	0.5	0.27	0.27	0.5	0.12	0.27	0.5	0.5	0.05	0.12	0.88	0.36625	0.52875	0.3575	0.335	0.09125	0.70625	0.6075	0.13125	0.395	0.245	0.2075	0.6175	0.34	0.3025	0.205	0.42375	0.3975	0.25625	0.35875	0.28375	1.8	2.13333	1.48	0	-0.777778	0.3561	0.3464	0.31812	0.391071	0.3914
0.12	0.12	0.05	0.02	0.05	0.12	0.05	0.05	0.73	0.27	0.27	0.12	0.27	0.98	0.05	0.12	0.12	0.88	1	0.27	0.41625	0.5	0.3475	0.3	0.11875	0.7525	0.5875	0.13125	0.31875	0.35	0.255	0.56	0.3975	0.2225	0.21375	0.4425	0.41625	0.1525	0.2675	0.4075	2.8	0.366667	-0.12	0.0571429	-0.777778	0.1977	0.330867	0.43034	0.349243	0.340033
0.27	0.73	0.5	0.5	0.05	0.99	0.95	0.12	0.5	0.05	0.05	0.73	0.27	0.02	0.27	0.5	0.27	0.12	0.12	0.05	0.3975	0.405	0.29125	0.2975	0.11875	0.6575	0.50625	0.1225	0.37625	0.3775	0.2825	0.45125	0.3975	0.3425	0.18625	0.395	0.3975	0.25625	0.3775	0.44375	-3.5	-1.4	-1.18	-1.08571	-0.733333	0.4388	0.436733	0.36934	0.3535	0.346444
0.27	0.73	0.5	0.88	0.02	0.73	0.98	0.12	0.27	0.05	0.05	0.95	0.12	0.05	0.27	0.5	0.27	0.05	0.12	0.05	0.3975	0.43375	0.38	0.2975	0.11375	0.65875	0.5025	0.15	0.43375	0.27375	0.1975	0.48375	0.30875	0.31125	0.205	0.42375	0.42625	0.25625	0.35875	0.35875	-3.5	-3.5	-2.24	-1.84286	-1.62222	0.6737	0.430967	0.3266	0.36	0.405678
0.12	0.5	0.27	0.12	0.05	0.95	0.5	0.05	0.73	0.12	0.12	0.5	0.27	0.88	0.12	0.27	0.27	0.73	1	0.12	0.34	0.52	0.40875	0.42125	0.0825	0.7225	0.63875	0.14	0.42375	0.2375	0.17	0.5975	0.29	0.19875	0.22375	0.42375	0.3375	0.18	0.24875	0.3025	-3.5	-3.5	-3.5	-2.6	-2.21111	0.1804	0.332167	0.39324	0.401371	0.410856
0.27	0.27	0.12	0.12	0.12	0.95	0.5	0.05	0.27	0.88	0.5	0.27	0.5	0.27	0.12	0.27	0.5	0.05	0.27	0.88	0.2325	0.54	0.41875	0.42125	0.055	0.70375	0.62	0.1125	0.4725	0.19	0.15125	0.6075	0.26125	0.275	0.315	0.37625	0.28	0.265	0.34	0.18875	-3.5	-3.5	-3.5	-3.5	-2.58889	0.1424	0.284567	0.43462	0.449129	0.407511
0.27	0.73	0.5	0.73	0.05	0.99	0.98	0.12	0.5	0.05	0.05	0.73	0.27	0.05	0.27	0.5	0.27	0.12	0.12	0.12	0.25125	0.53	0.39875	0.37625	0.06375	0.80625	0.645	0.1125	0.38625	0.26625	0.18	0.5975	0.29	0.1825	0.415	0.395	0.3275	0.1525	0.24875	0.265	-3.5	-3.5	-3.5	-3.22857	-3.07778	0.5309	0.439667	0.40628	0.433014	0.4401
0.27	0.73	0.98	0.5	0.05	0.73	0.5	0.27	0.5	0.05	0.05	0.98	0.12	0.05	0.27	0.5	0.5	0.05	0.12	0.05	0.34	0.45375	0.29125	0.3575	0.12	0.74875	0.62	0.14125	0.33875	0.29375	0.18875	0.50875	0.30875	0.195	0.415	0.42375	0.3275	0.1525	0.24875	0.33	-3.5	-3.5	-3.12	-2.95714	-2.48889	0.6457	0.569533	0.4354	0.406914	0.438144
0.27	0.73	0.5	0.5	0.05	1	0.88	0.12	0.5	0.05	0.12	0.73	0.27	0.05	0.27	0.5	0.27	0.12	0.12	0.12	0.36875	0.3775	0.35125	0.28125	0.1325	0.63875	0.465	0.26875	0.32	0.29	0.17625	0.43625	0.28125	0.195	0.39625	0.42375	0.3375	0.1525	0.24	0.32125	-3.5	-2.86667	-2.74	-2.2	-2.14444	0.532	0.501233	0.50512	0.441314	0.431911
0.27	0.05	0.05	0.12	0.12	0.12	0.12	0.05	0.05	0.88	0.5	0.12	0.5	0.12	1	0.12	0.27	0.05	0.12	0.73	0.41625	0.415	0.43625	0.3475	0.1325	0.645	0.5125	0.395	0.3	0.17375	0.11625	0.465	0.225	0.0825	0.305	0.5	0.31875	0.085	0.12125	0.23625	-1.6	-2.23333	-1.68	-1.75714	-1.8	0.326	0.449667	0.48318	0.5092	0.479678
0.27	0.5	0.27	0.27	0.05	0.98	0.73	0.12	0.27	0.05	0.05	0.5	0.27	0.02	1	0.5	0.27	0.05	0.12	0.12	0.41625	0.34	0.4	0.31625	0.16	0.43375	0.38	0.3825	0.245	0.25875	0.2325	0.39875	0.30125	0.12375	0.29625	0.43375	0.29	0.09375	0.12125	0.29375	-1.6	-0.466667	-1.06	-1.31429	-0.988889	0.491	0.412733	0.47756	0.520543	0.502678
0.98	0.12	0.12	0.12	0.5	0.27	0.27	0.5	0.12	0.27	0.12	0.27	0.27	0.12	0.27	0.73	0.5	0.05	0.12	0.5	0.385	0.33	0.4475	0.30625	0.13125	0.46125	0.3775	0.3825	0.235	0.24	0.2325	0.39875	0.30125	0.12	0.3875	0.465	0.31875	0.085	0.12125	0.24625	1.8	-0.0666667	-0.44	-0.271429	-0.688889	0.4212	0.509933	0.49322	0.478214	0.497433
0.5	0.12	0.5	0.27	0.12	0.12	0.12	0.99	0.12	0.02	0.02	0.12	0.05	0.05	0.12	0.5	0.12	0.12	0.05	0.05	0.445	0.25375	0.2925	0.25875	0.17875	0.4225	0.3675	0.3025	0.1875	0.27125	0.245	0.32875	0.32875	0.125	0.4975	0.465	0.3375	0.0725	0.12125	0.31125	-0.4	0.333333	0.64	0.114286	-0.477778	0.6176	0.5497	0.4979	0.471314	0.472233
0.5	0.12	0.5	0.27	0.12	0.12	0.12	0.99	0.12	0.02	0.02	0.12	0.05	0.05	0.12	0.5	0.12	0.12	0.05	0.05	0.445	0.1775	0.245	0.23	0.17875	0.33125	0.29125	0.3025	0.14	0.27125	0.23625	0.27125	0.31	0.12125	0.58875	0.43625	0.3375	0.06	0.1125	0.31125	-0.4	1	0.8	0.114286	-0.266667	0.6103	0.525767	0.49644	0.484586	0.453556
0.27	0.12	0.05	0.02	0.27	0.12	0.05	0.02	0.05	0.73	0.98	0.12	0.88	0.5	0.05	0.12	0.27	0.12	0.27	0.73	0.47375	0.18625	0.31	0.28	0.15125	0.35	0.31875	0.4325	0.1575	0.07875	0.06	0.29	0.15875	0.0525	0.5975	0.5025	0.31875	0.05625	0.07625	0.15	3.8	0.866667	0.12	0.114286	-0.266667	0.3494	0.481133	0.49598	0.466429	0.487156
0.73	0.27	0.73	0.5	0.27	0.5	0.5	0.5	0.27	0.12	0.12	0.5	0.27	0.12	0.27	0.98	0.73	0.05	0.12	0.12	0.41625	0.12	0.20625	0.22	0.15125	0.21375	0.205	0.3725	0.11125	0.155	0.1675	0.21375	0.21625	0.1	0.57	0.36625	0.26125	0.06125	0.08625	0.22625	-0.8	0.466667	-0.12	-0.371429	-0.266667	0.4837	0.417333	0.44524	0.496029	0.481522
0.27	0.12	0.12	0.27	0.05	0.27	0.27	0.12	0.12	0.05	0.05	0.27	0.12	0.02	1	0.27	0.27	0.02	0.05	0.12	0.385	0.13875	0.2825	0.2675	0.1225	0.2425	0.23375	0.3725	0.13	0.13625	0.1675	0.2425	0.21625	0.1	0.57	0.3975	0.29	0.06125	0.08625	0.17875	-1.6	-1.33333	-0.36	-0.542857	-0.644444	0.4189	0.422167	0.44886	0.4707	0.458622
0.27	0.12	0.12	0.27	0.05	0.27	0.27	0.12	0.12	0.05	0.05	0.27	0.12	0.02	1	0.27	0.27	0.02	0.05	0.12	0.41375	0.1575	0.31125	0.29625	0.14125	0.29	0.28125	0.31125	0.14875	0.14875	0.18	0.29	0.24375	0.10875	0.58875	0.4575	0.36625	0.0525	0.095	0.1875	-1.6	-1.6	-1.44	-0.714286	-0.688889	0.3639	0.4704	0.46704	0.414243	0.453333
0.27	0.12	0.12	0.27	0.05	0.27	0.27	0.12	0.12	0.05	0.05	0.27	0.12	0.02	1	0.27	0.27	0.02	0.05	0.12	0.36625	0.14875	0.255	0.26875	0.14125	0.28125	0.2725	0.19375	0.1675	0.20875	0.24	0.28125	0.3	0.2275	0.57625	0.41	0.36625	0.12875	0.2075	0.215	-1.6	-1.6	-1.6	-1.37143	-0.333333	0.6284	0.477533	0.41332	0.445757	0.4101
0.27	0.12	0.12	0.27	0.05	0.27	0.27	0.12	0.12	0.05	0.05	0.27	0.12	0.02	1	0.27	0.27	0.02	0.05	0.12	0.395	0.14	0.255	0.2725	0.2325	0.2725	0.26875	0.20625	0.1675	0.15125	0.15125	0.2725	0.22375	0.18	0.57625	0.42875	0.36625	0.12875	0.18875	0.1575	-1.6	-1.6	-1.44	-0.857143	-0.477778	0.4403	0.427933	0.44354	0.408257	0.396511
0.27	0.12	0.12	0.27	0.05	0.27	0.27	0.12	0.12	0.05	0.05	0.27	0.12	0.02	1	0.27	0.27	0.02	0.05	0.12	0.36625	0.14	0.22625	0.24375	0.2325	0.24375	0.24	0.15875	0.14875	0.17	0.17	0.24375	0.22375	0.18	0.57625	0.3975	0.3975	0.1375	0.18875	0.205	-1.6	-1.33333	-0.56	-0.271429	-0.466667	0.2151	0.408467	0.415	0.380857	0.429622
0.73	0.27	0.73	0.5	0.27	0.5	0.5	0.5	0.27	0.12	0.12	0.5	0.27	0.12	0.27	0.98	0.73	0.05	0.12	0.12	0.3375	0.12125	0.14125	0.1875	0.2325	0.19625	0.1925	0.1025	0.12125	0.27375	0.24625	0.19625	0.28125	0.19875	0.5575	0.29	0.36875	0.1375	0.2075	0.3125	-0.8	0.133333	0.26	-0.142857	0.177778	0.57	0.335433	0.33474	0.440543	0.481722
