0.12	0.02	0.01	0.01	0.05	0.12	0.02	0.01	0.02	0.95	0.98	0.02	0.73	0.27	0.02	0.12	0.27	0.88	0.5	0.95	0.2	0.2475	0.13375	0.165	0.03625	0.40625	0.24375	0.04375	0.0675	0.3025	0.25	0.31375	0.13625	0.35125	0.53875	0.405	0.4025	0.19375	0.31	0.2775	3.8	3.13333	2.4	1.37143	0.455556	0.1683	0.379133	0.33462	0.366786	0.416467
0.12	0.02	0.02	0.01	0.02	0.5	0.05	0.01	0.12	0.95	0.73	0.02	0.5	1	0.27	0.12	0.12	0.88	0.88	0.73	0.28875	0.26125	0.1375	0.17875	0.04625	0.39125	0.24375	0.07625	0.06	0.365	0.34375	0.345	0.19875	0.35125	0.505	0.465	0.51	0.19625	0.26875	0.3675	2.8	1.66667	1.24	0.928571	0.455556	0.4599	0.335667	0.33728	0.347914	0.383178
0.02	0.27	0.02	0.05	0.12	0.95	0.05	0.01	0.02	0.01	0.12	0.05	0.12	0.01	1	0.27	0.27	0.01	0.27	0.02	0.33	0.1825	0.1375	0.22125	0.03375	0.36375	0.24375	0.095	0.12	0.49125	0.43875	0.34125	0.27375	0.50625	0.395	0.39	0.415	0.305	0.345	0.475	-1.6	-0.133333	-0.1	0.1	0.111111	0.3788	0.3363	0.35386	0.366786	0.340667
0.5	0.01	0.01	0.01	0.01	0.27	0.05	0.05	0.01	0.01	0.02	0.27	0.01	0.73	1	0.05	0.05	0.5	0.01	0.12	0.28875	0.2275	0.215	0.25375	0.04375	0.565	0.3475	0.1225	0.13375	0.415	0.36625	0.37375	0.2875	0.4125	0.455	0.465	0.42375	0.27625	0.35	0.40125	-1.6	-2.36667	-1.18	-0.857143	-0.744444	0.1702	0.380367	0.378	0.342843	0.346133
0.5	0.27	0.27	0.27	0.02	0.27	0.73	0.12	0.12	0.02	0.01	0.98	0.02	0.01	0.12	0.98	0.73	0.01	0.02	0.12	0.345	0.16625	0.20125	0.22125	0.16375	0.5075	0.31875	0.12625	0.1675	0.41375	0.39625	0.285	0.28625	0.39375	0.625	0.32	0.3475	0.32875	0.24125	0.4775	-3.9	-2.36667	-2.52	-1.9	-1.13333	0.5921	0.350433	0.35434	0.348243	0.306711
0.73	0.12	0.05	0.12	0.05	0.27	0.05	0.27	0.05	0.5	0.5	0.27	0.27	0.73	0.98	0.5	0.73	0.02	0.05	0.5	0.335	0.18875	0.23375	0.245	0.16	0.52625	0.41625	0.1125	0.29625	0.345	0.33125	0.3775	0.1975	0.3325	0.52125	0.38	0.3475	0.28	0.29375	0.42125	-1.6	-3.13333	-2.9	-2.4	-1.13333	0.289	0.407567	0.3198	0.3046	0.300822
0.5	0.5	0.5	0.5	0.05	0.73	0.88	0.27	0.5	0.12	0.27	0.88	0.27	0.27	0.73	0.5	0.27	0.02	0.05	0.27	0.3825	0.1725	0.20875	0.2025	0.16375	0.44	0.3125	0.11375	0.2875	0.365	0.37875	0.31375	0.245	0.3875	0.53375	0.39875	0.4525	0.2325	0.275	0.45	-3.9	-3	-2.72	-1.62857	-1.23333	0.3416	0.2789	0.31664	0.266957	0.270967
0.27	0.12	0.73	0.95	0.02	0.95	0.95	0.27	0.12	0.27	0.05	0.5	0.27	0.02	0.5	0.5	0.12	0.27	0.05	0.5	0.47125	0.20125	0.21125	0.17375	0.15875	0.385	0.4075	0.1275	0.36625	0.43625	0.4825	0.38875	0.26375	0.50875	0.5	0.39875	0.52875	0.23375	0.30375	0.52875	-3.5	-2.7	-1.18	-1.12857	-0.555556	0.2061	0.234033	0.22128	0.269957	0.296122
0.5	0.27	0.27	0.12	0.99	0.27	0.5	0.12	0.5	0.5	0.5	0.27	0.12	0.12	0.5	0.5	0.95	0.05	0.12	0.73	0.41375	0.24375	0.39125	0.31	0.03875	0.45125	0.49125	0.25875	0.38	0.4125	0.425	0.39875	0.29625	0.41125	0.38125	0.5025	0.51	0.2	0.29625	0.49125	-0.7	-0.133333	-0.48	0.0714286	-0.466667	0.1544	0.1586	0.20172	0.271829	0.358444
0.27	0.05	0.05	0.05	0.05	0.27	0.12	0.05	0.98	0.88	0.95	0.05	0.27	0.5	0.05	0.12	0.27	0.5	0.95	0.88	0.4425	0.3	0.4475	0.31875	0.15625	0.53625	0.51	0.375	0.32	0.365	0.40125	0.41375	0.28125	0.36375	0.45625	0.49	0.5375	0.17625	0.1925	0.46375	3.8	1.66667	1.2	0.185714	-0.533333	0.1153	0.153633	0.25444	0.334986	0.352678
0.27	0.27	0.27	0.05	0.05	0.27	0.05	0.02	0.5	0.73	0.88	0.12	0.88	0.98	0.12	0.27	0.5	0.5	0.73	0.73	0.385	0.2725	0.505	0.36625	0.1525	0.565	0.575	0.4075	0.37625	0.32375	0.35375	0.4625	0.1775	0.21375	0.3875	0.51875	0.54125	0.175	0.21625	0.45375	1.9	3.4	1.74	0.1	-0.433333	0.1912	0.3039	0.35944	0.363357	0.379111
0.5	0.12	0.27	0.27	0.05	0.73	0.88	0.12	0.27	0.73	0.73	0.27	0.27	0.73	0.5	0.27	0.73	0.27	0.5	0.88	0.4125	0.23125	0.47625	0.29125	0.14875	0.5075	0.47125	0.37625	0.405	0.37125	0.345	0.34	0.22625	0.21375	0.3675	0.49	0.49375	0.2025	0.24125	0.51125	4.5	1.86667	0.98	0.5	-0.177778	0.6052	0.509167	0.4366	0.409186	0.345622
0.27	0.5	0.99	0.27	0.02	0.12	0.27	0.95	0.5	0.05	0.01	0.12	0.12	0.05	0.05	0.88	0.73	0.01	0.02	0.05	0.41375	0.2875	0.38625	0.1875	0.1525	0.49875	0.53875	0.25375	0.395	0.4375	0.435	0.40625	0.2175	0.2975	0.36375	0.4425	0.60125	0.2025	0.2975	0.58625	-0.8	-0.266667	0.08	0.371429	-0.177778	0.7311	0.6255	0.51892	0.392871	0.367756
0.5	0.5	0.5	0.27	0.02	0.95	0.5	0.98	0.12	0.02	0.27	0.88	0.05	0.01	0.27	0.5	0.27	0.27	0.02	0.05	0.32875	0.255	0.415	0.175	0.04375	0.395	0.45375	0.235	0.41375	0.48875	0.4625	0.27875	0.27375	0.37875	0.28875	0.43	0.555	0.165	0.28875	0.61375	-4.5	-2	-0.62	-0.671429	0.366667	0.5402	0.5994	0.48872	0.4343	0.351711
0.27	0.12	0.73	0.5	0.02	0.5	0.5	0.5	0.02	0.02	0.05	0.73	0.05	0.01	0.5	0.88	0.99	0.01	0.02	0.27	0.33875	0.415	0.4425	0.14625	0.04	0.45125	0.4725	0.295	0.30625	0.4125	0.38625	0.30625	0.24625	0.3175	0.26	0.45875	0.555	0.15	0.1725	0.5675	-0.7	-2.26667	-2.22	-0.342857	-0.133333	0.5269	0.3691	0.44874	0.408414	0.375833
0.95	0.02	0.27	0.12	0.02	0.73	0.88	0.12	0.5	0.5	0.05	0.05	0.05	0.02	0.95	0.27	0.12	0.01	0.02	0.88	0.25375	0.39375	0.46875	0.18875	0.15875	0.38875	0.41875	0.3425	0.18375	0.2675	0.31	0.37625	0.1375	0.30375	0.19125	0.50375	0.6025	0.0875	0.14375	0.4625	-1.6	-1.93333	-1.22	-1.08571	-0.0666667	0.0402	0.324133	0.30452	0.369443	0.355311
0.05	0.95	0.73	0.12	0.02	0.27	0.88	0.12	0.27	0.12	0.05	0.88	0.05	0.01	0.02	0.73	0.98	0.01	0.02	0.27	0.3375	0.3725	0.41125	0.16125	0.15875	0.4175	0.3425	0.3425	0.24125	0.28625	0.32875	0.2725	0.16625	0.2475	0.25125	0.44625	0.495	0.05625	0.115	0.53875	-3.5	-0.3	-0.46	-0.614286	-0.1	0.4053	0.151833	0.26296	0.265929	0.324322
0.05	0.01	0.01	0.02	0.12	0.27	0.05	0	0.27	0.88	0.98	0.01	0.5	0.73	0.12	0.02	0.12	0.01	0.05	0.95	0.395	0.43	0.38	0.17375	0.25375	0.40875	0.44625	0.24125	0.185	0.295	0.3025	0.3725	0.1575	0.21375	0.235	0.45875	0.545	0.08875	0.115	0.57	4.2	7.40149e-17	0.18	0.628571	0.455556	0.01	0.249233	0.15888	0.235371	0.250689
0.12	0.95	0.5	0.05	0.02	0.27	0.27	0.05	0.02	0.27	0.12	0.12	0.05	0.01	0.05	0.73	0.99	0.12	0.02	0.73	0.3575	0.36875	0.36625	0.19875	0.27	0.3525	0.39	0.11875	0.21625	0.4025	0.41	0.2825	0.2225	0.30875	0.225	0.4175	0.5125	0.075	0.1225	0.65375	-0.7	2	1.34	1.32857	1.42222	0.3324	0.1163	0.2161	0.169871	0.230856
0.27	0	0.02	0.01	1	0	0	0.02	0	0.05	0.27	0	0.01	0.88	0.02	0.02	0.01	0	0.5	0.5	0.33875	0.47875	0.445	0.26	0.26875	0.33875	0.37625	0.17	0.3075	0.4425	0.39125	0.22125	0.255	0.21375	0.18125	0.43	0.52625	0.095	0.17875	0.66375	2.5	2	2.88	2.15714	1.11111	0.0065	0.221733	0.14872	0.2158	0.214533
0.27	0.88	0.27	0.05	0.05	0.5	0.27	0.12	0.5	0.5	0.88	0.27	0.5	0.27	0.05	0.27	0.73	0.02	0.27	0.88	0.31125	0.38125	0.395	0.3025	0.4475	0.2	0.26625	0.14875	0.18875	0.43375	0.4	0.19625	0.22125	0.41	0.07375	0.39875	0.455	0.10625	0.23875	0.5975	4.2	3.63333	2.88	2.15714	1.75556	0.3263	0.133733	0.21906	0.212186	0.239022
0.73	0.02	0.02	0.27	0.88	0.05	0.27	0.02	0.05	0.88	0.73	0.05	0.5	0.5	0.02	0.27	0.27	0.27	0.05	0.98	0.33875	0.385	0.36875	0.29375	0.375	0.285	0.2475	0.18	0.27375	0.3775	0.4275	0.1475	0.24875	0.47125	0.16625	0.4175	0.42375	0.1075	0.38625	0.56625	4.2	4.2	2.32	2.15714	2.05556	0.0684	0.252133	0.22858	0.247986	0.232444
0.27	0.95	0.88	0.5	0.05	0.5	0.27	0.05	0.12	0.27	0.27	0.27	0.12	0.05	0.12	0.88	0.88	0.27	0.05	0.5	0.405	0.33	0.3825	0.29625	0.555	0.2575	0.30375	0.19125	0.34125	0.35	0.3775	0.18125	0.24	0.47	0.2575	0.43	0.42375	0.16875	0.4425	0.5225	4.2	1.63333	2.66	2.14286	1.23333	0.3617	0.270033	0.2794	0.249943	0.285222
0.27	0.05	0.88	0.95	0.99	0.12	0.12	0.88	0.73	0.12	0.05	0.12	0.27	0.12	0.12	0.27	0.12	0.05	0.95	0.12	0.42375	0.415	0.335	0.325	0.4375	0.38125	0.3225	0.19125	0.2775	0.34125	0.42375	0.21875	0.22125	0.475	0.37	0.4775	0.41	0.1875	0.45	0.485	-3.5	1.63333	1.66	1.32857	0.922222	0.38	0.3341	0.28336	0.3183	0.3129
0.73	0.12	0.12	0.5	0.5	0.12	0.27	0.05	0.05	0.88	0.73	0.12	0.27	0.98	0.12	0.27	0.27	0.12	0.27	0.73	0.36625	0.44	0.49	0.49875	0.37625	0.44375	0.4225	0.32625	0.36875	0.24625	0.31125	0.31	0.22625	0.26375	0.48625	0.5375	0.42375	0.18125	0.475	0.34875	4.2	-0.0333333	0.18	0.228571	0.255556	0.2606	0.3289	0.36668	0.354757	0.372189
0.73	0.12	0.27	0.27	0.27	0.5	0.73	0.27	0.5	0.05	0.12	0.27	0.27	0.73	0.73	0.88	0.27	0.27	0.98	0.12	0.395	0.36375	0.44375	0.58375	0.40125	0.3675	0.45	0.39375	0.265	0.29	0.28375	0.2725	0.17	0.26375	0.5275	0.46125	0.33875	0.1625	0.415	0.32125	-0.8	0.0666667	-1.36	-0.871429	-0.388889	0.3461	0.3639	0.41064	0.422143	0.385889
0.12	0.5	0.98	0.27	0.73	0.5	0.5	0.12	0.88	0.05	0.12	0.5	0.05	0.27	0.95	0.73	0.73	0.5	0.5	0.12	0.47125	0.32875	0.44375	0.64125	0.24875	0.42375	0.5075	0.44375	0.3025	0.21375	0.2075	0.27125	0.15	0.32125	0.56	0.5375	0.31	0.115	0.56	0.2325	-3.2	-2.5	-1.36	-1.7	-1.24444	0.485	0.470867	0.44266	0.4347	0.430067
0.27	0.73	0.12	0.73	0.02	0.88	0.27	0.88	0.12	0.05	0.27	0.27	0.05	0.12	0.95	0.5	0.12	0.05	0.98	0.05	0.51	0.18375	0.44375	0.52375	0.3375	0.32875	0.50875	0.3575	0.385	0.29875	0.24625	0.2725	0.16875	0.34	0.655	0.47125	0.29125	0.14	0.5	0.30125	-3.5	-3.4	-2.52	-1.7	-1.24444	0.5815	0.535533	0.48046	0.446986	0.399189
0.27	0.27	0.5	0.95	0.02	0.5	0.95	0.27	0.05	0.05	0.05	0.73	0.05	0.05	0.95	0.5	0.27	0.02	0.02	0.02	0.4825	0.35375	0.3775	0.41125	0.21625	0.48	0.5	0.33875	0.39375	0.29875	0.27375	0.2625	0.14125	0.33625	0.655	0.5	0.37625	0.14	0.51625	0.32375	-3.5	-2.86667	-3.06	-1.7	-1.28889	0.5401	0.523733	0.50444	0.421729	0.399022
0.5	0.27	0.05	0.5	0.02	0.27	0.95	0.88	0.12	0.02	0.05	0.12	0.05	0.02	0.99	0.27	0.05	0.02	0.5	0.05	0.365	0.34	0.42125	0.40625	0.15625	0.495	0.4675	0.25625	0.38	0.315	0.2925	0.325	0.17	0.34125	0.63625	0.51	0.385	0.1875	0.51375	0.3475	-1.6	-2.86667	-1.58	-2.14286	-1.44444	0.4496	0.485233	0.4242	0.426357	0.378878
0.73	0.12	0.73	0.73	0.12	0.5	0.5	0.27	0.73	0.27	0.12	0.27	0.12	0.5	0.5	0.73	0.5	0.12	0.73	0.27	0.26	0.435	0.33625	0.4625	0.1125	0.495	0.46625	0.30125	0.25625	0.34	0.28375	0.335	0.1425	0.1925	0.60875	0.46125	0.41375	0.15625	0.3775	0.31125	-3.5	-0.3	-1.66	-1.28571	-1.74444	0.466	0.333133	0.3836	0.3684	0.370867
0.73	0.02	0.02	0.02	0.05	0.12	0.05	0.12	0.02	0.95	0.73	0.05	0.27	0.05	0.88	0.12	0.12	0.02	0.05	0.98	0.25125	0.385	0.3025	0.5175	0.03	0.48	0.46	0.305	0.235	0.25	0.1925	0.3	0.1175	0.21625	0.4425	0.55625	0.37	0.23125	0.43375	0.2075	4.2	-1.06667	-0.4	-1.28571	-1.48889	0.0838	0.309433	0.29144	0.324471	0.318967
0.05	0.95	0.73	0.27	0.02	0.95	0.73	0.12	0.73	0.12	0.05	0.5	0.05	0.02	0.12	0.5	0.95	0.02	0.12	0.27	0.3175	0.24	0.21375	0.505	0.03375	0.32875	0.4325	0.1975	0.2225	0.3625	0.30625	0.32	0.145	0.3275	0.42125	0.48	0.31375	0.335	0.39375	0.29625	-3.9	1.03333	-0.78	-0.914286	-1.24444	0.3785	0.180533	0.25632	0.249871	0.279578
0.02	0.01	0.02	0.01	0.02	0.01	0.01	0	0.01	0.98	0.88	0.01	0.5	0.99	0.01	0.12	0.12	0.5	0.73	0.95	0.35	0.4425	0.24625	0.425	0.03375	0.44625	0.41875	0.19375	0.32125	0.2825	0.23	0.40875	0.08875	0.215	0.35	0.49875	0.4175	0.2875	0.3175	0.3275	2.8	-1.53333	-0.26	-0.871429	-0.388889	0.0793	0.243933	0.1667	0.218071	0.239633
0.12	0.73	0.27	0.95	0.02	0.73	0.27	0.02	0.12	0.5	0.12	0.5	0.12	0.02	0.02	0.95	0.95	0.12	0.12	0.05	0.29	0.3525	0.3275	0.36875	0.03125	0.385	0.35875	0.19125	0.3075	0.34	0.31875	0.36625	0.13125	0.33375	0.2275	0.42375	0.31375	0.3325	0.3325	0.43625	-3.5	-0.533333	-1.36	0.228571	-0.6	0.274	0.123733	0.19534	0.1773	0.251622
0.05	0	0	0	0	0	0	0	0	0.01	0	0	0	0.01	0	0.88	0	1	0.27	0	0.2225	0.49125	0.38	0.45875	0.02	0.47625	0.42125	0.28375	0.24625	0.37	0.33375	0.4575	0.1375	0.27875	0.1825	0.40375	0.40375	0.20875	0.225	0.41125	-0.9	-1.9	0.26	-0.871429	-0.255556	0.0179	0.172967	0.15576	0.244971	0.2734
0.12	0.5	0.12	0.88	0.02	0.5	0.73	0.02	0.73	0.12	0.5	0.88	0.05	0.98	0.02	0.27	0.5	0.88	0.73	0.05	0.1375	0.48875	0.45375	0.36125	0.01375	0.50875	0.3575	0.37625	0.215	0.2525	0.21375	0.45125	0.13125	0.2425	0.07625	0.49875	0.4175	0.2275	0.2525	0.345	-1.3	0.666667	-1	-0.371429	-0.255556	0.227	0.141833	0.2514	0.285471	0.34
0.5	0.95	0.05	0.05	0.02	0.5	0.12	0.12	0.12	0.27	0.27	0.95	0.05	0.12	0.27	0.27	0.27	0.12	0.02	0.95	0.14625	0.405	0.43375	0.49375	0.01375	0.48125	0.46125	0.3825	0.215	0.225	0.2425	0.47125	0.13125	0.35375	0.14875	0.49875	0.39	0.35375	0.32875	0.2325	4.2	-0.2	-0.38	-0.171429	-0.211111	0.1806	0.3217	0.329	0.371743	0.365556
0.12	0.27	0.95	0.99	0	0.5	0.73	0.88	0.12	0	0	0.27	0.01	0	0.02	0.5	0.05	0	0.01	0.02	0.30125	0.495	0.32125	0.38125	0.02	0.51375	0.39	0.29375	0.21625	0.24625	0.285	0.57	0.165	0.25125	0.2125	0.48875	0.4175	0.30875	0.245	0.34875	-3.5	0.1	0.64	-0.171429	-0.0555556	0.5575	0.4667	0.46206	0.419529	0.410933
0.12	0.5	0.88	0.5	0.01	0.5	0.73	0.99	0.12	0.02	0.12	0.5	0.05	0.05	0.12	0.5	0.27	0.01	0.02	0.02	0.32	0.4375	0.35875	0.38625	0.0225	0.51375	0.41875	0.31125	0.31125	0.215	0.3175	0.54125	0.17875	0.27625	0.26	0.46125	0.33375	0.29875	0.29125	0.43375	-0.4	0.1	0.2	0.557143	-0.0222222	0.662	0.634233	0.53836	0.486643	0.442911
0.12	0.5	0.73	0.12	0.02	0.88	0.27	0.88	0.5	0.12	0.27	0.88	0.27	0.73	0.05	0.27	0.73	0.05	0.73	0.5	0.3475	0.5	0.4875	0.54375	0.0275	0.52875	0.53875	0.41625	0.32625	0.21625	0.31375	0.50875	0.21375	0.19625	0.3025	0.47125	0.395	0.17125	0.175	0.4075	4.2	0.1	0.2	0.285714	-0.311111	0.6832	0.651233	0.59978	0.534471	0.5069
0.5	0.73	0.5	0.5	0.02	0.73	0.95	0.27	0.12	0.05	0.05	0.73	0.05	0.05	0.95	0.5	0.5	0.27	0.02	0.27	0.37625	0.4425	0.535	0.42	0.03125	0.57625	0.4725	0.58125	0.345	0.24375	0.29375	0.48	0.25	0.1925	0.22125	0.5	0.42375	0.04	0.1875	0.4925	-3.5	1.63333	0.26	-0.814286	0.0333333	0.6085	0.593133	0.60064	0.5935	0.534011
0.88	0.05	0.02	0.05	0.05	0.27	0.05	0.05	0.02	0.88	0.95	0.12	0.73	0.05	0.27	0.27	0.12	0.02	0.05	0.95	0.3	0.47125	0.6225	0.50375	0.03125	0.6625	0.66125	0.6275	0.43375	0.14	0.23875	0.52875	0.1925	0.1925	0.2875	0.5575	0.5	0.07125	0.215	0.38	4.2	-0.833333	-0.36	-0.0571429	-0.866667	0.4877	0.552667	0.587	0.581143	0.573656
0.27	0.5	0.5	0.5	0.05	0.73	0.5	0.27	0.88	0.27	0.5	0.5	0.27	0.27	0.5	0.73	0.5	0.05	0.5	0.73	0.42375	0.415	0.45875	0.38625	0.0375	0.63375	0.605	0.6	0.345	0.23125	0.30125	0.48125	0.2825	0.19875	0.27125	0.5475	0.565	0.07375	0.22	0.4675	-3.2	-0.833333	-0.84	-0.557143	-0.555556	0.5618	0.547767	0.54456	0.563343	0.570189
0.27	0.5	0.88	0.88	0.05	0.5	0.5	0.73	0.5	0.12	0.12	0.12	0.5	0.05	0.27	0.73	0.95	0.02	0.05	0.27	0.4425	0.4625	0.41125	0.33875	0.0425	0.69125	0.605	0.4525	0.46875	0.25375	0.34875	0.57625	0.2625	0.2825	0.3	0.5475	0.56625	0.18625	0.3075	0.5375	-3.5	-1.63333	-0.92	-1.25714	-0.944444	0.5938	0.5422	0.53034	0.540929	0.5559
0.73	0.27	0.27	0.27	0.05	0.73	0.88	0.73	0.5	0.27	0.12	0.5	0.12	0.27	0.27	0.73	0.5	0.05	0.12	0.5	0.40375	0.4625	0.43	0.415	0.04625	0.58625	0.53	0.3575	0.42125	0.31125	0.3775	0.4525	0.29125	0.1975	0.41625	0.5475	0.6225	0.2675	0.27	0.5375	1.8	-1.86667	-1.9	-1.31429	-1.58889	0.471	0.534067	0.53806	0.5302	0.521511
0.27	0.5	0.27	0.27	0.05	0.73	0.73	0.27	0.73	0.27	0.73	0.73	0.27	0.12	0.12	0.5	0.5	0.12	0.27	0.73	0.4325	0.4525	0.43	0.4625	0.05	0.52875	0.52125	0.39625	0.41125	0.33875	0.32875	0.3475	0.32875	0.21625	0.42625	0.605	0.65125	0.2275	0.255	0.5375	-3.9	-0.933333	-2.04	-2.14286	-1.7	0.5374	0.511567	0.53238	0.513914	0.496056
0.5	0.27	0.12	0.5	0.05	0.73	0.73	0.88	0.27	0.12	0.05	0.27	0.27	0.27	0.12	0.88	0.95	0.05	0.5	0.5	0.385	0.5375	0.46125	0.46125	0.05	0.58625	0.625	0.3475	0.5	0.28125	0.32875	0.4525	0.2525	0.2825	0.48375	0.58625	0.61375	0.24	0.25375	0.51	-0.7	-2.83333	-1.66	-2.32857	-2.55556	0.5263	0.532367	0.48836	0.487857	0.513078
0.27	0.88	0.88	0.5	0.05	0.73	0.73	0.27	0.73	0.05	0.12	0.88	0.12	0.5	0.12	0.5	0.73	0.88	0.27	0.12	0.41375	0.46125	0.36625	0.49	0.04625	0.58625	0.68125	0.405	0.4425	0.2625	0.32	0.405	0.2525	0.2825	0.455	0.605	0.6125	0.13625	0.2825	0.48125	-3.9	-2.06667	-2.92	-2.32857	-2.58889	0.5334	0.4778	0.47004	0.494586	0.501278
0.27	0.27	0.27	0.12	0.05	0.27	0.05	0.12	0.12	0.73	0.5	0.27	0.12	0.27	0.98	0.27	0.73	0.73	0.5	0.73	0.41375	0.5375	0.395	0.51875	0.04625	0.7	0.76625	0.36625	0.575	0.1775	0.2725	0.52875	0.22375	0.33875	0.405	0.6525	0.5275	0.15875	0.3575	0.38625	-1.6	-3.33333	-2.84	-3.08571	-2.58889	0.3737	0.428833	0.49074	0.492386	0.486122
0.27	0.88	0.5	0.88	0.05	0.27	0.73	0.12	0.27	0.27	0.27	0.12	0.5	0.05	0.88	0.73	0.73	0.02	0.05	0.5	0.3375	0.46125	0.395	0.5	0.04625	0.6425	0.63375	0.3375	0.55625	0.235	0.34875	0.51875	0.195	0.395	0.475	0.56625	0.49875	0.36625	0.49	0.3675	-4.5	-3.2	-3.4	-3.02857	-2.93333	0.3794	0.464667	0.4766	0.480957	0.522856
0.73	0.5	0.12	0.27	0.05	0.73	0.88	0.27	0.27	0.27	0.27	0.5	0.12	0.73	0.73	0.5	0.27	0.05	0.27	0.5	0.26125	0.50875	0.5325	0.66125	0.07375	0.5275	0.58625	0.3475	0.55625	0.2075	0.26375	0.4425	0.22375	0.2975	0.5125	0.595	0.50875	0.34875	0.43125	0.33875	-3.5	-3.83333	-3.32	-3.11429	-2.88889	0.6409	0.491967	0.4614	0.520286	0.538489
0.27	0.5	0.5	0.73	0.02	0.73	0.95	0.12	0.88	0.05	0.5	0.73	0.12	0.5	0.27	0.5	0.27	0.05	0.5	0.12	0.29	0.50875	0.56125	0.575	0.105	0.49875	0.54875	0.375	0.50875	0.22625	0.24375	0.47125	0.205	0.295	0.56125	0.60375	0.42375	0.345	0.355	0.3575	-3.5	-3.5	-3.26	-3.05714	-2.9	0.4556	0.517967	0.54698	0.540957	0.524144
0.27	0.5	0.5	0.73	0.05	0.95	0.5	0.27	0.95	0.12	0.12	0.5	0.27	0.27	0.73	0.88	0.27	0.05	0.88	0.12	0.29	0.49	0.51375	0.575	0.1575	0.49	0.605	0.3375	0.415	0.22625	0.31	0.48125	0.205	0.2675	0.5225	0.585	0.4425	0.32625	0.28	0.37625	-3.5	-2.76667	-3.06	-2.94286	-2.54444	0.4574	0.571533	0.60672	0.544314	0.501633
0.12	0.27	0.5	0.88	0.05	0.27	0.5	0.5	0.5	0.27	0.5	0.27	0.27	0.5	0.73	0.5	0.27	1	0.73	0.12	0.29	0.5	0.48625	0.575	0.16625	0.55625	0.6325	0.30875	0.51875	0.17875	0.29125	0.53875	0.205	0.3275	0.4025	0.605	0.41375	0.13125	0.36	0.3475	-1.3	-2.76667	-2.52	-2.4	-2.51111	0.8016	0.6457	0.55798	0.537371	0.489133
0.12	0.5	0.99	0.95	0.27	0.27	0.5	0.5	0.73	0.05	0.05	0.5	0.12	0.02	0.27	0.5	0.12	0.01	0.02	0.5	0.31875	0.47125	0.45375	0.5475	0.16625	0.585	0.575	0.3275	0.47125	0.20625	0.32875	0.52875	0.22375	0.415	0.365	0.62375	0.45125	0.25875	0.47625	0.2525	-3.5	-1.86667	-1.96	-2.08571	-2.51111	0.6781	0.625633	0.53302	0.483129	0.483022
0.27	0.27	0.73	0.27	0.27	0.5	0.5	0.95	0.5	0.05	0.12	0.73	0.12	0.02	0.05	0.95	0.27	0.02	0.12	0.27	0.31875	0.47125	0.48625	0.61375	0.19375	0.49875	0.49875	0.27125	0.5	0.2825	0.3775	0.47125	0.3	0.3575	0.335	0.5675	0.4325	0.2575	0.4925	0.32875	-0.8	-1.66667	-1.52	-2.22857	-1.65556	0.3972	0.4687	0.49378	0.464386	0.422233
0.27	0.73	0.5	0.5	0.5	0.88	0.73	0.12	0.05	0.12	0.27	0.73	0.27	0.05	0.27	0.73	0.88	0.73	0.05	0.27	0.31875	0.41375	0.515	0.55625	0.1775	0.39375	0.385	0.39375	0.50875	0.35875	0.35875	0.41375	0.32875	0.325	0.28875	0.6425	0.41375	0.2725	0.45375	0.405	-0.7	-0.933333	-2.16	-1.12857	-0.8	0.3308	0.329733	0.39834	0.412443	0.398633
0.12	0.12	0.05	0.27	0.12	0.12	0.27	0.12	0.5	0.5	0.73	0.5	0.12	0.98	0.02	0.05	0.5	0.12	0.99	0.5	0.36625	0.51875	0.57125	0.50875	0.225	0.40375	0.47125	0.45125	0.3675	0.29875	0.30125	0.41375	0.32	0.1775	0.235	0.74	0.5375	0.345	0.28875	0.3675	-1.3	-2.16667	-0.62	-0.342857	-0.5	0.2612	0.305467	0.28148	0.332671	0.3501
0.5	0.88	0.73	0.73	0.27	0.5	0.27	0.27	0.12	0.27	0.12	0.27	0.5	0.27	0.12	0.88	0.88	0.05	0.27	0.12	0.395	0.4525	0.4575	0.375	0.23375	0.41375	0.51875	0.37625	0.415	0.3275	0.34875	0.4425	0.25375	0.2375	0.165	0.63625	0.56625	0.29125	0.3975	0.49125	-4.5	-0.533333	0.38	0.0428571	0.111111	0.3244	0.226467	0.25068	0.238743	0.2822
0.88	0.27	0.12	0.12	0.27	0.27	0.27	0.27	0.27	0.88	0.73	0.27	0.73	0.27	0.27	0.5	0.27	0.05	0.5	0.88	0.42375	0.48125	0.4125	0.33875	0.2025	0.41125	0.45875	0.31625	0.3075	0.27875	0.39	0.395	0.24375	0.25	0.115	0.6275	0.6425	0.3525	0.38125	0.425	4.2	1.3	0.36	0.757143	0.922222	0.0938	0.220467	0.18864	0.209214	0.2078
0.27	0.5	0.5	0.5	0.12	0.27	0.27	0.27	0.5	0.73	0.5	0.27	0.5	0.27	0.12	0.88	0.73	0.88	0.12	0.73	0.48125	0.52875	0.3075	0.29125	0.2025	0.44	0.45875	0.26	0.27875	0.30625	0.41	0.36625	0.32	0.2625	0.2375	0.5525	0.67	0.28	0.42875	0.425	4.2	2.53333	1.46	1.4	0.933333	0.2432	0.1192	0.1745	0.163171	0.195678
0.5	0.73	0.5	0.12	0.05	0.27	0.73	0.73	0.27	0.02	0.12	0.27	0.05	0.02	0.05	0.98	0.88	0.02	0.5	0.05	0.4525	0.47125	0.26	0.29125	0.155	0.33625	0.34375	0.22125	0.30375	0.5025	0.53375	0.28125	0.405	0.37875	0.2275	0.46375	0.55625	0.29875	0.38125	0.58625	-0.8	2.53333	3.12	1.48571	1.47778	0.0206	0.151433	0.11132	0.167014	0.162044
0.73	0.5	0.27	0.27	0.27	0.73	0.88	0.05	0.5	0.27	0.27	0.27	0.12	0.27	0.27	0.5	0.88	0.5	0.88	0.73	0.47125	0.5475	0.31625	0.2725	0.20375	0.355	0.325	0.30625	0.2275	0.47125	0.48625	0.28125	0.415	0.24	0.3075	0.60875	0.60375	0.22625	0.225	0.50125	4.2	2.4	2.14	2.72857	2.04444	0.1905	0.0732	0.15018	0.124686	0.181411
0.73	0.12	0.02	0.05	0.02	0.02	0.02	0.02	0.02	0.27	0.99	0.12	0.27	0.12	0.02	0.05	0.12	0.5	0.12	0.73	0.5	0.5475	0.31875	0.3	0.26375	0.4725	0.4325	0.31	0.3825	0.4525	0.44375	0.32875	0.3675	0.23125	0.4425	0.64625	0.6225	0.2225	0.2925	0.54875	3.8	2.43333	2.14	2.67143	2.18889	0.0085	0.162367	0.10716	0.1735	0.187344
0.12	0.88	0.27	0.27	0.12	0.73	0.5	0.5	0.5	0.12	0.05	0.5	0.5	0.12	0.88	0.73	0.95	0.27	0.12	0.12	0.57625	0.51	0.30625	0.34875	0.28	0.46	0.43	0.23125	0.3225	0.395	0.485	0.31	0.2625	0.20375	0.3075	0.59	0.57625	0.2475	0.23625	0.5775	-0.7	2.43333	3.06	1.61429	1.33333	0.2881	0.108233	0.19014	0.192729	0.227156
0.27	0.5	0.12	0.12	0.05	0.05	0.27	0.27	0.02	0.98	0.88	0.05	0.5	0.73	0.12	0.12	0.12	0.02	0.05	0.88	0.5575	0.58625	0.35375	0.42375	0.27625	0.63	0.535	0.24125	0.35375	0.21125	0.325	0.42375	0.20625	0.10875	0.42125	0.6475	0.65125	0.27875	0.23625	0.39375	4.2	2.43333	1.58	1.22857	0.477778	0.0281	0.250567	0.2276	0.254371	0.236533
0.5	0.5	0.27	0.27	0.73	0.73	0.27	0.12	0.12	0.5	0.5	0.5	0.27	0.12	0.88	0.73	0.88	0.02	0.12	0.5	0.48125	0.51	0.2875	0.3925	0.21875	0.57375	0.50625	0.18375	0.34125	0.3025	0.39125	0.34875	0.2625	0.245	0.3825	0.51125	0.4525	0.40125	0.2875	0.44125	3.8	1.6	0.12	0.128571	0.466667	0.4355	0.280467	0.31632	0.273957	0.248511
0.73	0.5	0.5	0.73	0.5	0.73	0.27	0.27	0.88	0.12	0.5	0.5	0.27	0.05	0.95	0.73	0.27	0.02	0.05	0.5	0.42375	0.53875	0.2875	0.41125	0.27625	0.51625	0.50625	0.17375	0.275	0.33125	0.39125	0.3775	0.31	0.235	0.355	0.51125	0.48125	0.4575	0.22	0.365	-3.2	-0.966667	-0.44	-0.542857	0.422222	0.3778	0.4218	0.32422	0.291086	0.275378
0.88	0.73	0.27	0.73	0.5	0.88	0.73	0.12	0.27	0.27	0.12	0.5	0.12	0.05	0.05	0.73	0.73	0.02	0.05	0.5	0.405	0.58625	0.42375	0.5275	0.28	0.5575	0.5375	0.205	0.45875	0.29375	0.33	0.39625	0.30125	0.2225	0.48	0.59625	0.47125	0.3975	0.21125	0.28875	-3.5	-3.4	-1.46	0.1	-0.388889	0.4521	0.385833	0.34428	0.311686	0.329222
0.27	0.73	0.73	0.95	0.02	0.95	0.88	0.12	0.27	0.12	0.05	0.73	0.05	0.12	0.27	0.73	0.5	0.88	0.05	0.02	0.5575	0.53875	0.395	0.5575	0.33125	0.52	0.5475	0.26125	0.51875	0.30375	0.335	0.33875	0.28125	0.21375	0.37625	0.59625	0.415	0.25875	0.23	0.34	-3.5	-2.63333	-1.46	-1	-0.355556	0.3276	0.3027	0.34364	0.378114	0.344111
0.12	0.12	0.12	0.02	0.27	0.5	0.5	0.12	0.27	0.27	0.27	0.12	0.27	0.5	0.5	0.5	0.05	1	0.98	0.05	0.605	0.64375	0.51875	0.6925	0.3	0.68	0.62375	0.34625	0.55	0.16875	0.2125	0.51875	0.1975	0.10875	0.36625	0.6725	0.49	0.2475	0.17	0.26	-0.9	-0.2	-1.52	-1.6	-1.25556	0.1284	0.2961	0.3667	0.3762	0.372889
0.5	0.73	0.5	0.88	0.5	0.27	0.88	0.12	0.73	0.12	0.27	0.5	0.5	0.12	0.12	0.5	0.5	0.95	0.27	0.12	0.52875	0.5675	0.52875	0.61375	0.18625	0.70875	0.63375	0.365	0.54	0.1875	0.18375	0.5	0.16875	0.175	0.3375	0.6725	0.38625	0.2575	0.30625	0.25125	3.8	-0.2	-0.9	-1.7	-2.06667	0.4323	0.351267	0.3607	0.363243	0.3619
0.73	0.73	0.88	0.98	0.05	0.5	0.73	0.12	0.88	0.12	0.12	0.27	0.05	0.02	0.12	0.73	0.5	0.02	0.05	0.12	0.42375	0.53875	0.425	0.5725	0.1825	0.595	0.68125	0.34625	0.47375	0.20625	0.17375	0.48125	0.25375	0.30375	0.22125	0.5675	0.38625	0.405	0.4525	0.25125	-3.5	-0.0333333	-0.98	-1.7	-1.85556	0.4931	0.449167	0.3526	0.346743	0.322056
0.73	0.5	0.5	0.73	0.05	0.5	0.73	0.95	0.98	0.05	0.02	0.27	0.27	0.12	0.27	0.73	0.27	0.02	0.27	0.05	0.37625	0.53875	0.50125	0.54625	0.135	0.5475	0.62375	0.23375	0.4425	0.24375	0.205	0.48125	0.245	0.3475	0.21125	0.53875	0.43375	0.4175	0.52875	0.3075	-0.4	-2.6	-1.5	-1.38571	-1.9	0.4221	0.400767	0.39424	0.302686	0.288567
0.5	0.73	0.5	0.27	0.05	0.88	0.5	0.95	0.27	0.05	0.12	0.88	0.05	0.27	0.27	0.5	0.27	0.05	0.5	0.27	0.38625	0.41875	0.41125	0.485	0.2575	0.415	0.5425	0.23375	0.4975	0.23125	0.24875	0.32875	0.32875	0.32875	0.1775	0.47875	0.38625	0.305	0.495	0.2925	-3.9	-2.6	-2.52	-1.81429	-1.23333	0.2871	0.3486	0.31162	0.305871	0.252589
0.27	0.5	0.73	0.5	0.05	0.73	0.73	0.27	0.5	0.5	0.27	0.73	0.27	0.27	0.27	0.73	0.5	0.05	0.5	0.5	0.415	0.5425	0.40125	0.4875	0.22625	0.49	0.57375	0.30625	0.44125	0.175	0.2025	0.42375	0.35875	0.3	0.12125	0.42125	0.385	0.1825	0.40625	0.32	-3.5	-2.9	-2.6	-2	-1.56667	0.3366	0.2143	0.24314	0.244657	0.259144
0.12	0.27	0.05	0.5	0.02	0.05	0.5	0.12	0.5	0.27	0.27	0.12	0.5	0.98	0.02	0.12	0.27	0.27	1	0.5	0.48125	0.51375	0.43	0.3925	0.23	0.6325	0.52625	0.325	0.44125	0.25125	0.23125	0.4525	0.3775	0.25875	0.14375	0.46875	0.385	0.14625	0.3725	0.42375	-1.3	-2.9	-2.02	-2.05714	-1.52222	0.0192	0.168833	0.15948	0.200986	0.214867
0.5	0.5	0.5	0.27	0.12	0.5	0.27	0.05	0.12	0.5	0.27	0.5	0.27	0.5	0.12	0.5	0.88	0.12	0.88	0.88	0.405	0.45625	0.355	0.3325	0.2175	0.605	0.4975	0.3525	0.47	0.2225	0.27875	0.43375	0.51	0.3225	0.15	0.42125	0.3375	0.25375	0.415	0.395	-3.9	-0.9	-2.02	-1.4	-1.22222	0.1507	0.0579	0.13954	0.145514	0.1999
0.12	0	0.01	0	1	0.27	0	0.12	0	0.02	0.5	0.12	0.5	0.12	0	0.02	0.12	0.01	0.01	0.12	0.37625	0.56625	0.4725	0.30875	0.1075	0.63375	0.5025	0.25875	0.485	0.33875	0.28125	0.51	0.51	0.38875	0.1375	0.4525	0.46125	0.27125	0.58125	0.5175	2.5	-1.76667	-0.48	-0.957143	-1.56667	0.0038	0.113967	0.07898	0.1557	0.1747
0.12	0.88	0.27	0.27	0.02	0.95	0.98	0.02	0.05	0.27	0.05	0.73	0.73	0.27	0.05	0.27	0.27	0.02	0.27	0.5	0.405	0.39875	0.44	0.275	0.23	0.54875	0.4275	0.18625	0.5075	0.335	0.32875	0.415	0.49	0.37	0.21625	0.3925	0.47125	0.32625	0.54875	0.47	-3.9	0.933333	-0.38	-0.957143	-1.56667	0.1874	0.075	0.14682	0.135514	0.204444
0.88	0.27	0.05	0.12	0.5	0.73	0.27	0.12	0.73	0.5	0.5	0.12	0.88	0.5	0.05	0.27	0.27	0.88	0.5	0.95	0.3675	0.475	0.4675	0.34125	0.17	0.5475	0.535	0.23125	0.47	0.25875	0.25375	0.4625	0.4525	0.31375	0.21625	0.36375	0.47125	0.21875	0.52	0.385	4.2	-0.166667	-0.3	-1.32857	-0.977778	0.0338	0.1932	0.15574	0.212029	0.222244
0.5	0.5	0.73	0.27	0.05	0.73	0.27	0.27	0.73	0.12	0.5	0.5	0.88	0.05	0.27	0.73	0.73	0.73	0.27	0.27	0.43375	0.475	0.41	0.29375	0.315	0.575	0.50625	0.26	0.49875	0.335	0.33	0.43375	0.48125	0.33875	0.1925	0.35375	0.41375	0.21875	0.48625	0.47	-0.8	-0.0333333	-1.58	-0.514286	-0.411111	0.3584	0.195833	0.26594	0.261471	0.241656
0.12	0.88	0.95	0.27	0.05	0.5	0.5	0.27	0.98	0.5	0.27	0.5	0.5	0.27	0.05	0.5	0.5	0.05	0.73	0.27	0.4525	0.4275	0.3825	0.37	0.30625	0.6325	0.535	0.31625	0.4675	0.23125	0.35875	0.43375	0.5575	0.25125	0.32375	0.41125	0.395	0.29125	0.325	0.39375	-3.5	-2.73333	-0.44	-0.328571	-0.155556	0.1953	0.3695	0.32782	0.288629	0.258422
0.73	0.27	0.5	0.27	0.05	0.88	0.88	0.27	0.5	0.27	0.05	0.73	0.12	0.27	0.95	0.27	0.5	0.5	0.5	0.27	0.42375	0.56625	0.5	0.4325	0.29125	0.6425	0.55	0.36375	0.61875	0.32	0.3575	0.4525	0.57625	0.29875	0.3025	0.5	0.4425	0.24	0.38625	0.44125	-3.9	-1.86667	-0.52	6.34413e-17	-0.233333	0.5548	0.415633	0.35984	0.304943	0.304767
0.73	0.5	0.73	0.88	0.05	0.5	0.88	0.73	0.88	0.12	0.12	0.5	0.12	0.05	0.27	0.5	0.5	0.05	0.5	0.27	0.4425	0.46125	0.47125	0.3375	0.3225	0.63375	0.46125	0.3375	0.57125	0.32	0.3575	0.4525	0.595	0.355	0.50375	0.52875	0.5	0.29625	0.415	0.44125	1.8	0.566667	-0.68	-0.342857	0.0222222	0.4968	0.415167	0.34848	0.360243	0.326022
0.27	0.5	0.27	0.27	0.73	0.27	0.27	0.5	0.73	0.5	0.88	0.27	0.73	0.73	0.05	0.5	0.27	0.12	0.5	0.5	0.405	0.46125	0.52875	0.49	0.2975	0.605	0.5375	0.36625	0.5325	0.30125	0.31	0.5	0.5	0.29875	0.54	0.52875	0.5575	0.24	0.44375	0.35625	3.8	1.33333	0.38	-0.457143	0.0555556	0.1939	0.330767	0.3936	0.363143	0.3692
0.27	0.5	0.5	0.88	0.05	0.73	0.73	0.5	0.12	0.05	0.27	0.5	0.5	0.02	0.95	0.73	0.5	0.02	0.05	0.27	0.37625	0.50875	0.4425	0.4425	0.37875	0.51875	0.55625	0.33875	0.55125	0.37625	0.3575	0.5	0.48125	0.39625	0.4275	0.4425	0.5475	0.22375	0.48125	0.41375	-1.6	1.33333	0.84	0.685714	-0.244444	0.3016	0.305467	0.35838	0.395586	0.386011
0.5	0.5	0.5	0.5	0.88	0.73	0.5	0.5	0.73	0.5	0.27	0.5	0.27	0.5	0.73	0.5	0.5	0.05	0.27	0.5	0.395	0.49	0.3575	0.51875	0.275	0.5475	0.61375	0.3675	0.4625	0.29125	0.33875	0.52875	0.48125	0.3175	0.51125	0.47125	0.51875	0.27625	0.39625	0.41375	1.8	-0.466667	1.38	0.742857	-0.288889	0.4209	0.367067	0.3435	0.389143	0.418367
0.27	0.27	0.27	0.12	0.27	0.5	0.27	0.27	0.05	0.12	0.12	0.5	0.88	0.5	0.98	0.73	0.73	0.02	0.5	0.5	0.395	0.5475	0.43375	0.56625	0.43625	0.5575	0.5475	0.39625	0.5475	0.33875	0.36625	0.5	0.39625	0.3175	0.395	0.5	0.5375	0.3275	0.3675	0.4425	-1.6	1.56667	-0.08	-0.0714286	0.0666667	0.3787	0.407333	0.40666	0.387671	0.406922
0.12	0.27	0.05	0.73	0.98	0.27	0.27	0.12	0.27	0.73	0.88	0.27	0.73	0.73	0.12	0.27	0.5	0.5	0.73	0.5	0.35625	0.5475	0.4325	0.41375	0.3475	0.58625	0.47125	0.3575	0.52	0.33875	0.31875	0.5	0.49125	0.345	0.5025	0.5575	0.56625	0.38	0.38625	0.5	4.5	-0.2	-0.54	-0.714286	0.366667	0.4224	0.436933	0.44364	0.424514	0.377244
0.27	0.88	0.27	0.5	0.02	0.5	0.88	0.05	0.27	0.27	0.27	0.73	0.5	0.12	0.27	0.27	0.88	0.5	0.12	0.5	0.3375	0.47125	0.43375	0.47125	0.3825	0.58625	0.42375	0.3375	0.53875	0.39625	0.31875	0.47125	0.52	0.3925	0.54	0.5575	0.5475	0.48375	0.49125	0.5	-3.5	-0.966667	-1.04	0.157143	-0.144444	0.5097	0.472867	0.44982	0.414243	0.408111
0.5	0.73	0.27	0.5	0.05	0.73	0.73	0.5	0.88	0.27	0.12	0.73	0.27	0.12	0.5	0.5	0.27	0.5	0.27	0.5	0.30875	0.51875	0.43375	0.395	0.37875	0.52875	0.41375	0.2525	0.51	0.4525	0.36625	0.5	0.5775	0.4525	0.48375	0.5	0.62375	0.59125	0.5575	0.52875	-3.9	-2.7	0.18	-0.214286	-0.4	0.4865	0.482667	0.42002	0.4215	0.435167
0.5	0.5	0.88	0.27	0.73	0.73	0.12	0.27	0.5	0.27	0.12	0.5	0.05	0.27	0.27	0.73	0.88	0.88	0.5	0.5	0.30875	0.5475	0.3575	0.42375	0.29375	0.5	0.49	0.2525	0.5575	0.4525	0.36625	0.52875	0.6625	0.43375	0.48375	0.47125	0.5475	0.5525	0.58625	0.52875	-0.7	-0.0333333	-0.88	-0.542857	-0.4	0.4518	0.389333	0.42988	0.445271	0.434433
0.27	0.5	0.5	0.27	0.05	0.5	0.27	0.27	0.88	0.73	0.5	0.27	0.73	0.5	0.27	0.5	0.5	0.95	0.88	0.73	0.36625	0.57625	0.43375	0.47125	0.35125	0.52875	0.5	0.28125	0.61375	0.4425	0.3375	0.5575	0.50125	0.405	0.42375	0.47125	0.56625	0.66	0.5675	0.5	4.5	1	-0.96	-0.928571	-0.655556	0.2297	0.3844	0.43696	0.444114	0.455133
0.27	0.5	0.5	0.5	0.05	0.5	0.5	0.27	0.88	0.5	0.27	0.5	0.73	0.5	0.5	0.5	0.5	0.95	0.73	0.5	0.4425	0.605	0.46125	0.41375	0.235	0.5575	0.52875	0.37625	0.595	0.4425	0.31875	0.58625	0.44375	0.3475	0.38625	0.47125	0.5375	0.60375	0.52875	0.52875	-0.8	-0.0666667	0.18	-0.985714	-1.2	0.4717	0.4155	0.42252	0.452014	0.468822
0.27	0.73	0.5	0.27	0.05	0.5	0.5	0.27	0.5	0.5	0.5	0.73	0.73	0.5	0.73	0.5	0.5	0.88	0.73	0.5	0.47125	0.57625	0.51875	0.41375	0.295	0.605	0.4525	0.385	0.67125	0.47125	0.29	0.52875	0.415	0.395	0.38625	0.5	0.49	0.55625	0.57625	0.5575	-3.9	-0.966667	-0.46	-0.485714	-1.2	0.5451	0.477033	0.44516	0.460457	0.467222
0.5	0.5	0.5	0.5	0.88	0.5	0.5	0.27	0.73	0.5	0.27	0.5	0.73	0.5	0.5	0.5	0.5	0.12	0.73	0.5	0.41375	0.605	0.51875	0.3375	0.1875	0.605	0.395	0.385	0.56625	0.47125	0.3375	0.5	0.39625	0.395	0.475	0.4525	0.5475	0.59125	0.5575	0.58625	1.8	-2	-1.44	-0.885714	-0.944444	0.4143	0.508133	0.50834	0.466671	0.465478
0.5	0.5	0.5	0.5	0.05	0.5	0.5	0.5	0.88	0.5	0.27	0.5	0.27	0.5	0.5	0.5	0.5	0.95	0.73	0.5	0.385	0.6525	0.4425	0.3375	0.20625	0.605	0.4425	0.3375	0.57625	0.47125	0.3375	0.5475	0.4625	0.395	0.55125	0.395	0.47125	0.38375	0.58625	0.615	-3.9	-0.833333	-1.98	-1.75714	-1.36667	0.565	0.5083	0.51306	0.501114	0.465067
0.73	0.5	0.27	0.5	0.05	0.5	0.73	0.88	0.12	0.5	0.5	0.73	0.27	0.27	0.05	0.27	0.27	0.05	0.27	0.5	0.385	0.6525	0.47125	0.3375	0.20625	0.6525	0.49	0.29	0.6525	0.395	0.26125	0.5475	0.43375	0.395	0.6925	0.4525	0.5	0.38	0.54	0.5575	-0.4	-2.6	-1.52	-2.28571	-2.25556	0.5456	0.5353	0.4982	0.497743	0.487322
0.5	0.88	0.73	0.27	0.5	0.88	0.27	0.12	0.5	0.5	0.27	0.5	0.27	0.5	0.5	0.5	0.5	0.05	0.5	0.73	0.395	0.57625	0.35375	0.3375	0.145	0.54875	0.5475	0.35375	0.4975	0.36625	0.31875	0.57625	0.345	0.305	0.69875	0.3675	0.47125	0.2625	0.4225	0.5	-3.5	-1.83333	-2.78	-2.22857	-2.34444	0.4953	0.5039	0.50496	0.4813	0.455122
0.27	0.73	0.27	0.12	0.02	0.73	0.27	0.5	0.27	0.27	0.27	0.27	0.12	0.12	0.98	0.12	0.73	0.02	0.12	0.73	0.4525	0.56625	0.41125	0.385	0.205	0.59625	0.5475	0.30625	0.52625	0.3475	0.31875	0.605	0.335	0.32375	0.6575	0.415	0.47125	0.1625	0.39375	0.5	-1.6	-3.2	-2.7	-2.71429	-2.3	0.4708	0.4714	0.47796	0.4481	0.450478
0.27	0.88	0.27	0.27	0.05	0.73	0.5	0.12	0.73	0.27	0.12	0.88	0.12	0.27	0.88	0.27	0.27	0.05	0.73	0.73	0.4525	0.49125	0.355	0.30625	0.0975	0.59625	0.4625	0.3225	0.38375	0.395	0.36625	0.4725	0.2775	0.33375	0.67	0.3675	0.52875	0.2625	0.3175	0.56	-4.5	-3.2	-2.94	-2.65714	-2.03333	0.4481	0.449633	0.40522	0.439286	0.413911
0.5	0.5	0.5	0.27	0.05	0.88	0.88	0.27	0.73	0.12	0.12	0.5	0.5	0.27	0.95	0.73	0.5	0.02	0.05	0.27	0.37625	0.5675	0.2975	0.25875	0.125	0.5775	0.38625	0.2475	0.365	0.41375	0.36625	0.52	0.25875	0.33375	0.61375	0.33875	0.5475	0.23875	0.43375	0.6175	-3.5	-3.2	-2.94	-2	-1.74444	0.43	0.353333	0.40682	0.373514	0.398978
0.12	0.27	0.02	0.27	0.01	0.05	0.5	0.02	0.02	0.27	0.5	0.5	0.02	0.01	1	0.05	0.5	0.01	0.02	0.27	0.395	0.54875	0.33875	0.2025	0.13	0.625	0.3575	0.18375	0.45375	0.45125	0.3475	0.4625	0.3475	0.33875	0.61625	0.48125	0.62375	0.23625	0.41	0.67375	-1.6	-2.86667	-1.78	-1.68571	-1.77778	0.1819	0.371733	0.3297	0.364271	0.357767
0.5	0.5	0.5	0.5	0.05	0.73	0.5	0.27	0.5	0.12	0.5	0.73	0.5	0.27	0.88	0.5	0.73	0.05	0.12	0.5	0.3	0.50125	0.22125	0.155	0.0775	0.4925	0.33875	0.14375	0.365	0.47	0.405	0.405	0.345	0.3625	0.575	0.425	0.62375	0.34375	0.42625	0.61625	-3.5	-0.3	-1.14	-1.55714	-0.966667	0.5033	0.2568	0.3262	0.321971	0.347689
0.5	0.05	0.05	0.02	0.05	0.5	0.05	0.02	0.05	0.88	0.5	0.05	0.27	0.73	0.5	0.27	0.5	0.95	0.73	0.98	0.32875	0.48125	0.25	0.23375	0.09	0.46375	0.42375	0.14625	0.4975	0.3475	0.405	0.47125	0.365	0.305	0.62375	0.50125	0.57625	0.24375	0.445	0.48	4.2	-0.2	-0.58	-0.371429	-0.966667	0.0852	0.3397	0.27514	0.315757	0.337344
0.12	0.73	0.27	0.12	0.27	0.5	0.27	0.05	0.73	0.5	0.27	0.5	0.5	0.5	0.12	0.73	0.88	0.73	0.98	0.5	0.37625	0.32	0.20375	0.25	0.11875	0.435	0.3675	0.13375	0.38375	0.36375	0.43375	0.3675	0.33625	0.30125	0.68625	0.4725	0.51	0.26625	0.325	0.45125	-1.3	0.733333	0.5	-0.1	-0.644444	0.4306	0.230167	0.31968	0.308286	0.315044
0.5	0.12	0.12	0.05	0.05	0.05	0.12	0.12	0.12	0.95	0.73	0.27	0.5	0.05	0.12	0.73	0.88	0.02	0.05	0.95	0.32875	0.34875	0.25125	0.25875	0.1425	0.415	0.3675	0.10625	0.4025	0.295	0.37625	0.34875	0.33625	0.33875	0.69	0.5	0.53875	0.35375	0.4375	0.37625	-0.7	0.6	0.88	-0.1	-0.344444	0.1747	0.336633	0.29456	0.317643	0.321078
0.12	0.73	0.27	0.12	0.12	0.5	0.12	0.05	0.27	0.5	0.73	0.27	0.73	0.95	0.05	0.5	0.73	0.95	0.73	0.5	0.42375	0.34875	0.2925	0.25	0.16625	0.415	0.39625	0.14625	0.4725	0.3325	0.3475	0.3775	0.32	0.23125	0.68375	0.61375	0.58625	0.23875	0.365	0.4325	3.8	0.5	-0.28	0.285714	-0.666667	0.4046	0.319	0.327	0.314929	0.3738
0.5	0.12	0.05	0.27	0.12	0.27	0.5	0.27	0.88	0.05	0.27	0.12	0.05	0.12	0.99	0.5	0.12	0.12	0.88	0.12	0.37625	0.425	0.29125	0.26	0.19375	0.38625	0.405	0.11875	0.425	0.4075	0.3575	0.3675	0.3575	0.31625	0.51875	0.585	0.6625	0.44625	0.34625	0.48	-1.6	0.2	-0.18	-0.957143	-0.666667	0.3777	0.343233	0.33774	0.396529	0.396011
0.27	0.27	0.12	0.5	0.5	0.5	0.27	0.05	0.5	0.02	0.12	0.5	0.12	0.01	1	0.5	0.12	0.01	0.02	0.02	0.3575	0.415	0.31	0.24375	0.17375	0.41375	0.54625	0.1775	0.52875	0.335	0.3475	0.3475	0.34875	0.33	0.565	0.585	0.63375	0.375	0.39625	0.46125	-1.6	-1.33333	-0.94	-1.27143	-1.52222	0.2474	0.3698	0.43408	0.435471	0.435667
0.5	0.12	0.73	0.27	0.02	0.27	0.73	0.12	0.27	0.02	0.12	0.12	0.5	0.12	0.98	0.95	0.73	0.01	0.02	0.12	0.3475	0.405	0.215	0.2725	0.215	0.41375	0.47	0.19625	0.48125	0.36375	0.42375	0.36625	0.34875	0.2875	0.64375	0.47125	0.51	0.34625	0.3075	0.4775	-0.8	-2.3	-2.4	-1.67143	-1.16667	0.4843	0.4627	0.4938	0.473671	0.412433
0.5	0.88	0.5	0.27	0.27	0.5	0.73	0.27	0.73	0.12	0.27	0.73	0.12	0.05	0.88	0.73	0.73	0.02	0.12	0.27	0.3475	0.32875	0.32	0.3	0.18375	0.44125	0.54625	0.19625	0.4425	0.2475	0.37625	0.31875	0.3675	0.3525	0.7325	0.49875	0.49125	0.34875	0.30375	0.4025	-4.5	-2.93333	-2.78	-1.94286	-1.16667	0.6564	0.614633	0.50668	0.447514	0.464911
0.5	0.5	0.27	0.73	0.27	0.27	0.95	0.27	0.73	0.27	0.12	0.5	0.12	0.12	0.5	0.27	0.73	0.88	0.12	0.5	0.36625	0.3475	0.3775	0.26125	0.17125	0.47	0.56625	0.3125	0.47125	0.16875	0.31875	0.42375	0.2825	0.2275	0.865	0.55625	0.43375	0.125	0.215	0.3175	-3.5	-3.83333	-2.08	-1.81429	-2.02222	0.7032	0.600567	0.5015	0.485986	0.490344
0.12	0.12	0.27	0.12	0.27	0.95	0.95	0.27	0.5	0.27	0.27	0.27	0.27	0.73	0.88	0.27	0.27	0.27	0.27	0.73	0.36625	0.41375	0.49	0.395	0.1575	0.46125	0.61375	0.38875	0.50875	0.16375	0.2725	0.5475	0.2725	0.1375	0.69625	0.5275	0.49125	0.1875	0.08875	0.27625	-3.5	-1.7	-2.06	-2.14286	-2.23333	0.4421	0.4556	0.53404	0.541143	0.509644
0.27	0.5	0.12	0.12	0.12	0.27	0.12	0.27	0.12	0.73	0.88	0.27	0.88	0.27	0.73	0.27	0.5	0.5	0.27	0.73	0.32875	0.42375	0.585	0.395	0.11625	0.575	0.775	0.445	0.6125	0.11875	0.1875	0.595	0.19625	0.20875	0.7	0.55625	0.53875	0.16	0.10125	0.28875	1.9	-0.766667	-1.94	-2.52857	-2.44444	0.2215	0.436867	0.52946	0.550729	0.525378
0.5	0.27	0.73	0.27	0.05	0.5	0.73	0.27	0.27	0.12	0.5	0.5	0.27	0.5	0.73	0.73	0.73	0.05	0.12	0.5	0.3475	0.4525	0.53625	0.37625	0.12875	0.51875	0.64125	0.445	0.56625	0.255	0.2825	0.5575	0.225	0.18	0.58	0.41375	0.51	0.24875	0.1325	0.42125	-0.7	-0.9	-1.94	-2.38571	-1.88889	0.647	0.500667	0.4991	0.512529	0.4741
0.27	0.5	0.5	0.27	0.02	0.5	0.5	0.98	0.5	0.02	0.12	0.88	0.05	0.02	0.73	0.5	0.27	0.02	0.02	0.05	0.32875	0.32875	0.6125	0.37625	0.105	0.49	0.6125	0.32875	0.46125	0.315	0.35875	0.48125	0.3	0.2675	0.47625	0.4425	0.6	0.2525	0.145	0.50625	-3.9	-2.7	-1.94	-1.28571	-1.47778	0.6335	0.610633	0.48848	0.415329	0.438011
0.12	0.27	0.95	0.73	0.01	0.88	0.88	0.88	0.95	0.01	0.05	0.88	0.12	0.01	0.02	0.27	0.12	0.01	0.02	0.02	0.29125	0.29625	0.5225	0.2275	0.075	0.41	0.4475	0.3075	0.315	0.3925	0.47625	0.42	0.3675	0.345	0.50375	0.43875	0.53375	0.14625	0.1925	0.53875	-3.5	-3.63333	-1.48	-0.9	-0.666667	0.5514	0.524633	0.44874	0.399543	0.361678
0.12	0.73	0.73	0.5	0.02	0.73	0.73	0.5	0.95	0.12	0.05	0.88	0.12	0.12	0.88	0.73	0.73	0.02	0.12	0.12	0.31	0.315	0.6075	0.2475	0.04625	0.34375	0.41	0.3275	0.34375	0.43625	0.47625	0.44875	0.3675	0.255	0.30125	0.41	0.5425	0.11375	0.16125	0.545	-3.5	-0.933333	-1.5	-0.628571	-0.355556	0.389	0.321067	0.38566	0.370214	0.344222
0.88	0.12	0.95	0.27	0.05	0.05	0.27	0.12	0.05	0.5	0.5	0.05	0.12	0.12	0.02	0.27	0.73	0.27	0.12	0.95	0.1825	0.32875	0.565	0.26125	0.1525	0.395	0.4525	0.34125	0.44125	0.2975	0.325	0.51875	0.2575	0.22125	0.3175	0.43375	0.48	0.02	0.1275	0.365	4.2	-0.0333333	0.04	-0.628571	-0.288889	0.0228	0.2478	0.2622	0.3185	0.320033
0.12	0.12	0.88	0.27	0.05	0.27	0.27	0.05	0.12	0.5	0.5	0.5	0.5	0.27	0.05	0.73	0.99	0.02	0.12	0.5	0.24875	0.3575	0.51625	0.26125	0.1525	0.39625	0.47125	0.3225	0.50875	0.345	0.35375	0.4625	0.2675	0.2025	0.2375	0.3475	0.41875	0.16375	0.2225	0.42125	-0.8	2.4	0.6	0.285714	0.211111	0.3316	0.123533	0.20892	0.228543	0.277089
0.05	0.01	0	0	0.02	0.01	0.01	0	0.01	0.88	0.99	0.01	0.73	0.73	0.01	0.01	0.05	0.02	0.5	0.73	0.34625	0.31	0.565	0.2625	0.15625	0.36875	0.4425	0.22125	0.46125	0.405	0.31125	0.41625	0.26625	0.145	0.1525	0.4375	0.53625	0.16125	0.175	0.51	3.8	0.766667	1.8	1.32857	1.11111	0.0162	0.210933	0.13188	0.186986	0.207767
0.27	0.73	0.73	0.05	0.05	0.27	0.5	0.05	0.73	0.73	0.27	0.5	0.27	0.12	0.12	0.5	0.95	0.02	0.12	0.88	0.3375	0.29625	0.44625	0.2275	0.1575	0.26	0.33375	0.11125	0.34375	0.4375	0.42875	0.33625	0.32375	0.25375	0.15125	0.46125	0.51875	0.175	0.2825	0.5225	-0.7	1.86667	1.72	2.42857	1.06667	0.285	0.101667	0.17942	0.132786	0.174456
0.01	0	0	0	1	0	0	0	0	0	0.12	0	0	0	0	0	0	0	0	0.12	0.4175	0.33	0.55625	0.28125	0.03875	0.265	0.33875	0.17875	0.37875	0.52	0.4475	0.35125	0.345	0.255	0.05875	0.495	0.5525	0.17625	0.285	0.605	2.5	1.86667	2.72	1.27143	1.41111	0.0038	0.1831	0.11502	0.165471	0.154756
0.27	0.5	0.27	0.27	0.05	0.73	0.88	0.05	0.88	0.5	0.73	0.5	0.73	0.5	0.12	0.5	0.5	0.95	0.88	0.5	0.3375	0.25875	0.41	0.22	0.1575	0.1825	0.20125	0.19125	0.29625	0.42875	0.3425	0.28875	0.25375	0.3025	0.0475	0.46125	0.405	0.03875	0.25125	0.4725	3.8	3.5	1.18	1.32857	1.25556	0.2605	0.0913	0.1621	0.148343	0.153889
0.98	0.01	0.01	0.01	0.02	0.02	0.01	0.12	0.01	0.88	0.27	0.02	0.27	0.02	0.01	0.5	0.27	0	0.02	0.99	0.2675	0.32	0.4425	0.225	0.17	0.2525	0.2825	0.17875	0.50875	0.325	0.34375	0.32	0.2825	0.43875	0.1175	0.40375	0.34375	0.17	0.46875	0.355	4.2	1.36667	1.24	1.18571	1.2	0.0096	0.1739	0.14744	0.148171	0.138778
0.27	0.88	0.73	0.5	0.05	0.27	0.5	0.05	0.73	0.12	0.27	0.73	0.12	0.27	0.12	0.95	0.88	0.12	0.5	0.27	0.35125	0.21	0.35375	0.165	0.16375	0.235	0.22125	0.1875	0.45125	0.31	0.22	0.23125	0.21	0.31625	0.2275	0.3525	0.295	0.1525	0.36125	0.35375	-3.9	-0.0333333	1.3	1.1	0.6	0.2516	0.157633	0.14968	0.1354	0.161656
0.5	0.27	0.88	0.88	0.02	0.5	0.27	0.99	0.5	0.05	0.05	0.5	0.02	0.01	0.02	0.5	0.05	0.01	0.02	0.02	0.38	0.2575	0.25875	0.145	0.16375	0.235	0.27875	0.12625	0.395	0.23	0.22875	0.26	0.2225	0.335	0.35	0.40875	0.28625	0.17875	0.40875	0.29	-0.4	-0.5	0.28	0.514286	0.588889	0.2117	0.159433	0.1367	0.166586	0.1676
0.5	0.05	0.05	0.05	0.05	0.12	0.05	0.27	0.27	0.27	0.27	0.05	0.12	1	0.05	0.5	0.05	0.12	0.73	0.27	0.44125	0.31875	0.425	0.3675	0.0375	0.345	0.41625	0.25	0.515	0.2175	0.1925	0.35	0.225	0.21375	0.465	0.47125	0.32	0.1675	0.335	0.30625	2.8	0.366667	-0.88	-0.142857	-0.0777778	0.015	0.140767	0.1792	0.177729	0.209033
0.27	0.12	0.88	0.05	0.12	0.12	0.05	0.02	0.95	0.05	0.05	0.27	0.27	0.88	0.5	0.27	0.27	0.12	1	0.05	0.49875	0.25	0.29375	0.33625	0.02875	0.2875	0.3125	0.29	0.3225	0.30625	0.22	0.26625	0.14875	0.2	0.45625	0.4525	0.2925	0.05125	0.1975	0.38125	-1.3	-0.0333333	-0.26	-1.24286	0	0.1956	0.144233	0.19658	0.230171	0.193722
0.01	0	0.01	0.01	0	0.12	0.01	0	0.27	0	0	0.01	0	0	1	0.05	0.27	0	0.12	0	0.4425	0.32625	0.51125	0.37375	0.04375	0.395	0.4075	0.31125	0.46875	0.20875	0.19875	0.3875	0.16375	0.34125	0.4075	0.50875	0.36875	0.1575	0.3675	0.27875	-1.6	-1.23333	-0.88	-0.0428571	-0.266667	0.2221	0.252067	0.22958	0.211757	0.231233
0.73	0.5	0.12	0.27	0.02	0.5	0.73	0.5	0.05	0.02	0.12	0.5	0.27	0.01	1	0.5	0.05	0.12	0.02	0.12	0.325	0.155	0.4075	0.27875	0.0375	0.315	0.25625	0.2425	0.40625	0.31375	0.24125	0.23625	0.20625	0.34	0.39375	0.34	0.30125	0.13	0.40875	0.35375	-0.8	-1.96667	-0.54	0.271429	0.633333	0.3385	0.312433	0.25112	0.231114	0.212878
0.5	0.27	0.5	0.95	0.02	0.5	0.88	0.27	0.73	0.12	0.05	0.27	0.12	0.02	0.95	0.5	0.27	0.02	0.12	0.5	0.30625	0.26	0.3125	0.1175	0.04125	0.34375	0.295	0.15375	0.32125	0.31	0.2775	0.265	0.285	0.3525	0.40375	0.36875	0.38625	0.15625	0.4275	0.3375	-3.5	0.0666667	0.08	0.471429	0.288889	0.3767	0.2793	0.28144	0.241314	0.227744
0.5	0.02	0.05	0.02	0.05	0.27	0.05	0.12	0.02	0.99	0.73	0.05	0.27	0.27	0.5	0.12	0.5	0.02	0.05	0.88	0.24375	0.285	0.3625	0.2275	0.03125	0.3575	0.3925	0.13875	0.37625	0.17	0.1925	0.28625	0.285	0.23	0.45375	0.35375	0.35125	0.26625	0.35125	0.25625	4.5	0.933333	1.24	0.157143	-0.122222	0.1227	0.2822	0.2543	0.262729	0.228389
0.27	0.5	0.88	0.27	0.02	0.88	0.73	0.27	0.5	0.05	0.05	0.73	0.12	0.27	0.12	0.73	0.88	0.73	0.5	0.12	0.2725	0.24375	0.16375	0.19625	0.02625	0.3575	0.36375	0.12	0.23125	0.315	0.38125	0.25875	0.38	0.23	0.44125	0.2775	0.3325	0.225	0.26125	0.37875	1.8	3.5	0.7	0.257143	-0.366667	0.3472	0.185433	0.2557	0.233971	0.233867
0.05	0.01	0.01	0	0.02	0.01	0.01	0	0.01	0.98	0.73	0.01	0.73	0.27	0.01	0.05	0.12	0.02	0.73	0.99	0.31375	0.4275	0.28625	0.24375	0.0325	0.5425	0.515	0.16	0.35	0.21375	0.31125	0.47125	0.3375	0.23125	0.33625	0.39	0.40875	0.32	0.22	0.30375	4.2	0.833333	1.22	-0.128571	-0.277778	0.0864	0.2597	0.18452	0.2206	0.231378
0.12	0.88	0.5	0.27	0.05	0.73	0.73	0.05	0.5	0.12	0.27	0.5	0.5	0.12	0.05	0.73	0.95	0.12	0.27	0.27	0.22875	0.31875	0.335	0.3	0.02625	0.42375	0.3675	0.1825	0.345	0.31875	0.355	0.38125	0.33375	0.24875	0.2075	0.2575	0.30125	0.2925	0.27625	0.37875	-3.5	-0.0666667	-0.38	0.257143	-0.577778	0.3455	0.1509	0.20896	0.195314	0.261878
0	0	0	0	0	0	0	0	0	0.02	0.27	0	0.27	0.27	0	0	0	1	0.05	0	0.19625	0.41	0.3975	0.30625	0.03125	0.4675	0.3825	0.28	0.3175	0.31625	0.35125	0.425	0.34875	0.2275	0.10125	0.32	0.3925	0.18	0.28875	0.35	-0.9	-2.63333	-0.9	-0.885714	-0.233333	0.0208	0.203733	0.17946	0.265357	0.300622
0.27	0.27	0.12	0.05	0.05	0.73	0.5	0.02	0.27	0.27	0.88	0.73	0.88	0.88	0.02	0.27	0.5	0.5	0.73	0.27	0.13375	0.43625	0.43875	0.3125	0.02125	0.465	0.42375	0.2775	0.3725	0.17625	0.19875	0.4375	0.2725	0.12375	0.0425	0.33375	0.33	0.2425	0.20375	0.2975	-3.5	-1.73333	-2.44	-1.2	-1.12222	0.2449	0.155133	0.28478	0.319386	0.362211
0.12	0.98	0.12	0.12	0.05	0.73	0.5	0.05	0.73	0.12	0.12	0.99	0.27	0.01	0.05	0.27	0.12	0.05	0.02	0.27	0.1525	0.3	0.3625	0.3325	0.02	0.38875	0.45125	0.2425	0.25875	0.2225	0.3025	0.405	0.34875	0.2	0.1475	0.305	0.30125	0.29875	0.2325	0.31625	-0.8	-2.6	-1.82	-2.3	-1.5	0.1997	0.352533	0.36076	0.403757	0.377478
0.12	0.5	1	0.99	0	0.27	0.27	0.73	0.5	0	0.01	0.27	0.01	0	0.01	0.12	0.02	0	0.01	0	0.18	0.3925	0.2575	0.23875	0.03875	0.555	0.57	0.16375	0.2925	0.225	0.31625	0.5275	0.38125	0.1825	0.185	0.40875	0.36125	0.305	0.14875	0.3175	-3.5	-1.56667	-2.34	-2.02857	-2.35556	0.613	0.5127	0.492	0.423629	0.416622
0.12	0.12	0.5	0.73	0.01	0.12	0.27	1	0.01	0	0.02	0.12	0.01	0	0.05	0.27	0.05	0	0	0	0.19875	0.42125	0.32	0.32875	0.03375	0.5925	0.58875	0.13875	0.3825	0.24375	0.29625	0.575	0.33375	0.17375	0.23625	0.39	0.34875	0.2925	0.13125	0.29875	-0.4	-2.46667	-1.96	-2.4	-2.35556	0.7254	0.6718	0.53994	0.483329	0.449678
0.27	0.5	0.5	0.12	0.02	0.98	0.88	0.12	0.73	0.12	0.12	0.88	0.27	0.05	0.05	0.5	0.5	0.02	0.05	0.73	0.21375	0.43625	0.43	0.515	0.035	0.57625	0.60375	0.3675	0.32625	0.2325	0.265	0.5425	0.2825	0.14	0.29875	0.42375	0.355	0.1675	0.13375	0.21375	-3.5	-1.83333	-2.5	-2.4	-2.64444	0.677	0.629	0.58774	0.5402	0.510622
0.27	0.12	0.27	0.5	0.01	0.27	0.95	0.02	0.05	0.27	0.12	0.73	0.12	0.01	0.99	0.5	0.27	0.73	0.02	0.27	0.2425	0.48375	0.50625	0.52375	0.045	0.6075	0.62375	0.44	0.41125	0.27125	0.18875	0.485	0.25375	0.0975	0.19375	0.4525	0.38375	0.0225	0.15625	0.3475	-1.6	-2.86667	-2.5	-2.78571	-2.4	0.4846	0.533433	0.59374	0.593	0.512044
0.27	0.27	0.05	0.12	0.12	0.88	0.73	0.05	0.05	0.88	0.73	0.27	0.73	0.12	0.27	0.73	0.5	0.02	0.05	0.73	0.26125	0.37625	0.5525	0.6475	0.05875	0.53125	0.69875	0.46375	0.3825	0.2425	0.1125	0.51	0.1775	0.0975	0.31125	0.48125	0.4025	0.13875	0.165	0.36625	-3.5	-2.86667	-3.12	-2.47143	-2.74444	0.4387	0.5221	0.56252	0.542243	0.5588
0.27	0.73	0.5	0.73	0.02	0.88	0.88	0.12	0.73	0.27	0.12	0.73	0.12	0.05	0.5	0.73	0.88	0.02	0.12	0.12	0.28	0.31875	0.48125	0.51	0.0775	0.6075	0.7375	0.3975	0.32625	0.33375	0.2025	0.4525	0.315	0.12125	0.3725	0.5575	0.4625	0.14125	0.18875	0.4575	-3.5	-3.5	-2.68	-2.97143	-2.43333	0.643	0.550333	0.47866	0.527257	0.527722
0.27	0.5	0.88	0.88	0.02	0.73	0.73	0.95	0.27	0.05	0.12	0.5	0.12	0.05	0.5	0.5	0.5	0.02	0.12	0.05	0.29875	0.42375	0.38625	0.40625	0.0825	0.62625	0.75625	0.23125	0.47375	0.42375	0.23375	0.5	0.3475	0.155	0.38125	0.6625	0.62625	0.175	0.2225	0.52875	-3.5	-2.76667	-3.14	-2.57143	-2.46667	0.5693	0.49	0.50584	0.478157	0.488378
0.5	0.27	0.5	0.5	0.12	0.27	0.73	0.5	0.27	0.73	0.27	0.12	0.5	0.5	0.12	0.5	0.5	0.05	0.88	0.88	0.27	0.4525	0.43375	0.54875	0.0825	0.6525	0.70875	0.36375	0.47375	0.3575	0.215	0.5	0.3	0.1075	0.5325	0.69125	0.655	0.17125	0.1275	0.3675	-1.3	-2.9	-2.58	-2.44286	-2.25556	0.2577	0.4825	0.48476	0.461971	0.483944
0.27	0.27	0.27	0.73	0.27	0.73	0.88	0.27	0.5	0.5	0.12	0.73	0.27	0.12	0.27	0.73	0.5	0.27	0.12	0.88	0.3275	0.44375	0.4625	0.49125	0.065	0.62375	0.605	0.39625	0.45375	0.415	0.31	0.3475	0.37625	0.245	0.5125	0.615	0.655	0.08625	0.2825	0.425	-3.9	-1.96667	-2.02	-2.17143	-2.25556	0.6205	0.403833	0.43042	0.490314	0.469311
0.27	0.5	0.88	0.5	0.05	0.88	0.73	0.27	0.73	0.12	0.12	0.27	0.5	0.12	0.73	0.73	0.88	0.02	0.27	0.12	0.3275	0.4725	0.395	0.51125	0.08375	0.58625	0.595	0.42375	0.43375	0.4625	0.31	0.43375	0.3475	0.26375	0.455	0.615	0.63625	0.12125	0.2725	0.52	-0.7	-1.76667	-1.64	-1.9	-1.4	0.3333	0.4417	0.44398	0.448871	0.483
0.27	0.73	0.12	0.05	0.05	0.12	0.27	0.5	0.73	0.5	0.27	0.27	0.27	0.27	0.12	0.88	0.98	0.27	0.27	0.5	0.35625	0.415	0.46125	0.53875	0.0875	0.6625	0.605	0.395	0.405	0.415	0.33875	0.43375	0.42375	0.34875	0.5875	0.5675	0.5475	0.09375	0.29125	0.4725	-0.7	-1	-1.7	-0.8	-0.588889	0.3713	0.447233	0.46302	0.447814	0.490167
0.27	0.5	0.5	0.88	0.12	0.73	0.5	0.73	0.73	0.27	0.12	0.5	0.27	0.12	0.88	0.73	0.73	0.02	0.05	0.27	0.35625	0.415	0.42625	0.41625	0.07875	0.605	0.5475	0.28125	0.43375	0.44	0.34875	0.43375	0.415	0.36375	0.52125	0.63375	0.55	0.125	0.31	0.51	-1.6	-1.3	-0.08	-0.0714286	-0.588889	0.6371	0.453767	0.4513	0.512071	0.482922
0.5	0.05	0.27	0.27	0.02	0.5	0.27	0.05	0.12	0.5	0.73	0.12	0.5	0.73	0.98	0.12	0.27	0.27	0.5	0.73	0.3275	0.47125	0.48375	0.4925	0.0825	0.6625	0.51875	0.4225	0.49125	0.32625	0.245	0.57625	0.38625	0.23125	0.55625	0.73875	0.63625	0.09	0.15875	0.3575	-1.6	0.333333	0.82	-0.0142857	-0.533333	0.3529	0.5173	0.52614	0.495443	0.552389
0.27	0.73	0.12	0.05	0.05	0.73	0.5	0.27	0.12	0.88	0.73	0.5	0.73	0.27	0.27	0.73	0.73	0.05	0.12	0.73	0.325	0.3675	0.59125	0.55375	0.04625	0.57625	0.41375	0.4525	0.435	0.2175	0.23125	0.4525	0.33	0.275	0.7025	0.58625	0.5225	0.08375	0.1925	0.24875	4.2	2.13333	0.26	-0.0285714	-0.488889	0.5619	0.540767	0.5527	0.573957	0.565989
0.5	0.5	0.27	0.5	0.05	0.73	0.5	0.12	0.5	0.27	0.5	0.73	0.5	0.88	0.95	0.5	0.27	0.05	0.27	0.12	0.2775	0.34875	0.55375	0.46875	0.07375	0.5	0.35625	0.56125	0.3875	0.28125	0.25125	0.4525	0.3025	0.19	0.5325	0.58625	0.485	0.20625	0.2025	0.3125	3.8	1.5	0.42	-0.428571	-0.455556	0.7075	0.591167	0.60186	0.627043	0.577144
0.27	0.27	0.98	0.73	0.02	0.88	0.5	0.27	0.5	0.02	0.05	0.73	0.05	0.02	0.73	0.88	0.27	0.02	0.05	0.12	0.2875	0.34875	0.45625	0.44	0.0775	0.48125	0.32875	0.48625	0.31125	0.25625	0.33625	0.51	0.33125	0.27	0.55125	0.5475	0.48625	0.17875	0.2025	0.25625	-3.5	-0.166667	0.04	-0.257143	-0.466667	0.5041	0.698167	0.67986	0.597986	0.5614
0.5	0.27	0.73	0.5	0.05	0.5	0.27	0.95	0.12	0.05	0.05	0.88	0.5	0.05	0.5	0.73	0.73	0.02	0.12	0.12	0.23125	0.2925	0.4275	0.36125	0.06125	0.44375	0.30125	0.31625	0.2825	0.225	0.355	0.435	0.2475	0.37625	0.47625	0.48125	0.3525	0.295	0.3125	0.2375	-0.8	-2.6	-0.88	-0.142857	0.0222222	0.8829	0.709967	0.65422	0.580371	0.504433
0.02	0.12	0.98	1	0.01	0.27	0.27	0.73	0.05	0.01	0.01	0.12	0.05	0.01	0.73	0.12	0.05	0	0.01	0.01	0.2625	0.33875	0.45375	0.28	0.12625	0.52875	0.30125	0.34375	0.395	0.1825	0.3025	0.54875	0.3325	0.4	0.33125	0.605	0.495	0.37375	0.37375	0.175	-3.5	-1.56667	-1.8	-0.342857	0.511111	0.7429	0.6865	0.55864	0.517871	0.4884
0.12	0.12	0.73	0.27	0.27	0.27	0.27	0.99	0.73	0.02	0.05	0.5	0.05	0.05	0.05	0.5	0.12	1	0.5	0.02	0.3075	0.28125	0.485	0.37125	0.1025	0.47125	0.25375	0.2925	0.31	0.1625	0.2975	0.53	0.35125	0.395	0.3975	0.5	0.48625	0.33375	0.33125	0.17375	-0.4	-1.56667	-0.54	-0.485714	0.466667	0.4337	0.468733	0.4827	0.4466	0.429367
0.12	0.5	0.05	0.05	0.05	0.12	0.05	0.05	0.12	0.05	0.5	0.73	0.05	0.05	0.05	0.95	0.99	0.02	0.05	0.05	0.26	0.205	0.55125	0.3425	0.13	0.46125	0.2525	0.40125	0.415	0.15875	0.24125	0.425	0.35125	0.395	0.285	0.49125	0.45375	0.575	0.46375	0.2175	-0.8	0.533333	0.18	0.557143	-0.1	0.2296	0.262567	0.34784	0.378957	0.389667
0.05	0.05	0.02	0.02	0.02	0.05	0.05	0.05	0.12	0.05	0.27	0.05	0.05	1	0.05	0.05	0.12	0.95	1	0.12	0.345	0.2425	0.4475	0.26125	0.14625	0.375	0.19625	0.40125	0.4625	0.1625	0.27	0.4525	0.36	0.27625	0.2	0.6175	0.5625	0.45875	0.35375	0.285	2.8	1.6	1.64	0.485714	0.2	0.1244	0.187533	0.20538	0.302857	0.336967
0.27	0.27	0.73	0.12	0.5	0.95	0.27	0.05	0.95	0.12	0.27	0.27	0.73	0.88	0.05	0.5	0.73	0.88	0.88	0.12	0.3175	0.24375	0.2825	0.1925	0.11375	0.23375	0.16875	0.28875	0.45375	0.18125	0.2975	0.3775	0.30375	0.3475	0.1525	0.58	0.505	0.58375	0.4725	0.3325	2.8	3.13333	1.46	0.871429	-0.144444	0.2086	0.1212	0.18868	0.200986	0.280178
0.73	0.27	0.12	0.05	0.12	0.27	0.12	0.12	0.12	0.73	0.73	0.73	0.88	0.27	0.12	0.27	0.73	0.73	0.27	0.73	0.26375	0.23	0.23625	0.07625	0.1625	0.28625	0.15375	0.18875	0.55125	0.16625	0.36375	0.30625	0.3125	0.485	0.0525	0.595	0.5325	0.60375	0.5625	0.365	3.8	1.76667	1.46	0.371429	0.666667	0.0306	0.196467	0.14872	0.192143	0.199456
0.12	0.27	0.12	0.05	0.05	0.5	0.27	0.05	0.73	0.27	0.5	0.12	0.5	0.88	0.05	0.88	0.88	1	0.88	0.5	0.35875	0.30625	0.2075	0.105	0.1525	0.28625	0.21125	0.08	0.475	0.28375	0.44875	0.335	0.3875	0.4175	0.07	0.51875	0.6175	0.4475	0.43875	0.4825	-1.3	0.566667	0.12	1.02857	0.633333	0.3502	0.136867	0.1982	0.161686	0.192933
0.88	0.12	0.12	0.05	0.12	0.12	0.05	0.27	0.88	0.05	0.05	0.27	0.12	0.02	0.05	0.99	0.27	0.02	0.12	0.73	0.255	0.26375	0.20125	0.09875	0.14	0.32	0.2325	0.04625	0.475	0.42375	0.5525	0.22625	0.5475	0.6375	0.06625	0.38875	0.5725	0.63	0.59	0.57125	-0.8	-2	0.32	0.528571	1.18889	0.0298	0.2506	0.15976	0.197486	0.174533
0.5	0.5	0.12	0.05	0.27	0.27	0.27	0.05	0.88	0.27	0.27	0.5	0.73	0.5	0.12	0.88	0.88	0.95	0.95	0.5	0.35875	0.24375	0.29	0.15875	0.125	0.38625	0.2325	0.07375	0.55125	0.42375	0.50625	0.25375	0.48	0.455	0.17	0.45875	0.6	0.39625	0.36375	0.61875	-3.9	-0.3	-0.58	0.728571	0.488889	0.3718	0.139333	0.22864	0.176829	0.210911
0.05	0.01	0	0	0.02	0.01	0	0	0	0.5	1	0.01	0.27	0.5	0	0.01	0.27	0.01	0.12	0.88	0.4725	0.305	0.2475	0.18375	0.09625	0.315	0.32375	0.08875	0.5575	0.41375	0.415	0.34375	0.46125	0.3475	0.3025	0.59625	0.6475	0.405	0.36375	0.61875	3.8	-0.266667	0.52	-0.314286	-0.255556	0.0164	0.2544	0.1714	0.237	0.229522
0.27	0.73	0.5	0.5	0.12	0.5	0.88	0.05	0.73	0.5	0.5	0.12	0.27	0.12	0.12	0.5	0.95	0.02	0.12	0.73	0.445	0.215	0.20375	0.20625	0.08375	0.235	0.29	0.1775	0.4575	0.3375	0.40125	0.25375	0.36625	0.395	0.2875	0.61125	0.58125	0.315	0.33625	0.60875	-0.7	2.43333	-0.02	-0.685714	-0.766667	0.375	0.1518	0.2558	0.2407	0.2977
0.05	0.01	0	0	0.02	0.01	0	0	0.27	0.95	0.88	0.01	0.95	0.95	0.02	0.02	0.02	0.5	0.5	0.99	0.52	0.3625	0.31375	0.3725	0.09625	0.34375	0.47625	0.21125	0.4575	0.25375	0.30625	0.34375	0.23375	0.19625	0.3275	0.6525	0.67875	0.1325	0.185	0.52875	4.2	0	-0.02	-0.685714	-1.12222	0.064	0.296933	0.25666	0.328471	0.2917
0.5	0.27	0.73	0.5	0.05	0.73	0.27	0.05	0.73	0.27	0.12	0.5	0.12	0.02	0.95	0.5	0.95	0.01	0.02	0.27	0.3875	0.33	0.2225	0.31875	0.08375	0.2725	0.555	0.18625	0.4	0.33875	0.42875	0.31125	0.3375	0.3725	0.315	0.5025	0.54375	0.31625	0.32125	0.56125	-3.5	-1.06667	-0.94	-0.771429	-1.13333	0.4518	0.2973	0.38222	0.317671	0.301489
0.73	0.27	0.27	0.27	0.02	0.12	0.73	0.12	0.12	0.27	0.27	0.5	0.12	0.02	0.99	0.73	0.5	0.01	0.05	0.5	0.33	0.35875	0.375	0.46	0.06	0.43375	0.57375	0.18625	0.4575	0.31125	0.39125	0.31125	0.28	0.31625	0.3575	0.42625	0.52375	0.20375	0.205	0.47625	-3.9	-2.73333	-1.7	-1.44286	-1.08889	0.3761	0.4907	0.36646	0.332171	0.325944
0.73	0.27	0.27	0.73	0.12	0.12	0.73	0.88	0.05	0.12	0.12	0.12	0.12	0.27	0.12	0.88	0.88	0.02	0.05	0.5	0.3575	0.44875	0.46625	0.52125	0.05125	0.5425	0.63625	0.10625	0.57625	0.30125	0.29125	0.42	0.30875	0.22875	0.5	0.51625	0.47625	0.20375	0.22375	0.3725	-0.8	-3.06667	-2.72	-1.84286	-1.9	0.6442	0.438833	0.37724	0.363157	0.380078
0.5	0.73	0.5	0.88	0.05	0.88	0.88	0.27	0.27	0.05	0.12	0.73	0.12	0.12	0.27	0.73	0.73	0.02	0.05	0.12	0.415	0.3625	0.4375	0.5025	0.05125	0.4475	0.54125	0.29875	0.5675	0.25375	0.235	0.3625	0.28125	0.26625	0.48125	0.56375	0.41	0.2075	0.2425	0.335	-4.5	-2.06667	-2.72	-2.94286	-1.86667	0.2962	0.352767	0.40526	0.425957	0.380678
0.27	0.12	0.12	0.12	0.05	0.27	0.95	0.12	0.88	0.05	0.27	0.5	0.12	0.5	0.88	0.27	0.12	1	0.73	0.27	0.52875	0.47125	0.57625	0.71625	0.055	0.55625	0.62375	0.4275	0.49125	0.14125	0.1125	0.4525	0.19625	0.1025	0.4175	0.68125	0.5175	0.025	0.10125	0.22625	-0.9	-2.96667	-2.64	-2.5	-2.72222	0.1179	0.335333	0.43076	0.415757	0.413278
0.27	0.73	0.88	0.95	0.05	0.95	0.88	0.12	0.73	0.05	0.12	0.5	0.27	0.05	0.5	0.5	0.27	0.05	0.05	0.05	0.5	0.395	0.4525	0.58375	0.055	0.4425	0.69	0.48375	0.51	0.19875	0.15	0.4525	0.19625	0.17125	0.40875	0.6525	0.49	0.145	0.19875	0.33	-3.5	-2.63333	-2.56	-2.44286	-1.86667	0.5919	0.404467	0.378	0.413086	0.407067
0.27	0.73	0.73	0.95	0.05	0.88	0.5	0.12	0.88	0.27	0.05	0.5	0.5	0.05	0.27	0.88	0.27	0.02	0.27	0.05	0.40875	0.36125	0.4375	0.55	0.0525	0.43625	0.64625	0.46875	0.53875	0.17125	0.1875	0.39	0.1675	0.2925	0.31375	0.51375	0.4275	0.15375	0.29	0.30125	-3.5	-2.46667	-2.36	-1.72857	-1.12222	0.5036	0.491967	0.39024	0.377614	0.368456
0.5	0.5	0.5	0.5	0.05	0.5	0.27	0.98	0.88	0.05	0.05	0.27	0.05	0.27	0.12	0.73	0.27	0.05	0.27	0.05	0.35125	0.41875	0.46625	0.54875	0.1	0.48375	0.59	0.2525	0.53375	0.2175	0.17875	0.40625	0.21125	0.2375	0.31875	0.54125	0.44125	0.1475	0.285	0.30125	-0.4	-2.46667	-1.34	-0.685714	-1.12222	0.3804	0.4138	0.44584	0.339386	0.3133
0.73	0.27	0.73	0.95	0.05	0.27	0.73	0.88	0.27	0.05	0.05	0.5	0.27	0.02	0.12	0.5	0.27	0.02	0.05	0.27	0.26	0.35625	0.375	0.3825	0.21875	0.4025	0.4225	0.23125	0.57625	0.21125	0.16375	0.28625	0.16875	0.25375	0.285	0.47875	0.35	0.14875	0.30625	0.25875	-3.5	0.1	-0.08	-0.671429	-0.344444	0.3574	0.3779	0.33318	0.343657	0.280622
0.27	0.27	0.5	0.27	0.05	0.5	0.73	0.5	0.73	0.73	0.27	0.5	0.27	0.12	0.5	0.5	0.88	0.02	0.12	0.88	0.29	0.46375	0.40375	0.45875	0.21375	0.4625	0.395	0.265	0.5275	0.15375	0.13625	0.315	0.21625	0.18125	0.13	0.5075	0.27375	0.025	0.22125	0.24	4.2	1.16667	0.46	0.185714	-0.333333	0.3959	0.260633	0.26202	0.2594	0.289522
0	0	0	0	0	0	0	0	0.5	0.27	0.5	0	0.12	0.99	0	0	0	0.05	1	0.27	0.38125	0.40625	0.35625	0.37375	0.21625	0.40625	0.37625	0.3125	0.465	0.29625	0.09875	0.315	0.235	0.0675	0.13	0.51375	0.365	0.015	0.10625	0.435	2.8	2.06667	1.04	0.571429	0.522222	0.0286	0.190767	0.18636	0.215743	0.224633
0.5	0.5	0.27	0.27	0.5	0.12	0.05	0.01	0.01	0.27	0.05	0.02	0.02	0.05	0.01	0.95	0.99	0	0.01	0.5	0.31875	0.34375	0.29375	0.255	0.15	0.39125	0.42625	0.35875	0.45	0.26875	0.155	0.34125	0.2475	0.185	0.10125	0.3475	0.3175	0.03375	0.23	0.43375	-0.8	1.5	1.58	1.22857	1.12222	0.1478	0.0595	0.15448	0.162529	0.192689
0	0	0	0	1	0	0	0	0	0	0	0	0	0	0	0	0	0	0	0	0.32125	0.34625	0.375	0.2325	0.08125	0.3775	0.40125	0.2375	0.46625	0.29625	0.155	0.31625	0.245	0.19125	0.0875	0.38125	0.41375	0.0275	0.28875	0.49	2.5	0.3	1.58	2	0.811111	0.0021	0.115967	0.07688	0.142343	0.154367
0.05	0.98	0.12	0.05	0.01	0.98	0.73	0.01	0.95	0.27	0.27	0.73	0.5	0.02	0.02	0.5	0.12	0.01	0.12	0.73	0.23875	0.205	0.33125	0.17	0.2325	0.28375	0.3425	0.1325	0.32875	0.2625	0.1175	0.19625	0.155	0.18875	0.18875	0.31875	0.38	0.1425	0.33	0.39875	-0.8	1.96667	1.4	0.942857	0.811111	0.198	0.0693333	0.11438	0.0908571	0.158478
0.73	0	0	0	0.02	0	0	0	0	0.73	0.05	0	0.27	0.01	0	0.05	0.12	0	0.01	1	0.23875	0.29625	0.29875	0.1575	0.2275	0.34625	0.345	0.195	0.35875	0.115	0.1125	0.2275	0.1525	0.17625	0.13125	0.43125	0.36125	0.1425	0.33	0.27	4.2	1.76667	0.92	0.0428571	0.544444	0.0079	0.140667	0.09192	0.143114	0.148111
0.27	0.73	0.5	0.27	0.02	0.88	0.95	0.5	0.27	0.05	0.05	0.73	0.5	0.05	0.05	0.5	0.88	0.12	0.27	0.27	0.3025	0.21125	0.25125	0.125	0.23375	0.25125	0.22875	0.13875	0.265	0.2575	0.17375	0.15125	0.17125	0.08125	0.13125	0.40875	0.3	0.12375	0.17875	0.41875	1.9	0.966667	-0.28	0.414286	0.655556	0.2161	0.0865	0.17038	0.165229	0.162056
0.02	0.02	0.88	0.05	0	0.27	0.02	0	1	0	0	0.05	0.01	0.27	0	0.05	0.05	0	0.73	0	0.305	0.3	0.20375	0.18125	0.17625	0.4225	0.40125	0.23375	0.295	0.2325	0.18	0.325	0.245	0.05	0.25875	0.40875	0.37125	0.14125	0.12625	0.39625	-3.2	-1.6	0.24	0.6	0.388889	0.0355	0.215333	0.1913	0.186943	0.217733
0.12	0.12	0.5	0.5	0.27	0.5	0.99	0.05	0.12	0.05	0.02	0.27	0.05	0.02	0.95	0.5	0.12	0.95	0.5	0.27	0.32625	0.32125	0.36125	0.21625	0.02375	0.50375	0.39	0.29	0.43875	0.2325	0.1925	0.36	0.3025	0.14375	0.14625	0.4625	0.425	0.02875	0.16125	0.39625	-3.5	-1.63333	0.16	0.257143	-0.277778	0.3944	0.244167	0.22054	0.251357	0.282478
0.95	0.02	0.12	0.12	0.02	0.02	0.02	0.99	0.02	0.01	0.01	0.02	0.02	0.01	0.02	0.95	0.73	0.01	0.01	0.12	0.23125	0.245	0.485	0.32	0.06	0.50375	0.4825	0.17375	0.455	0.21875	0.1625	0.33375	0.25875	0.1575	0.385	0.35875	0.34875	0.14625	0.24125	0.32625	1.8	0.7	-0.86	-0.842857	-0.544444	0.3026	0.2837	0.3071	0.333771	0.306133
0.05	0.05	0.12	0.01	0.05	0.12	0.02	0.05	0.02	0.73	0.99	0.12	0.5	0.27	0.05	0.27	0.27	0.02	0.05	0.73	0.2675	0.25625	0.5	0.34875	0.06875	0.525	0.4975	0.2975	0.565	0.12875	0.14375	0.38375	0.2275	0.215	0.39625	0.5	0.50125	0.2075	0.2975	0.21625	3.8	0.8	-0.92	-1.57143	-1.15556	0.1541	0.368533	0.41696	0.3616	0.340122
0.27	0.5	0.27	0.5	0.02	0.88	0.5	0.27	0.98	0.02	0.05	0.73	0.12	0.02	0.98	0.5	0.73	0.02	0.05	0.05	0.24	0.12375	0.425	0.2875	0.07625	0.335	0.325	0.24125	0.41375	0.27375	0.34625	0.2225	0.2275	0.27375	0.27625	0.4425	0.4575	0.195	0.27	0.3775	-3.2	-0.966667	-0.86	-1.3	-1.44444	0.6489	0.4626	0.42026	0.401357	0.340967
0.27	0.27	0.88	0.73	0.05	0.88	0.88	0.5	0.27	0.05	0.12	0.5	0.5	0.5	0.05	0.88	0.5	0.05	0.05	0.27	0.27125	0.2125	0.2725	0.2675	0.07875	0.42375	0.385	0.21875	0.44	0.285	0.4	0.33625	0.19375	0.18625	0.39875	0.45125	0.51375	0.1975	0.2125	0.46	-3.5	-3.3	-1.48	-0.9	-1.47778	0.5848	0.5482	0.4225	0.376971	0.380389
0.12	0.27	0.73	0.5	0.05	0.5	0.5	0.02	0.98	0.12	0.02	0.27	0.12	0.12	1	0.12	0.12	0.01	0.27	0.02	0.29	0.32	0.235	0.24	0.04625	0.47125	0.4	0.2875	0.3425	0.30375	0.41625	0.45625	0.24125	0.2325	0.16375	0.49875	0.56125	0.085	0.125	0.46375	-3.2	-2.66667	-2.38	-1.65714	-1.52222	0.4109	0.4365	0.43642	0.3895	0.388822
0.12	0.12	0.12	0.12	0.12	0.27	0.12	0.05	0.88	0.73	0.88	0.5	0.5	0.73	0.12	0.5	0.88	0.5	0.5	0.73	0.2625	0.3425	0.33	0.27875	0.04125	0.5125	0.47875	0.175	0.35875	0.2325	0.31	0.43125	0.1975	0.16125	0.2775	0.455	0.49375	0.1475	0.10125	0.4225	-1.3	-1.73333	-2.44	-2.75714	-1.81111	0.3138	0.316133	0.3847	0.434671	0.403256
0.27	0.12	0.05	0.27	0.05	0.12	0.05	0.27	0.02	0.5	0.73	0.05	0.12	0.27	0.02	0.27	0.99	0.02	0.05	0.88	0.3	0.44625	0.33	0.26125	0.05	0.5225	0.5	0.14375	0.47	0.28875	0.315	0.4875	0.245	0.27625	0.28625	0.48375	0.46125	0.21125	0.16625	0.4225	-0.7	-1.83333	-2.52	-2.41429	-1.81111	0.2237	0.309267	0.3618	0.403757	0.405178
0.27	0.5	0.27	0.12	0.05	0.98	0.88	0.05	0.5	0.12	0.5	0.73	0.12	0.05	0.05	0.5	0.27	0.05	0.27	0.88	0.37625	0.37	0.3875	0.3275	0.05375	0.32	0.3675	0.1525	0.3025	0.33625	0.34	0.32625	0.23625	0.3075	0.16625	0.51125	0.55125	0.2075	0.22375	0.4225	-3.5	-2.7	-2.04	-1.37143	-1.54444	0.3903	0.361433	0.36612	0.3447	0.406456
0.12	0.98	0.05	0.05	0.01	0.5	0.73	0.12	0.05	0.27	0.05	1	0.05	0.01	0.02	0.12	0.12	0.01	0.02	0.05	0.37625	0.39875	0.32	0.25125	0.055	0.36125	0.29125	0.08375	0.4475	0.42125	0.44375	0.32125	0.21625	0.28375	0.17875	0.4825	0.54125	0.20875	0.26375	0.5075	-3.9	-2.73333	-1.02	-1.02857	-0.733333	0.4703	0.431033	0.33764	0.380343	0.433033
0.73	0.05	0.27	0.05	0.05	0.12	0.27	0.12	0.05	0.05	0.02	0.05	0.05	0.05	0.05	0.98	0.95	1	0.05	0.5	0.37625	0.4875	0.235	0.20375	0.05	0.36125	0.30125	0.09625	0.33125	0.43625	0.4475	0.42125	0.2075	0.26625	0.05625	0.485	0.485	0.085	0.22875	0.455	-0.8	-0.3	-1.04	-0.3	-0.466667	0.4325	0.358067	0.42498	0.453229	0.517433
