0.12	0.05	0.05	0.05	0.02	0.12	0.12	0.05	0.05	0.02	0.02	0.12	0.02	0.01	1	0.12	0.12	0.01	0.02	0.02	0.55625	0.32	0.3475	0.225	0.2075	0.5375	0.47125	0.315	0.26875	0.31625	0.32625	0.38	0.4275	0.3	0.13	0.5375	0.4425	0.07625	0.20625	0.425	-1.6	-1.2	-0.98	-1.31429	-0.6	0.394	0.4172	0.43978	0.487114	0.544856
0.5	0.88	0.27	0.27	0.05	0.95	0.88	0.12	0.27	0.05	0.05	0.98	0.12	0.02	0.12	0.27	0.5	0.05	0.12	0.05	0.50875	0.2075	0.26375	0.17	0.2125	0.43375	0.3675	0.1875	0.24125	0.42	0.43	0.2725	0.51875	0.4025	0.23125	0.47125	0.47125	0.09875	0.2975	0.50625	-3.9	-1.2	-1.04	-0.6	-0.244444	0.4697	0.330333	0.3461	0.370286	0.4248
0.73	0.12	0.12	0.12	0.88	0.73	0.5	0.12	0.12	0.5	0.73	0.27	0.98	0.73	0.12	0.5	0.27	0.12	0.27	0.73	0.45125	0.3875	0.25375	0.18875	0.1	0.5175	0.33875	0.16	0.33625	0.36375	0.345	0.39	0.43	0.37	0.20375	0.3575	0.405	0.1175	0.38625	0.45	1.9	-1.83333	-0.58	0.257143	-0.544444	0.1273	0.3162	0.27682	0.306271	0.376256
0.27	0.73	0.27	0.27	0.05	0.88	0.95	0.12	0.27	0.27	0.12	0.73	0.73	0.05	0.12	0.73	0.73	0.05	0.12	0.5	0.50875	0.34	0.23875	0.24625	0.195	0.5275	0.35875	0.16	0.22625	0.38375	0.4125	0.36125	0.4425	0.35125	0.20375	0.37625	0.37625	0.11375	0.32	0.47	-3.5	0.866667	0.3	-0.514286	-0.577778	0.3516	0.173467	0.2724	0.3112	0.335967
0.95	0.12	0.12	0.05	0.27	0.5	0.12	0.12	0.05	0.5	0.5	0.12	0.27	0.12	0.12	0.73	0.27	0.05	0.12	0.95	0.39625	0.44375	0.2575	0.27	0.15875	0.575	0.4625	0.1	0.3575	0.25125	0.28	0.465	0.405	0.39875	0.2	0.3675	0.3775	0.19	0.43	0.35625	4.2	1.16667	0.38	-0.785714	-0.933333	0.0415	0.255	0.26294	0.320257	0.298122
0.5	0.05	0.05	0.05	0.12	0.12	0.05	0.05	0.12	0.88	0.88	0.12	0.88	0.88	0.05	0.12	0.73	0.27	0.88	0.73	0.5	0.55625	0.29375	0.32625	0.19	0.67	0.49	0.1175	0.43375	0.26375	0.26375	0.48375	0.36	0.39375	0.09875	0.49125	0.415	0.195	0.45125	0.44375	2.8	1.16667	-0.7	-0.414286	-0.9	0.3719	0.2786	0.32896	0.259914	0.304178
0.27	0.95	0.27	0.5	0.05	0.95	0.27	0.05	0.88	0.12	0.12	0.73	0.27	0.5	0.05	0.27	0.12	0.27	0.98	0.5	0.585	0.34875	0.26625	0.29875	0.2075	0.4625	0.3675	0.225	0.32	0.35875	0.35875	0.3	0.43625	0.445	0.09875	0.50125	0.4625	0.195	0.43	0.48125	-3.5	-1.4	-0.26	-0.871429	-0.511111	0.4224	0.417233	0.2681	0.3058	0.271178
0.73	0.5	0.98	0.88	0.05	0.73	0.88	0.27	0.27	0.05	0.05	0.5	0.12	0.05	0.12	0.88	0.5	0.02	0.05	0.05	0.49875	0.42375	0.2725	0.27	0.13125	0.4325	0.29125	0.21625	0.415	0.3675	0.3675	0.32875	0.395	0.4725	0.10875	0.45375	0.49125	0.22625	0.54625	0.50875	-3.5	-2.76667	-1.36	-0.428571	-0.222222	0.4574	0.309033	0.3495	0.280243	0.323544
0.05	0.27	0.05	0.02	0.05	0.12	0.05	0.02	0.88	0.12	0.27	0.27	0.12	0.95	0.02	0.05	0.05	0.73	1	0.27	0.58375	0.37625	0.37	0.35875	0.14	0.46125	0.31	0.26625	0.33875	0.34	0.35875	0.3	0.31875	0.3875	0.23125	0.5	0.49	0.165	0.53125	0.4525	-1.3	-2.03333	-2	-0.385714	-0.0111111	0.0473	0.317733	0.30966	0.359829	0.334844
0.5	0.88	0.27	0.5	0.12	0.5	0.27	0.12	0.73	0.5	0.27	0.27	0.27	0.73	0.12	0.5	0.88	0.27	0.95	0.5	0.47125	0.31875	0.4375	0.4025	0.1125	0.385	0.30125	0.25375	0.46125	0.245	0.31125	0.3475	0.28125	0.4625	0.3275	0.38625	0.38625	0.2225	0.55625	0.32	-1.3	-1	-0.4	-1.01429	-0.655556	0.4485	0.222833	0.3449	0.371457	0.392411
0.95	0.12	0.27	0.5	0.12	0.12	0.12	0.98	0.12	0.05	0.05	0.12	0.12	0.05	0.12	0.5	0.27	0.05	0.05	0.12	0.38625	0.4225	0.465	0.45875	0.1125	0.50875	0.37625	0.17375	0.5375	0.20625	0.2625	0.385	0.22375	0.5475	0.445	0.43375	0.43375	0.23125	0.5925	0.29125	-0.4	0.933333	-0.02	-0.742857	-1.14444	0.1727	0.4066	0.34408	0.391057	0.374589
0.5	0.27	0.88	0.27	0.27	0.27	0.5	0.27	0.27	0.5	0.73	0.27	0.5	0.5	0.27	0.73	0.88	0.12	0.27	0.5	0.5	0.3	0.37	0.45875	0.09375	0.43375	0.38625	0.3475	0.42375	0.14125	0.16875	0.30875	0.1575	0.435	0.545	0.405	0.405	0.195	0.44875	0.19625	4.5	0.833333	-0.08	-0.471429	-0.933333	0.5986	0.4082	0.44654	0.355929	0.383856
0.27	0.12	0.12	0.12	0.12	0.5	0.27	0.27	0.27	0.12	0.27	0.27	0.12	0.27	1	0.27	0.27	0.27	0.95	0.27	0.5	0.27125	0.43375	0.40125	0.12125	0.3475	0.39625	0.43625	0.405	0.1975	0.25375	0.28	0.205	0.46375	0.45375	0.415	0.48125	0.18	0.3725	0.23375	-1.6	0.433333	-0.14	-0.514286	-0.588889	0.4533	0.537167	0.39914	0.421429	0.433222
0.5	0.27	0.88	0.88	0.12	0.27	0.27	0.12	0.88	0.12	0.12	0.5	0.12	0.5	0.99	0.27	0.27	0.05	0.27	0.12	0.5275	0.31	0.4425	0.3375	0.12125	0.47125	0.5	0.515	0.3375	0.18875	0.245	0.30875	0.205	0.3225	0.4675	0.5	0.5375	0.1225	0.3475	0.225	-1.6	-1.6	-0.38	-0.385714	-0.244444	0.5596	0.408133	0.46576	0.486171	0.5039
0.27	0.12	0.27	0.5	0.12	0.73	0.5	0.27	0.12	0.12	0.27	0.27	0.27	0.88	0.99	0.5	0.5	0.12	0.27	0.12	0.5275	0.28125	0.595	0.41375	0.1125	0.46125	0.56	0.54375	0.4325	0.14125	0.19875	0.36625	0.1675	0.2175	0.4675	0.47125	0.4325	0.08625	0.24375	0.1775	-1.6	-1.6	-1.36	-0.0714286	0.211111	0.2115	0.425633	0.52638	0.559129	0.5136
0.73	0.12	0.12	0.27	0.05	0.5	0.73	0.73	0.12	0.05	0.05	0.27	0.12	0.05	1	0.27	0.5	0.05	0.05	0.12	0.41375	0.3	0.6425	0.41375	0.12125	0.56625	0.57875	0.4825	0.53625	0.15875	0.22625	0.41375	0.18625	0.32125	0.5425	0.52875	0.4325	0.095	0.28	0.19625	-1.6	-1.2	-0.68	-0.314286	0.211111	0.5058	0.539667	0.5724	0.550157	0.531156
0.5	0.12	0.73	0.27	0.12	0.27	0.73	0.98	0.12	0.12	0.27	0.27	0.12	0.05	0.12	0.5	0.5	0.05	0.12	0.12	0.41375	0.28125	0.49	0.5025	0.085	0.62375	0.6075	0.5275	0.5175	0.09375	0.11375	0.41375	0.13875	0.265	0.74125	0.47125	0.385	0.08625	0.24375	0.14875	-0.4	-0.0666667	0.2	-0.142857	-0.466667	0.9017	0.696967	0.56764	0.532643	0.5189
0.5	0.73	0.88	0.27	0.05	0.88	0.88	0.5	0.95	0.05	0.05	0.73	0.12	0.05	0.12	0.73	0.5	0.05	0.12	0.05	0.41375	0.22375	0.49	0.5975	0.085	0.5475	0.67375	0.5875	0.47125	0.1025	0.17	0.35625	0.1575	0.34125	0.7075	0.47125	0.385	0.0675	0.15875	0.1575	1.8	1.4	0.44	-0.142857	0.0222222	0.6834	0.706967	0.59148	0.522457	0.5142
0.27	0.5	0.88	0.73	0.05	0.88	0.98	0.5	0.73	0.12	0.05	0.5	0.12	0.27	0.12	0.5	0.27	0.05	0.12	0.12	0.38625	0.22125	0.38125	0.43125	0.07625	0.51625	0.62875	0.57375	0.39	0.17	0.28	0.325	0.2525	0.285	0.585	0.46875	0.38625	0.0675	0.13125	0.1675	2.8	1.4	0.44	0.485714	0.622222	0.5358	0.516633	0.58798	0.550957	0.456889
0.5	0.27	0.5	0.27	0.12	0.73	0.5	0.95	0.95	0.12	0.05	0.5	0.12	0.05	0.73	0.73	0.27	0.05	0.12	0.27	0.38625	0.2975	0.4575	0.46	0.05875	0.50625	0.68875	0.54625	0.41	0.16125	0.24875	0.35375	0.225	0.205	0.495	0.5	0.43375	0.055	0.10375	0.14	-0.4	0.266667	1.08	1.25714	0.3	0.3307	0.4516	0.48984	0.484957	0.488378
0.27	0.12	0.27	0.98	0.05	0.5	0.73	0.88	0.12	0.05	0.05	0.27	0.12	0.05	0.98	0.5	0.5	0.05	0.05	0.12	0.32625	0.30375	0.4725	0.33875	0.06375	0.47375	0.57	0.465	0.505	0.22625	0.36125	0.35	0.2725	0.32375	0.34	0.4975	0.34875	0.0825	0.1975	0.1775	-1.6	0.266667	1.48	0.671429	0.9	0.4883	0.41	0.36192	0.426843	0.435956
0.27	0.27	0.27	0.88	0.05	0.5	0.95	0.27	0.73	0.12	0.5	0.27	0.27	0.88	0.73	0.5	0.27	0.12	0.27	0.27	0.355	0.38875	0.49125	0.3325	0.055	0.55875	0.485	0.43375	0.47625	0.205	0.2775	0.435	0.25375	0.21625	0.37125	0.4975	0.3775	0.07	0.16125	0.15	2.8	1.66667	0.02	0.957143	0.555556	0.411	0.314367	0.35374	0.334071	0.383222
0.05	0.02	0.01	0.01	0.05	0.02	0.01	0.01	0.01	0.73	1	0.02	0.88	0.27	0.01	0.02	0.05	0.05	0.05	0.27	0.43	0.42	0.42875	0.4225	0.055	0.6	0.58375	0.41875	0.4625	0.1375	0.22375	0.4975	0.1775	0.2925	0.5375	0.52875	0.405	0.075	0.18	0.1775	3.8	0.7	0.86	0.0571429	0.177778	0.0438	0.316567	0.2944	0.318543	0.367122
0.5	0.5	0.5	0.27	0.05	0.5	0.5	0.5	0.5	0.05	0.02	0.5	0.05	0.02	0.88	0.98	0.88	0.02	0.05	0.05	0.37375	0.3	0.32	0.305	0.05125	0.4325	0.4025	0.42	0.3125	0.2075	0.34	0.38125	0.2675	0.29125	0.41625	0.36125	0.27375	0.075	0.16625	0.19125	-4.5	1.03333	0.48	-0.114286	-0.177778	0.4949	0.1909	0.28216	0.348229	0.366667
0.02	0.02	0.01	0.01	0.02	0.01	0.01	0.01	0.05	0.5	0.95	0.01	0.5	1	0.01	0.02	0.05	0.27	0.73	0.27	0.3775	0.3325	0.3525	0.42875	0.04125	0.465	0.52	0.36875	0.25625	0.1375	0.21875	0.395	0.1975	0.16375	0.44	0.405	0.35	0.0375	0.0675	0.13125	3.8	-1.4	-0.4	0.0571429	-0.522222	0.034	0.318667	0.30766	0.354429	0.350078
0.73	0.95	0.88	0.12	0.05	0.95	0.27	0.12	0.5	0.02	0.05	0.95	0.12	0.02	0.12	0.5	0.5	0.02	0.05	0.05	0.27	0.26375	0.21625	0.3075	0.04625	0.31875	0.43	0.2475	0.19125	0.31375	0.41625	0.30625	0.2925	0.295	0.31	0.2975	0.29375	0.065	0.16125	0.2625	-3.5	-0.433333	-1.24	-0.842857	0.155556	0.4271	0.3332	0.40524	0.321629	0.332778
0.88	0.73	0.12	0.12	0.05	0.73	0.73	0.12	0.12	0.12	0.12	0.98	0.12	0.05	0.73	0.5	0.5	0.02	0.05	0.27	0.2325	0.26	0.28	0.2	0.055	0.28625	0.25625	0.215	0.15	0.41	0.455	0.27125	0.36875	0.2725	0.145	0.24125	0.29375	0.05625	0.1425	0.32	-1.6	-1.83333	-1.04	-0.742857	0.311111	0.5385	0.4991	0.34254	0.362886	0.293167
0.27	0.02	0.5	0.05	0.02	0.02	0.02	1	0.02	0	0	0.05	0.01	0.01	0.02	0.12	0.05	0.02	0.01	0.01	0.33625	0.38	0.29375	0.27	0.05875	0.4825	0.4625	0.11	0.27125	0.39625	0.37875	0.4475	0.30625	0.2775	0.2475	0.32	0.4625	0.05625	0.2325	0.38125	-0.4	-1.83333	-0.9	0.5	-0.5	0.5317	0.4172	0.40226	0.299971	0.321333
0.05	0.05	0.27	1	0.01	0.5	0.95	0.05	0.05	0.01	0.01	0.12	0.01	0.01	0.05	0.12	0.05	0	0.01	0.01	0.31625	0.32	0.2625	0.12	0.11625	0.36625	0.28625	0.1675	0.2075	0.51125	0.49375	0.41	0.3625	0.30875	0.13625	0.20375	0.3675	0.0625	0.24125	0.4975	-3.5	0.2	0.64	-0.542857	0.422222	0.1814	0.348567	0.32774	0.337586	0.277622
0.12	0.5	0.05	0.12	0.12	0.27	0.27	0.02	0.05	0.98	0.73	0.5	0.5	0.12	0.05	0.12	0.5	0.02	0.12	0.95	0.32	0.2675	0.30375	0.2625	0.115	0.40875	0.385	0.1725	0.235	0.4375	0.40375	0.3675	0.34875	0.20375	0.14125	0.26375	0.415	0.0325	0.15125	0.4375	4.5	1.73333	0.26	0.5	-0.0777778	0.3326	0.1895	0.2795	0.291071	0.299189
0.12	0.02	0.02	0.02	0.12	0.02	0.02	0.01	0.02	0.99	0.88	0.02	0.88	0.73	0.02	0.05	0.27	0.05	0.12	0.95	0.24375	0.31875	0.31625	0.35125	0.115	0.4125	0.4925	0.17375	0.2675	0.44875	0.385	0.4275	0.30125	0.13125	0.145	0.2725	0.415	0.0325	0.16	0.44625	4.2	1.73333	1.1	0.628571	-0.122222	0.0545	0.228133	0.19346	0.246729	0.311389
0.27	0.27	0.5	0.5	0.05	0.88	0.95	0.05	0.88	0.5	0.27	0.5	0.27	0.27	0.12	0.27	0.95	0.05	0.73	0.5	0.1775	0.25875	0.30375	0.3675	0.1325	0.305	0.37625	0.245	0.17875	0.52875	0.46125	0.33625	0.39625	0.1975	0.1325	0.27375	0.35875	0.045	0.0925	0.5025	-3.5	1.5	1.66	0.128571	0.255556	0.2973	0.1511	0.2028	0.247471	0.297733
0.12	0.05	0.02	0.02	0.5	0.05	0.02	0.01	0.02	0.98	0.95	0.27	0.5	0.27	0.02	0.05	0.12	0.05	0.12	0.98	0.19625	0.3175	0.41125	0.54	0.08	0.46875	0.60875	0.14	0.3175	0.53125	0.39125	0.42125	0.38125	0.2025	0.1575	0.34875	0.51875	0.04875	0.17375	0.475	3.8	-0.133333	-0.02	0.885714	-0.0888889	0.1015	0.208967	0.24366	0.280929	0.294989
0.12	0.05	0.12	0.27	0.12	0.12	0.12	0.02	0.27	0.88	0.95	0.05	0.88	0.27	0.05	0.5	0.88	0.05	0.12	0.73	0.28125	0.32625	0.4275	0.49375	0.14125	0.43125	0.56875	0.22375	0.295	0.57625	0.405	0.4675	0.3475	0.2075	0.2575	0.36875	0.5275	0.055	0.17875	0.5675	-0.7	-0.266667	-0.5	-0.257143	0.5	0.2281	0.288833	0.31588	0.305843	0.346144
0.12	0.88	0.95	0.73	0.05	0.73	0.88	0.12	0.73	0.12	0.05	0.95	0.12	0.05	0.12	0.5	0.27	0.05	0.12	0.12	0.28125	0.19375	0.40875	0.53125	0.1375	0.4125	0.5625	0.22375	0.35	0.555	0.4325	0.355	0.38625	0.22625	0.33375	0.41625	0.55625	0.05875	0.255	0.53125	-3.9	-0.933333	-0.5	-0.6	-0.388889	0.5369	0.393533	0.35782	0.389743	0.384922
0.5	0.5	0.5	0.73	0.12	0.73	0.73	0.73	0.27	0.27	0.12	0.73	0.27	0.12	0.73	0.73	0.73	0.12	0.12	0.27	0.28125	0.33	0.525	0.62	0.12875	0.50125	0.64125	0.265	0.49625	0.41875	0.32	0.4425	0.2725	0.16	0.3175	0.49125	0.5275	0.05875	0.3025	0.40875	1.8	-1.86667	-0.9	-0.6	-1.21111	0.4156	0.4865	0.46588	0.444643	0.431844
0.27	0.27	0.88	0.95	0.05	0.5	0.95	0.12	0.27	0.5	0.12	0.5	0.12	0.05	0.12	0.5	0.5	0.05	0.05	0.27	0.29125	0.34	0.525	0.6525	0.13375	0.435	0.5575	0.4575	0.40125	0.33	0.2925	0.47125	0.26375	0.1375	0.4125	0.52	0.4525	0.06375	0.2225	0.36125	-3.5	0.0333333	-1.46	-1.6	-1.21111	0.507	0.521467	0.55658	0.498257	0.474122
0.73	0.12	0.5	0.88	0.12	0.27	0.73	0.73	0.12	0.27	0.12	0.27	0.12	0.05	0.88	0.73	0.88	0.05	0.05	0.5	0.22	0.3525	0.57	0.65875	0.06375	0.45875	0.5825	0.38125	0.41875	0.2375	0.17625	0.46625	0.20375	0.195	0.315	0.485	0.39125	0.1825	0.27	0.21	1.8	-1.73333	-1.32	-2	-1.73333	0.6418	0.610133	0.54456	0.5625	0.485033
0.12	0.27	0.73	0.88	0.02	0.73	0.98	0.12	0.95	0.05	0.05	0.5	0.05	0.05	0.73	0.5	0.12	0.05	0.73	0.05	0.29625	0.32875	0.5275	0.625	0.17125	0.38875	0.5375	0.45625	0.28375	0.17	0.12875	0.4325	0.10875	0.195	0.32875	0.485	0.37875	0.30125	0.28	0.1775	-3.5	-1.63333	-2.38	-1.57143	-1.75556	0.6816	0.600067	0.597	0.514329	0.4758
0.5	0.73	0.5	0.73	0.12	0.73	0.5	0.95	0.73	0.05	0.05	0.5	0.12	0.27	0.5	0.88	0.5	0.12	0.5	0.12	0.24875	0.2525	0.52875	0.615	0.155	0.4075	0.60625	0.34375	0.31125	0.17	0.15625	0.42375	0.1	0.195	0.3575	0.4375	0.36	0.39625	0.385	0.16875	-3.2	-3.4	-1.86	-1.95714	-1.71111	0.4768	0.612067	0.53554	0.475671	0.444689
0.12	0.12	0.88	0.98	0.02	0.12	0.5	0.98	0.12	0.02	0.05	0.5	0.05	0.02	0.27	0.27	0.12	0.02	0.02	0.12	0.34375	0.26875	0.43375	0.49875	0.155	0.39875	0.5175	0.37375	0.35625	0.14125	0.1425	0.33875	0.0775	0.2125	0.2975	0.4375	0.3225	0.39625	0.43125	0.1375	-3.5	-2.53333	-2.4	-1.95714	-1.95556	0.6778	0.451433	0.43618	0.439943	0.4053
0.01	0	0	0	0.01	0.01	0	0.01	0.01	0.01	0.02	0	0.02	0.73	0	0	0.01	1	0.5	0	0.33875	0.37375	0.4675	0.53625	0.15625	0.44125	0.57125	0.495	0.39875	0.11375	0.14625	0.44875	0.08125	0.12375	0.33125	0.4425	0.28875	0.27375	0.38	0.1525	-0.9	-1.76667	-2.4	-2.27143	-2.06667	0.1997	0.340833	0.35124	0.356986	0.3894
0.12	0.01	0.01	0	0.88	0.02	0.01	0.01	0.02	0.12	0.5	0.01	0.05	0.27	0.01	0.27	0.02	1	0.88	0.02	0.29625	0.42	0.51375	0.46	0.06625	0.46875	0.5125	0.4375	0.4925	0.1	0.13375	0.47625	0.09625	0.20875	0.25375	0.4275	0.24	0.2825	0.36	0.12125	-0.9	-1.76667	-1.84	-2.41429	-2.65556	0.145	0.200533	0.2681	0.3116	0.328167
0.12	0.73	0.73	0.5	0.02	0.88	0.95	0.05	0.73	0.12	0.27	0.88	0.12	0.27	0.12	0.5	0.5	0.88	0.73	0.12	0.315	0.33	0.36625	0.35	0.205	0.3325	0.335	0.4325	0.3	0.185	0.26625	0.33875	0.19125	0.23625	0.16375	0.37	0.2275	0.30625	0.32125	0.19375	-3.5	-1.6	-2.04	-2.45714	-2.34444	0.2569	0.154333	0.20532	0.256443	0.300389
0.88	0.02	0.12	0.05	0.02	0.05	0.02	1	0.02	0.01	0.01	0.05	0.02	0.01	0.02	0.12	0.05	0.02	0.01	0.02	0.24875	0.41875	0.4425	0.40625	0.205	0.37875	0.4225	0.22875	0.3125	0.255	0.38375	0.41375	0.25125	0.26875	0.1475	0.37	0.28375	0.405	0.36375	0.25375	-0.4	-2.8	-2.56	-2.05714	-1.78889	0.0611	0.2273	0.18352	0.221271	0.309511
0.12	0.99	0.27	0.27	0.05	0.73	0.88	0.12	0.5	0.27	0.12	0.88	0.12	0.05	0.12	0.27	0.12	0.05	0.12	0.27	0.3625	0.37375	0.4325	0.3475	0.2325	0.34125	0.28625	0.27875	0.3475	0.22625	0.37	0.28125	0.23875	0.26375	0.1075	0.4275	0.37875	0.40125	0.35375	0.21375	-4.5	-2.8	-2.52	-1.67143	-1.47778	0.3639	0.1719	0.24084	0.272586	0.284711
0.5	0.5	0.88	0.27	0.27	0.5	0.27	0.27	0.88	0.27	0.5	0.5	0.27	0.27	0.27	0.88	0.5	0.12	0.27	0.27	0.3475	0.46875	0.46625	0.38125	0.20625	0.4025	0.3775	0.3825	0.305	0.22625	0.32125	0.42	0.22	0.1475	0.095	0.4425	0.345	0.27	0.275	0.21625	-3.5	-2.9	-1.46	-1.64286	-1.76667	0.0907	0.2954	0.30124	0.316814	0.332822
0.27	0.27	0.27	0.5	0.27	0.5	0.5	0.12	0.12	0.73	0.88	0.27	0.88	0.27	0.12	0.27	0.5	0.12	0.27	0.73	0.42375	0.60625	0.60375	0.38625	0.09875	0.51875	0.46625	0.415	0.43125	0.15625	0.2175	0.56625	0.1525	0.11625	0.1275	0.51875	0.405	0.1475	0.17125	0.1625	-0.7	-0.8	-1.52	-1.64286	-2.05556	0.4316	0.3604	0.37994	0.3705	0.380411
0.73	0.73	0.5	0.73	0.12	0.27	0.27	0.27	0.12	0.5	0.73	0.27	0.5	0.27	0.27	0.5	0.5	0.05	0.12	0.5	0.385	0.5675	0.54625	0.32875	0.13	0.5	0.4675	0.39625	0.355	0.26125	0.265	0.51875	0.2475	0.11625	0.10875	0.51875	0.4525	0.0525	0.11375	0.2675	1.8	0.133333	-1.32	-2.08571	-1.2	0.5589	0.4817	0.4337	0.443671	0.397033
0.27	0.73	0.95	0.73	0.27	0.5	0.27	0.5	0.88	0.05	0.05	0.27	0.05	0.02	0.05	0.88	0.95	0.02	0.05	0.05	0.3475	0.5675	0.49	0.32875	0.11	0.4675	0.4675	0.3675	0.26	0.31625	0.34875	0.515	0.3025	0.1475	0.13625	0.47125	0.3925	0.055	0.1225	0.3225	-0.7	-0.8	-1.32	-0.842857	-1.2	0.4546	0.548733	0.53022	0.449757	0.398156
0.27	0.27	0.88	0.27	0.02	0.27	0.12	0.99	0.05	0.01	0.01	0.73	0.02	0.02	0.05	0.73	0.12	0.02	0.02	0.02	0.33875	0.50375	0.4675	0.38625	0.16875	0.4075	0.37875	0.29375	0.3075	0.3975	0.43	0.35	0.3825	0.26	0.1225	0.45875	0.4875	0.17375	0.23375	0.32625	-3.5	-2.56667	-0.34	-0.4	-0.8	0.6327	0.553533	0.5252	0.446971	0.380767
0.5	0.88	0.5	0.27	0.02	0.95	0.95	0.12	0.27	0.02	0.05	0.95	0.12	0.02	0.12	0.27	0.5	0.02	0.05	0.05	0.2625	0.3675	0.40625	0.35375	0.1375	0.26125	0.2425	0.37	0.17625	0.4725	0.39625	0.26125	0.37	0.35125	0.08125	0.40875	0.38375	0.1925	0.30625	0.38	-3.5	-0.933333	-0.78	-0.428571	-0.1	0.5733	0.5375	0.42766	0.414943	0.3746
0.27	0.88	0.5	0.27	0.12	0.5	0.73	0.05	0.12	0.73	0.5	0.5	0.5	0.27	0.12	0.73	0.88	0.05	0.12	0.73	0.26375	0.335	0.375	0.29375	0.0925	0.2575	0.21375	0.365	0.18125	0.29375	0.23125	0.29	0.21375	0.28625	0.19125	0.32375	0.28	0.17375	0.265	0.205	4.2	0.1	-0.82	-0.285714	-0.2	0.4065	0.350333	0.37822	0.340129	0.340311
0.12	0.02	0.12	0.05	0.01	0.02	0.02	1	0.02	0	0	0.02	0.01	0.01	0.02	0.12	0.02	0.01	0.01	0.01	0.30125	0.385	0.39375	0.245	0.20125	0.3175	0.33125	0.24625	0.24125	0.35625	0.23625	0.35	0.2275	0.29125	0.185	0.46	0.41625	0.175	0.27	0.2475	-0.4	0.966667	0.44	-0.414286	-0.122222	0.0712	0.228367	0.25872	0.292757	0.3056
0.05	0.02	0.02	0.27	0.27	0.02	0.02	0.02	0.05	0.88	0.73	0.02	0.73	0.95	0.01	0.02	0.05	1	0.98	0.27	0.31	0.30875	0.4125	0.23625	0.1375	0.27	0.3125	0.32125	0.1425	0.24125	0.14	0.33125	0.13375	0.1725	0.18625	0.48125	0.3275	0.05	0.145	0.21125	-0.9	0.5	0.82	0.442857	-0.433333	0.2074	0.1046	0.16866	0.237586	0.322278
0.12	0.02	0.01	0.01	0.02	0.01	0.01	0.01	0.05	0.88	0.27	0.01	0.27	1	0.01	0.02	0.05	0.27	0.88	0.73	0.30125	0.30875	0.30625	0.23625	0.16875	0.24375	0.30125	0.2	0.2275	0.24625	0.2025	0.24375	0.195	0.28625	0.18125	0.42375	0.31875	0.20125	0.28	0.1575	2.8	0.1	0.48	0.442857	-0.544444	0.0352	0.121867	0.13666	0.242071	0.2743
0.05	0.01	0.02	0.02	0.01	0.02	0.05	0.01	0.01	0.01	0.01	0.05	0.01	0	1	0.05	0.05	0	0.01	0.01	0.28125	0.2025	0.245	0.2025	0.17375	0.12625	0.18	0.18625	0.2	0.44375	0.29125	0.1225	0.30375	0.415	0.045	0.3925	0.31875	0.235	0.38875	0.36625	-1.6	1.23333	-0.14	-0.8	0.311111	0.123	0.1349	0.24336	0.2127	0.2253
0.88	0.27	0.27	0.12	0.88	0.27	0.5	0.27	0.5	0.27	0.27	0.27	0.12	0.05	0.12	0.98	0.73	0.02	0.05	0.12	0.235	0.15125	0.185	0.19	0.08375	0.1425	0.1425	0.1625	0.23375	0.32625	0.2025	0.15125	0.29	0.38125	0.155	0.21875	0.215	0.2325	0.38375	0.27625	2.5	-0.866667	-0.86	-0.142857	-0.511111	0.2465	0.324733	0.24206	0.221429	0.230033
0.27	0.12	1	0.88	0.02	0.12	0.12	0.12	0.12	0.01	0.01	0.12	0.02	0.01	0.05	0.95	0.27	0.01	0.02	0.02	0.31125	0.17375	0.085	0.095	0.1925	0.165	0.22125	0.05875	0.28125	0.365	0.25	0.20125	0.3075	0.38625	0.28625	0.2225	0.27625	0.23375	0.38875	0.32125	-3.5	-1.83333	-0.58	-0.471429	-0.644444	0.6047	0.3507	0.26148	0.255957	0.2858
0.27	0.27	0.02	0.01	0.02	0.05	0.02	0.01	0.73	0.05	0.05	0.02	0.05	0.98	0.01	0.27	0.05	0.5	1	0.05	0.32	0.1675	0.21125	0.1725	0.165	0.18625	0.2375	0.0725	0.30875	0.34125	0.21625	0.2175	0.30375	0.2375	0.29625	0.32	0.36	0.17125	0.26875	0.34625	-4.5	-1.26667	-0.9	-1.1	-0.688889	0.2009	0.312633	0.3267	0.3328	0.333556
0.27	0.02	0.02	0.01	0.05	0.02	0.02	0.01	0.01	0.73	0.5	0.02	0.73	0.05	0.02	0.05	0.5	0.02	0.05	1	0.33875	0.2025	0.21625	0.17375	0.1925	0.195	0.2425	0.07375	0.395	0.25625	0.18875	0.2225	0.2475	0.2625	0.3	0.36	0.36	0.20375	0.2925	0.26	4.2	-1.16667	-1.72	-1.05714	-0.533333	0.1323	0.260767	0.39202	0.406257	0.437911
