1	0	0	0	0.73	0.01	0.01	0.12	0	0.02	0	0.01	0.05	0	0.01	0.12	0.12	0	0	0.27	0.18375	0.17625	0.12125	0.14375	0.2875	0.19625	0.085	0.0225	0.30125	0.2575	0.17125	0.20875	0.26375	0.49	0.10625	0.215	0.17125	0.35125	0.505	0.33625	1.8	0.7	1.82	0.614286	0.711111	0.0286	0.283367	0.29766	0.372714	0.401789
0.12	0.05	0.02	0.01	0.05	0.27	0.05	0	0.05	0.88	0.99	0.12	0.88	0.05	0	0.02	0.12	0.01	0.02	0.5	0.3125	0.1975	0.195	0.24625	0.42875	0.25875	0.1925	0.03375	0.32625	0.15875	0.05625	0.28	0.21625	0.49625	0.16375	0.15125	0.15625	0.3625	0.50625	0.355	3.8	2.8	0.28	1.2	0.4	0.42	0.332567	0.39484	0.315129	0.390267
0.02	0.05	0.01	0.02	0.5	0.12	0.01	0.02	0.73	0.01	0.02	0.27	0.05	0.98	0	0.01	0.02	0.95	1	0.01	0.4475	0.18875	0.20125	0.24125	0.3725	0.2775	0.20125	0.15	0.15125	0.25375	0.16375	0.28	0.2875	0.2575	0.28	0.21375	0.20125	0.1225	0.25875	0.40375	2.8	1.03333	1.54	0.1	0.366667	0.5491	0.5147	0.34306	0.411086	0.364022
0.27	0.12	0.73	1	0	0.27	0.27	0.05	0.12	0	0	0.12	0	0	0.73	0.73	0.05	0	0	0	0.36875	0.2975	0.20125	0.18125	0.31875	0.37625	0.2775	0.155	0.28875	0.19875	0.1575	0.36	0.265	0.2725	0.22125	0.2125	0.25375	0.2275	0.27125	0.2875	-3.5	0.7	0.48	0.371429	-0.488889	0.575	0.422233	0.4895	0.397943	0.452367
0	0.02	0.05	0	0.73	0	0	0	0.73	0	0.02	0	0.01	1	0	0	0	0.73	1	0	0.43	0.24875	0.4025	0.4225	0.28875	0.41	0.3875	0.2225	0.32	0.1425	0.15125	0.315	0.26375	0.14875	0.32625	0.38875	0.3075	0.1375	0.14625	0.175	2.8	-1.4	-0.6	-0.385714	-0.488889	0.1426	0.4928	0.4674	0.520171	0.472778
0.27	0.27	0.73	0.88	0.5	0.88	0.95	0.02	0.27	0.12	0.12	0.73	0.5	0.12	0.5	0.27	0.88	0.12	0.05	0.5	0.3625	0.2325	0.38	0.435	0.26	0.3325	0.3775	0.22	0.41125	0.12625	0.14125	0.25625	0.2025	0.26125	0.385	0.4025	0.21625	0.21375	0.26625	0.085	-3.5	-0.766667	-1.86	-1.42857	-1.07778	0.7608	0.4043	0.53442	0.543771	0.578722
0.99	0.05	0.05	0.02	0.01	0.05	0.05	0.95	0.01	0.01	0.01	0.27	0.01	0	0.98	0.5	0.27	0	0	0.02	0.2725	0.31625	0.5725	0.665	0.32125	0.465	0.575	0.21375	0.5	0.03	0.0325	0.31375	0.16	0.27	0.33125	0.43375	0.36875	0.2275	0.2725	0.08375	-1.6	-2.86667	-1.86	-2.32857	-1.54444	0.3095	0.6515	0.53646	0.605629	0.604378
0.5	0.95	0.73	0.5	0.02	0.95	0.88	0.12	0.5	0.05	0.05	0.5	0.5	0.02	0.27	0.73	0.5	0.01	0.05	0.05	0.33375	0.20375	0.4925	0.72125	0.2575	0.4	0.595	0.34875	0.38125	0.02375	0.0275	0.26625	0.095	0.1475	0.42125	0.41875	0.37125	0.1075	0.14125	0.07875	-3.5	-2.86667	-3.12	-1.88571	-2.24444	0.8842	0.592967	0.70436	0.616471	0.5619
0.27	0.5	0.95	0.95	0.5	0.73	0.88	0.5	0.88	0.05	0.02	0.5	0.12	0.02	0.12	0.73	0.5	0.01	0.05	0.05	0.33	0.245	0.37375	0.54	0.19875	0.39375	0.56125	0.295	0.31875	0.1425	0.15625	0.25125	0.2525	0.1625	0.34875	0.3275	0.36625	0.1075	0.1425	0.14125	-3.5	-3.5	-2.5	-2.78571	-1.43333	0.5852	0.817167	0.68238	0.619929	0.507444
0.73	0.12	0.5	0.98	0.27	0.27	0.88	0.12	0.27	0.01	0.02	0.27	0.05	0.02	0.98	0.5	0.27	0	0.01	0.05	0.335	0.305	0.515	0.57	0.15125	0.485	0.595	0.37625	0.31875	0.14875	0.15625	0.31375	0.26625	0.0375	0.3325	0.48	0.505	0.0175	0.025	0.1475	-3.5	-2.46667	-2.88	-1.74286	-1.78889	0.9821	0.7394	0.65384	0.523371	0.537289
0.12	0.5	0.88	0.99	0.05	0.5	0.73	0.88	0.5	0	0.01	0.12	0.05	0	0.05	0.5	0.73	0	0.02	0.01	0.3775	0.22375	0.37625	0.45875	0.11625	0.34625	0.495	0.27875	0.25625	0.22625	0.26125	0.24125	0.295	0.15	0.38625	0.44625	0.3375	0.005	0.0325	0.1525	-0.4	-2.46667	-1.42	-1.57143	-1.08889	0.6509	0.599933	0.49398	0.5379	0.456611
0.02	0.05	0.05	0.95	0	0.5	1	0.27	0.27	0	0.02	0.12	0.02	0.02	0.01	0.12	0.27	0	0	0	0.3	0.3925	0.53625	0.52375	0.155	0.45	0.54625	0.23875	0.375	0.24	0.27375	0.32625	0.33125	0.15375	0.28375	0.49375	0.42375	0.00625	0.04125	0.16625	-3.5	-0.0333333	-0.8	-0.671429	-1.41111	0.1668	0.300867	0.45918	0.416543	0.4896
0.01	0	0	0	0.01	0	0	0	0	0.95	1	0	0.88	0.12	0	0	0.01	0	0.01	0.5	0.33	0.39	0.4575	0.595	0.1575	0.50375	0.67125	0.26	0.36125	0.13	0.15125	0.40125	0.17625	0.145	0.31375	0.4325	0.4275	0.00625	0.04	0.13125	3.8	-0.0333333	0.46	-0.814286	-1.52222	0.0849	0.220967	0.2697	0.419571	0.462444
0.5	0.12	0.73	0.27	0.12	0.27	0.27	0.27	0.12	0.01	0.02	0.27	0.05	0	0.73	0.99	0.88	0	0.02	0.05	0.24125	0.315	0.31	0.53375	0.08125	0.37875	0.53375	0.28875	0.27	0.24125	0.27125	0.3075	0.265	0.1575	0.2075	0.22	0.25875	0.005	0.035	0.18125	-0.4	2.06667	-0.36	-0.957143	-1.17778	0.4112	0.176933	0.2608	0.370671	0.459378
0	0	0	0	0	0	0	0	0	0.73	0.95	0	0.73	1	0	0	0	0.02	0.12	0.5	0.24625	0.3175	0.35375	0.57	0.06875	0.44125	0.58	0.3075	0.2525	0.15	0.1525	0.31375	0.17625	0.03	0.17625	0.2875	0.34125	0.0025	0.02125	0.11875	2.8	-0.7	-0.56	-0.957143	-1.17778	0.0347	0.350767	0.3554	0.357343	0.379733
0.27	0.95	0.5	0.5	0.27	0.88	0.73	0.02	0.73	0.12	0.12	0.95	0.27	0.05	0.12	0.5	0.5	0.01	0.05	0.12	0.2125	0.2275	0.18375	0.39	0.04375	0.3025	0.43125	0.19625	0.11375	0.34875	0.34625	0.2425	0.29	0.21125	0.17	0.1775	0.25	0.00625	0.06125	0.28375	-4.5	-2.06667	-1.4	-0.957143	-0.822222	0.6064	0.426967	0.44994	0.371414	0.3548
0.73	0.88	0.05	0.12	0.05	0.88	0.88	0.02	0.12	0.12	0.05	0.98	0.12	0.05	0.5	0.12	0.27	0.01	0.05	0.27	0.15375	0.23	0.23375	0.31875	0.0725	0.24	0.2875	0.1625	0.15625	0.4725	0.47125	0.22375	0.3975	0.3	0.12125	0.21	0.2475	0.0075	0.1525	0.38375	-4.5	-3.13333	-2.02	-1.1	0.0666667	0.6398	0.601267	0.42076	0.420214	0.338589
0.05	0.02	0.5	0.73	0	0	0.05	1	0.27	0	0	0.02	0	0	0	0.02	0.02	0	0.02	0	0.2525	0.4	0.21125	0.305	0.14	0.44125	0.50125	0.0425	0.25625	0.4025	0.415	0.40625	0.33625	0.35375	0.18625	0.25625	0.39625	0.015	0.27375	0.38875	-0.4	-2.8	-2.02	-0.4	-0.711111	0.5576	0.487567	0.49912	0.364457	0.367267
0.27	0.02	0.12	1	0.05	0.5	0.98	0	0.01	0	0	0.05	0.02	0	0	0.05	0.05	0	0	0	0.16875	0.385	0.20125	0.23875	0.125	0.3475	0.35375	0.135	0.27625	0.525	0.50375	0.37125	0.3425	0.36	0.095	0.13	0.285	0.015	0.275	0.5075	-3.5	-0.366667	-0.22	-1.25714	-0.2	0.2653	0.416467	0.38202	0.4085	0.335478
0.12	0.73	0.02	0.05	0.12	0.27	0.27	0.01	0.12	0.98	0.73	0.5	0.5	0.5	0.12	0.12	0.5	0.02	0.27	0.95	0.2025	0.31125	0.21625	0.36	0.15	0.39125	0.44875	0.13625	0.2775	0.43375	0.41625	0.32125	0.2825	0.20625	0.08125	0.155	0.29125	0.0125	0.26	0.43625	2.8	1.26667	0.04	-0.0142857	-0.3	0.4265	0.237567	0.32266	0.339743	0.368133
0.01	0	0	0	0.01	0	0	0	0	0.99	0.95	0	0.73	0.73	0	0	0.02	0.01	0.73	0.95	0.1975	0.375	0.26625	0.4225	0.13625	0.40625	0.51375	0.16875	0.235	0.41875	0.37625	0.3275	0.22625	0.17375	0.14375	0.19875	0.3225	0.01375	0.2025	0.42375	4.5	1.36667	0.96	0.9	-0.188889	0.0209	0.263467	0.23616	0.295286	0.355667
0.12	0.5	0.27	0.5	0.5	0.73	0.88	0.02	0.95	0.27	0.5	0.5	0.27	0.5	0.02	0.27	0.95	0.05	0.95	0.27	0.12625	0.3125	0.28875	0.43625	0.08375	0.315	0.40375	0.17	0.11625	0.50875	0.4325	0.265	0.33125	0.23	0.09375	0.2125	0.235	0.0225	0.17125	0.50875	-3.2	1.83333	2.04	0.457143	-0.0777778	0.343	0.163	0.24882	0.286229	0.338844
0.05	0	0.27	0.01	0.05	0.02	0.02	0.01	0.02	0.99	0.73	0.02	0.12	0.05	0	0.01	0.02	0	0.01	1	0.1625	0.3875	0.28875	0.51625	0.2025	0.46625	0.615	0.08	0.2325	0.51	0.41875	0.35625	0.365	0.30125	0.15875	0.33375	0.44	0.03125	0.30125	0.50875	4.2	0.966667	0.78	0.457143	-0.122222	0.1251	0.265567	0.26236	0.3181	0.333544
0.12	0.12	0.02	0.02	0.27	0.12	0.05	0.02	0.12	0.98	0.98	0.05	0.73	0.27	0.01	0.27	0.5	0.02	0.27	0.88	0.12625	0.385	0.415	0.51375	0.17	0.425	0.6075	0.14125	0.28125	0.5175	0.39	0.36125	0.2875	0.27625	0.24875	0.38625	0.38875	0.03	0.3025	0.52625	1.9	0.866667	-0.82	-0.0571429	-0.122222	0.3286	0.315967	0.35586	0.330014	0.377167
0.12	0.73	0.88	0.95	0.05	0.73	0.98	0.27	0.27	0.01	0.02	0.5	0.05	0.02	0.5	0.73	0.27	0.01	0.05	0.02	0.12625	0.28	0.39625	0.51	0.18375	0.3775	0.57625	0.21875	0.2625	0.5225	0.42125	0.305	0.325	0.2475	0.2825	0.37625	0.37	0.03	0.29875	0.52125	-3.5	-1.7	-0.34	-1.2	-0.611111	0.4942	0.437067	0.38924	0.421014	0.419867
0.27	0.88	0.5	0.73	0.12	0.88	0.88	0.05	0.12	0.12	0.05	0.98	0.5	0.27	0.12	0.5	0.5	0.12	0.02	0.27	0.1125	0.27625	0.535	0.65625	0.17375	0.3925	0.68	0.37	0.3725	0.385	0.3	0.27875	0.17875	0.13125	0.33625	0.42	0.345	0.01625	0.27375	0.37125	-3.5	-2.6	-1.88	-0.971429	-1.5	0.4884	0.4975	0.4958	0.487843	0.479578
0.27	0.12	0.5	0.88	0.5	0.5	0.88	0.27	0.27	0.73	0.12	0.27	0.12	0.12	0.5	0.73	0.73	0.02	0.12	0.73	0.09875	0.31125	0.50125	0.575	0.07	0.34875	0.57	0.3425	0.235	0.28125	0.22875	0.305	0.1925	0.12125	0.28625	0.3575	0.2	0.1475	0.145	0.28	-0.8	-2.6	-2.58	-2.07143	-1.24444	0.5099	0.552067	0.59224	0.549729	0.475544
0.05	0.12	0.88	0.99	0.01	0.27	0.95	0.5	0.5	0.05	0.02	0.12	0.01	0.02	0.73	0.73	0.12	0.01	0.27	0.02	0.1225	0.3125	0.42	0.56	0.235	0.37625	0.55875	0.3125	0.20625	0.24875	0.24125	0.32125	0.25375	0.21875	0.2575	0.3625	0.275	0.27375	0.235	0.245	-3.5	-1.96667	-2.58	-2.47143	-1.81111	0.6579	0.659533	0.60506	0.5466	0.475522
0.12	0.5	0.73	0.95	0.01	0.5	0.95	0.88	0.12	0.05	0.02	0.5	0.12	0.02	0.88	0.5	0.12	0.01	0.02	0.05	0.11375	0.36	0.45125	0.5775	0.2025	0.4425	0.6625	0.265	0.2725	0.18875	0.18125	0.3775	0.21125	0.2475	0.24	0.3725	0.275	0.38125	0.3425	0.165	-1.6	-2.86667	-2.06	-2.1	-2.45556	0.8108	0.675667	0.56872	0.493843	0.477056
0.05	0.12	0.73	0.95	0	0.27	0.73	0.99	0.73	0	0.01	0.27	0.01	0.05	0.05	0.12	0.05	0.01	0.5	0	0.22625	0.33125	0.3425	0.46	0.3075	0.38625	0.57	0.3425	0.1625	0.19625	0.18125	0.34625	0.22	0.24125	0.28125	0.335	0.25625	0.38	0.27625	0.23125	-3.5	-2	-2.08	-2.15714	-2.11111	0.5583	0.5586	0.49172	0.472986	0.424378
0.01	0.02	0	0	0.05	0	0	0.02	0	0.05	0	0	0	0.27	0	0	0.02	1	0.02	0	0.2125	0.35625	0.38625	0.5025	0.30125	0.40125	0.67	0.46	0.33	0.18125	0.19125	0.3675	0.22125	0.1825	0.275	0.35	0.26	0.2425	0.3675	0.23125	-0.9	-1.76667	-2.16	-2.1	-1.52222	0.3067	0.329967	0.42862	0.403014	0.404667
0.02	0.01	0	0	0.88	0.01	0	0	0.02	0.05	0.73	0	0.5	0.73	0	0.05	0.01	1	0.88	0.01	0.21125	0.405	0.415	0.42625	0.245	0.3525	0.575	0.435	0.40375	0.1525	0.195	0.39625	0.20625	0.125	0.275	0.34375	0.20375	0.2425	0.3075	0.23	-0.9	-1.9	-1.92	-1.34286	-1.15556	0.1249	0.258	0.27048	0.353457	0.367533
0.12	0.88	0.12	0.12	0.01	0.88	0.88	0.02	0.27	0.5	0.5	0.88	0.5	0.5	0.02	0.12	0.5	0.88	0.88	0.27	0.2075	0.34375	0.4125	0.3975	0.355	0.2725	0.4375	0.4325	0.42875	0.09625	0.2275	0.33375	0.23875	0.15375	0.1875	0.335	0.21875	0.2575	0.28	0.20125	-3.9	-1.73333	-0.86	-0.757143	-1.12222	0.3424	0.162467	0.22102	0.262729	0.382844
0.95	0.12	0.01	0.01	0.88	0.05	0.02	1	0	0.02	0.01	0.02	0.01	0	0	0.05	0.05	0	0	0.5	0.095	0.43875	0.3975	0.38375	0.245	0.31625	0.44125	0.325	0.45	0.15	0.28625	0.39375	0.285	0.21625	0.0825	0.315	0.275	0.36625	0.39	0.16625	-0.4	-0.833333	-0.18	-0.714286	-0.988889	0.0201	0.2245	0.19482	0.296643	0.390122
0.12	0.98	0.12	0.12	0.12	0.73	0.95	0.02	0.73	0.05	0.12	0.88	0.5	0.02	0.02	0.5	0.5	0.01	0.27	0.27	0.2075	0.435	0.355	0.31375	0.4025	0.31625	0.34375	0.33875	0.3775	0.1525	0.2775	0.37125	0.2375	0.20875	0.07625	0.2775	0.275	0.365	0.29625	0.21	1.8	1.3	-0.64	-0.642857	-0.988889	0.311	0.168933	0.32898	0.378014	0.391544
0.27	0.5	0.73	0.27	0.88	0.12	0.12	0.05	0.88	0.5	0.88	0.5	0.5	0.12	0.5	0.73	0.27	0.02	0.5	0.73	0.22125	0.6025	0.285	0.31	0.31625	0.5025	0.56625	0.335	0.37375	0.18125	0.1975	0.48125	0.27125	0.19625	0.01875	0.31125	0.41125	0.25375	0.28	0.2625	2.5	0.366667	0.06	-1.01429	-0.966667	0.1757	0.427467	0.43576	0.441757	0.423333
0.12	0.5	0.98	0.88	0.02	0.5	0.73	0.5	0.95	0.05	0.05	0.5	0.27	0.02	0.05	0.73	0.73	0.01	0.05	0.05	0.24375	0.60125	0.255	0.23625	0.31375	0.46	0.49	0.40375	0.3625	0.23125	0.21	0.48125	0.2375	0.12	0.075	0.30625	0.3525	0.13	0.2325	0.34625	-3.2	-0.366667	-0.56	-0.557143	-0.911111	0.7957	0.6159	0.54596	0.477529	0.419933
0.05	0.5	0.5	0.73	0	0.02	0.12	1	0.02	0	0	0.12	0	0.02	0.02	0.27	0.12	0	0.02	0	0.24	0.49375	0.30625	0.2425	0.3175	0.425	0.4575	0.33875	0.47875	0.29375	0.26375	0.425	0.31875	0.17625	0.07875	0.35125	0.3725	0.14625	0.24875	0.3525	-0.4	-2.36667	-1.06	-0.557143	-0.266667	0.8763	0.7477	0.60232	0.488129	0.411178
0.12	0.95	0.5	0.5	0.5	0.95	0.88	0.12	0.88	0.05	0.05	0.95	0.12	0.01	0.02	0.27	0.5	0.01	0.02	0.12	0.14625	0.4225	0.305	0.27	0.17875	0.30875	0.36	0.32375	0.37125	0.40375	0.29	0.31875	0.33625	0.3025	0.07875	0.34625	0.325	0.1475	0.31125	0.3975	-3.5	-1.53333	-1.64	-0.542857	0.0888889	0.5711	0.680067	0.58604	0.481357	0.411022
0.27	0.88	0.05	0.12	0.12	0.88	0.95	0.02	0.12	0.73	0.12	0.5	0.27	0.27	0.02	0.5	0.88	0.12	0.12	0.88	0.1125	0.30875	0.34625	0.3025	0.21125	0.22625	0.2325	0.33375	0.375	0.3125	0.26625	0.28	0.255	0.2675	0.20125	0.255	0.215	0.1325	0.265	0.27125	-0.7	-1.53333	-0.62	-0.5	-0.288889	0.5928	0.4194	0.47962	0.458929	0.388778
0.05	0	0.01	0.02	0	0.05	0	1	0	0	0	0	0	0.02	0	0.01	0	0	0.05	0	0.225	0.39	0.275	0.2875	0.13125	0.34875	0.39875	0.23875	0.3425	0.35625	0.18625	0.3425	0.2325	0.3175	0.15625	0.3475	0.35375	0.14625	0.245	0.3525	-0.4	0.266667	0.02	-0.271429	-1.06667	0.0943	0.3169	0.3081	0.361086	0.399689
0.02	0.02	0.05	0.02	0.02	0.12	0.01	0	0.27	0.95	0.88	0.05	0.88	0.95	0.02	0.02	0.05	1	0.98	0.27	0.27625	0.33125	0.2725	0.24	0.1325	0.31125	0.34	0.3075	0.205	0.24625	0.07125	0.28875	0.09125	0.2	0.15375	0.365	0.3475	0.02	0.125	0.3275	1.9	1.43333	0.4	-0.857143	-1.1	0.2636	0.125533	0.21604	0.275029	0.394767
0.27	0	0	0	0.27	0.05	0	0	0	0.95	0.27	0	0.27	1	0	0.01	0.05	0.02	0.5	0.98	0.23875	0.2725	0.21625	0.15125	0.16375	0.31875	0.32625	0.185	0.34625	0.26125	0.1625	0.28	0.17375	0.31375	0.15375	0.335	0.3325	0.14875	0.3075	0.24125	2.8	1.03333	-0.36	-0.857143	-1.2	0.0187	0.131033	0.15226	0.300786	0.3324
0	0	0	0	0	0	0	0	0	0	0	0.12	0	0	1	0	0	0	0	0.02	0.26375	0.15375	0.15375	0.08875	0.16875	0.20625	0.21625	0.17	0.23625	0.48375	0.3	0.14625	0.22625	0.4525	0.02625	0.30375	0.31	0.15	0.36875	0.47125	-1.6	-1.1	-0.98	-0.942857	-0.344444	0.1108	0.134467	0.28368	0.2611	0.277867
0.95	0.27	0.12	0.05	0.12	0.27	0.5	0.27	0.5	0.12	0.12	0.5	0.05	0.27	0.12	0.98	0.5	0.01	0.27	0.5	0.2025	0.0725	0.13875	0.10125	0.14125	0.18125	0.15875	0.13625	0.1925	0.3925	0.2725	0.1275	0.1925	0.38625	0.13625	0.13375	0.22875	0.13375	0.32125	0.335	-4.5	-3.2	-1.62	-0.285714	-0.344444	0.2739	0.3787	0.29396	0.2591	0.273456
0.5	0.05	1	0.5	0.05	0.27	0.27	0.05	0.12	0.12	0.01	0.12	0.02	0.01	0.05	0.88	0.73	0	0.02	0.12	0.25875	0.19125	0.03	0.0575	0.18375	0.20875	0.30625	0.04	0.255	0.455	0.32	0.285	0.2025	0.43125	0.26875	0.16	0.215	0.13625	0.36125	0.445	-3.5	-3.1	-1.34	-0.657143	-0.477778	0.7514	0.446767	0.30628	0.300457	0.318011
0	0.01	0	0	0.5	0.01	0	0.02	0.88	0.12	0.12	0	0.05	0.98	0	0.02	0	0.05	1	0.02	0.38125	0.195	0.15	0.11875	0.14	0.2325	0.34125	0.045	0.1275	0.46	0.30625	0.3	0.1225	0.20625	0.27375	0.27125	0.30625	0.0075	0.22625	0.54625	-1.3	-0.2	-1.16	-1.28571	-0.222222	0.315	0.382233	0.39474	0.368543	0.3338
0.05	0	0	0	0.27	0	0	0	0	0.88	0.88	0	0.27	0.12	0	0.01	0.27	0	0.01	1	0.3475	0.21125	0.2725	0.2375	0.13625	0.2425	0.45125	0.11	0.3475	0.2475	0.17875	0.41	0.06375	0.19	0.28	0.38125	0.32875	0.0125	0.29	0.3075	4.2	0.733333	-0.58	-0.457143	-0.922222	0.0803	0.316133	0.43902	0.410671	0.412389
0.73	0.5	0.05	0.27	0.02	0.95	0.99	0.02	0.27	0.12	0.02	0.73	0.05	0.01	0.02	0.12	0.73	0	0.01	0.27	0.26875	0.27375	0.28125	0.21	0.16875	0.2475	0.36125	0.11	0.32875	0.34375	0.28875	0.42625	0.0975	0.205	0.155	0.3825	0.2775	0.01375	0.2925	0.39875	-0.7	0.633333	0.96	-0.314286	-1.24444	0.5531	0.376233	0.36988	0.475257	0.505711
