0.27	0.12	0.05	0.5	0.01	0.27	0.5	0.95	0.12	0.02	0.12	0.27	0.02	0.01	0.99	0.5	0.27	0.01	0.01	0.12	0.3575	0.1825	0.115	0.3	0.1425	0.33875	0.49375	0.23375	0.2825	0.2525	0.22125	0.33625	0.16125	0.0825	0.59	0.39625	0.32875	0.12875	0.12	0.365	-0.4	0.433333	-0.22	0.257143	0.222222	0.62	0.435067	0.38138	0.455257	0.550189
0.5	0.5	0.5	0.73	0.02	0.73	0.5	0.12	0.5	0.27	0.12	0.73	0.5	0.5	0.98	0.5	0.5	0.73	0.12	0.12	0.20875	0.13	0.05375	0.26625	0.1375	0.2725	0.385	0.2475	0.23375	0.32875	0.30625	0.275	0.12875	0.08125	0.70875	0.3075	0.29125	0.03875	0.10625	0.35625	-0.8	-0.933333	-0.38	-0.614286	0.522222	0.6196	0.4401	0.37268	0.452957	0.4575
0.27	0	0	0	0	0.01	0.12	0	0	0.27	0.73	0.01	0.02	0	1	0.01	0.01	0	0.27	0.27	0.3225	0.25375	0.14875	0.43375	0.14	0.43875	0.52125	0.2625	0.30125	0.21125	0.20125	0.45375	0.14125	0.14	0.815	0.425	0.33375	0.1625	0.0875	0.2475	-1.6	-1.33333	-1.2	0.142857	0.444444	0.0807	0.3926	0.51682	0.399157	0.452556
0.05	0.05	0.12	0.27	0.01	0.5	0.73	0.73	0.73	0.05	0.05	0.5	0.12	0.05	1	0.27	0.12	0	0.01	0.27	0.3175	0.1625	0.24375	0.4	0.13625	0.32	0.41625	0.1675	0.2425	0.2325	0.25875	0.28875	0.12375	0.14625	0.725	0.28875	0.21625	0.12875	0.0725	0.24125	-1.6	-1.6	-0.22	0.328571	0.144444	0.4775	0.448167	0.4217	0.498057	0.4423
0.73	0.12	0.12	0.73	0.02	0.5	0.95	0.12	0.27	0.27	0.05	0.5	0.05	0.02	0.95	0.73	0.73	0.01	0.02	0.27	0.34125	0.155	0.24625	0.34375	0.01125	0.32125	0.39	0.36875	0.30125	0.205	0.26	0.29	0.1475	0.15	0.7325	0.3225	0.155	0.1275	0.07125	0.2425	-1.6	0.433333	0.7	-0.114286	-0.177778	0.7863	0.4694	0.44936	0.470729	0.447722
0.02	0.01	0.01	0.01	0.02	0.05	0.01	0.01	0.01	0.98	0.73	0.02	0.27	0.5	0.99	0.02	0.05	0.01	0.02	0.88	0.41125	0.26375	0.31625	0.4625	0.0125	0.40625	0.5075	0.27875	0.4375	0.1475	0.175	0.42625	0.1325	0.18	0.61	0.41125	0.2975	0.18875	0.18	0.185	4.5	2.23333	0.32	-0.0571429	-0.633333	0.1444	0.562867	0.51896	0.398557	0.445522
0.73	0.5	0.27	0.73	0.02	0.73	0.98	0.12	0.05	0.05	0.27	0.73	0.12	0.02	0.88	0.5	0.12	0.27	0.02	0.27	0.26625	0.155	0.22375	0.2825	0.10125	0.23625	0.32625	0.25125	0.48875	0.34875	0.28	0.30875	0.2075	0.29625	0.5075	0.30375	0.24125	0.18375	0.275	0.35625	3.8	1.6	0.56	-0.471429	-0.0444444	0.7579	0.443667	0.44634	0.472771	0.398
0.01	0.05	1	0.5	0	0.27	0.27	0.02	0.99	0	0.05	0.05	0.01	0.12	0.01	0.05	0.05	0	0.12	0	0.35625	0.32125	0.22375	0.345	0.11	0.38375	0.51	0.2975	0.405	0.33625	0.2225	0.48375	0.225	0.29875	0.50625	0.46875	0.34	0.3275	0.235	0.39	-3.5	-0.0333333	-0.02	0.4	0.0444444	0.4287	0.433667	0.40912	0.431971	0.446567
0.88	0.01	0.02	0.01	0.01	0.01	0.01	1	0.01	0	0.01	0.01	0.12	0	0.01	0.73	0.12	0	0	0.01	0.275	0.335	0.39375	0.40625	0.23	0.36875	0.46625	0.175	0.54625	0.36375	0.255	0.44125	0.21125	0.39875	0.5	0.365	0.33125	0.33375	0.35875	0.4175	-0.4	-2.8	-0.02	0.514286	0.0777778	0.1144	0.3811	0.41862	0.393614	0.449756
0.12	0.88	0.5	0.73	0.02	0.5	0.5	0.12	0.95	0.27	0.12	0.88	0.12	0.73	0.05	0.5	0.73	0.5	0.88	0.27	0.3125	0.32125	0.41	0.25875	0.3175	0.3075	0.3775	0.285	0.42875	0.33	0.26875	0.3325	0.23875	0.33875	0.43875	0.4125	0.255	0.27625	0.30875	0.385	-4.5	-0.133333	-0.94	-0.314286	0.111111	0.6002	0.302167	0.3706	0.4453	0.427533
0.05	0.12	0.02	0.01	0.73	0.05	0.02	0.01	0.95	0.95	0.5	0.5	0.95	0.95	0.05	0.12	0.12	0.95	0.88	0.88	0.3525	0.4775	0.5025	0.43875	0.2325	0.4675	0.54625	0.38875	0.54625	0.12875	0.145	0.4875	0.11625	0.255	0.33	0.54875	0.34	0.225	0.3975	0.205	4.5	-0.266667	-0.5	-1.04286	-0.477778	0.1919	0.436633	0.3861	0.420786	0.473789
0.27	0.88	0.73	0.27	0.05	0.73	0.88	0.27	0.27	0.12	0.05	0.73	0.05	0.12	0.12	0.88	0.73	0.88	0.05	0.27	0.325	0.35375	0.47125	0.40625	0.32125	0.325	0.4075	0.4325	0.64	0.24125	0.1825	0.43	0.2475	0.37125	0.3025	0.4825	0.35875	0.20625	0.5325	0.31	-0.8	0.8	-0.68	-0.657143	-0.977778	0.5178	0.4053	0.48048	0.439643	0.474344
0.27	0.12	0.5	0.27	0.98	0.12	0.12	0.73	0.88	0.27	0.27	0.12	0.12	0.73	0.95	0.12	0.12	0.05	0.88	0.5	0.3575	0.53375	0.46625	0.45375	0.21125	0.45875	0.56	0.435	0.455	0.2375	0.16375	0.61	0.2525	0.3425	0.26	0.63375	0.49125	0.31625	0.4475	0.29625	-1.3	-1.13333	0.06	-0.7	-0.766667	0.5062	0.536767	0.47258	0.532286	0.491267
0.27	0.88	0.73	0.27	0.73	0.5	0.73	0.12	0.27	0.27	0.27	0.5	0.27	0.27	0.5	0.88	0.73	0.05	0.5	0.27	0.25375	0.44	0.44125	0.45875	0.24375	0.4125	0.48875	0.3925	0.62125	0.3	0.225	0.56375	0.2525	0.525	0.3175	0.45375	0.43375	0.35	0.62	0.33875	-1.3	-1.13333	-0.98	-0.285714	-0.222222	0.5863	0.551067	0.58678	0.529543	0.486878
0.27	0.5	0.27	0.73	0.05	0.88	0.88	0.73	0.95	0.05	0.12	0.88	0.12	0.05	0.12	0.73	0.12	0.05	0.73	0.05	0.30125	0.41125	0.49875	0.34375	0.3325	0.39375	0.49875	0.335	0.5275	0.3275	0.2625	0.4975	0.29	0.47625	0.46875	0.52	0.51	0.29375	0.49625	0.395	-0.8	-0.933333	-1.14	-0.285714	0.477778	0.5607	0.636633	0.59942	0.512829	0.467256
0.73	0.27	0.73	0.73	0.05	0.27	0.73	0.73	0.12	0.12	0.12	0.5	0.27	0.12	0.73	0.73	0.88	0.05	0.27	0.5	0.2525	0.43125	0.44125	0.34875	0.2475	0.47	0.52125	0.34875	0.60375	0.29125	0.29125	0.485	0.18625	0.4675	0.44875	0.52	0.40625	0.285	0.5675	0.3475	-0.7	-1.03333	0.02	0.0857143	0.444444	0.7629	0.634867	0.51316	0.499371	0.485733
0.27	0.73	0.73	0.88	0.05	0.73	0.73	0.5	0.12	0.12	0.12	0.88	0.12	0.5	0.5	0.5	0.5	0.05	0.27	0.12	0.29125	0.355	0.44125	0.31125	0.24375	0.355	0.42625	0.4675	0.66125	0.27875	0.3	0.4375	0.21375	0.43875	0.49625	0.4725	0.36875	0.1775	0.56375	0.36375	-1.6	0.733333	0.64	0.871429	0.488889	0.581	0.472933	0.48062	0.478229	0.497433
0.05	0.02	0.05	0.05	0.02	0.02	0.05	0.05	0.73	0.5	0.5	0.02	0.27	1	0.02	0.05	0.27	0.27	1	0.12	0.3475	0.4625	0.52625	0.5	0.13125	0.4625	0.5875	0.46625	0.5375	0.2125	0.22125	0.56375	0.21375	0.31875	0.44375	0.6325	0.4925	0.14625	0.3775	0.3075	4.5	1.56667	1.64	1	0.555556	0.0749	0.359833	0.44012	0.483486	0.472222
0.5	0.27	0.5	0.27	0.05	0.73	0.73	0.27	0.88	0.27	0.27	0.73	0.27	0.12	0.88	0.88	0.73	0.05	0.12	0.5	0.29125	0.43125	0.44125	0.45375	0.0425	0.4025	0.47375	0.43	0.51875	0.27	0.25	0.44625	0.21375	0.42875	0.28	0.48125	0.45375	0.17375	0.4875	0.33625	1.8	3.5	1.7	1.01429	1.16667	0.4236	0.285567	0.41216	0.443286	0.4627
0.12	0.05	0.02	0.05	0.05	0.05	0.05	0.12	0.73	0.73	0.73	0.02	0.27	0.95	0.5	0.12	0.05	0.88	0.99	0.95	0.33875	0.3975	0.46875	0.39	0.16125	0.37875	0.45125	0.3575	0.42	0.32875	0.24	0.42625	0.21375	0.38125	0.31375	0.4875	0.53	0.065	0.32125	0.3975	4.2	1.86667	1.88	1.71429	1.75556	0.3582	0.4683	0.35182	0.405814	0.403189
0.12	0.73	0.73	0.12	0.02	0.27	0.12	0.99	0.73	0.02	0.12	0.73	0.12	0.27	0.27	0.27	0.05	0.02	0.02	0.02	0.31	0.3975	0.3225	0.3525	0.165	0.38	0.4425	0.16375	0.515	0.43625	0.335	0.36625	0.21375	0.4575	0.2575	0.46875	0.53	0.2	0.42375	0.51375	-0.4	1.03333	1.82	2.58571	1.33333	0.6231	0.4202	0.43696	0.3264	0.363267
0.5	0.27	0.5	0.95	0.05	0.27	0.73	0.27	0.5	0.12	0.02	0.27	0.27	0.27	0.05	0.95	0.88	0.02	0.12	0.05	0.23125	0.36375	0.26	0.13875	0.155	0.28875	0.275	0.19125	0.535	0.51875	0.33875	0.31375	0.1825	0.52	0.2225	0.32125	0.365	0.20875	0.5025	0.52875	-0.7	1.03333	2.36	1.3	1.36667	0.2793	0.467667	0.35726	0.373357	0.302156
0.27	0.88	0.5	0.12	0.05	0.73	0.5	0.05	0.27	0.5	0.27	0.27	0.27	0.27	0.05	0.5	0.88	0.05	0.5	0.88	0.2875	0.3475	0.345	0.25125	0.155	0.3475	0.38875	0.21875	0.56375	0.415	0.26	0.37375	0.155	0.42875	0.22625	0.49	0.44125	0.17375	0.36375	0.44375	4.2	2.66667	0.62	0.857143	0.777778	0.5006	0.268333	0.36634	0.317271	0.339522
0.27	0.01	0.01	0	1	0.01	0.02	0	0.01	0.98	0.5	0.01	0.12	0.5	0.01	0.02	0.05	0.01	0.27	0.99	0.22625	0.4225	0.34375	0.2325	0.155	0.34625	0.3575	0.19125	0.48625	0.32125	0.1975	0.315	0.14	0.385	0.12125	0.44	0.45375	0.1725	0.3775	0.3675	4.5	1.4	0.44	0.142857	0.855556	0.0251	0.309767	0.24792	0.324843	0.311867
0.5	0.95	0.27	0.5	0.05	0.5	0.73	0.05	0.88	0.27	0.27	0.73	0.12	0.05	0.05	0.73	0.88	0.27	0.12	0.5	0.1975	0.39	0.43125	0.28625	0.26875	0.3125	0.35375	0.17625	0.32	0.3525	0.15	0.31375	0.1125	0.35625	0.06875	0.4275	0.3775	0.03125	0.335	0.325	-4.5	-0.433333	0.42	0.557143	0.3	0.4036	0.153233	0.2743	0.260786	0.324856
0.02	0	0	0	0	0	0	0	0.05	0.88	0.05	0	0.02	1	0	0	0.01	0.12	1	0.27	0.27625	0.48	0.465	0.44375	0.275	0.40375	0.54	0.0925	0.4425	0.27625	0.16875	0.405	0.11625	0.205	0.16375	0.5475	0.57125	0.04875	0.225	0.3575	-1.3	-2.2	0.08	0.542857	0.3	0.031	0.281933	0.20912	0.288757	0.349122
0.27	0.5	0.73	0.12	0.02	0.95	0.73	0.05	0.73	0.05	0.12	0.5	0.05	0.27	0.05	0.95	0.88	0.02	0.27	0.27	0.18875	0.4175	0.37375	0.34375	0.2675	0.25375	0.36375	0.1775	0.2975	0.365	0.15875	0.32375	0.08	0.26375	0.185	0.34375	0.3675	0.06	0.41125	0.35125	-0.8	0.133333	-0.98	-0.114286	0.3	0.4112	0.205633	0.29912	0.337457	0.374178
0.01	0	0	0	1	0	0	0	0	0	0	0	0	0	0	0	0	0	0	0	0.18875	0.385	0.4025	0.34375	0.13875	0.28125	0.3925	0.1775	0.4175	0.31125	0.14625	0.3525	0.055	0.38875	0.185	0.4025	0.3825	0.07125	0.5075	0.27625	2.5	0.3	-0.16	-0.857143	0.144444	0.1747	0.353667	0.3867	0.405986	0.348656
0.12	0.73	0.98	0.98	0.01	0.27	0.73	0.05	0.27	0.27	0.12	0.73	0.05	0.27	0.12	0.73	0.27	0.01	0.5	0.12	0.15625	0.4025	0.34125	0.255	0.14	0.3375	0.4175	0.1775	0.47375	0.18875	0.075	0.37	0.04875	0.355	0.175	0.41875	0.43375	0.07125	0.47375	0.17125	-0.8	0.433333	-0.04	0.185714	-0.855556	0.4751	0.4971	0.48146	0.387029	0.397633
0.27	0.5	0.73	0.88	0.02	0.5	0.88	0.27	0.88	0.02	0.05	0.73	0.05	0.01	0.98	0.5	0.73	0.01	0.02	0.05	0.09	0.31375	0.33875	0.205	0.135	0.30875	0.30875	0.14375	0.28875	0.24875	0.175	0.285	0.14375	0.3875	0.0625	0.3625	0.2725	0.03875	0.52125	0.20875	-0.4	-0.633333	0.68	-0.271429	0.0666667	0.8415	0.607133	0.4534	0.449157	0.385178
0.05	0.27	0.5	0.27	0.01	0.02	0.05	1	0.02	0	0.01	0.12	0.01	0.01	0.27	0.27	0.12	0.01	0.88	0	0.14875	0.4525	0.40125	0.29625	0.1425	0.46	0.475	0.05875	0.5	0.25125	0.23625	0.395	0.18	0.29625	0.185	0.45375	0.38125	0.02625	0.30375	0.3	-0.7	0.566667	-0.72	0.385714	0.711111	0.5048	0.539067	0.51164	0.432057	0.431033
0.01	0.12	0	0	0	0	0	0	0.5	0.02	0.05	0	0.02	1	0	0.02	0.12	0.12	1	0.01	0.135	0.41125	0.375	0.3175	0.14125	0.345	0.39125	0.3025	0.44	0.2425	0.21625	0.3625	0.1725	0.14125	0.2275	0.3725	0.28625	0.01	0.255	0.265	2.8	-0.8	0.2	0.671429	0.755556	0.2709	0.413867	0.47492	0.470486	0.451667
0.12	0.88	0.5	0.27	0.02	0.73	0.95	0.05	0.73	0.27	0.05	0.88	0.12	0.5	0.05	0.88	0.73	0.02	0.5	0.27	0.15375	0.35	0.43125	0.375	0.01625	0.31625	0.3825	0.3025	0.5025	0.22625	0.2225	0.28625	0.16625	0.20625	0.33125	0.375	0.2725	0.11375	0.38	0.26625	-4.5	0.7	1.18	0.728571	0.0888889	0.4659	0.342767	0.39536	0.487886	0.489178
0.12	0.01	0	0	0.02	0.5	0.01	0	0.01	0.5	1	0.05	0.88	0.05	0.01	0.05	0.05	0.01	0.02	0.73	0.23	0.40125	0.4625	0.34875	0.02125	0.4025	0.5	0.365	0.5925	0.17	0.095	0.39	0.08	0.23125	0.43125	0.4975	0.38625	0.11625	0.38375	0.2275	3.8	1.26667	1.24	0.285714	-0.255556	0.2915	0.400367	0.41378	0.440857	0.493633
0.27	0.88	0.27	0.12	0.05	0.73	0.5	0.05	0.88	0.88	0.5	0.27	0.27	0.27	0.27	0.5	0.27	0.02	0.12	0.95	0.24	0.2925	0.4	0.2575	0.02125	0.42125	0.39125	0.34	0.4075	0.135	0.16625	0.33375	0.2125	0.2175	0.29125	0.48875	0.3775	0.12	0.46	0.285	4.5	2.63333	-0.02	-0.171429	-0.3	0.4437	0.444033	0.46206	0.442343	0.436467
0.12	0.02	0.02	0.02	0	0.01	0.01	1	0.73	0	0	0.12	0	0.02	0.12	0.05	0.12	0	0	0	0.28625	0.4575	0.37125	0.23875	0.0325	0.52375	0.4525	0.11125	0.43	0.3675	0.3375	0.34375	0.27875	0.31	0.27875	0.545	0.44375	0.1275	0.45625	0.495	-0.4	0.2	0.1	-0.685714	0.2	0.5969	0.517633	0.47192	0.450357	0.390144
0.27	0.27	0.95	0.73	0.02	0.5	0.88	0.05	0.73	0.12	0.05	0.27	0.05	0.02	0.88	0.88	0.5	0.73	0.5	0.27	0.32875	0.5025	0.27	0.165	0.03625	0.55375	0.435	0.23625	0.40125	0.38375	0.35875	0.3875	0.3325	0.2475	0.19	0.53	0.5	0.0275	0.37875	0.5225	-3.5	-2.6	-0.82	0.5	0.311111	0.5123	0.541467	0.47902	0.396357	0.404467
0.73	0.27	0.73	0.5	0.05	0.73	0.73	0.5	0.27	0.05	0.05	0.73	0.12	0.02	0.88	0.88	0.5	0.02	0.05	0.27	0.25875	0.3925	0.235	0.16	0.155	0.43375	0.335	0.17375	0.43	0.36	0.35375	0.22	0.31	0.30375	0.18375	0.42625	0.41	0.115	0.40625	0.49	-3.9	-2.73333	-0.96	0.5	1.08889	0.5152	0.4515	0.40786	0.411829	0.357311
0.5	0.5	0.5	0.27	0.05	0.88	0.5	0.12	0.27	0.12	0.12	0.5	0.5	0.12	0.12	0.88	0.88	0.05	0.73	0.73	0.335	0.39625	0.32625	0.2225	0.1675	0.38625	0.3775	0.255	0.44375	0.38	0.31125	0.27625	0.215	0.31875	0.2925	0.4825	0.475	0.125	0.38125	0.40375	-0.8	-0.3	-0.12	0.214286	1.16667	0.327	0.310033	0.36844	0.354371	0.3663
0.27	0.73	0.02	0.02	0.05	0.12	0.05	0.12	0.05	0.98	0.88	0.05	0.27	0.5	0.02	0.27	0.5	0.05	0.73	0.73	0.3925	0.32	0.44375	0.2725	0.17625	0.4525	0.43375	0.31125	0.395	0.225	0.1875	0.36125	0.24375	0.27125	0.38125	0.5875	0.55125	0.185	0.4	0.3475	3.8	2.26667	1.08	0.914286	0.588889	0.0879	0.271567	0.27428	0.3223	0.370244
0.5	0.73	0.12	0.12	0.05	0.73	0.73	0.05	0.27	0.27	0.27	0.5	0.5	0.5	0.05	0.73	0.95	0.05	0.88	0.5	0.3825	0.40875	0.52	0.32	0.19125	0.46625	0.43875	0.22875	0.33875	0.3475	0.2975	0.38125	0.2775	0.3025	0.39625	0.58625	0.5425	0.27625	0.415	0.43875	3.8	3.36667	2.76	1.31429	0.2	0.3998	0.1764	0.24572	0.317571	0.376267
0.02	0	0	0	1	0	0	0	0.5	0.01	0.01	0	0.01	0.95	0	0.05	0.01	0.01	0.27	0.01	0.4425	0.52875	0.5075	0.335	0.1925	0.58625	0.45375	0.32	0.28125	0.39875	0.3575	0.4725	0.36625	0.25875	0.355	0.62375	0.63125	0.22375	0.4625	0.5	2.5	3.6	2.78	1.31429	0.2	0.0415	0.271233	0.27616	0.336986	0.383544
0.5	0.27	0.5	0.27	0.12	0.27	0.12	0.27	0.12	0.73	0.73	0.27	0.5	0.27	0.12	0.5	0.95	0.12	0.5	0.5	0.325	0.5525	0.445	0.30125	0.31125	0.58	0.41	0.315	0.32875	0.3175	0.27625	0.4575	0.305	0.35625	0.26375	0.52	0.51375	0.33	0.46125	0.42	4.5	2.1	1.24	0.928571	0.2	0.3724	0.2977	0.3888	0.372814	0.401078
0.5	0.5	0.73	0.27	0.12	0.5	0.5	0.5	0.27	0.5	0.27	0.5	0.27	0.27	0.88	0.73	0.5	0.5	0.27	0.5	0.325	0.495	0.41625	0.33	0.32	0.5325	0.3625	0.33375	0.33875	0.39375	0.3525	0.42875	0.305	0.35625	0.245	0.4725	0.55125	0.33875	0.4325	0.39125	-0.7	-0.0333333	-0.22	-0.171429	0.755556	0.4792	0.5009	0.4244	0.4564	0.433822
0.27	0.73	0.73	0.5	0.12	0.73	0.73	0.27	0.5	0.27	0.27	0.73	0.5	0.27	0.27	0.5	0.5	0.73	0.27	0.5	0.335	0.40875	0.53625	0.4175	0.32	0.55125	0.36125	0.38125	0.36625	0.33375	0.2575	0.40875	0.2575	0.3	0.33375	0.53	0.5225	0.31	0.35625	0.39125	-3.9	-2.7	-1.5	-0.114286	-0.0555556	0.6511	0.569367	0.5507	0.4881	0.497433
0.27	0.5	0.73	0.73	0.98	0.73	0.27	0.73	0.5	0.27	0.27	0.5	0.27	0.12	0.5	0.5	0.27	0.27	0.27	0.27	0.335	0.40875	0.555	0.38875	0.2125	0.475	0.3425	0.44125	0.3475	0.30625	0.2575	0.46625	0.23875	0.2625	0.3325	0.4725	0.46625	0.3675	0.2525	0.3725	-3.5	-3.76667	-1.56	-0.971429	-0.522222	0.5778	0.633967	0.60056	0.576514	0.485044
0.27	0.73	0.73	0.5	0.12	0.95	0.5	0.73	0.27	0.12	0.12	0.88	0.12	0.12	0.27	0.5	0.5	0.98	0.27	0.12	0.36625	0.47125	0.64625	0.5275	0.21	0.5575	0.405	0.45625	0.405	0.38625	0.30875	0.51	0.31875	0.15875	0.37625	0.52875	0.54625	0.28375	0.23375	0.4525	-3.9	-1.06667	-2.12	-1.67143	-0.877778	0.673	0.624167	0.6368	0.5645	0.536833
0.5	0.27	0.5	0.5	0.12	0.73	0.5	0.5	0.5	0.5	0.27	0.5	0.27	0.12	0.73	0.73	0.73	0.5	0.27	0.5	0.27625	0.49625	0.6125	0.49375	0.19625	0.5525	0.39125	0.4525	0.3625	0.33875	0.20125	0.525	0.24	0.14	0.305	0.43875	0.4	0.45375	0.205	0.345	4.2	-1.06667	-1.42	-1.67143	-1.47778	0.6217	0.6517	0.56424	0.568557	0.510067
0.12	0.27	0.98	0.95	0.05	0.5	0.27	0.27	0.5	0.27	0.12	0.12	0.12	0.05	0.12	0.5	0.27	0.05	0.12	0.73	0.295	0.49625	0.5525	0.51375	0.19625	0.58125	0.39125	0.51	0.39125	0.31125	0.20125	0.525	0.23125	0.12125	0.28625	0.495	0.505	0.45	0.19625	0.26	-3.5	0.1	-0.86	-1.24286	-1.78889	0.6604	0.523467	0.5502	0.494329	0.504578
0.5	0.5	0.27	0.12	0.05	0.12	0.12	0.99	0.12	0.05	0.27	0.73	0.12	0.05	0.27	0.27	0.27	0.05	0.05	0.12	0.2475	0.43875	0.64125	0.64625	0.19625	0.6475	0.38125	0.4775	0.4675	0.33875	0.1825	0.42	0.2025	0.1025	0.325	0.5525	0.505	0.365	0.205	0.3075	-0.4	-1.53333	-0.26	-1.24286	-1.78889	0.2883	0.485433	0.4419	0.473186	0.486533
0.27	0.73	0.73	0.88	0.12	0.88	0.73	0.12	0.73	0.5	0.27	0.73	0.5	0.12	0.12	0.5	0.88	0.05	0.12	0.5	0.305	0.4575	0.555	0.5225	0.07125	0.57125	0.3625	0.58625	0.39125	0.255	0.16375	0.42	0.13625	0.08125	0.4	0.52375	0.42875	0.33375	0.16875	0.24125	-0.7	-0.666667	-1.8	-1.24286	-1.57778	0.5076	0.309133	0.40352	0.446857	0.490211
0.01	0.01	0	0	0.01	0.01	0.01	0.01	0.01	0.73	0.02	0.01	0.02	0.12	0.01	0.01	0.01	1	0.27	0.02	0.395	0.47125	0.57	0.6325	0.07625	0.6525	0.42375	0.52375	0.45375	0.27375	0.2425	0.43375	0.2725	0.1	0.50375	0.55625	0.56625	0.095	0.1225	0.32	-0.9	-1.7	-1.88	-2.07143	-0.944444	0.1315	0.3563	0.36918	0.445314	0.461867
0.27	0.5	0.73	0.88	0.05	0.5	0.27	0.73	0.5	0.05	0.12	0.12	0.05	0.05	0.12	0.95	0.88	0.02	0.05	0.05	0.33375	0.37875	0.41875	0.4625	0.05875	0.50625	0.335	0.37375	0.3325	0.33	0.23	0.36375	0.2975	0.09625	0.52375	0.3625	0.42875	0.15625	0.11875	0.2875	-3.5	-2.76667	-2.12	-1.31429	-1.58889	0.4298	0.35	0.4337	0.410671	0.415344
0.27	0.5	0.73	0.73	0.12	0.88	0.5	0.73	0.73	0.27	0.27	0.5	0.27	0.12	0.73	0.73	0.5	0.05	0.27	0.27	0.3525	0.43625	0.31125	0.3775	0.135	0.4875	0.3825	0.34625	0.35125	0.36	0.23	0.3925	0.28875	0.115	0.43875	0.39	0.53375	0.1525	0.11	0.27875	-3.9	-3	-1.62	-1.48571	-1.63333	0.4887	0.5098	0.41576	0.398486	0.400856
0.5	0.88	0.5	0.5	0.05	0.88	0.73	0.73	0.5	0.05	0.12	0.5	0.12	0.02	0.95	0.5	0.27	0.02	0.05	0.12	0.26375	0.32625	0.30625	0.39125	0.2625	0.4725	0.33875	0.2225	0.365	0.3825	0.21625	0.30125	0.29375	0.12125	0.3775	0.3875	0.53125	0.15	0.13125	0.31625	-1.6	-1.23333	-1.76	-1.94286	-1.31111	0.6109	0.505833	0.43006	0.401686	0.4185
0.73	0.12	0.12	0.5	0.05	0.73	0.27	0.12	0.05	0.5	0.5	0.27	0.73	0.27	0.99	0.27	0.73	0.02	0.05	0.27	0.26375	0.42125	0.325	0.3725	0.25375	0.49125	0.415	0.29875	0.36375	0.355	0.16875	0.34875	0.2175	0.09	0.3725	0.3875	0.42625	0.15	0.15	0.26875	1.8	-0.466667	-1.84	-1.45714	-1.62222	0.4179	0.4106	0.4501	0.446771	0.417567
0.27	0.02	0.02	0.02	0.02	0.05	0.05	0.02	0.02	0.27	0.27	0.05	0.5	0.02	1	0.12	0.5	0.01	0.02	0.27	0.3825	0.52375	0.42875	0.52375	0.2625	0.66625	0.5325	0.3725	0.4	0.32625	0.21	0.46625	0.25875	0.12125	0.46125	0.43875	0.4875	0.04125	0.21125	0.3	-1.6	-1.23333	-0.56	-1.45714	-1.66667	0.203	0.383633	0.44178	0.456686	0.4519
0.27	0.73	0.12	0.12	0.73	0.73	0.88	0.05	0.88	0.73	0.27	0.73	0.27	0.27	0.05	0.5	0.73	0.05	0.27	0.88	0.41125	0.3875	0.34	0.435	0.1825	0.53375	0.42875	0.34	0.2925	0.38125	0.2575	0.4	0.34375	0.14625	0.59875	0.335	0.3825	0.04875	0.18875	0.3275	-3.9	-1	-0.94	-1.08571	-0.966667	0.53	0.393367	0.41944	0.4498	0.444311
0.02	0	0	0	1	0	0	0	0	0.01	0.01	0	0.01	0	0	0.02	0.02	0	0	0.27	0.4425	0.5075	0.37375	0.45	0.24375	0.60625	0.53875	0.28875	0.345	0.47125	0.29	0.52	0.37625	0.18	0.57625	0.36625	0.5	0.06375	0.20375	0.40375	2.5	-1.63333	-1.56	-0.457143	-0.922222	0.4471	0.4921	0.42396	0.414171	0.445467
0.5	0.73	0.5	0.73	0.05	0.88	0.88	0.12	0.27	0.73	0.27	0.88	0.5	0.12	0.12	0.27	0.5	0.05	0.27	0.27	0.35375	0.3975	0.31125	0.33	0.475	0.44875	0.4475	0.27375	0.2825	0.40875	0.2575	0.4575	0.315	0.1775	0.4575	0.36375	0.46875	0.07	0.17875	0.4225	-3.5	-0.766667	-0.68	-1.21429	-1.17778	0.4992	0.462267	0.45566	0.425771	0.432567
0.5	0.73	0.73	0.73	0.05	0.73	0.73	0.5	0.27	0.27	0.12	0.73	0.12	0.12	0.73	0.27	0.27	0.12	0.73	0.27	0.35375	0.41625	0.30125	0.30125	0.5875	0.43875	0.495	0.22625	0.3675	0.46625	0.27625	0.505	0.305	0.1775	0.32	0.3925	0.46875	0.07375	0.20625	0.45125	-1.3	-0.666667	-0.6	-1.54286	-1.52222	0.4405	0.433733	0.44948	0.467457	0.436744
0.5	0.12	0.12	0.27	0.12	0.12	0.27	0.5	0.5	0.95	0.5	0.27	0.5	0.5	0.27	0.5	0.27	0.12	0.12	0.88	0.3825	0.5525	0.39	0.37125	0.68625	0.5425	0.60875	0.28625	0.35125	0.41	0.21	0.6475	0.2575	0.13375	0.34375	0.44	0.4975	0.07875	0.295	0.45125	2.8	-0.666667	-1.88	-1.17143	-1.43333	0.3615	0.4337	0.45902	0.456814	0.467367
0.27	0.73	0.88	0.73	0.88	0.73	0.5	0.27	0.27	0.27	0.27	0.73	0.27	0.12	0.5	0.5	0.73	0.12	0.12	0.27	0.44	0.4475	0.3425	0.39	0.515	0.4375	0.5325	0.37125	0.36125	0.4375	0.23875	0.59	0.28625	0.21	0.4	0.46875	0.41125	0.0875	0.3525	0.45125	-3.5	-1.53333	-1.44	-1.64286	-1.08889	0.4991	0.4518	0.45028	0.461314	0.461156
0.27	0.73	0.5	0.27	0.95	0.5	0.88	0.73	0.27	0.27	0.12	0.88	0.12	0.12	0.12	0.73	0.5	0.12	0.12	0.27	0.4525	0.44875	0.3925	0.44875	0.50625	0.46875	0.48625	0.32875	0.3625	0.49875	0.27125	0.57375	0.395	0.2125	0.53875	0.47125	0.44375	0.09	0.355	0.4325	-3.9	-2.9	-1.34	-1.25714	-1.08889	0.4948	0.483133	0.4579	0.457729	0.450522
0.73	0.27	0.27	0.27	0.95	0.5	0.5	0.12	0.73	0.5	0.5	0.5	0.27	0.27	0.5	0.5	0.5	0.12	0.73	0.5	0.395	0.44875	0.37375	0.39125	0.50625	0.37375	0.515	0.48125	0.3625	0.44125	0.22375	0.545	0.3475	0.18125	0.6	0.52875	0.415	0.08625	0.25125	0.40375	-1.3	-2	-2.06	-0.714286	-0.877778	0.4555	0.4763	0.48042	0.445	0.448933
0.5	0.5	0.12	0.12	0.88	0.27	0.5	0.5	0.12	0.5	0.12	0.73	0.5	0.05	0.73	0.73	0.73	0.05	0.12	0.88	0.42375	0.3625	0.36375	0.42875	0.51125	0.4025	0.515	0.3775	0.515	0.4225	0.29	0.51625	0.3375	0.2275	0.6025	0.5	0.38625	0.17125	0.27	0.3375	-0.8	-0.966667	-0.86	-1.34286	-1.12222	0.4786	0.4694	0.45088	0.462629	0.448578
0.5	0.5	0.5	0.73	0.12	0.5	0.5	0.5	0.73	0.27	0.27	0.73	0.27	0.5	0.73	0.73	0.5	0.12	0.73	0.27	0.36375	0.34875	0.3025	0.32	0.59125	0.36125	0.49625	0.31625	0.3775	0.33375	0.3	0.51625	0.30625	0.11	0.69375	0.44	0.415	0.1475	0.24125	0.305	-0.8	0.3	-0.4	-1.34286	-1.61111	0.4741	0.4347	0.4489	0.4538	0.426978
0.12	0.01	0.02	0.01	1	0.02	0.01	0.12	0.01	0.5	0.12	0.02	0.73	0.02	0.73	0.27	0.05	0.02	0.02	0.12	0.46875	0.33375	0.34375	0.3525	0.4625	0.3925	0.5575	0.42125	0.4675	0.33375	0.3	0.5475	0.2775	0.2175	0.75	0.4975	0.47125	0.15125	0.34875	0.3525	2.5	0.0333333	-0.84	-1.01429	-0.722222	0.3514	0.4368	0.44526	0.406986	0.4291
0.5	0.27	0.12	0.27	0.05	0.12	0.73	0.73	0.73	0.5	0.27	0.27	0.27	0.02	0.99	0.5	0.27	0.02	0.05	0.27	0.45	0.21625	0.3025	0.32	0.46875	0.3325	0.3725	0.25625	0.40625	0.41875	0.37625	0.42125	0.41125	0.23625	0.765	0.41125	0.4725	0.13875	0.33625	0.41875	-1.6	-0.866667	-1	-0.185714	0.177778	0.4849	0.424533	0.38296	0.415943	0.4008
0.5	0.27	0.5	0.88	0.02	0.73	0.73	0.05	0.88	0.12	0.27	0.73	0.27	0.27	0.98	0.27	0.27	0.73	0.27	0.12	0.365	0.1975	0.3125	0.24375	0.355	0.25625	0.42	0.34125	0.35875	0.4375	0.3475	0.3925	0.44	0.1775	0.8275	0.44	0.44375	0.03625	0.22	0.39	-3.5	-2.23333	0.06	0.528571	0.144444	0.4373	0.3631	0.39178	0.381871	0.402422
0.02	0.01	0.01	0.01	0	0.02	0.12	0.01	0.01	0.01	0.73	0.27	0.02	0.01	1	0.02	0.27	0	0.5	0.01	0.425	0.25875	0.4775	0.4	0.25	0.345	0.525	0.39375	0.57125	0.395	0.29	0.42125	0.415	0.2375	0.79625	0.4425	0.38625	0.12375	0.23875	0.3	-1.6	-0.2	0.4	0.414286	0.188889	0.1671	0.3742	0.36952	0.3813	0.3971
0.73	0.12	0.73	0.27	0.73	0.5	0.5	0.73	0.27	0.5	0.12	0.27	0.5	0.5	0.95	0.5	0.73	0.05	0.27	0.5	0.33625	0.1975	0.41625	0.31	0.235	0.25625	0.43	0.36375	0.5575	0.3025	0.33875	0.3925	0.355	0.12875	0.71375	0.325	0.3	0.10375	0.17875	0.2675	4.5	2.36667	0.4	1.11022e-16	0.233333	0.5182	0.308467	0.36656	0.392629	0.376467
0.5	0.05	0.27	0.27	0.05	0.12	0.12	0.02	0.5	0.95	0.88	0.12	0.73	0.27	0.5	0.27	0.73	0.02	0.05	0.95	0.4125	0.23875	0.48625	0.37125	0.20125	0.335	0.51	0.5475	0.6375	0.24625	0.2625	0.4425	0.26875	0.2175	0.685	0.3825	0.385	0.215	0.3225	0.25875	4.2	2.36667	1.02	0.171429	-0.188889	0.2401	0.409467	0.36524	0.364557	0.382656
0.05	0.12	0.73	0.27	0.01	0.5	0.88	0.12	0.5	0.27	0.27	0.73	0.5	0.05	0.99	0.5	0.27	0.01	0.02	0.12	0.46875	0.2875	0.47625	0.3525	0.31	0.36375	0.3575	0.45875	0.58	0.36	0.3675	0.42375	0.32625	0.33375	0.515	0.325	0.5	0.22	0.41125	0.39125	-1.6	0.733333	1.26	0.485714	-0.444444	0.4701	0.3803	0.3895	0.360243	0.368111
0.5	0.73	0.95	0.5	0.02	0.27	0.73	0.88	0.95	0.05	0.12	0.5	0.05	0.27	0.5	0.5	0.27	0.02	0.5	0.05	0.38375	0.24	0.44875	0.22875	0.34	0.335	0.31875	0.36375	0.4475	0.46375	0.415	0.4525	0.45875	0.335	0.545	0.35375	0.5575	0.13375	0.35125	0.495	-0.4	-0.8	0.1	0.157143	0.444444	0.4307	0.3964	0.36728	0.386943	0.361633
0.5	0.12	0.73	0.27	0.73	0.27	0.12	0.98	0.88	0.02	0.05	0.5	0.27	0.12	0.02	0.27	0.27	0.01	0.02	0.5	0.415	0.34875	0.56625	0.29	0.36125	0.395	0.47125	0.38375	0.54625	0.48125	0.36625	0.48125	0.44375	0.415	0.59	0.49	0.58625	0.16875	0.355	0.47125	-0.4	-0.7	-1.52	0.157143	0.122222	0.2884	0.3754	0.39006	0.367057	0.398322
0.5	0.27	0.12	0.5	0.05	0.27	0.27	0.88	0.88	0.5	0.27	0.27	0.27	0.5	0.05	0.5	0.73	0.88	0.95	0.5	0.3575	0.34875	0.585	0.26125	0.47875	0.36625	0.42375	0.42375	0.60375	0.37375	0.33875	0.49125	0.3875	0.32	0.55875	0.49	0.5	0.05625	0.23875	0.4425	-1.3	-1.86667	-0.3	-1.08571	-0.422222	0.4071	0.349833	0.37184	0.4038	0.389733
0.5	0.73	0.5	0.12	0.88	0.73	0.27	0.12	0.27	0.73	0.5	0.73	0.5	0.73	0.12	0.27	0.73	0.05	0.73	0.5	0.32875	0.3475	0.595	0.30875	0.43125	0.385	0.4425	0.6075	0.6325	0.24125	0.23375	0.52875	0.30125	0.32	0.57875	0.595	0.47125	0.16375	0.26625	0.3575	-3.9	-0.233333	-1.12	-0.914286	-0.977778	0.354	0.380033	0.38516	0.399629	0.429289
0.27	0.5	0.5	0.12	0.27	0.27	0.27	0.05	0.27	0.73	0.5	0.73	0.88	0.5	0.73	0.5	0.73	0.05	0.27	0.88	0.385	0.4525	0.61375	0.385	0.50875	0.41375	0.395	0.71125	0.68	0.21375	0.215	0.52875	0.1975	0.3575	0.47	0.56625	0.5	0.165	0.3275	0.31	4.5	-1.3	-1.12	-0.971429	-0.877778	0.379	0.4101	0.41566	0.423257	0.456089
0.27	0.27	0.73	0.27	0.88	0.5	0.73	0.27	0.73	0.12	0.27	0.5	0.12	0.5	0.88	0.88	0.5	0.27	0.05	0.27	0.3375	0.4525	0.57625	0.3375	0.43625	0.41375	0.3375	0.6075	0.595	0.29875	0.24375	0.5575	0.32	0.33875	0.5075	0.5475	0.5575	0.14125	0.355	0.47125	-4.5	-0.133333	-1.02	-1.01429	-1.01111	0.4973	0.439067	0.45346	0.483671	0.468478
0.27	0.27	0.27	0.27	0.99	0.27	0.27	0.95	0.73	0.12	0.12	0.12	0.05	0.12	0.73	0.73	0.5	0.02	0.27	0.27	0.29	0.43875	0.54875	0.30375	0.34625	0.42375	0.38125	0.4	0.49125	0.29875	0.2625	0.54375	0.2975	0.495	0.53875	0.62375	0.615	0.1775	0.45	0.42375	-0.4	-1.9	-0.38	-1.05714	-1.11111	0.4409	0.511433	0.52492	0.502971	0.443989
0.27	0.5	0.73	0.27	0.5	0.73	0.27	0.73	0.12	0.12	0.27	0.88	0.27	0.5	0.73	0.88	0.5	0.05	0.05	0.27	0.26125	0.4675	0.53875	0.275	0.4075	0.42375	0.41	0.35125	0.49125	0.27	0.30125	0.50625	0.27	0.41875	0.56625	0.63375	0.615	0.07	0.46875	0.42375	-0.8	-0.633333	-1.6	-0.685714	-1.46667	0.5961	0.582767	0.55756	0.462114	0.440444
0.27	0.73	0.88	0.88	0.02	0.27	0.5	0.88	0.88	0.05	0.12	0.73	0.05	0.12	0.73	0.5	0.5	0.02	0.05	0.12	0.2325	0.35	0.46375	0.19875	0.39125	0.39625	0.3625	0.3325	0.48125	0.27875	0.34875	0.43625	0.25	0.49375	0.6425	0.6625	0.5575	0.0825	0.50125	0.47125	-0.7	-1.03333	-0.96	-1.97143	-1.38889	0.7113	0.616533	0.4717	0.461571	0.435311
0.12	0.5	0.88	0.27	0.05	0.5	0.73	0.27	0.73	0.12	0.12	0.5	0.27	0.12	0.95	0.73	0.5	0.05	0.5	0.73	0.2325	0.37875	0.51125	0.3225	0.355	0.425	0.33375	0.52625	0.52875	0.18	0.30125	0.465	0.115	0.4325	0.52625	0.605	0.48125	0.07375	0.4125	0.28625	-1.6	-1.2	-1.78	-1.78571	-1.93333	0.5422	0.4405	0.45856	0.4345	0.460767
0.12	0.01	0.05	0	0.12	0.12	0.01	0	0.05	0.02	0.05	0.01	0.02	0.99	0.12	0.73	0.73	0.05	1	0.12	0.29	0.4125	0.53875	0.445	0.23875	0.4725	0.395	0.54125	0.6325	0.18	0.2775	0.47	0.14625	0.2625	0.5225	0.61375	0.5	0.04125	0.34625	0.34375	-1.3	-2.46667	-2.26	-1.78571	-1.82222	0.068	0.328467	0.4009	0.458386	0.4389
0.27	0.73	0.5	0.27	0.05	0.73	0.5	0.27	0.27	0.27	0.73	0.73	0.27	0.27	0.27	0.73	0.73	0.05	0.88	0.5	0.27125	0.38	0.46375	0.38375	0.13	0.3775	0.3625	0.39125	0.52	0.225	0.21125	0.45625	0.1425	0.34375	0.41875	0.6325	0.55625	0.04125	0.3425	0.3725	-4.5	-3	-2.2	-2.17143	-1.86667	0.3752	0.250333	0.38026	0.416157	0.444333
0.27	0.02	0.05	0.12	0.27	0.05	0.12	0.12	0.95	0.73	0.73	0.02	0.12	0.95	0.73	0.12	0.27	0.12	0.99	0.73	0.27125	0.4075	0.43	0.36875	0.165	0.3725	0.3775	0.32	0.42	0.275	0.24	0.43625	0.16125	0.19875	0.27125	0.60125	0.56625	0.0275	0.325	0.43375	-3.2	-2.7	-2.58	-2.18571	-1.31111	0.3078	0.430367	0.33192	0.384514	0.380644
0.12	0.5	0.88	0.5	0.01	0.73	0.27	0.99	0.5	0.01	0.12	0.73	0.02	0.01	0.02	0.27	0.12	0.01	0.01	0.01	0.27125	0.375	0.25	0.27375	0.1975	0.345	0.415	0.10375	0.47625	0.3925	0.3075	0.29	0.23	0.30375	0.27125	0.55375	0.6325	0.04125	0.475	0.57125	-0.4	-2.36667	-2.48	-1.35714	-1.31111	0.6081	0.405467	0.41628	0.310329	0.344767
0.73	0.05	0.12	0.98	0.02	0.5	0.5	0.12	0.88	0.02	0.01	0.05	0.12	0.01	0.02	0.95	0.88	0.01	0.02	0.12	0.18125	0.37	0.23625	0.18	0.19125	0.3125	0.29625	0.17875	0.34375	0.41	0.34	0.31375	0.18625	0.41375	0.1525	0.37875	0.47625	0.05	0.53625	0.5	-3.5	-1.56667	-0.74	-1.27143	-0.822222	0.3005	0.466133	0.34582	0.3561	0.287956
0.27	0.73	0.12	0.05	0.05	0.12	0.5	0.02	0.05	0.73	0.27	0.73	0.27	0.05	0.05	0.88	0.95	0.02	0.12	0.88	0.28625	0.375	0.2925	0.31125	0.17875	0.455	0.38625	0.20625	0.5325	0.33375	0.3075	0.31875	0.18	0.31875	0.14	0.40625	0.4675	0.045	0.49	0.42375	-0.8	-0.0333333	-0.24	-0.228571	-0.477778	0.4898	0.271067	0.36194	0.306914	0.323878
0.27	0.01	0.01	0	1	0.01	0.01	0.01	0	0.98	0.5	0.01	0.27	0.02	0.01	0.02	0.12	0.01	0.02	0.99	0.25375	0.37375	0.24375	0.28375	0.17875	0.3775	0.385	0.17375	0.505	0.26875	0.1875	0.3175	0.14625	0.28875	0.11125	0.42875	0.48	0.04	0.3925	0.3475	4.2	0.9	0.4	0.485714	0.3	0.0229	0.300367	0.2465	0.318843	0.301633
0.12	0.95	0.27	0.5	0.02	0.73	0.95	0.02	0.88	0.27	0.05	0.27	0.5	0.02	0.02	0.27	0.88	0.02	0.27	0.5	0.2725	0.31625	0.315	0.2975	0.27	0.3725	0.34375	0.19125	0.33875	0.28125	0.18625	0.3925	0.10875	0.185	0.11	0.47375	0.41375	0.02625	0.27125	0.32375	-0.7	2.1	1.46	0.9	0.222222	0.3884	0.1474	0.26466	0.256971	0.320989
0.01	0.01	0.01	0	0.01	0.01	0.01	0	0.05	0.27	0.27	0.01	0.02	1	0	0.01	0.01	0.12	1	0.27	0.305	0.405	0.3	0.38875	0.27125	0.43375	0.55	0.10375	0.395	0.28125	0.145	0.425	0.16875	0.06375	0.2325	0.56375	0.57	0.01375	0.185	0.3525	2.8	1.3	2.12	0.842857	0.188889	0.0309	0.2702	0.2017	0.2829	0.349622
0.5	0.73	0.5	0.12	0.05	0.88	0.73	0.12	0.73	0.12	0.05	0.73	0.12	0.27	0.05	0.88	0.73	0.02	0.73	0.27	0.15875	0.315	0.28625	0.26625	0.26375	0.2775	0.4125	0.19875	0.29125	0.2975	0.1725	0.335	0.1425	0.155	0.33375	0.3425	0.385	0.02625	0.32625	0.3375	1.8	2.36667	0.5	0.857143	0.188889	0.3913	0.199067	0.29352	0.336614	0.377644
0.01	0	0	0	1	0	0	0	0	0	0	0	0	0	0	0.05	0	0	0	0	0.18875	0.33	0.33375	0.275	0.13875	0.37875	0.44125	0.21125	0.48625	0.22375	0.2075	0.33625	0.18625	0.3075	0.33375	0.3375	0.39125	0.145	0.5275	0.26375	2.5	0.133333	0.5	-0.242857	0.588889	0.175	0.349433	0.389	0.4123	0.355711
0.27	0.5	0.88	0.73	0.02	0.73	0.73	0.27	0.5	0.12	0.27	0.88	0.05	0.12	0.73	0.73	0.5	0.02	0.27	0.05	0.185	0.3	0.2375	0.19875	0.1425	0.34875	0.41125	0.1825	0.53375	0.1775	0.12625	0.25875	0.2375	0.32375	0.2475	0.34125	0.42375	0.1475	0.61	0.24375	-3.9	-0.7	-0.76	0.257143	0.0333333	0.482	0.5076	0.49336	0.398586	0.406067
0.27	0.27	0.5	0.73	0.01	0.5	0.98	0.27	0.12	0.01	0.01	0.73	0.02	0.02	0.98	0.73	0.5	0.01	0.05	0.01	0.1725	0.24375	0.2525	0.13625	0.14375	0.3775	0.2625	0.18	0.48625	0.19125	0.27625	0.25	0.3025	0.34875	0.22875	0.31	0.31625	0.14875	0.66625	0.24875	-0.7	-2.7	-0.56	-0.257143	0.322222	0.8658	0.6335	0.47358	0.462186	0.397111
0.05	0.05	0.5	0.12	0	0.12	0.12	1	0.73	0	0.01	0.05	0.01	0.01	0.88	0.05	0.12	0.01	0.88	0	0.2325	0.38875	0.3425	0.2275	0.15	0.48625	0.46	0.095	0.495	0.25	0.27625	0.425	0.41125	0.2875	0.25625	0.4275	0.45375	0.13625	0.4525	0.27875	-3.5	-0.466667	-1.22	-0.242857	-0.377778	0.5527	0.5703	0.5338	0.450257	0.446156
0.02	0.12	0	0	0	0.05	0	0	0.88	0.02	0.5	0.01	0.5	1	0	0.01	0.27	0.95	1	0.02	0.17625	0.29125	0.3575	0.22875	0.14375	0.3875	0.39	0.33	0.47625	0.2325	0.21	0.35375	0.335	0.13	0.36	0.3375	0.345	0.01625	0.3525	0.24375	2.8	-0.5	-0.06	-1.1	-0.622222	0.2924	0.4404	0.49896	0.492729	0.473556
0.5	0.27	0.12	0.12	0.05	0.5	0.5	0.05	0.88	0.73	0.12	0.27	0.73	0.27	0.05	0.73	0.88	0.05	0.95	0.88	0.14875	0.2875	0.4525	0.32375	0.015	0.3375	0.41875	0.33875	0.58625	0.145	0.26	0.33625	0.30875	0.23625	0.46375	0.36375	0.3025	0.12875	0.36125	0.17	-0.8	1.3	-0.62	-0.6	-1.28889	0.4761	0.358767	0.42026	0.515	0.508378
0.02	0.27	0.01	0	0.02	0.73	0.01	0	0.12	0.27	0.99	0.05	0.99	0.12	0.12	0.02	0.02	0.02	0.5	0.5	0.26625	0.2875	0.46625	0.3575	0.01875	0.28	0.48	0.37375	0.71	0.19375	0.12	0.36375	0.2725	0.24125	0.42625	0.48	0.3625	0.13125	0.38625	0.22625	1.9	-0.8	-1.11022e-16	-1	-1.28889	0.3078	0.418733	0.4373	0.461086	0.512022
0.27	0.95	0.73	0.12	0.05	0.5	0.73	0.05	0.73	0.73	0.27	0.73	0.88	0.5	0.12	0.27	0.73	0.02	0.12	0.5	0.235	0.27875	0.32875	0.2575	0.01625	0.26125	0.35875	0.34875	0.71	0.16875	0.22375	0.25	0.375	0.19375	0.30625	0.4675	0.33	0.16375	0.49	0.31625	-3.5	-0.666667	-1.26	-1.05714	-1.3	0.4723	0.472667	0.4765	0.455671	0.450778
0.02	0.02	0.12	0.01	0	0.02	0.05	1	0.73	0	0.01	0.12	0	0	0	0.12	0.01	0	0.05	0.01	0.275	0.49875	0.345	0.2575	0.025	0.34	0.43125	0.10625	0.625	0.3825	0.34625	0.335	0.49875	0.34625	0.2175	0.51375	0.4675	0.17125	0.51125	0.4875	-0.4	-2.46667	-1.88	-1.57143	-0.444444	0.6379	0.532867	0.48424	0.458843	0.391622
0.27	0.12	0.88	0.88	0.02	0.05	0.73	0.12	0.88	0.01	0.02	0.12	0.02	0.12	0.88	0.98	0.27	0	0.02	0.27	0.2475	0.58125	0.25625	0.15125	0.025	0.42125	0.38	0.2175	0.615	0.44125	0.2975	0.39625	0.4675	0.20875	0.11	0.42	0.525	0.115	0.42375	0.54375	-3.5	-2.6	-2.42	-0.857143	-0.855556	0.4884	0.547033	0.4856	0.393729	0.397611
0.73	0.5	0.88	0.88	0.02	0.5	0.73	0.5	0.73	0.05	0.02	0.88	0.02	0.01	0.5	0.95	0.12	0.01	0.02	0.12	0.1425	0.5	0.24125	0.13625	0.14375	0.3025	0.3175	0.16375	0.52375	0.345	0.285	0.2675	0.37625	0.20375	0.15125	0.3325	0.43375	0.1075	0.305	0.4525	-3.9	-2.73333	-0.88	-1.25714	-0.488889	0.5148	0.439267	0.3952	0.399229	0.346444
0.27	0.88	0.12	0.05	0.02	0.12	0.73	0.12	0.73	0.27	0.12	0.5	0.73	0.02	0.02	0.88	0.95	0.27	0.5	0.73	0.26	0.51	0.42625	0.255	0.1475	0.3775	0.4075	0.3025	0.5425	0.3175	0.21125	0.3425	0.27375	0.19375	0.2025	0.40125	0.41875	0.075	0.1975	0.3475	-0.8	-0.166667	-0.98	-0.4	-1.08889	0.3146	0.283233	0.33688	0.333986	0.344489
0.12	0.88	0.02	0.01	0.02	0.27	0.02	0.01	0.05	0.98	0.73	0.12	0.12	0.73	0.05	0.27	0.5	0.05	0.98	0.88	0.355	0.40625	0.38125	0.33625	0.2325	0.31125	0.515	0.3725	0.5425	0.17125	0.1075	0.3325	0.24625	0.045	0.29375	0.55375	0.4175	0.13375	0.1375	0.3	4.2	0.833333	0.22	-0.842857	-0.5	0.0203	0.227067	0.24232	0.284314	0.336333
0.05	0.88	0.05	0.02	0.02	0.73	0.27	0.01	0.95	0.5	0.12	0.5	0.27	0.02	0.02	0.12	0.99	0.5	0.27	0.73	0.37625	0.46625	0.48625	0.4525	0.23375	0.3425	0.51125	0.31	0.44875	0.2325	0.18875	0.30375	0.23	0.135	0.3	0.6675	0.44625	0.0775	0.2225	0.31875	-0.9	1.93333	0.3	-0.0857143	-0.844444	0.3463	0.1274	0.1974	0.271529	0.339356
0.12	0	0	0	1	0	0	0	0	0	0.02	0	0	0.12	0	0	0	0	0	0	0.34	0.5625	0.47375	0.3475	0.12375	0.43375	0.46	0.42125	0.52	0.29375	0.20125	0.41375	0.2625	0.1075	0.19375	0.59375	0.53875	0.14	0.25375	0.37625	2.5	-0.633333	0.82	-0.0285714	-0.844444	0.0156	0.217367	0.21426	0.293	0.330456
0.5	0.73	0.73	0.12	0.05	0.95	0.73	0.73	0.27	0.27	0.5	0.27	0.88	0.05	0.05	0.5	0.73	0.02	0.12	0.27	0.235	0.51875	0.36375	0.25625	0.2425	0.37125	0.36875	0.27375	0.48625	0.2875	0.145	0.38	0.18375	0.13	0.13125	0.50375	0.5425	0.17	0.2425	0.36125	-3.5	0.266667	-0.72	-0.414286	-0.2	0.2902	0.2349	0.34322	0.306386	0.335556
0.88	0.12	0.27	0.73	0.73	0.12	0.88	0.5	0.05	0.27	0.05	0.27	0.05	0.02	0.88	0.88	0.27	0.27	0.12	0.27	0.15375	0.485	0.40625	0.18	0.155	0.46	0.25875	0.29375	0.4225	0.25375	0.18625	0.3175	0.19625	0.13375	0.025	0.34875	0.48125	0.23	0.18625	0.27	1.8	-1.73333	-1.24	-0.742857	-0.211111	0.3989	0.4514	0.35562	0.383586	0.315878
0.12	0.5	0.99	0.95	0.01	0.73	0.27	0.5	0.88	0.01	0.05	0.27	0.02	0.01	0.02	0.88	0.73	0	0.02	0.01	0.2675	0.3425	0.37625	0.2425	0.24875	0.365	0.42375	0.355	0.3275	0.17875	0.10125	0.33625	0.19125	0.0775	0.1325	0.4375	0.47125	0.26	0.09125	0.255	-3.5	-1.73333	-1.36	-0.742857	-0.722222	0.6651	0.490767	0.46464	0.353757	0.346056
0.05	0.01	0.73	0.02	0.12	0.05	0.05	1	0.5	0	0.02	0.5	0.01	0	0.01	0.27	0.02	0	0	0	0.30375	0.3275	0.43625	0.37125	0.23875	0.37375	0.48	0.41375	0.2625	0.12375	0.105	0.27875	0.25	0.07875	0.255	0.56125	0.45125	0.2	0.075	0.17125	-3.5	-1.7	-0.84	-1.15714	-0.8	0.4083	0.5447	0.4341	0.393229	0.362144
0.27	0.88	0.73	0.27	0.02	0.95	0.73	0.05	0.73	0.27	0.05	0.88	0.27	0.12	0.05	0.73	0.88	0.27	0.05	0.27	0.295	0.2525	0.45125	0.355	0.1325	0.32375	0.41	0.56625	0.24	0.105	0.1325	0.265	0.2325	0.05125	0.37375	0.6225	0.45375	0.16875	0.07125	0.1525	1.9	-0.833333	-1.28	-0.885714	-1.15556	0.5607	0.368833	0.4127	0.421929	0.406256
0	0	0	0.05	0	0	0	0.05	0	0	0	0	0	0.02	0	0.02	0	1	0.05	0	0.3	0.3625	0.485	0.3825	0.22	0.43375	0.52875	0.49	0.3125	0.12	0.09125	0.4325	0.2475	0.06375	0.465	0.71125	0.535	0.1375	0.07125	0.215	-0.9	0.2	-0.9	-1.24286	-1.26667	0.1375	0.330033	0.3779	0.423886	0.479389
0.27	0.12	0.5	0.73	0.05	0.12	0.73	0.5	0.12	0.12	0.05	0.27	0.05	0.27	0.05	0.98	0.88	0.02	0.12	0.5	0.19	0.3475	0.40375	0.22125	0.1375	0.46625	0.36125	0.3775	0.30625	0.18125	0.1975	0.38	0.32625	0.06375	0.3825	0.49625	0.425	0.28875	0.13875	0.18125	-0.4	-0.966667	-0.34	-1.38571	-1.04444	0.2919	0.306833	0.37876	0.464357	0.470978
0.27	0.27	0.27	0.12	0.05	0.12	0.5	0.98	0.05	0.05	0.12	0.27	0.73	0.02	0.99	0.5	0.12	0.02	0.12	0.05	0.18125	0.2675	0.31	0.18125	0.1375	0.3775	0.35875	0.25625	0.20625	0.20375	0.185	0.34875	0.24	0.095	0.3875	0.44875	0.435	0.29	0.1375	0.2425	-1.6	-0.9	-1.62	-0.342857	-0.833333	0.4911	0.398533	0.4563	0.4522	0.409767
0.27	0.27	0.12	0.12	0.05	0.5	0.12	0.27	0.05	0.12	0.27	0.27	0.12	0.02	0.99	0.95	0.88	0.02	0.02	0.12	0.19	0.3575	0.2525	0.185	0.125	0.38625	0.51	0.2225	0.235	0.28625	0.1975	0.39625	0.3775	0.10125	0.3925	0.45	0.45625	0.3525	0.18375	0.29625	-0.7	-2.26667	-0.68	-0.842857	-0.522222	0.4126	0.617367	0.49344	0.388414	0.422822
0.27	0.73	0.27	0.12	0.73	0.88	0.95	0.12	0.12	0.12	0.12	0.73	0.73	0.05	0.73	0.5	0.5	0.5	0.12	0.5	0.1575	0.19	0.1425	0.15125	0.1625	0.22	0.315	0.235	0.135	0.2525	0.21	0.22875	0.2675	0.0825	0.41875	0.415	0.39375	0.25875	0.165	0.215	-4.5	-0.466667	-0.92	-0.814286	-0.455556	0.9484	0.5614	0.4579	0.443886	0.375
0.27	0.12	0.12	0.12	0.12	0.5	0.27	0.05	0.12	0.88	0.95	0.12	0.73	0.27	0.27	0.12	0.27	0.5	0.73	0.5	0.16375	0.37625	0.16375	0.1475	0.24125	0.30125	0.49125	0.23875	0.1375	0.27625	0.1975	0.39625	0.3775	0.05875	0.47875	0.46625	0.4375	0.135	0.08875	0.33375	3.8	-0.766667	-0.74	-0.4	0.111111	0.3232	0.461933	0.46484	0.4208	0.430944
0.05	0.01	0.01	0.02	0.01	0.02	0.02	0.01	0.01	0.12	0.02	0.02	0.01	0.01	1	0.02	0.05	0.01	0.01	0.05	0.28	0.38125	0.13	0.1875	0.25125	0.36125	0.55	0.1875	0.1425	0.3575	0.30875	0.39	0.46375	0.05875	0.3875	0.46625	0.37	0.195	0.16625	0.33	-1.6	0.5	-0.1	0.428571	0.0666667	0.1142	0.321067	0.40838	0.442214	0.5118
