0.27	0.5	0.73	0.88	0.05	0.95	0.95	0.73	0.27	0.05	0.27	0.73	0.12	0.05	0.12	0.5	0.27	0.05	0.12	0.05	0.3475	0.31125	0.4675	0.30875	0.095	0.415	0.32125	0.38375	0.31125	0.43125	0.365	0.425	0.38125	0.1625	0.1975	0.4625	0.36625	0.055	0.13125	0.37875	-3.5	-2.06667	-1.18	-0.857143	-0.811111	0.5937	0.4436	0.38684	0.400829	0.467933
0.5	0.88	0.95	0.27	0.05	0.5	0.27	0.95	0.27	0.05	0.05	0.73	0.12	0.05	0.12	0.73	0.27	0.05	0.05	0.05	0.3	0.255	0.43625	0.38	0.07625	0.44375	0.39375	0.35125	0.3075	0.4125	0.425	0.41625	0.35	0.19125	0.19375	0.425	0.31875	0.04625	0.12125	0.3225	-4.5	-1.4	-1.26	-1.85714	-0.6	0.3738	0.3412	0.33904	0.398214	0.389556
0.12	0.05	0.05	0.02	0.12	0.05	0.05	0.02	0.05	0.95	0.95	0.05	0.88	0.27	0.05	0.12	0.73	0.05	0.12	0.88	0.3475	0.3675	0.5525	0.415	0.0675	0.50875	0.42125	0.4675	0.33875	0.3	0.30875	0.52875	0.255	0.135	0.2025	0.51	0.31875	0.04625	0.1125	0.2	3.8	-1.53333	-2.26	-0.814286	-0.522222	0.0561	0.246067	0.37538	0.3422	0.345278
0.5	0.5	0.95	0.5	0.05	0.95	0.73	0.5	0.88	0.05	0.05	0.95	0.12	0.05	0.12	0.73	0.27	0.05	0.12	0.05	0.32875	0.3875	0.41125	0.29375	0.07625	0.48125	0.33625	0.38875	0.3425	0.46875	0.4525	0.3875	0.3775	0.175	0.19375	0.34875	0.3475	0.05	0.14	0.38875	-3.9	-1.1	-0.8	-0.428571	0.333333	0.3083	0.303133	0.28768	0.313843	0.349222
0.27	0.5	0.95	0.5	0.05	0.73	0.73	0.27	0.98	0.5	0.12	0.27	0.12	0.12	0.12	0.73	0.27	0.05	0.27	0.12	0.3	0.3875	0.3925	0.285	0.085	0.50875	0.33625	0.3	0.33	0.50125	0.55125	0.425	0.49375	0.255	0.08125	0.34875	0.4425	0.0775	0.20625	0.43625	-3.2	-1.1	1	0.671429	0.0555556	0.545	0.336167	0.24588	0.312286	0.351744
0.12	0.05	0.02	0.01	0.12	0.05	0.02	0.01	0.02	0.73	0.99	0.05	0.73	0.5	0.02	0.05	0.12	0.05	0.12	0.5	0.31875	0.3875	0.4325	0.25125	0.07625	0.49	0.32125	0.30375	0.4225	0.4725	0.41125	0.37625	0.40875	0.20375	0.20375	0.405	0.4425	0.07375	0.2125	0.38875	3.8	1.7	1.08	1.21429	0.266667	0.1552	0.288333	0.35122	0.314029	0.302533
0.12	0.12	0.05	0.05	0.12	0.12	0.05	0.02	0.05	0.95	0.95	0.27	0.73	0.27	0.05	0.12	0.73	0.05	0.12	0.73	0.31875	0.36	0.34375	0.2275	0.085	0.51	0.3175	0.19875	0.4475	0.45375	0.425	0.34875	0.4275	0.33625	0.2	0.39625	0.395	0.13	0.33	0.3875	4.5	4.16667	1.72	0.442857	0.677778	0.1648	0.300933	0.36676	0.327557	0.319544
0.5	0.88	0.27	0.5	0.05	0.95	0.5	0.12	0.98	0.5	0.27	0.5	0.27	0.12	0.12	0.27	0.27	0.05	0.27	0.73	0.31875	0.265	0.34375	0.18375	0.085	0.415	0.26125	0.30875	0.33125	0.39375	0.39375	0.32875	0.38125	0.32375	0.19125	0.39625	0.37625	0.13	0.29875	0.28	4.2	2.66667	2.04	0.885714	0.211111	0.5828	0.377867	0.28792	0.358786	0.3588
0.27	0.12	0.12	0.05	0.12	0.5	0.12	0.05	0.12	0.73	0.88	0.12	0.98	0.73	0.05	0.27	0.88	0.27	0.73	0.5	0.3475	0.30375	0.2775	0.18375	0.195	0.3675	0.22375	0.28875	0.335	0.37375	0.32625	0.2725	0.2925	0.2475	0.19125	0.39625	0.3	0.1025	0.2325	0.3175	-0.7	0.633333	1.12	1.28571	0.844444	0.386	0.3732	0.36226	0.339414	0.347344
0.27	0.05	0.12	0.12	0.05	0.12	0.12	0.5	0.05	0.05	0.02	0.12	0.05	0.02	1	0.27	0.12	0.02	0.02	0.05	0.42375	0.265	0.1925	0.1275	0.2125	0.33875	0.1475	0.3225	0.23625	0.41125	0.43375	0.25375	0.40875	0.3275	0.0725	0.3675	0.395	0.13375	0.29375	0.3925	-1.6	-1.03333	0.14	1	1.15556	0.1508	0.354567	0.41118	0.346557	0.290211
0.5	0.73	0.27	0.12	0.12	0.73	0.27	0.12	0.5	0.12	0.12	0.73	0.27	0.88	0.12	0.73	0.5	0.5	0.99	0.27	0.41375	0.2075	0.205	0.2175	0.19125	0.36625	0.25125	0.375	0.21125	0.31375	0.30375	0.23375	0.29625	0.16	0.195	0.3375	0.36625	0.07375	0.16375	0.30875	-0.8	-0.933333	-0.34	0.3	0.344444	0.5269	0.362367	0.33566	0.327414	0.276511
0.5	0.05	0.27	0.12	0.05	0.12	0.05	1	0.05	0.02	0.02	0.12	0.05	0.02	0.05	0.27	0.12	0.05	0.02	0.02	0.49	0.34	0.2325	0.245	0.19125	0.5525	0.36375	0.2775	0.32375	0.21375	0.20375	0.3675	0.26625	0.23625	0.2125	0.4425	0.35625	0.13	0.285	0.26375	-0.4	0.2	-0.28	-0.8	-0.544444	0.4094	0.3805	0.26462	0.248714	0.307711
0.5	0.05	0.27	0.05	1	0.12	0.05	0.27	0.05	0.12	0.12	0.12	0.12	0.05	0.05	0.73	0.27	0.05	0.05	0.12	0.46125	0.26375	0.3225	0.2825	0.0725	0.49625	0.41125	0.3875	0.26375	0.145	0.16375	0.3675	0.23875	0.22375	0.2125	0.41375	0.41375	0.12625	0.2625	0.175	1.8	0.333333	-0.66	-1.2	-1.4	0.2052	0.215133	0.24084	0.257229	0.2577
0.88	0.12	0.27	0.12	0.12	0.12	0.12	0.99	0.12	0.12	0.12	0.12	0.12	0.05	0.12	0.5	0.27	0.05	0.05	0.27	0.4425	0.255	0.31375	0.27	0.1825	0.4675	0.39375	0.2975	0.255	0.145	0.16375	0.3675	0.24125	0.16625	0.20375	0.42375	0.3375	0.1075	0.18625	0.15625	-0.4	-0.7	-1.2	-1.47143	-1.11111	0.0308	0.0893	0.22458	0.254643	0.216422
0.27	0.27	0.27	0.73	0.02	0.88	1	0.05	0.27	0.02	0.05	0.5	0.05	0.02	0.12	0.27	0.27	0.05	0.05	0.05	0.57625	0.23625	0.305	0.185	0.20375	0.3725	0.275	0.35875	0.23625	0.27	0.26125	0.32	0.36625	0.20125	0.085	0.48125	0.385	0.11125	0.19875	0.2875	-3.5	-2.46667	-1.82	-1.08571	-0.433333	0.0319	0.169433	0.16924	0.181443	0.2176
0.73	0.5	0.27	0.27	0.05	1	0.73	0.12	0.5	0.05	0.05	0.73	0.27	0.02	0.12	0.5	0.27	0.05	0.12	0.12	0.51875	0.2075	0.33375	0.2425	0.2	0.32875	0.30875	0.42625	0.2075	0.285	0.3375	0.2625	0.3675	0.15375	0.085	0.4525	0.385	0.0825	0.17625	0.27875	-3.5	-3.5	-1.8	-0.385714	-0.388889	0.4456	0.2034	0.1311	0.146014	0.211056
0.27	0.27	0.99	0.73	0.05	0.5	0.88	0.27	0.5	0.05	0.05	0.5	0.12	0.05	0.12	0.5	0.88	0.02	0.12	0.12	0.52875	0.23625	0.21625	0.1725	0.20875	0.39125	0.29	0.285	0.2075	0.37375	0.445	0.2825	0.5025	0.27	0.085	0.43375	0.35625	0.11375	0.23625	0.3675	-3.5	-1.7	-0.82	-0.7	-0.133333	0.1327	0.1976	0.15722	0.183557	0.171411
0.5	0.12	0.05	0.02	0.12	0.27	0.05	0.05	0.12	0.73	0.88	0.12	1	0.27	0.05	0.12	0.27	0.12	0.12	0.5	0.55625	0.26375	0.315	0.27	0.10875	0.42	0.4025	0.3125	0.26375	0.3075	0.36	0.33	0.41125	0.3275	0.1025	0.48125	0.50875	0.10125	0.26375	0.39625	1.9	0.966667	-0.2	-0.371429	-0.411111	0.0145	0.102867	0.24444	0.186671	0.154356
0.73	0.05	0.05	0.05	0.12	0.12	0.05	0.05	0.05	0.95	0.73	0.12	0.98	0.27	0.05	0.5	0.5	0.05	0.12	0.88	0.45125	0.26375	0.29625	0.26625	0.1	0.43875	0.4025	0.195	0.34875	0.29875	0.37875	0.33	0.405	0.32375	0.2125	0.43375	0.48	0.10625	0.26375	0.33	4.5	2	0.88	0.0285714	-0.544444	0.1614	0.214633	0.16584	0.1895	0.168733
0.5	0.73	0.5	0.12	0.12	0.5	0.27	0.73	0.5	0.27	0.73	0.5	0.5	0.5	0.12	0.73	0.5	0.27	0.88	0.27	0.50875	0.16	0.325	0.2575	0.1125	0.315	0.28375	0.11875	0.27375	0.415	0.3875	0.25375	0.4925	0.29875	0.28	0.4625	0.565	0.075	0.1775	0.49125	-0.4	2	1.44	0.3	-0.233333	0.468	0.227333	0.14964	0.148729	0.179478
0.12	0.05	0.05	0.02	0.12	0.12	0.05	0.02	0.05	0.73	0.88	0.05	0.98	0.98	0.05	0.12	0.5	0.27	0.5	0.73	0.49875	0.18875	0.35375	0.23875	0.12125	0.24375	0.22625	0.195	0.27375	0.47	0.4725	0.225	0.46125	0.34625	0.28	0.49125	0.6225	0.08375	0.24375	0.5375	1.9	0.266667	0.74	0.7	0.622222	0.0526	0.190767	0.17878	0.148143	0.134389
0.95	0.12	0.12	0.12	0.27	0.12	0.12	0.27	0.12	0.27	0.27	0.12	0.27	0.73	0.12	0.73	0.88	0.05	0.27	0.73	0.395	0.1525	0.2275	0.1375	0.11125	0.19625	0.11375	0.1325	0.265	0.63125	0.605	0.16	0.62625	0.48125	0.2625	0.3675	0.5275	0.17125	0.3825	0.61375	-0.7	-0.133333	-0.3	1.02857	1.51111	0.0517	0.0881667	0.17222	0.151757	0.125422
0.27	0.05	0.12	0.12	0.05	0.12	0.12	0.05	0.73	0.27	0.12	0.12	0.05	0.02	1	0.5	0.27	0.02	0.05	0.12	0.53625	0.16125	0.2275	0.14125	0.1575	0.1775	0.1225	0.16875	0.18	0.65	0.57625	0.16	0.59125	0.55125	0.16125	0.415	0.6325	0.16625	0.41	0.74625	-1.6	-1	0.62	1.02857	1.5	0.1602	0.1135	0.08658	0.136129	0.134422
0.5	0.12	0.95	0.73	0.12	0.27	0.27	0.12	0.12	0.27	0.12	0.27	0.27	0.05	0.73	0.73	0.95	0.02	0.12	0.73	0.47875	0.16125	0.1325	0.065	0.1675	0.15875	0.1125	0.16875	0.265	0.6225	0.595	0.14125	0.5325	0.62375	0.20375	0.38625	0.57625	0.175	0.44875	0.65125	-0.7	0.633333	1.14	1.34286	1.46667	0.1286	0.109533	0.08646	0.0829143	0.128089
0.27	0.05	0.05	0.02	0.12	0.05	0.05	0.02	0.05	0.95	0.88	0.05	0.5	0.88	0.05	0.12	0.73	0.12	0.27	0.95	0.46	0.17	0.27375	0.24875	0.15875	0.18625	0.16875	0.105	0.33625	0.51875	0.415	0.16875	0.45625	0.4725	0.28875	0.43375	0.575	0.14375	0.43	0.605	4.2	2.66667	1.64	1.67143	1.15556	0.0398	0.0734667	0.09522	0.0903143	0.111944
0.27	0.05	0.05	0.02	0.12	0.12	0.05	0.02	0.5	0.88	0.5	0.05	0.73	0.88	0.05	0.12	0.5	0.5	1	0.73	0.5075	0.17	0.27375	0.24875	0.15	0.1775	0.16875	0.10875	0.33625	0.45125	0.3675	0.16875	0.32	0.46	0.28875	0.43375	0.55625	0.15375	0.40125	0.55625	4.5	3.5	2.8	1.31429	0.8	0.052	0.0624333	0.08406	0.129029	0.117967
0.95	0.12	0.05	0.05	0.27	0.12	0.12	0.12	0.05	0.88	0.5	0.12	0.5	0.12	0.12	0.27	0.5	0.05	0.12	0.95	0.31875	0.1525	0.265	0.2325	0.1125	0.16875	0.15125	0.125	0.38375	0.48	0.4575	0.15125	0.40625	0.4975	0.27125	0.33	0.46125	0.21875	0.4925	0.5	1.8	3.5	2.3	1.35714	1.3	0.0955	0.0839667	0.12288	0.1214	0.119244
0.5	0.12	0.12	0.05	0.27	0.12	0.12	0.12	0.12	0.73	0.88	0.12	0.73	0.88	0.12	0.5	0.73	0.12	0.5	0.73	0.35625	0.18	0.36	0.34	0.1125	0.21625	0.24625	0.13375	0.3175	0.5275	0.40125	0.2275	0.38625	0.40625	0.16125	0.2725	0.49	0.21	0.445	0.5275	4.2	0.933333	1.2	2	1.08889	0.1044	0.1742	0.13628	0.112057	0.1534
0.12	0.73	0.73	0.88	0.05	0.5	0.5	0.12	1	0.12	0.05	0.5	0.12	0.12	0.12	0.5	0.27	0.12	0.88	0.12	0.4325	0.18	0.25625	0.2075	0.13125	0.22625	0.28375	0.13375	0.255	0.57625	0.49625	0.25625	0.44375	0.50125	0.085	0.2725	0.52	0.21375	0.3975	0.5275	-3.2	-0.1	1.06	0.9	0.777778	0.3227	0.177967	0.13852	0.173171	0.193633
0.5	0.05	0.05	0.02	0.05	0.12	0.05	0.05	0.5	0.12	0.12	0.05	0.12	0.88	0.05	0.12	0.12	0.73	1	0.12	0.4425	0.27375	0.36875	0.3275	0.13125	0.30125	0.34875	0.23125	0.3175	0.49125	0.3925	0.34	0.415	0.3025	0.1025	0.39625	0.57125	0.12875	0.355	0.5	-1.3	-0.233333	0	-0.242857	0.233333	0.1068	0.164233	0.21294	0.235843	0.2215
0.12	0.05	0.05	0.02	0.12	0.05	0.05	0.5	0.05	0.5	0.99	0.05	0.73	0.27	0.05	0.05	0.12	0.12	0.12	0.5	0.51875	0.33	0.4725	0.435	0.11	0.41375	0.465	0.235	0.345	0.33625	0.2275	0.425	0.2625	0.27125	0.11125	0.42375	0.5425	0.145	0.34625	0.3675	3.8	-0.333333	-1.54	-0.6	-0.655556	0.0632	0.212533	0.2902	0.263714	0.293767
0.12	0.27	0.95	0.98	0.05	0.5	0.88	0.12	0.27	0.5	0.05	0.73	0.12	0.05	0.12	0.27	0.73	0.02	0.05	0.12	0.415	0.35	0.46375	0.3425	0.0875	0.4675	0.4375	0.27375	0.43	0.22875	0.28875	0.3875	0.29125	0.28625	0.09375	0.39625	0.41875	0.1575	0.355	0.3025	-3.5	-1.06667	-1.04	-1.7	-1.24444	0.4676	0.3405	0.28378	0.349143	0.328278
0.73	0.73	0.73	0.5	0.05	0.73	0.95	0.12	0.5	0.05	0.05	0.88	0.12	0.05	0.12	0.73	0.73	0.05	0.12	0.12	0.2825	0.28	0.4775	0.3975	0.06	0.43	0.41625	0.26125	0.38875	0.2275	0.30125	0.35625	0.2625	0.23875	0.08	0.27875	0.33375	0.26375	0.34625	0.22625	-3.5	-2.56667	-1.48	-1.74286	-1.81111	0.4907	0.4163	0.4029	0.361057	0.337144
0.73	0.12	0.27	0.12	0.12	0.27	0.12	0.73	0.05	0.27	0.12	0.27	0.27	0.05	0.12	0.73	0.99	0.05	0.05	0.73	0.30125	0.29875	0.55375	0.42625	0.05125	0.535	0.57625	0.185	0.35375	0.19125	0.2925	0.4325	0.24375	0.22625	0.08	0.3075	0.38625	0.25125	0.25125	0.15	-0.7	-2.56667	-2.94	-1.68571	-1.84444	0.2906	0.494567	0.47148	0.372114	0.377267
0.5	0.5	0.88	0.88	0.02	0.95	0.98	0.5	0.27	0.02	0.05	0.73	0.12	0.02	0.12	0.27	0.27	0.02	0.05	0.05	0.33	0.3075	0.53375	0.42	0.06375	0.52625	0.58125	0.2225	0.2975	0.27	0.30125	0.4875	0.31	0.12625	0.08875	0.4125	0.52375	0.17	0.14125	0.25375	-3.5	-2.56667	-2.42	-2.72857	-2.13333	0.7024	0.466367	0.4148	0.460771	0.440033
0.12	0.5	0.88	0.27	0.02	1	0.73	0.05	0.95	0.02	0.05	0.5	0.12	0.02	0.05	0.27	0.12	0.05	0.12	0.05	0.39625	0.31625	0.5425	0.50875	0.0825	0.52875	0.62125	0.23125	0.22125	0.3175	0.2875	0.525	0.31	0.21125	0.10625	0.44	0.56125	0.185	0.18	0.25375	-3.5	-2.63333	-2.42	-2.78571	-2.24444	0.4061	0.4309	0.45342	0.489929	0.470278
0.05	0.02	0.01	0.01	0.05	0.05	0.02	0.02	0.02	0.27	0.98	0.02	0.5	0.5	0.01	0.02	0.05	1	0.5	0.12	0.4525	0.37625	0.595	0.4525	0.10625	0.61875	0.63375	0.3425	0.3375	0.23875	0.18	0.5275	0.28125	0.16	0.20625	0.5	0.54125	0.0975	0.16	0.26375	-0.9	-2.63333	-3.06	-1.88571	-1.9	0.1842	0.4247	0.52964	0.467743	0.464978
0.27	0.27	0.88	0.73	0.05	0.88	0.95	0.12	0.27	0.05	0.05	0.5	0.12	0.02	0.12	0.73	0.95	0.02	0.05	0.12	0.3675	0.2875	0.41	0.315	0.13375	0.4575	0.4325	0.33	0.25875	0.35125	0.4	0.39125	0.37625	0.2475	0.29625	0.35375	0.37125	0.2475	0.235	0.34	-3.5	-2.76667	-1.8	-1.84286	-1.08889	0.6838	0.513233	0.45624	0.486214	0.468644
0.5	0.5	0.5	0.73	0.05	0.73	0.95	0.12	0.27	0.5	0.12	0.95	0.5	0.05	0.12	0.5	0.5	0.05	0.12	0.27	0.28125	0.2775	0.53375	0.41	0.125	0.53375	0.54	0.25375	0.34375	0.295	0.3825	0.36375	0.31	0.24375	0.29625	0.35375	0.3375	0.24375	0.235	0.245	-3.9	-1.53333	-1.18	-0.8	-1.4	0.6717	0.563633	0.459	0.460686	0.5053
0.27	0.12	0.12	0.12	0.27	0.12	0.12	0.12	0.12	0.88	0.88	0.12	0.73	0.95	0.12	0.27	0.27	0.27	0.5	0.5	0.28125	0.35375	0.505	0.39125	0.11	0.55375	0.58375	0.20625	0.39125	0.33625	0.3725	0.495	0.32875	0.14375	0.29625	0.3825	0.395	0.22	0.19625	0.30125	2.8	-0.5	-0.24	-0.8	-1.44444	0.3354	0.475667	0.5269	0.491314	0.46
0.5	0.27	0.5	0.27	0.27	0.27	0.27	0.98	0.27	0.12	0.12	0.27	0.27	0.12	0.88	0.5	0.5	0.27	0.27	0.27	0.2525	0.39625	0.38125	0.35375	0.11	0.52	0.53625	0.1075	0.2875	0.435	0.4675	0.53625	0.38625	0.25125	0.21	0.35375	0.385	0.22	0.225	0.33	-0.4	2.06667	-0.24	-1.22857	-1.55556	0.4199	0.426333	0.51424	0.5071	0.448722
0.27	0.27	0.12	0.12	0.27	0.27	0.27	0.12	0.12	0.73	0.88	0.27	0.5	0.27	0.95	0.27	0.27	0.27	0.27	0.73	0.3375	0.485	0.51875	0.4625	0.11875	0.6325	0.625	0.2275	0.3375	0.33125	0.265	0.59625	0.31	0.17625	0.215	0.49	0.5175	0.10125	0.1775	0.2725	3.8	-0.0333333	-0.24	-1.37143	-1.84444	0.5237	0.521367	0.43884	0.452929	0.491256
0.27	0.27	0.88	0.88	0.05	0.73	0.98	0.12	0.73	0.27	0.05	0.5	0.12	0.05	0.12	0.5	0.27	0.05	0.12	0.12	0.36625	0.5425	0.3475	0.33875	0.14625	0.55625	0.53625	0.24625	0.3375	0.38875	0.36875	0.62375	0.3575	0.2075	0.31875	0.4325	0.4325	0.1325	0.205	0.34875	-3.5	-1.2	-1.7	-1.31429	-1.5	0.6205	0.479633	0.43268	0.437971	0.476189
0.27	0.73	0.27	0.12	0.12	0.5	0.5	0.12	0.5	0.73	0.73	0.95	0.5	0.12	0.12	0.27	0.5	0.05	0.12	0.73	0.4275	0.4375	0.37625	0.3575	0.165	0.5275	0.4925	0.265	0.3475	0.28375	0.33125	0.4825	0.28125	0.2075	0.31875	0.50875	0.40375	0.1325	0.205	0.2725	-3.9	-3.96667	-2.32	-1.77143	-0.866667	0.2947	0.4066	0.4621	0.468371	0.407856
0.12	0.99	0.27	0.12	0.02	0.88	0.5	0.12	0.27	0.05	0.05	0.98	0.12	0.05	0.12	0.27	0.27	0.05	0.12	0.05	0.44625	0.405	0.37625	0.3575	0.15875	0.5275	0.54	0.25625	0.37625	0.36875	0.41625	0.4975	0.3	0.18875	0.31875	0.49	0.4325	0.11375	0.17625	0.405	-4.5	-3.96667	-3.16	-1.45714	-0.755556	0.3046	0.388767	0.467	0.416486	0.3951
0.5	0.73	0.73	0.73	0.12	0.95	0.73	0.12	0.27	0.05	0.12	0.5	0.12	0.05	0.12	0.88	0.88	0.05	0.12	0.12	0.37	0.46625	0.3475	0.3575	0.11875	0.5475	0.56875	0.225	0.37625	0.36875	0.4075	0.615	0.28125	0.23625	0.22375	0.41375	0.3275	0.08625	0.1575	0.39625	-3.5	-2.8	-2.1	-1.45714	-1.1	0.567	0.473267	0.35424	0.373186	0.403633
0.5	0.73	0.27	0.5	0.05	0.73	0.95	0.27	0.88	0.05	0.05	0.95	0.12	0.05	0.12	0.5	0.27	0.05	0.12	0.12	0.35125	0.46625	0.405	0.38625	0.10875	0.6325	0.5225	0.1975	0.31875	0.34	0.41625	0.5875	0.28125	0.32125	0.12	0.4425	0.385	0.115	0.24625	0.33875	-0.4	-0.7	-0.56	-1.45714	-1.1	0.5482	0.390633	0.33942	0.3555	0.368344
0.99	0.12	0.12	0.12	0.27	0.27	0.12	0.27	0.12	0.12	0.5	0.27	0.27	0.12	0.12	0.88	0.5	0.05	0.12	0.27	0.27125	0.515	0.32	0.32625	0.09	0.605	0.51	0.185	0.32875	0.42125	0.4725	0.61625	0.3575	0.34	0.11125	0.3475	0.35625	0.115	0.24625	0.39625	1.8	1.73333	-0.36	-0.357143	-0.211111	0.0567	0.275167	0.37784	0.342843	0.306333
0.27	0.12	0.12	0.12	0.12	0.5	0.5	0.05	0.12	0.88	0.88	0.27	0.5	0.73	0.12	0.12	0.27	0.12	0.27	0.88	0.36125	0.53375	0.3775	0.345	0.1	0.6325	0.4625	0.2125	0.3	0.2975	0.34875	0.6075	0.3575	0.255	0.11125	0.5	0.385	0.10625	0.2275	0.29125	3.8	0.7	1.1	0.928571	-0.211111	0.2206	0.258	0.30566	0.308243	0.324978
0.27	0.5	0.73	0.88	0.05	0.5	0.73	0.73	0.27	0.12	0.12	0.73	0.12	0.5	0.12	0.5	0.27	0.05	0.12	0.27	0.40875	0.4725	0.35875	0.26875	0.1125	0.64125	0.43375	0.1275	0.28125	0.44875	0.47125	0.5375	0.42375	0.28375	0.11125	0.48125	0.4425	0.115	0.24625	0.395	-3.5	1.36667	2.08	0.871429	-0.144444	0.4967	0.3078	0.2085	0.293314	0.345589
0.12	0.27	0.12	0.12	0.12	0.73	0.12	0.05	0.27	0.5	0.88	0.5	0.5	0.95	0.12	0.12	0.12	0.5	0.98	0.27	0.39875	0.4125	0.35875	0.27875	0.09125	0.5	0.42125	0.3225	0.25375	0.39625	0.3625	0.51	0.36375	0.2225	0.09875	0.43375	0.3575	0.055	0.125	0.38125	3.8	1.6	0.94	0.371429	0.2	0.2061	0.255067	0.28966	0.285014	0.316856
0.12	0.05	0.05	0.02	0.12	0.05	0.05	0.02	0.05	0.99	0.95	0.05	0.88	0.27	0.05	0.12	0.27	0.05	0.12	0.73	0.3425	0.355	0.33625	0.23125	0.09125	0.5	0.3175	0.295	0.2625	0.39125	0.41	0.45375	0.3925	0.41125	0.095	0.3775	0.31125	0.1675	0.3425	0.37125	4.5	1.46667	-0.6	0.0571429	0.1	0.0624	0.243667	0.34356	0.320971	0.270456
0.27	0.88	0.73	0.27	0.05	0.95	0.5	0.12	0.27	0.5	0.12	0.88	0.73	0.05	0.12	0.73	0.5	0.05	0.12	0.5	0.29125	0.27	0.27	0.2	0.08125	0.47625	0.30875	0.26375	0.25375	0.4525	0.485	0.35	0.46875	0.515	0.08625	0.2825	0.33	0.1675	0.36125	0.4	-3.9	-1.1	0.02	-0.671429	-0.177778	0.4625	0.338333	0.3059	0.308114	0.309822
0.5	0.88	0.73	0.27	0.05	0.95	0.5	0.12	0.27	0.5	0.27	0.88	0.27	0.05	0.12	0.5	0.73	0.05	0.12	0.27	0.24375	0.37875	0.34625	0.2	0.06875	0.53625	0.30875	0.26375	0.2725	0.345	0.3625	0.42625	0.47875	0.42625	0.0775	0.3875	0.30125	0.155	0.33375	0.325	-3.9	-2.73333	-1	-0.271429	-0.988889	0.4901	0.420333	0.2908	0.295871	0.322333
0.27	0.02	0.12	0.05	0.02	0.05	0.02	1	0.05	0.01	0.01	0.05	0.02	0.01	0.02	0.12	0.05	0.02	0.01	0.01	0.25375	0.4575	0.34625	0.1325	0.0725	0.71	0.3875	0.06875	0.3575	0.4825	0.47125	0.4725	0.58625	0.38375	0.08125	0.3875	0.3675	0.15875	0.3475	0.38625	-0.4	-1.86667	-2.04	-1.31429	-0.988889	0.3084	0.3097	0.36052	0.314029	0.273256
0.05	0.05	0.02	0.02	0.05	0.05	0.05	0.02	0.73	0.5	0.5	0.05	0.73	0.88	0.02	0.05	0.05	0.5	1	0.5	0.28125	0.42625	0.34625	0.12375	0.06875	0.68125	0.375	0.1875	0.25375	0.42125	0.4225	0.41625	0.5575	0.21875	0.06875	0.3875	0.3675	0.05125	0.21125	0.35375	-1.3	-0.8	-1.96	-2.45714	-0.988889	0.1306	0.283333	0.33466	0.312971	0.2673
0.73	0.27	0.27	0.12	0.12	0.98	0.5	0.12	0.27	0.12	0.27	0.27	0.73	0.73	0.12	0.73	0.88	0.05	0.27	0.27	0.2725	0.42625	0.41875	0.1425	0.06	0.66875	0.375	0.20625	0.33875	0.36	0.36625	0.41625	0.51	0.21	0.065	0.40625	0.32125	0.1075	0.3025	0.35375	-0.7	-1.83333	-1.88	-1.35714	-1.28889	0.411	0.2916	0.24764	0.268686	0.310144
0.12	0.99	0.73	0.12	0.02	0.98	0.5	0.05	0.27	0.02	0.05	0.88	0.12	0.02	0.05	0.73	0.27	0.02	0.05	0.05	0.32125	0.2325	0.27625	0.11125	0.06875	0.55625	0.315	0.2025	0.415	0.325	0.4125	0.23625	0.605	0.41625	0.06125	0.32125	0.34125	0.1675	0.44	0.33375	-3.5	-2.56667	-1.04	-0.542857	-0.544444	0.3332	0.2664	0.21646	0.262671	0.273067
0.12	0.27	0.12	0.12	0.05	0.99	0.88	0.05	0.73	0.73	0.73	0.27	0.73	0.12	0.05	0.12	0.12	0.05	0.12	0.5	0.27375	0.33625	0.295	0.0925	0.06125	0.55875	0.2675	0.19375	0.3575	0.17625	0.3	0.325	0.51	0.4	0.06125	0.36875	0.28375	0.16	0.4225	0.25	-3.5	-1.06667	-0.42	-0.0857143	-0.611111	0.055	0.180233	0.27994	0.237014	0.249333
0.12	0.05	0.02	0.02	0.12	0.5	0.05	0.02	0.12	0.5	0.98	0.05	0.98	0.5	0.02	0.05	0.12	0.12	0.88	0.5	0.255	0.47125	0.41125	0.1325	0.0525	0.72375	0.43125	0.0875	0.5525	0.20625	0.27	0.465	0.49125	0.3575	0.06875	0.425	0.2925	0.15125	0.36	0.25125	3.8	0.7	0.28	-0.542857	-0.955556	0.1525	0.2185	0.2235	0.257857	0.239644
0.73	0.27	0.88	0.27	0.12	0.88	0.5	0.27	0.27	0.12	0.27	0.27	0.5	0.05	0.12	0.95	0.73	0.05	0.12	0.5	0.26375	0.5	0.41125	0.19	0.06125	0.7325	0.46	0.0875	0.47625	0.1975	0.3025	0.5225	0.475	0.31875	0.1725	0.3975	0.24375	0.10375	0.3925	0.20375	1.8	2.8	0.08	-0.942857	-0.988889	0.448	0.2431	0.21216	0.230743	0.313933
0.05	0.05	0.05	0.02	0.02	0.05	0.02	0.02	0.88	0.12	0.27	0.05	0.88	0.99	0.02	0.05	0.05	0.5	1	0.12	0.26375	0.5	0.6	0.33125	0.06125	0.7475	0.52	0.11875	0.38125	0.1975	0.27125	0.53125	0.33875	0.11125	0.17625	0.48125	0.23375	0.0425	0.25125	0.22	2.8	0.0333333	0.08	-0.671429	-1	0.1288	0.284433	0.2454	0.297314	0.332922
0.12	0.99	0.27	0.12	0.02	0.98	0.5	0.05	0.27	0.02	0.05	0.98	0.12	0.02	0.12	0.27	0.12	0.02	0.05	0.05	0.27375	0.265	0.515	0.31875	0.065	0.52375	0.40375	0.2325	0.5425	0.21	0.295	0.32	0.425	0.245	0.16375	0.45375	0.20625	0.19125	0.47375	0.225	-4.5	-1.73333	-1	-0.285714	-0.7	0.2765	0.208833	0.37474	0.372586	0.321733
0.12	0.88	0.95	0.27	0.02	0.88	0.5	0.12	1	0.02	0.02	0.95	0.12	0.05	0.05	0.5	0.12	0.02	0.27	0.02	0.36875	0.26	0.44875	0.3	0.07375	0.44625	0.30875	0.3275	0.375	0.125	0.21375	0.32375	0.34	0.22875	0.18125	0.53375	0.2825	0.1875	0.4375	0.1725	-3.5	-3.2	-1.52	-0.942857	-0.111111	0.2212	0.4323	0.40152	0.384014	0.3286
0.73	0.5	0.88	0.73	0.12	0.5	0.73	0.27	0.27	0.05	0.05	0.73	0.12	0.12	0.95	0.73	0.27	0.05	0.5	0.12	0.28375	0.3075	0.4575	0.24125	0.04875	0.4375	0.27625	0.3075	0.51375	0.065	0.1025	0.3475	0.2325	0.28125	0.0675	0.505	0.255	0.29375	0.42375	0.10375	-1.6	-1.96667	-2.24	-0.942857	-0.222222	0.7992	0.5341	0.42226	0.3367	0.318089
0.05	0.05	0.95	1	0.02	0.27	0.5	0.12	0.12	0.12	0.02	0.12	0.02	0.01	0.05	0.5	0.12	0.01	0.02	0.02	0.39625	0.345	0.3725	0.23625	0.06125	0.39	0.27625	0.4025	0.59	0.0475	0.07875	0.42375	0.1975	0.295	0.18	0.53375	0.245	0.295	0.48375	0.06875	-0.8	-1.06667	-0.98	-0.942857	-0.222222	0.5819	0.537867	0.39032	0.326571	0.281078
0.27	0.05	0.27	0.12	0.05	0.12	0.05	0.99	0.95	0.02	0.02	0.12	0.05	0.12	0.05	0.73	0.12	0.73	0.88	0.02	0.485	0.345	0.4575	0.35	0.07	0.4175	0.345	0.30625	0.3825	0.07875	0.1075	0.4325	0.175	0.1725	0.1925	0.56125	0.34875	0.26625	0.26625	0.145	-0.8	0.0666667	0.28	-0.0428571	-0.333333	0.2325	0.3104	0.35766	0.303486	0.279556
0.88	0.12	0.27	0.12	0.12	0.27	0.12	0.88	0.12	0.05	0.05	0.27	0.05	0.02	0.12	0.99	0.73	0.02	0.05	0.05	0.4	0.215	0.42625	0.33625	0.06125	0.27875	0.27625	0.31625	0.45875	0.0875	0.13125	0.29375	0.175	0.3075	0.17	0.52875	0.26375	0.4775	0.455	0.14125	1.8	1.26667	0.96	0.714286	0.477778	0.1168	0.135733	0.2208	0.288329	0.280722
0.05	0.05	0.02	0.01	0.02	0.05	0.02	0.01	0.5	0.05	0.12	0.02	0.12	0.99	0.01	0.05	0.05	1	1	0.05	0.5225	0.205	0.40125	0.33125	0.1625	0.25875	0.26	0.52	0.30125	0.11875	0.1825	0.31625	0.185	0.195	0.21125	0.6175	0.39625	0.47125	0.3175	0.1725	2.8	2.13333	1.48	1.34286	1.33333	0.0579	0.0965333	0.12744	0.215157	0.306867
0.95	0.12	0.27	0.5	0.12	0.27	0.27	0.88	0.73	0.05	0.05	0.27	0.12	0.05	0.12	0.95	0.5	0.02	0.12	0.12	0.33375	0.1675	0.3825	0.28875	0.14125	0.23125	0.22875	0.46875	0.3575	0.1275	0.19125	0.25625	0.185	0.38875	0.085	0.47625	0.34	0.59375	0.4275	0.155	1.8	2.13333	2.2	2.05714	1.07778	0.1149	0.0959667	0.13834	0.197243	0.298222
0.98	0.05	0.05	0.05	0.12	0.12	0.12	0.12	0.05	0.27	0.5	0.12	0.73	0.12	0.12	0.5	0.88	0.99	0.12	0.73	0.3575	0.29375	0.3825	0.235	0.14125	0.32625	0.21875	0.65875	0.5375	0.0875	0.13875	0.35125	0.12125	0.385	0.085	0.50375	0.2925	0.4775	0.45875	0.0825	1.8	2.13333	2.68	1.61429	0.666667	0.1151	0.172333	0.20628	0.267086	0.279311
0.05	0.02	0.02	0.01	0.02	0.02	0.02	0.02	0.05	0.12	0.27	0.02	0.12	1	0.01	0.27	0.05	1	0.73	0.05	0.53125	0.325	0.38625	0.34375	0.15375	0.415	0.335	0.5625	0.43375	0.11	0.17125	0.41125	0.20625	0.2625	0.21125	0.5325	0.415	0.3875	0.27875	0.17125	2.8	2.93333	1.34	0.714286	0.955556	0.287	0.2862	0.33898	0.309214	0.316889
0.27	0.73	0.5	0.12	0.73	0.5	0.27	0.88	0.12	0.27	0.5	0.88	0.27	0.12	0.27	0.27	0.5	0.95	0.12	0.27	0.485	0.23625	0.32625	0.34875	0.05625	0.355	0.35125	0.4675	0.425	0.0875	0.13875	0.285	0.1875	0.3725	0.27375	0.5275	0.30125	0.39375	0.355	0.14375	4.2	1.03333	0.08	0.571429	0.577778	0.4565	0.4883	0.39834	0.382471	0.345778
0.12	0.27	0.98	0.88	0.05	0.5	0.73	0.73	0.95	0.12	0.05	0.5	0.12	0.73	0.05	0.5	0.27	0.05	0.5	0.05	0.53125	0.3025	0.3825	0.3625	0.145	0.3825	0.3825	0.5	0.27375	0.1025	0.1825	0.36375	0.1975	0.175	0.315	0.61625	0.38625	0.38375	0.18875	0.17125	-3.9	-1.4	0.08	0.0857143	0.177778	0.7214	0.529867	0.48946	0.419886	0.373389
0.27	0.99	0.73	0.12	0.02	0.88	0.27	0.88	0.88	0.02	0.05	0.73	0.12	0.05	0.05	0.27	0.12	0.05	0.27	0.05	0.4275	0.2125	0.41375	0.48625	0.14875	0.31625	0.42125	0.3775	0.20625	0.17125	0.19125	0.31625	0.245	0.26875	0.315	0.6175	0.4675	0.3875	0.29375	0.19	-4.5	-2.2	-0.8	-0.285714	-0.1	0.4117	0.567933	0.50742	0.447214	0.382489
0.73	0.27	0.27	0.95	0.05	0.73	0.88	0.12	0.12	0.05	0.05	0.5	0.12	0.02	0.95	0.73	0.27	0.02	0.05	0.05	0.25	0.2975	0.465	0.37625	0.1325	0.3225	0.33125	0.45875	0.2975	0.13625	0.14375	0.33125	0.16	0.37625	0.1875	0.49875	0.34125	0.3925	0.3975	0.10125	1.8	-1.43333	-1.8	-0.785714	-0.4	0.5707	0.453067	0.4774	0.434329	0.377978
0.73	0.12	0.27	0.27	0.05	0.27	0.5	0.98	0.12	0.02	0.02	0.12	0.05	0.02	0.88	0.95	0.27	0.02	0.05	0.05	0.25	0.32	0.46375	0.46125	0.145	0.38375	0.37875	0.35	0.29375	0.21625	0.2375	0.37875	0.2725	0.285	0.1975	0.44	0.35	0.27375	0.32125	0.1575	-1.6	-0.2	-1.16	-1.51429	-0.288889	0.3768	0.417967	0.37248	0.379757	0.349156
0.27	0.12	0.95	0.88	0.05	0.27	0.73	0.12	0.12	0.02	0.02	0.27	0.05	0.02	0.12	0.99	0.5	0.02	0.05	0.05	0.3075	0.24375	0.35	0.385	0.06875	0.33625	0.33125	0.35375	0.285	0.1975	0.18125	0.265	0.25375	0.2725	0.27375	0.51125	0.38375	0.1575	0.3125	0.13875	-0.8	-1.03333	-0.44	-0.414286	-0.833333	0.3064	0.293333	0.30504	0.280643	0.300544
0.27	0.12	0.27	0.73	0.12	0.12	0.12	0.05	0.12	0.5	0.12	0.12	0.5	0.12	0.12	0.73	1	0.05	0.73	0.27	0.41625	0.21625	0.31875	0.3	0.17625	0.3075	0.33125	0.305	0.1725	0.12875	0.16875	0.23625	0.1975	0.17125	0.2825	0.5725	0.32125	0.15	0.17125	0.13875	-0.7	-0.8	-0.04	0.128571	-0.2	0.1968	0.192567	0.19642	0.224543	0.221933
0.02	0.01	0	0	0.02	0.02	0.01	0.01	0.02	0.02	0.12	0.01	0.05	0.95	0	0.01	0.02	1	0.73	0.02	0.42	0.1125	0.26375	0.3775	0.1925	0.21625	0.31375	0.2025	0.10875	0.22	0.25375	0.16125	0.30125	0.18625	0.29375	0.635	0.435	0.0875	0.2625	0.17875	-0.9	0.733333	0.14	0.128571	0.155556	0.0745	0.0996333	0.12486	0.145	0.180378
0.05	0.05	0.01	0.01	0.12	0.05	0.02	0.01	0.02	0.73	0.99	0.02	0.95	0.27	0.02	0.02	0.12	0.05	0.12	0.5	0.3875	0.08	0.235	0.26	0.18875	0.1275	0.20875	0.19	0.09625	0.21625	0.1725	0.10375	0.2075	0.28375	0.17875	0.57625	0.45125	0.31375	0.3475	0.23625	3.8	0.733333	0.66	0.171429	0.422222	0.0276	0.0403667	0.06636	0.0965571	0.1184
0.27	0.12	0.27	0.12	0.12	0.12	0.12	0.05	0.05	0.12	0.05	0.12	0.12	0.02	0.12	0.88	1	0.02	0.05	0.12	0.3025	0.0625	0.175	0.215	0.1975	0.1	0.14	0.065	0.08375	0.38125	0.40625	0.0825	0.4275	0.43125	0.0625	0.365	0.34125	0.33	0.4125	0.3875	-0.7	1.63333	0.54	0.885714	1.06667	0.019	0.0201667	0.03454	0.0546286	0.0794
0.99	0.05	0.05	0.05	0.98	0.12	0.12	0.27	0.05	0.05	0.05	0.12	0.12	0.02	0.12	0.73	0.27	0.02	0.05	0.27	0.19375	0.17875	0.1175	0.205	0.08625	0.12875	0.15875	0.02875	0.08375	0.39	0.40625	0.1725	0.4275	0.43125	0.0625	0.29375	0.385	0.33	0.4125	0.365	1.8	-0.0666667	1.56	1.58571	0.722222	0.0139	0.0235333	0.02222	0.0302	0.0596444
0.05	0.05	0.02	0.01	0.05	0.05	0.02	0.02	0.27	0.27	0.73	0.02	0.5	1	0.02	0.05	0.05	0.5	1	0.12	0.34	0.17	0.1025	0.125	0.30625	0.1375	0.1625	0.06	0.05625	0.39125	0.34	0.185	0.35125	0.385	0.06625	0.37875	0.37875	0.27875	0.3125	0.46875	-1.3	1.56667	1.64	1.15714	1.26667	0.0377	0.0215	0.02186	0.0379286	0.0462889
0.5	0.05	0.05	0.02	0.12	0.05	0.05	0.02	0.02	0.73	0.27	0.05	0.27	0.12	0.05	0.27	0.5	0.88	0.12	0.99	0.2875	0.17125	0.10125	0.125	0.30125	0.1375	0.16	0.06	0.09125	0.39375	0.50125	0.1825	0.43625	0.50125	0.06375	0.3525	0.32625	0.14	0.44125	0.42	4.2	2.36667	1	1.21429	1.67778	0.0129	0.0254667	0.04378	0.0449286	0.0394556
0.27	0.05	0.05	0.02	0.12	0.12	0.05	0.02	0.05	0.73	0.95	0.05	0.98	0.95	0.05	0.12	0.27	0.12	0.5	0.88	0.42875	0.18	0.13375	0.1575	0.30125	0.15625	0.24875	0.15	0.1	0.3175	0.32625	0.21375	0.2625	0.37	0.07625	0.47875	0.43125	0.235	0.39375	0.43375	4.2	1.5	1.48	1.71429	1.16667	0.0258	0.0557667	0.05632	0.0440714	0.0554
0.12	0.98	0.27	0.73	0.02	0.5	0.88	0.05	0.12	0.02	0.02	0.99	0.05	0.02	0.12	0.27	0.12	0.02	0.05	0.02	0.42875	0.15875	0.0875	0.06875	0.305	0.21625	0.22125	0.14625	0.1	0.425	0.54625	0.14375	0.48625	0.49875	0.05875	0.365	0.34	0.25125	0.45875	0.56	-3.9	1.5	2.3	1.34286	1.66667	0.1286	0.077	0.05138	0.0665286	0.0777222
0.5	0.05	0.12	0.05	0.95	0.12	0.05	0.05	0.12	0.73	0.27	0.12	0.27	0.73	0.05	0.73	0.73	0.12	0.88	0.95	0.38125	0.28375	0.115	0.15375	0.08125	0.26375	0.325	0.14625	0.1	0.36375	0.52375	0.32875	0.55375	0.41375	0.0675	0.27875	0.26375	0.23875	0.355	0.4725	4.2	1.03333	1.3	2.07143	1.66667	0.0766	0.0727333	0.08302	0.0925571	0.0789778
0.05	0.02	0.02	0.01	0.05	0.02	0.02	0.01	0.05	0.5	0.95	0.02	0.5	1	0.01	0.02	0.05	0.27	0.88	0.5	0.54125	0.39125	0.1875	0.22	0.2025	0.38	0.38875	0.21125	0.10875	0.37375	0.3625	0.44875	0.4775	0.27	0.085	0.42375	0.405	0.16375	0.2925	0.5475	2.8	2.06667	1.22	1.72857	2.27778	0.013	0.0869	0.12184	0.0943143	0.112889
0.95	0.12	0.27	0.27	0.12	0.27	0.73	0.73	0.12	0.12	0.27	0.27	0.27	0.05	0.12	0.88	0.73	0.05	0.12	0.5	0.42875	0.46375	0.26	0.2475	0.185	0.43375	0.40375	0.21	0.13125	0.33625	0.42	0.52125	0.4875	0.38	0.1275	0.37375	0.32	0.0875	0.40625	0.43	-0.8	1.93333	2.36	1.72857	1.42222	0.1711	0.134667	0.10116	0.139614	0.175767
0.12	0.88	0.12	0.12	0.05	0.98	0.73	0.05	0.12	0.27	0.88	0.5	0.98	0.12	0.05	0.12	0.12	0.05	0.12	0.27	0.51375	0.3775	0.27875	0.26625	0.185	0.44	0.4125	0.295	0.1875	0.28875	0.31625	0.50125	0.38625	0.37125	0.1325	0.46875	0.3775	0.135	0.46875	0.41125	3.8	1.6	2.36	1.78571	1.37778	0.2199	0.138733	0.15442	0.203929	0.197444
0.99	0.12	0.12	0.05	0.12	0.12	0.12	0.27	0.05	0.27	0.12	0.73	0.88	0.05	0.12	0.5	0.27	0.02	0.05	0.5	0.405	0.35625	0.2475	0.18625	0.18875	0.49125	0.385	0.26375	0.18375	0.41	0.47125	0.355	0.5025	0.41125	0.115	0.39375	0.3775	0.1425	0.48625	0.5025	1.8	3.26667	1.1	1.72857	2.31111	0.0252	0.196	0.26758	0.224543	0.2022
0.88	0.88	0.5	0.5	0.12	0.88	0.5	0.5	0.27	0.12	0.12	0.88	0.12	0.12	0.12	0.5	0.5	0.05	0.5	0.27	0.41875	0.27	0.2	0.23375	0.07625	0.39625	0.365	0.32	0.15625	0.37125	0.4525	0.38375	0.57875	0.43375	0.115	0.33625	0.29125	0.1575	0.41125	0.4275	4.2	0.833333	2.02	1.97143	2.04444	0.3429	0.315633	0.27754	0.247171	0.255022
0.5	0.73	0.88	0.5	0.05	0.73	0.88	0.73	0.27	0.05	0.05	0.88	0.12	0.05	0.5	0.73	0.5	0.05	0.27	0.05	0.475	0.2925	0.18375	0.2475	0.09375	0.475	0.32125	0.32375	0.1525	0.44125	0.43375	0.3875	0.57875	0.3325	0.06875	0.31125	0.3	0.12625	0.345	0.51125	-3.5	1.5	2.16	2.34286	2.23333	0.5788	0.380867	0.26784	0.301586	0.278578
0.12	0.12	0.05	0.02	0.05	0.88	0.12	0.02	0.5	0.5	0.73	0.12	0.88	0.95	0.02	0.12	0.12	0.5	1	0.5	0.46625	0.36875	0.345	0.3975	0.085	0.485	0.41625	0.33625	0.12375	0.3725	0.3175	0.4825	0.45625	0.21625	0.17625	0.3875	0.29	0.065	0.24125	0.39875	3.8	1.6	2.16	2.44286	1.93333	0.2209	0.3237	0.3732	0.302314	0.311289
0.12	0.05	0.02	0.02	0.12	0.05	0.05	0.02	0.02	0.99	0.5	0.05	0.88	0.27	0.05	0.05	0.27	0.05	0.12	0.98	0.485	0.30125	0.39625	0.445	0.07625	0.57625	0.45625	0.33625	0.27875	0.28375	0.25125	0.49125	0.34875	0.2925	0.285	0.4725	0.29	0.1175	0.35125	0.33875	4.5	3.36667	2.22	1.68571	1.42222	0.1714	0.314767	0.34962	0.365214	0.340233
0.5	0.12	0.12	0.88	0.05	0.12	0.27	0.73	0.12	0.27	0.12	0.5	0.12	0.98	0.05	0.27	0.27	0.27	0.73	0.12	0.37625	0.34	0.4875	0.4225	0.07625	0.6625	0.52375	0.22875	0.3225	0.34625	0.29	0.435	0.34875	0.2	0.285	0.4925	0.3475	0.09	0.275	0.39875	1.8	3.6	2.22	0.971429	0.833333	0.552	0.316133	0.32696	0.384857	0.409833
0.12	0.05	0.27	0.12	0.12	0.5	0.05	0.27	0.02	0.99	0.73	0.05	0.5	0.12	0.02	0.05	0.12	0.02	0.12	0.95	0.3475	0.25375	0.46875	0.48875	0.0675	0.53875	0.58	0.23	0.42375	0.3325	0.2325	0.4725	0.32	0.3075	0.28	0.54875	0.3375	0.1175	0.30375	0.38	4.5	0.933333	1.3	0.971429	0.833333	0.225	0.414167	0.37886	0.395257	0.399611
0.5	0.12	0.73	0.99	0.05	0.5	0.73	0.12	0.12	0.02	0.02	0.27	0.05	0.02	0.5	0.88	0.27	0.01	0.02	0.05	0.2525	0.16	0.30375	0.32	0.085	0.51	0.39125	0.15875	0.38	0.57	0.4375	0.34125	0.4525	0.3475	0.19125	0.36	0.27125	0.11875	0.2975	0.5775	-3.5	0.0666667	-0.3	1.02857	1.64444	0.4655	0.3903	0.4749	0.399543	0.340967
0.27	0.27	0.5	0.5	0.05	0.88	0.98	0.05	0.88	0.05	0.12	0.5	0.12	0.05	0.95	0.73	0.27	0.02	0.12	0.27	0.32875	0.14125	0.34125	0.385	0.20375	0.47125	0.36	0.17125	0.3325	0.51	0.34	0.38875	0.34875	0.2275	0.13875	0.3975	0.36625	0.0575	0.16625	0.5025	-0.8	-2.6	0.18	0.928571	1.5	0.4804	0.5325	0.41468	0.382343	0.355122
0.5	0.5	0.95	0.73	0.05	0.88	0.88	0.12	0.5	0.05	0.05	0.73	0.12	0.02	0.12	0.88	0.73	0.02	0.05	0.12	0.31875	0.21625	0.3925	0.46375	0.19125	0.58375	0.47625	0.27875	0.46875	0.38875	0.28875	0.41625	0.25375	0.2	0.25125	0.40625	0.30875	0.05375	0.16625	0.405	-3.5	-0.0333333	0.04	1.02857	0.955556	0.6516	0.460967	0.37988	0.353243	0.387833
0.27	0.12	0.5	0.27	0.12	0.27	0.73	0.05	0.98	0.73	0.27	0.73	0.27	0.12	0.05	0.73	0.27	0.02	0.12	0.95	0.40375	0.26375	0.4675	0.42625	0.19125	0.66	0.47625	0.30625	0.4	0.285	0.26125	0.36875	0.2825	0.07125	0.31625	0.50125	0.45125	0.02625	0.0725	0.32	4.2	1.5	1.24	0.328571	0.955556	0.2509	0.317833	0.35644	0.387643	0.338189
0.12	0.05	0.02	0.02	0.12	0.5	0.05	0.01	0.02	0.98	0.98	0.05	0.73	0.27	0.27	0.05	0.12	0.05	0.12	0.73	0.49875	0.2725	0.5	0.445	0.19125	0.58375	0.56125	0.28375	0.52375	0.24	0.19125	0.4625	0.225	0.1475	0.2925	0.61375	0.48875	0.035	0.14875	0.3475	3.8	3.5	1.32	1.08571	0.922222	0.051	0.216733	0.35352	0.336171	0.329956
0.5	0.12	0.12	0.05	1	0.95	0.12	0.05	0.88	0.05	0.05	0.73	0.12	0.02	0.05	0.27	0.88	0.02	0.05	0.12	0.4225	0.34	0.4875	0.35125	0.08125	0.5275	0.5525	0.2975	0.41625	0.445	0.3675	0.45375	0.32875	0.1825	0.2725	0.53875	0.47	0.04375	0.17	0.45125	2.5	1.96667	2.38	1.8	0.877778	0.3483	0.288367	0.24424	0.2891	0.327467
0.27	0.88	0.88	0.88	0.02	0.95	0.88	0.95	0.73	0.02	0.02	0.5	0.12	0.02	0.12	0.27	0.27	0.02	0.05	0.05	0.41875	0.2125	0.33	0.185	0.19875	0.42	0.33625	0.18	0.3275	0.44375	0.35875	0.42125	0.31625	0.21	0.145	0.44875	0.51375	0.16625	0.27375	0.4275	-0.4	1.3	2.38	1.74286	0.866667	0.4658	0.306433	0.22424	0.259314	0.293089
0.95	0.12	0.27	0.12	0.12	0.12	0.12	0.88	0.05	0.12	0.12	0.12	0.5	0.05	0.5	0.88	0.95	0.05	0.05	0.27	0.2775	0.2475	0.28875	0.19	0.18625	0.42	0.32375	0.175	0.3525	0.535	0.46375	0.38	0.36375	0.2375	0.085	0.265	0.3525	0.16625	0.2825	0.4475	1.8	1.86667	0.84	1.01429	1.67778	0.1052	0.240633	0.30266	0.2479	0.240567
0.73	0.05	0.05	0.02	0.12	0.12	0.05	0.05	0.05	0.88	0.88	0.12	0.5	0.88	0.05	0.27	0.27	0.12	0.73	0.95	0.33375	0.25625	0.31625	0.18375	0.205	0.42	0.275	0.2875	0.245	0.4675	0.3975	0.3225	0.3925	0.1525	0.16875	0.36	0.46625	0.17	0.21625	0.35375	4.2	0.7	0.16	1.01429	1.71111	0.1509	0.233067	0.2672	0.266171	0.240744
0.27	0.73	0.73	0.27	0.05	0.5	0.73	0.27	0.12	0.73	0.5	0.88	0.27	0.05	0.12	0.5	0.88	0.05	0.12	0.27	0.41	0.25625	0.2625	0.18375	0.21375	0.3725	0.24625	0.2925	0.2675	0.455	0.4325	0.28375	0.44	0.25625	0.16	0.35875	0.40875	0.1875	0.31125	0.41	-3.9	-0.2	1	1.3	1.71111	0.4431	0.255	0.20982	0.252486	0.290822
0.01	0.01	0	0	0.01	0.02	0.01	0.01	0.02	0.01	0.02	0.01	0.02	0.27	0	0.01	0.01	1	0.95	0.01	0.41375	0.4225	0.4575	0.3025	0.1	0.42375	0.43125	0.38125	0.26125	0.545	0.4925	0.41125	0.47125	0.2325	0.18375	0.4775	0.47	0.0725	0.21625	0.43375	-0.9	-0.333333	1.54	1.9	1.04444	0.171	0.264333	0.23928	0.257614	0.313956
0.05	0.02	0.01	0.01	0.05	0.05	0.02	0.01	0.02	0.88	0.99	0.02	0.88	0.27	0.02	0.02	0.12	0.05	0.12	0.5	0.39	0.43	0.38	0.20625	0.18375	0.42375	0.3825	0.26875	0.2925	0.44	0.375	0.47	0.3825	0.23625	0.18125	0.47625	0.45625	0.195	0.37625	0.3725	3.8	2.46667	1.46	1.14286	0.655556	0.1789	0.2008	0.30944	0.322086	0.305678
0.5	0.12	0.5	0.12	0.27	0.27	0.27	0.12	0.12	0.95	0.5	0.27	0.5	0.27	0.27	0.88	0.5	0.12	0.27	0.88	0.23	0.43625	0.3	0.1925	0.14375	0.50625	0.39875	0.15125	0.3075	0.41875	0.42375	0.48625	0.3825	0.23125	0.1975	0.27375	0.305	0.1825	0.3575	0.29375	4.5	4.03333	1.54	-0.0142857	0.0666667	0.2525	0.311033	0.33212	0.356429	0.3286
0.27	0.73	0.27	0.27	0.12	0.5	0.5	0.27	0.27	0.73	0.88	0.5	0.88	0.27	0.27	0.27	0.27	0.12	0.27	0.5	0.20125	0.445	0.385	0.23375	0.15375	0.58125	0.42625	0.14125	0.2975	0.35125	0.32875	0.565	0.30625	0.1275	0.20625	0.37875	0.33375	0.17	0.2725	0.2375	3.8	1.6	0.94	0.0428571	-0.833333	0.5017	0.4369	0.37618	0.337629	0.360044
0.27	0.73	0.95	0.73	0.05	0.88	0.88	0.5	0.73	0.05	0.05	0.88	0.12	0.05	0.12	0.73	0.5	0.05	0.12	0.05	0.25875	0.36875	0.2425	0.26125	0.1625	0.505	0.37875	0.1125	0.24	0.35125	0.37625	0.47	0.37375	0.1825	0.3325	0.35	0.28625	0.175	0.2825	0.275	-3.5	-1.2	-0.52	-0.385714	-0.577778	0.5565	0.483167	0.4027	0.375186	0.393844
0.12	0.95	0.27	0.12	0.73	0.98	0.5	0.05	0.98	0.05	0.05	0.98	0.27	0.05	0.12	0.27	0.27	0.05	0.5	0.05	0.29125	0.355	0.45	0.46125	0.07875	0.52375	0.4875	0.1825	0.24	0.3525	0.37625	0.47125	0.355	0.155	0.33875	0.4975	0.32875	0.0525	0.22625	0.27625	-3.9	-3.63333	-2.2	-1.15714	-0.866667	0.3913	0.419767	0.43898	0.456386	0.438022
0.12	0.27	0.12	0.12	0.02	1	0.5	0.05	0.27	0.02	0.02	0.5	0.12	0.01	0.88	0.12	0.12	0.02	0.05	0.02	0.31875	0.44	0.4825	0.46625	0.16375	0.52125	0.4875	0.30625	0.32875	0.2475	0.2575	0.535	0.26625	0.1275	0.24375	0.52875	0.33875	0.0525	0.26875	0.21875	-3.5	-3.76667	-3.28	-2.3	-1.33333	0.3115	0.3789	0.4881	0.501543	0.430867
0.27	0.73	0.5	0.5	0.05	0.95	0.5	0.12	0.12	0.12	0.5	0.98	0.27	0.05	0.12	0.5	0.27	0.02	0.05	0.12	0.3	0.37375	0.3875	0.41875	0.25125	0.50875	0.51625	0.28875	0.42375	0.17875	0.15	0.45625	0.2	0.095	0.33875	0.49	0.29125	0.04	0.24125	0.1875	-3.9	-3	-3.28	-2.9	-1.36667	0.4339	0.497567	0.49052	0.446229	0.425111
0.73	0.12	0.27	0.95	0.05	0.27	0.73	0.27	0.12	0.05	0.05	0.5	0.05	0.27	0.98	0.73	0.73	0.02	0.05	0.12	0.21125	0.36125	0.38375	0.33	0.23875	0.5325	0.42625	0.2375	0.405	0.11125	0.13	0.455	0.1325	0.15875	0.19875	0.43	0.2025	0.0875	0.33	0.13125	-1.6	-3	-2.58	-1.8	-1.47778	0.7473	0.583267	0.43516	0.3954	0.379622
0.12	0.12	0.98	0.99	0.02	0.27	0.5	0.12	0.27	0.02	0.02	0.12	0.02	0.05	0.05	0.73	0.12	0.02	0.88	0.02	0.2875	0.38875	0.23875	0.24875	0.2425	0.54125	0.4075	0.2	0.405	0.12375	0.19	0.5025	0.155	0.195	0.30625	0.3725	0.23125	0.2	0.245	0.2	-3.5	-1.83333	-1.04	-0.842857	-1.47778	0.5686	0.4768	0.413	0.352686	0.360367
0.27	0.02	0.12	0.05	0.02	0.05	0.02	1	0.02	0.01	0.01	0.05	0.02	0.01	0.02	0.12	0.05	0.02	0.01	0.01	0.2875	0.345	0.40375	0.46125	0.15375	0.5375	0.5275	0.09875	0.3475	0.125	0.21875	0.4225	0.13625	0.2	0.31	0.50625	0.24	0.19625	0.2975	0.20125	-0.4	0.1	0.3	-0.842857	-1.43333	0.1145	0.2946	0.34468	0.362929	0.361822
0.5	0.05	0.12	0.12	1	0.12	0.5	0.05	0.73	0.5	0.12	0.12	0.12	0.05	0.27	0.95	0.27	0.02	0.05	0.73	0.2775	0.3225	0.5075	0.56	0.035	0.4375	0.43875	0.22625	0.24	0.0675	0.20875	0.41375	0.115	0.20875	0.2875	0.4975	0.26	0.19625	0.2925	0.1425	4.2	2.2	-0.08	-0.785714	-1.43333	0.2007	0.135833	0.27186	0.358714	0.380133
0.02	0.02	0.01	0.01	0.02	0.01	0.01	0.01	0.12	0.12	0.27	0.01	0.12	1	0.01	0.02	0.02	0.5	0.98	0.05	0.395	0.24125	0.47375	0.52625	0.27375	0.3475	0.47125	0.34	0.3075	0.10625	0.16125	0.33875	0.09625	0.09	0.31125	0.61375	0.2725	0.14	0.17625	0.21875	2.8	1.16667	-0.08	-1.05714	-0.8	0.0923	0.2254	0.23902	0.32	0.355456
0.27	0.95	0.5	0.12	0.05	0.95	0.5	0.05	0.88	0.12	0.5	0.88	0.27	0.12	0.05	0.27	0.12	0.95	0.27	0.5	0.2875	0.20125	0.4125	0.40875	0.26625	0.30625	0.3525	0.3075	0.2125	0.115	0.1325	0.23	0.0775	0.1725	0.30875	0.5825	0.2025	0.0875	0.36875	0.15375	-3.5	-1.4	-0.7	-0.3	-0.8	0.3832	0.2933	0.31138	0.269029	0.312667
0.27	0.5	0.73	0.88	0.02	0.73	0.98	0.12	0.27	0.05	0.27	0.27	0.12	0.05	0.12	0.73	0.27	0.02	0.05	0.05	0.2875	0.24875	0.2675	0.1925	0.2825	0.30625	0.23625	0.34625	0.3175	0.2125	0.26875	0.2975	0.15625	0.20875	0.29625	0.44	0.18375	0.2075	0.3775	0.33	-3.5	-3.5	-1.18	-0.471429	0.0555556	0.4044	0.4213	0.3136	0.304414	0.263078
0.27	0.12	0.95	0.98	0.05	0.27	0.27	0.12	0.12	0.05	0.05	0.5	0.05	0.12	0.95	0.88	0.5	0.02	0.05	0.27	0.26875	0.3	0.2275	0.17625	0.29125	0.39125	0.32875	0.22375	0.33625	0.33375	0.405	0.26875	0.225	0.30875	0.1925	0.4125	0.16375	0.21125	0.41	0.42	-3.5	-1.73333	-2.06	-0.471429	0.6	0.4763	0.364167	0.36758	0.293214	0.278778
0.73	0.05	0.12	0.12	0.98	0.12	0.27	0.99	0.05	0.05	0.27	0.27	0.12	0.05	0.05	0.5	0.12	0.05	0.05	0.05	0.155	0.3175	0.44	0.36	0.0525	0.42875	0.3	0.115	0.37875	0.27375	0.365	0.2975	0.26375	0.3175	0.3625	0.375	0.1925	0.2075	0.4375	0.35875	1.8	-1.1	-0.52	-0.228571	-0.222222	0.2118	0.3501	0.3154	0.316571	0.286756
0.12	0.73	0.27	0.12	0.02	0.88	0.27	0.05	0.12	0.12	0.05	0.5	0.05	0.05	1	0.73	0.27	0.05	0.88	0.05	0.2625	0.34	0.53875	0.3925	0.17625	0.4425	0.3325	0.29375	0.4775	0.28375	0.3925	0.33	0.2725	0.19875	0.2575	0.40625	0.2625	0.15125	0.22625	0.3675	-1.6	1.46667	1.08	-0.185714	-0.922222	0.3622	0.2321	0.28568	0.300757	0.321011
0.12	0.05	0.05	0.02	0.12	0.05	0.05	0.5	0.5	0.73	0.88	0.05	0.5	0.27	0.02	0.05	0.12	0.05	0.73	0.98	0.3475	0.34	0.56625	0.48125	0.16375	0.49	0.42	0.265	0.335	0.19875	0.2325	0.3675	0.1975	0.15875	0.38875	0.54875	0.32875	0.035	0.2175	0.20375	4.2	2.36667	1.14	-0.185714	-0.922222	0.1223	0.246767	0.24492	0.300214	0.325522
0.12	0.05	0.02	0.02	0.12	0.27	0.05	0.02	0.02	0.98	0.88	0.05	0.5	0.88	0.02	0.05	0.12	0.05	0.27	0.95	0.32875	0.2925	0.485	0.3775	0.17625	0.43375	0.30375	0.31625	0.3675	0.27125	0.30875	0.34875	0.3075	0.11	0.38	0.4725	0.31	0.12375	0.28375	0.26375	4.5	1.83333	0.08	-0.185714	-0.322222	0.2558	0.216867	0.28268	0.292714	0.318278
0.05	0.12	0.99	0.73	0.02	0.27	0.27	0.05	1	0.02	0.02	0.12	0.5	0.05	0.73	0.27	0.12	0.02	0.27	0.02	0.3375	0.33125	0.27875	0.2	0.18875	0.52375	0.33375	0.3125	0.26375	0.47625	0.44375	0.39625	0.3925	0.205	0.1875	0.36875	0.28125	0.13125	0.2925	0.38	-3.2	-0.733333	-0.3	-0.171429	0.566667	0.2725	0.309633	0.295	0.310914	0.3211
0.27	0.88	0.95	0.27	0.05	0.88	0.27	0.5	0.98	0.27	0.27	0.5	0.12	0.05	0.12	0.5	0.73	0.05	0.12	0.12	0.2525	0.23625	0.3025	0.305	0.06875	0.4475	0.315	0.2575	0.26625	0.44125	0.38125	0.33	0.43125	0.205	0.26375	0.31125	0.205	0.1275	0.31125	0.3675	-3.5	-3.4	-0.76	0.7	0.322222	0.4006	0.365633	0.33838	0.330843	0.345089
0.95	0.27	0.5	0.73	0.05	0.5	0.98	0.27	0.12	0.05	0.05	0.73	0.12	0.02	0.12	0.73	0.5	0.02	0.05	0.12	0.18625	0.23625	0.3875	0.2475	0.0725	0.4475	0.2075	0.405	0.37375	0.46	0.40875	0.25375	0.43125	0.20875	0.15375	0.225	0.2625	0.13125	0.21625	0.3675	-3.5	-1.7	-0.76	0.0428571	0.455556	0.4238	0.387867	0.38756	0.374471	0.3578
0.12	0.12	0.05	0.05	0.12	0.5	0.05	0.05	0.05	0.88	0.88	0.12	1	0.27	0.05	0.12	0.12	0.73	0.12	0.5	0.30875	0.26375	0.4525	0.345	0.0825	0.475	0.3325	0.385	0.335	0.375	0.305	0.33875	0.32125	0.235	0.175	0.32875	0.38625	0.07	0.2075	0.31625	1.9	0.966667	-0.2	-0.657143	0.411111	0.3392	0.421567	0.4186	0.406014	0.381822
0.27	0.5	0.27	0.27	0.05	0.99	0.73	0.12	0.27	0.73	0.27	0.95	0.73	0.05	0.12	0.27	0.27	0.05	0.12	0.27	0.30875	0.32	0.45625	0.34875	0.09125	0.47125	0.30375	0.38875	0.39625	0.305	0.305	0.32	0.32625	0.1675	0.2825	0.3375	0.415	0.16375	0.2075	0.28875	4.5	2	0.42	0.342857	-0.588889	0.5017	0.422867	0.4338	0.415443	0.415611
0.27	0.05	0.27	0.5	0.05	0.12	0.12	1	0.05	0.02	0.02	0.12	0.05	0.05	0.05	0.27	0.12	0.05	0.05	0.05	0.365	0.395	0.42375	0.29125	0.10375	0.60875	0.4375	0.39125	0.3325	0.40625	0.34875	0.4425	0.3825	0.2525	0.23375	0.36625	0.48125	0.195	0.21625	0.32875	-0.4	1.23333	1.88	0.2	-0.622222	0.4277	0.468667	0.41674	0.4382	0.443822
0.27	0.12	0.5	0.12	0.05	0.5	0.12	1	0.12	0.05	0.05	0.12	0.05	0.05	0.12	0.27	0.5	0.05	0.05	0.05	0.4225	0.31	0.3675	0.33875	0.13125	0.51375	0.4375	0.43875	0.235	0.38375	0.32625	0.47125	0.40125	0.26125	0.24375	0.395	0.43375	0.20375	0.235	0.3475	-0.4	1	0.6	0.2	-0.622222	0.4766	0.414267	0.46088	0.452857	0.458522
0.27	0.12	0.12	0.12	0.27	0.27	0.12	0.12	0.12	0.88	0.88	0.12	0.5	0.73	0.12	0.27	0.73	0.27	0.73	0.95	0.3375	0.3675	0.44375	0.36625	0.1125	0.57125	0.40625	0.54875	0.25375	0.28875	0.23125	0.4425	0.36375	0.18875	0.33875	0.395	0.405	0.18875	0.1775	0.25375	3.8	-0.366667	-1	-0.571429	-0.622222	0.3385	0.458333	0.46582	0.480529	0.474211
0.27	0.88	0.27	0.27	0.12	0.73	0.5	0.12	0.73	0.27	0.27	0.73	0.27	0.12	0.95	0.27	0.5	0.12	0.27	0.5	0.3375	0.29125	0.4525	0.46	0.11875	0.5425	0.47625	0.5575	0.205	0.26125	0.20375	0.41375	0.27375	0.2375	0.24375	0.41375	0.43375	0.1225	0.22625	0.25375	-4.5	-1.4	-1.62	-1.71429	-1.22222	0.5599	0.474933	0.48686	0.489571	0.496322
0.5	0.27	0.73	0.5	0.12	0.5	0.73	0.95	0.27	0.12	0.12	0.27	0.27	0.73	0.27	0.5	0.5	0.27	0.27	0.12	0.3375	0.33875	0.47125	0.51625	0.1275	0.51	0.46625	0.50125	0.2625	0.20375	0.195	0.44375	0.1975	0.16125	0.405	0.4425	0.49125	0.10375	0.22625	0.2825	-3.5	-3.83333	-2.24	-2.15714	-2.15556	0.5264	0.539733	0.50454	0.505357	0.493667
0.73	0.27	0.73	0.27	0.27	0.5	0.27	0.88	0.27	0.12	0.12	0.73	0.27	0.12	0.27	0.73	0.73	0.12	0.27	0.27	0.30875	0.36625	0.5	0.605	0.10875	0.5575	0.63125	0.4	0.3475	0.2075	0.19875	0.43375	0.20625	0.2375	0.49	0.4425	0.51	0.1225	0.235	0.2725	-3.5	-3.5	-3.7	-2.65714	-2.5	0.5329	0.541433	0.54448	0.505529	0.502033
0.27	0.73	0.73	0.95	0.12	0.73	0.73	0.27	0.27	0.12	0.12	0.5	0.27	0.12	0.88	0.73	0.5	0.12	0.27	0.27	0.42375	0.30875	0.44375	0.5075	0.13625	0.4725	0.565	0.3575	0.33875	0.31125	0.28375	0.45375	0.29125	0.24625	0.405	0.42375	0.51	0.1225	0.24375	0.38875	-3.5	-3.5	-3.58	-3.7	-2.24444	0.565	0.545367	0.52806	0.529029	0.462456
0.12	0.27	0.27	0.95	0.02	0.73	0.99	0.12	0.27	0.05	0.05	0.5	0.05	0.05	0.12	0.27	0.12	0.05	0.05	0.05	0.51875	0.36625	0.52	0.58375	0.13	0.4725	0.55125	0.37625	0.33875	0.225	0.1975	0.4725	0.27125	0.17875	0.5475	0.56625	0.585	0.1125	0.29	0.33125	-3.5	-3.63333	-3.58	-2.78571	-2.46667	0.5382	0.527	0.52338	0.466243	0.436444
0.5	0.27	0.88	0.95	0.12	0.5	0.88	0.5	0.27	0.12	0.05	0.73	0.12	0.05	0.73	0.73	0.73	0.05	0.12	0.12	0.4525	0.2625	0.4125	0.5525	0.1175	0.41625	0.505	0.31625	0.25	0.245	0.2875	0.35875	0.3475	0.1975	0.355	0.48125	0.46125	0.10375	0.2625	0.3225	-3.9	-3.63333	-2.5	-2.02857	-1.54444	0.4778	0.506333	0.44088	0.405957	0.379011
0.27	0.27	0.5	0.98	0.05	0.5	0.98	0.12	0.73	0.05	0.05	0.5	0.12	0.05	0.73	0.5	0.5	0.05	0.12	0.12	0.4525	0.24375	0.4025	0.50125	0.12625	0.3875	0.41625	0.26	0.17375	0.25375	0.2875	0.36875	0.32875	0.1125	0.33625	0.5575	0.5525	0.07625	0.24375	0.34125	-3.5	-1.83333	-1.44	-0.985714	-1.23333	0.503	0.367067	0.34876	0.335971	0.324867
0.73	0.12	0.05	0.02	0.12	0.05	0.05	0.05	0.05	0.88	0.73	0.05	0.73	0.12	0.05	0.12	0.27	0.05	0.12	0.98	0.4275	0.24375	0.3825	0.6025	0.1175	0.39625	0.51375	0.1925	0.24	0.15	0.2025	0.34875	0.23375	0.095	0.4025	0.605	0.52375	0.0675	0.225	0.23375	1.9	0.0666667	0.02	-0.585714	-0.644444	0.1204	0.2426	0.24972	0.260843	0.267489
0.88	0.12	0.27	0.73	0.12	0.27	0.27	0.12	0.12	0.12	0.12	0.27	0.12	0.12	0.5	0.95	0.95	0.12	0.88	0.27	0.38125	0.15875	0.27	0.40125	0.10875	0.28375	0.40125	0.15625	0.23125	0.26375	0.32625	0.265	0.31	0.205	0.2425	0.41625	0.39125	0.10625	0.22125	0.30375	1.8	2.5	0.66	0.171429	0.0555556	0.1044	0.0892667	0.16198	0.186314	0.211078
0.12	0.05	0.02	0.02	0.12	0.05	0.02	0.02	0.02	0.5	0.99	0.05	0.95	0.27	0.02	0.05	0.12	0.05	0.12	0.5	0.495	0.14	0.27375	0.3775	0.12125	0.235	0.315	0.16	0.21625	0.3325	0.27375	0.245	0.2625	0.21375	0.3025	0.52875	0.5425	0.115	0.325	0.39125	3.8	1.63333	1.72	1.12857	0.911111	0.043	0.0621667	0.06468	0.126243	0.152344
0.27	0.12	0.27	0.12	0.12	0.27	0.12	0.12	0.12	0.12	0.12	0.12	0.12	0.05	0.12	0.88	1	0.05	0.12	0.27	0.4475	0.10375	0.13875	0.2525	0.12125	0.15125	0.19875	0.09125	0.17625	0.45625	0.48625	0.15125	0.41375	0.2975	0.205	0.34875	0.45125	0.115	0.325	0.5275	-0.7	1.63333	1.9	2.22857	1.76667	0.0391	0.0328667	0.05206	0.0557571	0.103322
0.99	0.12	0.12	0.12	0.27	0.12	0.12	0.27	0.12	0.12	0.12	0.12	0.12	0.05	0.12	0.73	0.27	0.05	0.12	0.27	0.3575	0.07625	0.10125	0.13625	0.11125	0.11375	0.0825	0.09125	0.09125	0.57375	0.5425	0.095	0.49	0.40125	0.12	0.32	0.57125	0.115	0.34375	0.6225	1.8	1.3	2.38	2.5	2.65556	0.0165	0.0376333	0.0331	0.0437857	0.0536444
0.05	0.05	0.05	0.05	0.05	0.05	0.05	0.05	0.27	0.27	0.5	0.05	0.27	1	0.05	0.05	0.12	0.5	1	0.12	0.50625	0.085	0.11875	0.14875	0.13875	0.13125	0.1	0.20375	0.0725	0.46	0.46625	0.1125	0.4425	0.27375	0.1375	0.48125	0.59	0.05875	0.225	0.58125	2.8	2.93333	2.38	2.88571	2.35556	0.0573	0.0278	0.03182	0.0368571	0.0421444
0.27	0.05	0.05	0.05	0.12	0.12	0.05	0.05	0.05	0.98	0.5	0.12	0.5	0.27	0.12	0.27	0.5	0.05	0.12	0.98	0.38375	0.07625	0.09125	0.06	0.13	0.095	0.0725	0.19125	0.09125	0.46625	0.57375	0.07625	0.50875	0.44125	0.0725	0.3975	0.43875	0.115	0.25875	0.53125	4.2	3.6	3.42	2.22857	2.57778	0.0096	0.0345	0.03518	0.0331286	0.0317222
0.27	0.05	0.05	0.05	0.12	0.05	0.05	0.05	0.05	0.73	0.88	0.05	0.5	0.5	0.05	0.12	0.88	0.05	0.12	0.98	0.38375	0.16125	0.15125	0.06375	0.12125	0.2075	0.10375	0.195	0.2075	0.46875	0.525	0.1125	0.4525	0.44125	0.085	0.425	0.39125	0.115	0.2775	0.5025	3.8	4.16667	2.9	2.87143	1.76667	0.0366	0.0340333	0.03526	0.0290571	0.0516667
0.27	0.05	0.05	0.05	0.12	0.05	0.05	0.27	0.05	0.99	0.5	0.05	0.73	0.88	0.05	0.12	0.73	0.05	0.27	0.88	0.365	0.18	0.15125	0.11125	0.10875	0.265	0.2125	0.215	0.31125	0.42375	0.56	0.18875	0.415	0.39	0.085	0.40625	0.3	0.11125	0.25875	0.4875	4.5	2.5	3.1	2.11429	1.45556	0.0559	0.0364667	0.02592	0.0584857	0.0872222
0.98	0.12	0.12	0.05	0.12	0.12	0.12	0.73	0.05	0.12	0.5	0.12	0.5	0.05	0.12	0.73	0.27	0.05	0.05	0.5	0.27125	0.17125	0.16125	0.11125	0.09	0.275	0.20375	0.23375	0.31125	0.55125	0.56	0.18	0.53875	0.5025	0.07625	0.34875	0.38625	0.12	0.3625	0.56375	-0.8	2.5	1.56	1.21429	1.45556	0.0169	0.0278	0.0685	0.1016	0.107511
0.12	0.05	0.05	0.02	0.12	0.05	0.05	0.02	0.05	0.88	0.98	0.05	0.88	0.73	0.05	0.5	0.12	0.12	0.27	0.73	0.40625	0.28375	0.1975	0.12375	0.09	0.34	0.24	0.4075	0.31125	0.4375	0.5	0.30125	0.49125	0.32625	0.17	0.43375	0.42375	0.055	0.225	0.55375	3.8	-0.166667	0.1	0.871429	0.711111	0.0106	0.0833333	0.133	0.128671	0.158
0.12	0.73	0.5	0.05	0.05	0.88	0.27	0.05	0.95	0.27	0.98	0.27	0.5	0.5	0.05	0.12	0.12	0.05	0.27	0.27	0.435	0.22625	0.1975	0.2325	0.09875	0.28375	0.325	0.43125	0.255	0.40625	0.5	0.32125	0.51	0.33625	0.18875	0.53875	0.42375	0.0725	0.225	0.50375	-3.5	-1.06667	-0.44	-0.228571	-0.144444	0.2225	0.1974	0.16164	0.196543	0.226856
0.12	0.27	0.27	0.5	0.02	0.73	0.99	0.5	0.95	0.02	0.02	0.73	0.05	0.02	0.12	0.73	0.12	0.02	0.12	0.05	0.4925	0.2925	0.235	0.20375	0.12125	0.33	0.2625	0.38375	0.26375	0.45625	0.5725	0.29125	0.56625	0.3675	0.265	0.51	0.37625	0.085	0.29125	0.51875	-3.5	-1.73333	-1.06	-1.37143	-0.0666667	0.3591	0.260233	0.2606	0.278457	0.260389
0.95	0.12	0.27	0.12	0.12	0.27	0.12	0.88	0.12	0.27	0.12	0.12	0.88	0.12	0.12	0.88	0.5	0.12	0.73	0.5	0.38875	0.32	0.24375	0.25125	0.21875	0.39625	0.37125	0.3175	0.37625	0.36375	0.58875	0.37625	0.43375	0.33625	0.27375	0.51	0.27125	0.08125	0.215	0.44375	1.8	-1.86667	-2.52	-0.614286	-0.288889	0.1991	0.356633	0.38434	0.324386	0.300111
0.27	0.88	0.27	0.12	0.05	0.5	0.27	0.73	0.27	0.12	0.5	0.95	0.27	0.27	0.73	0.5	0.27	0.05	0.12	0.27	0.385	0.30125	0.32	0.3075	0.2275	0.4625	0.4475	0.27875	0.385	0.40125	0.49375	0.3675	0.48125	0.3175	0.2925	0.52875	0.3575	0.09	0.3	0.425	-3.9	-1.86667	-0.92	-0.8	-0.588889	0.5117	0.4467	0.40752	0.381929	0.361511
0.5	0.27	0.5	0.95	0.12	0.5	0.95	0.27	0.5	0.12	0.5	0.5	0.27	0.12	0.27	0.73	0.5	0.12	0.12	0.12	0.375	0.405	0.37625	0.31125	0.21875	0.56625	0.46625	0.3675	0.46875	0.30625	0.38625	0.48	0.38625	0.26	0.40625	0.5	0.37625	0.08125	0.3575	0.38625	-3.5	-0.966667	0.28	-0.8	-1.4	0.6293	0.493133	0.41838	0.4315	0.4316
0.73	0.12	0.12	0.27	0.27	0.27	0.27	0.12	0.12	0.88	0.5	0.27	0.5	0.27	0.73	0.5	0.5	0.12	0.5	0.88	0.365	0.395	0.395	0.4525	0.20875	0.60375	0.6275	0.395	0.48875	0.1925	0.32625	0.56625	0.3575	0.19375	0.4525	0.605	0.42375	0.09	0.31	0.2725	4.5	1.16667	-0.78	-0.8	-1.4	0.3384	0.460367	0.49246	0.471829	0.452144
0.27	0.12	0.12	0.05	1	0.12	0.05	0.12	0.12	0.5	0.73	0.12	0.5	0.73	0.12	0.27	0.27	0.12	0.27	0.73	0.44125	0.395	0.42375	0.4325	0.13	0.565	0.54625	0.33875	0.385	0.32875	0.38625	0.55625	0.47	0.1675	0.605	0.5575	0.47125	0.1025	0.33875	0.40375	2.5	1.16667	-0.7	-1.55714	-0.544444	0.4134	0.440433	0.5184	0.501586	0.437033
0.27	0.73	0.73	0.5	0.12	0.88	0.88	0.27	0.27	0.27	0.12	0.88	0.27	0.05	0.88	0.5	0.73	0.05	0.12	0.12	0.35625	0.3375	0.4375	0.42375	0.24	0.49875	0.49	0.24375	0.41375	0.33875	0.4625	0.48	0.40375	0.2525	0.605	0.48125	0.385	0.11125	0.28125	0.45125	-3.5	-1.5	-0.7	-0.4	-1.13333	0.5695	0.541433	0.47402	0.460357	0.478744
0.27	0.27	0.73	0.88	0.12	0.88	0.88	0.27	0.95	0.12	0.12	0.5	0.12	0.12	0.5	0.5	0.5	0.12	0.73	0.27	0.385	0.37625	0.495	0.42375	0.24875	0.49875	0.49	0.215	0.32875	0.405	0.43375	0.5	0.4225	0.24375	0.595	0.52875	0.4425	0.11125	0.3	0.4325	-3.5	-3.5	-0.76	-0.4	-0.788889	0.6414	0.539433	0.45096	0.452529	0.474856
0.27	0.5	0.27	0.5	0.12	0.95	0.88	0.12	0.73	0.12	0.5	0.73	0.5	0.12	0.88	0.73	0.5	0.12	0.27	0.12	0.35625	0.32875	0.505	0.3675	0.2675	0.46125	0.38625	0.215	0.30875	0.48125	0.43375	0.42375	0.4325	0.32	0.52875	0.4425	0.4425	0.13	0.405	0.54625	-3.5	-0.933333	-1.96	-1.15714	0.0222222	0.4074	0.423967	0.48318	0.472286	0.416022
0.27	0.27	0.5	0.12	0.12	0.27	0.12	0.05	0.12	0.73	0.73	0.5	0.95	0.27	0.73	0.12	0.27	0.12	0.12	0.95	0.29875	0.37625	0.495	0.49125	0.24875	0.575	0.53875	0.2425	0.48	0.32875	0.37625	0.48125	0.37625	0.33	0.56625	0.49	0.47125	0.13	0.395	0.395	4.2	-0.933333	-1.42	-0.971429	-0.655556	0.2231	0.401667	0.46462	0.427486	0.415533
0.27	0.27	0.99	0.5	0.12	0.5	0.5	0.27	0.5	0.12	0.12	0.27	0.12	0.12	0.88	0.5	0.27	0.12	0.12	0.27	0.35625	0.42375	0.48125	0.47125	0.13875	0.64125	0.5475	0.29125	0.45125	0.3575	0.37625	0.5575	0.45125	0.2725	0.65125	0.5	0.52875	0.13	0.37625	0.4225	-3.5	-0.0333333	0.04	-0.7	-0.977778	0.5745	0.424767	0.3563	0.393843	0.4285
0.5	0.73	0.73	0.5	0.12	0.5	0.27	0.5	0.27	0.5	0.27	0.73	0.27	0.27	0.27	0.88	0.5	0.12	0.88	0.27	0.40375	0.29	0.485	0.51875	0.13875	0.565	0.5	0.2625	0.46125	0.29125	0.3575	0.42375	0.41375	0.2625	0.65125	0.50875	0.47125	0.13	0.28125	0.47	-0.8	-0.166667	0.42	-0.257143	-0.677778	0.4767	0.383667	0.34162	0.377943	0.392644
0.27	0.12	0.12	0.12	0.27	0.27	0.12	0.12	0.12	0.73	0.88	0.12	0.73	0.73	0.12	0.27	0.5	0.27	0.5	0.88	0.41375	0.33875	0.47625	0.4625	0.12	0.49875	0.47125	0.27875	0.3675	0.37	0.37625	0.44375	0.45125	0.22375	0.61375	0.52875	0.47125	0.1025	0.2525	0.47875	3.8	0.466667	-0.5	0.128571	0.211111	0.0998	0.3035	0.40302	0.355	0.331356
0.27	0.27	0.27	0.88	0.12	0.5	0.73	0.27	0.88	0.27	0.27	0.5	0.5	0.5	0.88	0.27	0.5	0.12	0.27	0.5	0.4425	0.37625	0.53375	0.39625	0.13	0.46125	0.37625	0.26	0.215	0.4275	0.39625	0.39625	0.4325	0.24375	0.42375	0.52875	0.5	0.10875	0.25375	0.52625	-1.6	0.6	0.04	0.171429	0.522222	0.334	0.3213	0.33748	0.335957	0.339078
0.73	0.5	0.5	0.27	0.12	0.88	0.5	0.73	0.27	0.12	0.12	0.5	0.27	0.12	0.95	0.73	0.73	0.12	0.12	0.27	0.36625	0.42375	0.56125	0.52	0.1175	0.47125	0.4525	0.2025	0.31	0.3575	0.32625	0.4575	0.34875	0.26	0.33	0.49	0.4525	0.09625	0.26375	0.43875	-0.4	-0.933333	1.1	0.571429	-0.377778	0.5301	0.3703	0.2601	0.322014	0.357633
0.88	0.12	0.5	0.88	0.12	0.27	0.27	0.27	0.12	0.12	0.12	0.27	0.12	0.12	0.27	0.95	0.5	0.05	0.12	0.5	0.43875	0.44375	0.44375	0.3875	0.1175	0.5	0.43375	0.3175	0.2725	0.34875	0.3175	0.4675	0.3675	0.2475	0.32	0.49125	0.48125	0.0925	0.255	0.39125	-0.8	1.1	0.2	0.128571	0.211111	0.2468	0.2889	0.33552	0.309643	0.295467
0.12	0.05	0.05	0.05	0.12	0.12	0.5	0.02	0.05	0.98	0.88	0.05	0.88	0.27	0.05	0.05	0.5	0.05	0.12	0.95	0.505	0.4525	0.5	0.49125	0.1175	0.49	0.38625	0.34875	0.33875	0.27	0.29875	0.4375	0.30125	0.2575	0.32	0.5275	0.48125	0.0925	0.255	0.36375	4.5	1	-0.26	-0.157143	0.255556	0.0898	0.271167	0.34674	0.297529	0.253244
0.5	0.95	0.88	0.73	0.05	0.88	0.73	0.12	0.27	0.12	0.05	0.73	0.12	0.05	0.12	0.73	0.73	0.02	0.05	0.12	0.4575	0.35875	0.4725	0.50125	0.09875	0.42375	0.405	0.4125	0.40625	0.30125	0.32625	0.37125	0.33875	0.30375	0.31125	0.5	0.42375	0.0775	0.2925	0.3725	-0.7	-0.0333333	0.18	0.0142857	-0.555556	0.4769	0.318933	0.24372	0.263629	0.300567
0.12	0.88	0.95	0.5	0.02	0.73	0.5	0.05	0.27	0.02	0.02	0.99	0.05	0.02	0.05	0.27	0.12	0.02	0.05	0.02	0.4775	0.33625	0.52125	0.4225	0.2125	0.3825	0.345	0.39	0.31125	0.295	0.31125	0.27875	0.3	0.37	0.21125	0.53	0.44375	0.09625	0.38125	0.3375	-3.9	-0.933333	0.26	-0.428571	-0.0666667	0.3901	0.294	0.2137	0.263	0.276489
1	0.05	0.05	0.05	0.12	0.12	0.12	0.73	0.05	0.05	0.05	0.12	0.12	0.02	0.12	0.73	0.27	0.02	0.05	0.12	0.2825	0.38	0.5725	0.44625	0.19125	0.355	0.3325	0.215	0.3075	0.3675	0.41625	0.3275	0.34875	0.38875	0.08625	0.38375	0.34875	0.0875	0.38125	0.3825	1.8	-0.833333	-1.34	0.0857143	0.4	0.015	0.167267	0.30088	0.2445	0.218978
0.27	0.73	0.73	0.5	0.12	0.27	0.12	0.5	0.73	0.73	0.88	0.27	0.5	0.5	0.05	0.27	0.5	0.12	0.88	0.5	0.32625	0.31375	0.45875	0.37125	0.1825	0.39375	0.42125	0.24375	0.24125	0.2825	0.36	0.3375	0.30125	0.32875	0.07625	0.35625	0.32	0.075	0.3725	0.2875	-0.4	-0.7	-0.64	-0.0142857	0.1	0.0967	0.212467	0.22896	0.233457	0.226667
0.27	0.27	0.73	0.88	0.05	0.5	0.5	0.73	0.88	0.12	0.27	0.27	0.27	0.88	0.12	0.73	0.27	0.12	0.73	0.12	0.42125	0.4275	0.54375	0.38	0.19125	0.4125	0.42125	0.2275	0.23125	0.2425	0.3325	0.4225	0.235	0.28125	0.07625	0.41125	0.3775	0.075	0.39125	0.23125	-3.5	-0.366667	0.9	-0.414286	-0.2	0.5257	0.246567	0.15344	0.210471	0.282422
0.05	0.02	0.73	0.02	1	0.02	0.02	0.02	0.12	0.12	0.12	0.02	0.12	1	0.01	0.05	0.05	0.27	0.98	0.12	0.49625	0.43125	0.5525	0.45875	0.0725	0.45375	0.48125	0.335	0.355	0.23375	0.35125	0.4725	0.25375	0.26625	0.09	0.515	0.3475	0.06	0.3875	0.23125	2.8	1.03333	-0.16	0.4	-0.511111	0.1173	0.2185	0.21364	0.239257	0.275856
0.05	0.02	0.01	0.01	0.05	0.05	0.02	0.01	0.02	0.73	0.99	0.02	0.73	0.27	0.02	0.02	0.12	0.05	0.12	0.73	0.5725	0.3275	0.615	0.40375	0.20375	0.37375	0.43375	0.33625	0.3675	0.18875	0.33125	0.36375	0.205	0.465	0.08875	0.51875	0.38625	0.21	0.61125	0.18625	3.8	1.03333	0.28	-0.357143	-0.222222	0.0125	0.1486	0.31262	0.2968	0.258511
0.5	0.27	0.27	0.73	0.05	0.73	0.98	0.27	0.27	0.12	0.5	0.5	0.12	0.12	0.12	0.27	0.5	0.05	0.88	0.12	0.45375	0.3525	0.61	0.3225	0.20375	0.3075	0.39	0.2275	0.345	0.27375	0.44875	0.38	0.37625	0.4875	0.18	0.50625	0.3675	0.21375	0.51625	0.2625	-3.5	0.7	0.28	-0.485714	-0.211111	0.316	0.3067	0.29104	0.316414	0.323578
0.88	0.5	0.73	0.5	0.12	0.5	0.88	0.12	0.12	0.05	0.05	0.73	0.12	0.27	0.12	0.95	0.73	0.05	0.12	0.12	0.40625	0.26625	0.58	0.38	0.18625	0.33625	0.45	0.29375	0.36375	0.20625	0.4575	0.38	0.32875	0.4125	0.265	0.47875	0.33875	0.20125	0.51625	0.215	1.8	-1.73333	-0.54	0.285714	-0.555556	0.5916	0.4418	0.31438	0.327114	0.378744
0.88	0.73	0.95	0.5	0.05	0.73	0.73	0.27	0.5	0.05	0.05	0.88	0.12	0.05	0.12	0.88	0.27	0.05	0.27	0.12	0.46375	0.21	0.4675	0.27625	0.20375	0.25125	0.4125	0.2175	0.2125	0.31	0.53375	0.33375	0.3575	0.36375	0.25625	0.43	0.425	0.1925	0.42125	0.31	-3.5	-1	-0.92	-0.614286	0.255556	0.4178	0.414467	0.432	0.3951	0.343711
0.73	0.05	0.73	0.05	0.12	0.12	0.12	0.05	0.27	0.27	0.73	0.12	0.27	0.88	0.05	0.27	0.5	1	0.98	0.27	0.53875	0.38375	0.4375	0.36375	0.07625	0.44375	0.5775	0.2575	0.26	0.2825	0.49625	0.5175	0.38625	0.14125	0.27875	0.61	0.5	0.04625	0.225	0.29125	-1.3	-0.966667	-0.92	-0.614286	-0.444444	0.234	0.417467	0.48744	0.423371	0.393889
0.5	0.5	0.27	0.12	0.12	0.27	0.73	0.12	0.12	0.12	0.5	0.73	0.88	0.05	0.95	0.88	0.5	0.05	0.05	0.12	0.57625	0.44375	0.6125	0.46375	0.0725	0.52875	0.60875	0.31	0.38625	0.2125	0.4075	0.50125	0.23375	0.21375	0.17875	0.59375	0.5475	0.16125	0.34125	0.225	1.9	-0.966667	-0.52	-0.614286	-1.36667	0.6006	0.475933	0.4112	0.4595	0.433511
0.27	0.27	0.95	0.73	0.05	0.27	0.5	0.88	0.73	0.12	0.5	0.5	0.12	0.05	0.73	0.73	0.5	0.02	0.12	0.12	0.57625	0.45375	0.60375	0.35875	0.08125	0.4525	0.54875	0.29125	0.29125	0.26	0.37875	0.4825	0.37625	0.205	0.31375	0.64125	0.57625	0.16125	0.22875	0.24375	-3.5	0.733333	-0.52	-1.51429	-1.06667	0.5932	0.468067	0.44142	0.427714	0.426122
0.73	0.05	0.05	0.05	0.12	0.05	0.05	0.27	0.05	0.95	0.88	0.05	0.5	0.27	0.05	0.27	0.5	0.05	0.12	0.88	0.415	0.425	0.65875	0.38375	0.06	0.50875	0.50125	0.355	0.47125	0.15625	0.34	0.45375	0.32875	0.26625	0.38625	0.595	0.49125	0.21375	0.33875	0.14	3.8	-1.06667	-1.16	-1.12857	-1.41111	0.2104	0.4575	0.46844	0.403671	0.370778
0.5	0.73	0.27	0.27	0.05	0.95	0.73	0.12	0.27	0.12	0.5	0.73	0.5	0.05	0.12	0.88	0.88	0.05	0.12	0.12	0.425	0.26375	0.575	0.30875	0.0775	0.32	0.34	0.34625	0.3875	0.26875	0.4725	0.27375	0.3475	0.29375	0.425	0.5	0.53375	0.21	0.31125	0.25375	-3.5	-1.4	-1.7	-1.12857	-1.1	0.5689	0.3828	0.39822	0.3836	0.336278
0.12	0.95	0.95	0.88	0.02	0.88	0.88	0.5	0.88	0.02	0.05	0.5	0.12	0.02	0.12	0.5	0.5	0.02	0.12	0.05	0.415	0.26375	0.49	0.24125	0.1575	0.405	0.34	0.29875	0.36875	0.31	0.52875	0.37875	0.4525	0.2025	0.43375	0.57625	0.58125	0.095	0.20375	0.32	-4.5	-2.93333	-1.26	-1.5	-0.488889	0.3691	0.395833	0.29828	0.313129	0.315967
0.27	0.12	0.88	0.5	0.05	0.12	0.27	0.88	0.12	0.5	0.27	0.12	0.5	0.05	0.98	0.5	0.73	0.02	0.05	0.27	0.45875	0.31125	0.47125	0.28	0.15375	0.48125	0.34	0.27	0.455	0.24125	0.445	0.35	0.31	0.195	0.2225	0.5575	0.52375	0.09125	0.2125	0.2925	-0.8	-2.2	-2.16	-0.4	-0.5	0.2495	0.237367	0.27766	0.2357	0.2511
0.05	0.05	0.27	0.02	0.02	0.73	0.05	0.02	0.88	0.05	0.12	0.05	0.12	0.98	0.02	0.12	0.05	0.5	1	0.05	0.4675	0.28875	0.43125	0.25125	0.16625	0.3775	0.3075	0.26875	0.27125	0.40625	0.52	0.29875	0.46125	0.10625	0.25375	0.52	0.56125	0.035	0.09375	0.415	-1.3	-0.933333	-0.62	-0.685714	0.388889	0.0935	0.1501	0.17412	0.208043	0.192389
0.73	0.12	0.5	0.12	0.12	0.12	0.12	0.05	0.05	0.12	0.73	0.12	0.27	0.05	0.5	0.73	0.99	0.02	0.05	0.27	0.40125	0.28875	0.41125	0.23875	0.15375	0.4625	0.3075	0.24625	0.375	0.37	0.44375	0.29875	0.49	0.28	0.2025	0.4725	0.5	0.10375	0.23125	0.36875	-0.7	0.733333	0.64	0.457143	0.166667	0.1073	0.084	0.10366	0.136029	0.178222
0.27	0.27	0.73	0.12	0.73	0.73	0.27	0.05	0.73	0.5	0.73	0.73	0.73	0.12	0.12	0.5	0.5	0.05	0.12	0.73	0.51875	0.2125	0.36375	0.22	0.08625	0.33	0.23125	0.3225	0.27125	0.3225	0.44375	0.165	0.385	0.27125	0.25	0.4825	0.51375	0.1	0.21375	0.33	4.2	1.76667	1.7	1.35714	0.511111	0.0512	0.0584333	0.06672	0.0951429	0.133111
1	0.05	0.05	0.05	0.12	0.12	0.12	0.27	0.05	0.05	0.05	0.12	0.12	0.02	0.12	0.73	0.27	0.02	0.05	0.12	0.41875	0.2125	0.3325	0.12125	0.1625	0.3025	0.17375	0.23375	0.30875	0.3825	0.52875	0.185	0.4525	0.3725	0.23625	0.3975	0.48625	0.16375	0.3325	0.40625	1.8	3.5	2.32	1.41429	0.866667	0.0168	0.0442667	0.0646	0.0827714	0.117633
0.12	0.02	0.02	0.02	0.12	0.05	0.02	0.01	0.02	0.99	0.95	0.02	0.95	0.27	0.02	0.05	0.12	0.05	0.12	0.88	0.62	0.2075	0.2325	0.06875	0.17125	0.31125	0.1675	0.19	0.30375	0.23625	0.38875	0.1975	0.30125	0.34125	0.14125	0.4825	0.47625	0.16	0.32375	0.34	4.5	2.7	2.38	1.41429	1.15556	0.0648	0.0548333	0.07572	0.102243	0.101178
0.88	0.12	0.12	0.05	0.12	0.12	0.12	0.12	0.05	0.73	0.88	0.12	0.88	0.73	0.12	0.5	0.95	0.12	0.27	0.73	0.525	0.19125	0.18875	0.06375	0.175	0.21375	0.15125	0.2075	0.19625	0.325	0.505	0.18125	0.3575	0.285	0.12875	0.4175	0.3725	0.18	0.2425	0.38625	1.8	1.96667	1.28	1.77143	1.72222	0.0829	0.103533	0.11144	0.1014	0.104989
0.98	0.27	0.12	0.12	0.12	0.5	0.27	0.73	0.12	0.12	0.5	0.27	0.12	0.05	0.12	0.73	0.5	0.05	0.05	0.27	0.54375	0.1725	0.14125	0.07375	0.25125	0.16625	0.15125	0.15875	0.1875	0.3925	0.4675	0.1625	0.43375	0.37	0.08125	0.41625	0.39625	0.18875	0.27	0.425	-0.4	0.0333333	1.28	1.71429	2	0.1629	0.158533	0.12836	0.112343	0.136767
0.05	0.73	0.02	0.02	0.02	0.05	0.27	0.01	0.5	0.05	0.05	0.05	0.05	0.73	0.01	0.05	0.05	0.5	1	0.05	0.68875	0.09625	0.125	0.0775	0.1875	0.19375	0.1325	0.24875	0.11125	0.40125	0.555	0.11375	0.4425	0.30375	0.08625	0.4725	0.42375	0.14125	0.15125	0.42375	-1.3	0.0333333	1.14	1.71429	1.14444	0.2298	0.1647	0.14096	0.166129	0.171922
1	0.05	0.05	0.05	0.12	0.12	0.12	0.27	0.05	0.27	0.05	0.12	0.12	0.05	0.12	0.5	0.5	0.02	0.05	0.5	0.56375	0.20875	0.13	0.0825	0.19375	0.2325	0.17	0.21625	0.17625	0.40125	0.64	0.18125	0.51	0.40125	0.0725	0.3875	0.39625	0.205	0.27875	0.415	1.8	1.43333	1.14	0.571429	1.15556	0.1014	0.153	0.20304	0.209386	0.212622
0.05	0.02	0.02	0.01	0.05	0.02	0.02	0.27	0.05	0.5	0.98	0.02	0.5	0.99	0.02	0.05	0.05	0.73	0.5	0.27	0.6825	0.24375	0.2225	0.195	0.19	0.25375	0.2425	0.33875	0.18	0.25	0.4075	0.20625	0.34625	0.25625	0.08875	0.4525	0.44375	0.235	0.21375	0.33625	3.8	2.46667	0.52	0.585714	0.611111	0.1278	0.2075	0.24398	0.252271	0.269633
0.98	0.12	0.12	0.27	0.73	0.12	0.27	0.27	0.05	0.05	0.05	0.12	0.12	0.05	0.12	0.95	0.73	0.02	0.05	0.12	0.49	0.32625	0.305	0.26625	0.09625	0.28875	0.25875	0.33875	0.2075	0.22125	0.42875	0.30125	0.29875	0.285	0.12375	0.3875	0.27375	0.31125	0.2425	0.27	1.8	0.7	1.16	0.585714	-0.0888889	0.3933	0.296233	0.27464	0.311557	0.3259
0.5	0.12	0.5	0.05	0.12	0.5	0.12	0.05	0.5	0.5	0.98	0.12	0.73	0.27	0.05	0.27	0.27	0.12	0.12	0.5	0.46125	0.38375	0.2575	0.3125	0.16375	0.27	0.35375	0.28125	0.15125	0.2125	0.34125	0.35875	0.27	0.26625	0.2275	0.415	0.3025	0.29875	0.2425	0.25125	-3.5	0.0666667	0.72	0.128571	0.377778	0.3676	0.381333	0.36994	0.362914	0.347256
0.95	0.27	0.12	0.12	0.27	0.5	0.27	0.27	0.12	0.27	0.73	0.73	0.73	0.12	0.12	0.5	0.5	0.05	0.12	0.5	0.46125	0.38375	0.4125	0.36375	0.205	0.355	0.3925	0.2675	0.17	0.25	0.38125	0.38625	0.2975	0.285	0.2325	0.4425	0.35875	0.25125	0.15125	0.26	1.9	-0.666667	-0.94	0.414286	0.0888889	0.3831	0.442867	0.46224	0.399157	0.373567
0.12	0.27	0.73	0.88	0.02	0.12	0.5	0.99	0.05	0.01	0.02	0.12	0.02	0.05	0.05	0.12	0.05	1	0.05	0.02	0.5025	0.44	0.42125	0.3725	0.2275	0.4975	0.45875	0.25375	0.2825	0.25125	0.47	0.53875	0.38625	0.29	0.33625	0.46125	0.38625	0.1325	0.16875	0.26375	-0.4	-1	-0.54	-0.685714	-0.155556	0.5779	0.516767	0.4546	0.447557	0.413789
0.27	0.88	0.88	0.88	0.05	0.5	0.5	0.12	0.27	0.05	0.12	0.98	0.12	0.02	0.5	0.88	0.27	0.02	0.05	0.05	0.54	0.395	0.4625	0.48125	0.22375	0.53875	0.575	0.3625	0.26375	0.19875	0.34125	0.49125	0.32625	0.1725	0.39625	0.45125	0.38625	0.16625	0.1125	0.26	-4.5	-0.366667	-0.62	-1	-0.755556	0.5893	0.507433	0.4744	0.457571	0.460744
0.27	0.73	0.12	0.27	0.05	0.73	0.88	0.05	0.12	0.5	0.73	0.73	0.5	0.12	0.88	0.27	0.27	0.05	0.12	0.5	0.50875	0.50875	0.5575	0.53875	0.22375	0.58625	0.5275	0.3525	0.29125	0.2275	0.35	0.54125	0.32625	0.245	0.34875	0.47125	0.38625	0.175	0.16	0.25125	3.8	-1.53333	-1.08	-0.728571	-0.533333	0.3551	0.470333	0.49046	0.483686	0.436589
0.5	0.88	0.88	0.5	0.5	0.73	0.73	0.12	0.27	0.12	0.12	0.88	0.27	0.73	0.12	0.5	0.73	0.05	0.27	0.12	0.45125	0.49	0.40625	0.56625	0.1675	0.53875	0.59375	0.34	0.30125	0.275	0.42625	0.5225	0.355	0.22625	0.44375	0.4425	0.32875	0.175	0.16	0.3275	-3.9	-0.166667	-1.32	-0.457143	0.277778	0.4666	0.428367	0.48496	0.454086	0.404822
0.5	0.5	0.73	0.88	0.05	0.88	0.88	0.88	0.88	0.02	0.05	0.73	0.12	0.02	0.88	0.27	0.27	0.02	0.12	0.05	0.3475	0.6225	0.5325	0.61375	0.19625	0.52	0.60375	0.245	0.24375	0.26	0.35875	0.56	0.2975	0.30625	0.34875	0.47125	0.38625	0.175	0.17	0.28	-0.4	-1.96667	0.34	0.142857	-0.322222	0.4634	0.493467	0.40228	0.3832	0.4127
0.5	0.27	0.5	0.88	0.05	0.73	0.95	0.27	0.12	0.12	0.05	0.5	0.12	0.02	0.95	0.73	0.27	0.02	0.05	0.27	0.395	0.70875	0.5325	0.56625	0.20875	0.63375	0.595	0.2125	0.36625	0.28	0.41875	0.6925	0.3575	0.315	0.34875	0.49	0.41375	0.05625	0.1875	0.3125	-1.6	0.6	0.34	0.285714	-0.711111	0.5504	0.396567	0.3476	0.363871	0.398856
0.73	0.88	0.12	0.12	0.73	0.73	0.27	0.12	0.12	0.73	0.73	0.27	0.5	0.73	0.12	0.5	0.73	0.12	0.5	0.5	0.36625	0.52875	0.485	0.585	0.1325	0.58625	0.65125	0.23125	0.33875	0.28875	0.42875	0.61375	0.3575	0.3425	0.39625	0.47125	0.385	0.05625	0.1875	0.3875	3.8	2	0.42	-0.814286	0.1	0.1759	0.269333	0.34508	0.3779	0.344256
0.27	0.12	0.05	0.5	0.12	0.12	0.5	0.02	0.73	0.5	0.98	0.12	0.73	0.73	0.05	0.27	0.27	0.12	0.27	0.73	0.5	0.5475	0.49375	0.595	0.2175	0.605	0.54625	0.2525	0.2625	0.3175	0.3975	0.55625	0.385	0.3425	0.31	0.52875	0.51875	0.05625	0.21625	0.3875	3.8	1.36667	-0.28	0.142857	0.1	0.0817	0.2372	0.34306	0.325229	0.331644
0.12	0.95	0.98	0.88	0.05	0.5	0.5	0.27	0.27	0.05	0.12	0.88	0.12	0.05	0.12	0.5	0.5	0.02	0.05	0.05	0.5475	0.39625	0.3775	0.51875	0.17875	0.52875	0.5175	0.22125	0.3775	0.37375	0.505	0.41375	0.4425	0.37	0.3775	0.5475	0.50875	0.15375	0.225	0.49125	-3.5	-1.2	0.6	0.742857	0.455556	0.454	0.329667	0.25256	0.293543	0.346333
0.5	0.73	0.5	0.5	0.12	0.88	0.5	0.12	0.27	0.27	0.5	0.95	0.5	0.12	0.12	0.73	0.27	0.05	0.12	0.5	0.52875	0.42375	0.38	0.49	0.17	0.43375	0.49875	0.145	0.35875	0.35875	0.46625	0.42375	0.41375	0.37375	0.38625	0.5475	0.61375	0.15375	0.2925	0.44375	-3.9	-1.53333	0.6	0.871429	0.422222	0.4533	0.335067	0.2657	0.300457	0.354856
0.27	0.05	0.12	0.27	0.12	0.12	0.27	0.12	0.05	0.73	0.88	0.12	0.5	0.95	0.05	0.5	0.5	0.12	0.5	0.88	0.605	0.49	0.38	0.42375	0.17875	0.5	0.47125	0.12625	0.38625	0.32	0.50375	0.49875	0.4325	0.2825	0.3675	0.595	0.6425	0.2525	0.25375	0.39625	2.8	0.9	-0.3	0.228571	0.8	0.0979	0.264267	0.36912	0.352486	0.341044
0.88	0.12	0.12	0.73	0.12	0.27	0.27	0.12	0.12	0.5	0.73	0.12	0.95	0.12	0.12	0.5	0.88	0.05	0.12	0.73	0.5	0.4625	0.45625	0.4425	0.09375	0.4525	0.52875	0.12625	0.39625	0.2725	0.44625	0.5875	0.32875	0.30125	0.35875	0.62375	0.595	0.24875	0.245	0.3675	3.8	1.96667	0.26	-0.0571429	-0.0555556	0.2416	0.312767	0.38634	0.401686	0.385633
0.73	0.5	0.88	0.27	0.12	0.5	0.5	0.12	0.73	0.12	0.12	0.5	0.12	0.27	0.73	0.88	0.88	0.73	0.12	0.27	0.5	0.4625	0.47375	0.55625	0.08125	0.47125	0.5475	0.215	0.2625	0.26375	0.415	0.61625	0.35625	0.19375	0.3675	0.57625	0.62375	0.15125	0.2175	0.34	-0.7	0.8	1.4	-0.114286	-0.866667	0.5988	0.460167	0.3809	0.419286	0.451378
0.73	0.5	0.27	0.27	0.05	0.5	0.73	0.12	0.73	0.12	0.12	0.88	0.27	0.12	0.95	0.5	0.88	0.05	0.73	0.12	0.5475	0.4625	0.46125	0.48	0.09	0.47125	0.5475	0.19625	0.32	0.26375	0.415	0.56875	0.385	0.2125	0.34	0.68	0.62375	0.24	0.15	0.3675	-0.7	0.133333	0.06	-0.0571429	-0.911111	0.5401	0.521667	0.47676	0.450729	0.460967
0.88	0.12	0.12	0.12	0.12	0.5	0.5	0.12	0.12	0.27	0.73	0.27	0.27	0.12	0.73	0.88	0.73	0.88	0.12	0.27	0.52875	0.51	0.54	0.5275	0.08125	0.42375	0.5475	0.24375	0.39625	0.27375	0.31	0.58875	0.35625	0.2125	0.3675	0.60375	0.6425	0.13625	0.245	0.34875	1.8	-0.933333	-1.4	-1.01429	-0.866667	0.4261	0.514467	0.56312	0.513929	0.443144
0.5	0.73	0.73	0.73	0.05	0.5	0.73	0.12	0.27	0.12	0.12	0.98	0.12	0.05	0.12	0.73	0.73	0.02	0.05	0.12	0.5575	0.54625	0.46375	0.42375	0.0775	0.4425	0.5	0.235	0.49625	0.2075	0.2825	0.51875	0.3275	0.22125	0.5475	0.6225	0.595	0.2625	0.31375	0.26375	-3.9	-1.86667	-2.04	-2.05714	-1.67778	0.5772	0.5589	0.55142	0.521257	0.454911
0.12	0.5	0.95	0.95	0.02	0.5	0.88	0.73	0.27	0.05	0.12	0.73	0.12	0.02	0.73	0.27	0.5	0.02	0.05	0.05	0.4975	0.56125	0.4225	0.305	0.06875	0.41125	0.44875	0.14625	0.48375	0.155	0.19375	0.53625	0.215	0.24375	0.4575	0.65125	0.52875	0.38125	0.36125	0.1825	-3.5	-3.76667	-2.6	-2.6	-2.2	0.6734	0.596967	0.50198	0.464829	0.435044
0.5	0.95	0.27	0.27	0.05	0.5	0.73	0.12	0.73	0.05	0.12	0.88	0.5	0.05	0.12	0.95	0.5	0.05	0.12	0.12	0.3925	0.505	0.43125	0.4475	0.05625	0.44	0.5275	0.27	0.36875	0.14625	0.19375	0.54625	0.1675	0.20875	0.505	0.51875	0.51	0.2925	0.34375	0.14625	-3.9	-3.63333	-3.86	-2.62857	-2.51111	0.5403	0.5022	0.45752	0.396643	0.411544
0.5	0.73	0.98	0.73	0.12	0.5	0.27	0.5	0.27	0.5	0.27	0.5	0.27	0.12	0.12	0.5	0.27	0.05	0.27	0.5	0.335	0.58875	0.3425	0.46625	0.0475	0.46875	0.6125	0.2225	0.36875	0.08125	0.16625	0.54625	0.1775	0.19125	0.4775	0.6225	0.4625	0.28875	0.24	0.1175	-3.5	-3.96667	-3.26	-3.38571	-2.82222	0.2929	0.345667	0.35464	0.3911	0.388022
0.12	0.95	0.12	0.05	0.02	0.27	0.12	0.05	1	0.05	0.05	0.27	0.12	0.95	0.88	0.5	0.12	0.27	0.98	0.05	0.30625	0.5525	0.545	0.59875	0.05125	0.45	0.58375	0.27	0.325	0.11	0.10875	0.55625	0.16875	0.07875	0.41625	0.575	0.5	0.15375	0.19875	0.14625	-4.5	-2.96667	-3.26	-3.32857	-3.2	0.2038	0.1865	0.29742	0.355557	0.3981
0.02	0.01	0.01	0	0.02	0.02	0.01	0.02	0.02	0.01	0.02	0.01	0.05	0.27	0.01	0.27	0.12	1	0.5	0.01	0.29	0.64125	0.55875	0.5475	0.05125	0.54125	0.56875	0.35	0.4475	0.10625	0.13125	0.57625	0.1775	0.16375	0.525	0.575	0.4425	0.17875	0.2675	0.1425	-0.9	-2.96667	-3.18	-3.05714	-2.81111	0.0628	0.217967	0.25504	0.333186	0.393322
0.27	0.5	0.27	0.73	0.05	0.73	0.98	0.5	0.27	0.05	0.12	0.73	0.12	0.02	0.5	0.5	0.73	0.05	0.05	0.05	0.3625	0.58	0.44125	0.42875	0.06	0.5	0.4	0.29	0.47375	0.10125	0.11	0.505	0.16875	0.195	0.46375	0.575	0.3375	0.2975	0.32375	0.14625	-3.5	-2.63333	-2.8	-2.55714	-2.85556	0.3873	0.2595	0.29982	0.332314	0.371789
0.27	0.95	0.27	0.88	0.05	0.73	0.95	0.12	0.27	0.05	0.05	0.5	0.12	0.05	0.73	0.88	0.27	0.02	0.05	0.27	0.33375	0.515	0.44125	0.39125	0.06	0.52875	0.34625	0.3375	0.4925	0.10125	0.11875	0.515	0.12125	0.2	0.54375	0.47125	0.395	0.31	0.37125	0.11875	-3.5	-2.86667	-1.98	-2.61429	-2.81111	0.3284	0.410833	0.3659	0.358986	0.368044
0.27	0.05	0.88	0.5	0.05	0.12	0.12	0.05	0.5	0.05	0.05	0.12	0.05	0.05	1	0.5	0.88	0.02	0.5	0.05	0.38125	0.57	0.27625	0.38125	0.07875	0.605	0.45	0.3175	0.445	0.05375	0.1475	0.5625	0.13	0.2	0.5575	0.575	0.37625	0.31	0.29625	0.1175	-1.6	-1.83333	-2.58	-2.47143	-2	0.5168	0.4598	0.44926	0.402243	0.383167
0.27	0.5	0.73	0.27	0.05	0.98	0.5	0.73	0.27	0.05	0.27	0.88	0.12	0.05	0.12	0.5	0.27	0.95	0.12	0.05	0.47625	0.41	0.295	0.46625	0.09125	0.4975	0.42125	0.26	0.45875	0.11	0.17625	0.44875	0.16875	0.14375	0.5725	0.54625	0.47125	0.19375	0.34	0.2025	-0.4	-1.96667	-2.58	-1.8	-1.64444	0.5342	0.5102	0.47312	0.454557	0.402856
0.95	0.5	0.27	0.73	0.12	0.88	0.5	0.73	0.73	0.05	0.05	0.88	0.12	0.02	0.73	0.5	0.27	0.02	0.05	0.12	0.45125	0.4425	0.47	0.51875	0.08625	0.59875	0.53875	0.2725	0.4325	0.115	0.2075	0.48125	0.1775	0.12	0.51	0.60375	0.51875	0.3075	0.30125	0.19875	-3.9	-2.6	-1.12	-1.48571	-1.93333	0.4796	0.5068	0.49324	0.453657	0.443011
0.27	0.88	0.27	0.12	0.05	0.73	0.27	0.12	0.88	0.05	0.12	0.73	0.12	0.12	0.99	0.5	0.5	0.12	0.5	0.12	0.53625	0.33875	0.4425	0.51	0.10375	0.5325	0.45125	0.2925	0.38625	0.2275	0.24625	0.415	0.225	0.13875	0.42125	0.55625	0.49	0.295	0.25375	0.315	-3.5	-1.2	-1.06	-1.48571	-1.07778	0.5066	0.471733	0.46608	0.467343	0.425411
0.88	0.27	0.27	0.27	0.27	0.5	0.27	0.27	0.12	0.12	0.5	0.5	0.27	0.12	0.5	0.95	0.73	0.05	0.12	0.27	0.44125	0.33	0.4425	0.44375	0.0725	0.56125	0.4575	0.265	0.48125	0.215	0.195	0.44375	0.1975	0.135	0.40625	0.42375	0.4425	0.30375	0.30125	0.26875	3.8	-0.333333	-1.68	-0.657143	-1.07778	0.429	0.438867	0.44408	0.426214	0.424789
0.88	0.12	0.12	0.5	0.12	0.27	0.27	0.27	0.88	0.5	0.5	0.12	0.5	0.5	0.12	0.27	0.27	0.27	0.95	0.73	0.5175	0.37625	0.385	0.3675	0.1	0.60875	0.4575	0.32125	0.33875	0.22375	0.25125	0.53875	0.28125	0.09625	0.34375	0.50875	0.5	0.28	0.15	0.2675	-1.3	-0.333333	-0.06	-1.1	-0.7	0.381	0.4114	0.39394	0.396014	0.390556
0.5	0.27	0.95	0.88	0.05	0.73	0.95	0.12	0.27	0.05	0.05	0.27	0.12	0.05	0.12	0.73	0.5	0.98	0.12	0.05	0.59375	0.31	0.2525	0.30125	0.1175	0.44375	0.325	0.255	0.3875	0.28875	0.28	0.425	0.32875	0.14875	0.34375	0.49875	0.5625	0.075	0.245	0.36125	-3.5	-0.2	-0.06	-0.285714	-0.733333	0.4242	0.3447	0.35718	0.357314	0.347044
0.27	0.05	0.05	0.05	0.12	0.05	0.05	0.05	0.05	0.95	0.5	0.05	0.5	0.27	0.05	0.12	0.73	0.05	0.12	0.98	0.62625	0.29	0.34625	0.32875	0.2125	0.43375	0.39	0.20625	0.33	0.17625	0.22375	0.3575	0.28125	0.125	0.27625	0.635	0.5625	0.19125	0.245	0.245	4.2	-0.933333	-0.46	0.114286	-0.388889	0.2289	0.3253	0.31312	0.305314	0.297689
0.12	0.27	0.27	0.5	0.02	0.73	1	0.05	0.27	0.02	0.02	0.5	0.05	0.02	0.12	0.27	0.12	0.02	0.05	0.05	0.61375	0.155	0.2875	0.25875	0.22125	0.26375	0.24	0.1925	0.255	0.2925	0.275	0.2125	0.32875	0.26	0.145	0.56	0.5825	0.27125	0.31625	0.3525	-3.5	0.833333	-0.34	-0.542857	-0.144444	0.3228	0.253467	0.26544	0.249086	0.247911
0.88	0.27	0.27	0.12	0.12	0.27	0.12	0.5	0.12	0.5	0.5	0.5	0.95	0.12	0.12	0.5	0.88	0.05	0.12	0.5	0.53125	0.1275	0.26	0.27875	0.19	0.27375	0.3225	0.19375	0.265	0.28	0.1675	0.165	0.21625	0.23875	0.0975	0.44625	0.43	0.26375	0.29875	0.38125	1.8	-0.8	0.2	-0.542857	-0.366667	0.2087	0.2247	0.18768	0.203029	0.205133
0.5	0.12	0.5	0.12	0.12	0.12	0.12	0.05	0.05	0.12	0.05	0.12	0.12	0.02	0.12	0.88	1	0.02	0.05	0.12	0.48375	0.1375	0.2175	0.2175	0.19	0.265	0.29125	0.2175	0.16625	0.375	0.285	0.2	0.34875	0.2225	0.085	0.3675	0.39625	0.24	0.20375	0.42875	-0.7	0.1	-0.9	0.214286	0.2	0.1426	0.1289	0.15362	0.148714	0.166189
0.98	0.12	0.12	0.12	0.95	0.12	0.12	0.27	0.05	0.05	0.05	0.12	0.12	0.05	0.12	0.98	0.5	0.02	0.05	0.12	0.3675	0.10625	0.1475	0.10875	0.08625	0.17625	0.175	0.17625	0.135	0.44	0.40375	0.16875	0.425	0.24625	0.0725	0.26625	0.4025	0.12375	0.20375	0.485	-0.8	-0.933333	0.16	0.157143	1.01111	0.0354	0.0788667	0.09786	0.120371	0.1258
0.02	0.02	0.02	0.01	0.02	0.05	0.02	0.01	0.5	0.05	0.05	0.02	0.05	0.95	0.01	0.05	0.05	0.73	1	0.05	0.5775	0.1275	0.16875	0.1225	0.2025	0.19375	0.19625	0.23625	0.19125	0.3275	0.3475	0.19	0.38625	0.10625	0.095	0.43	0.45875	0.03125	0.085	0.38625	-1.3	-0.1	0.56	1.2	0.744444	0.0586	0.046	0.06222	0.0829286	0.112389
0.98	0.05	0.05	0.05	0.12	0.12	0.05	0.73	0.05	0.5	0.12	0.12	0.27	0.05	0.12	0.27	0.27	0.02	0.05	0.95	0.47625	0.1525	0.14625	0.06125	0.2025	0.10875	0.0825	0.14625	0.32375	0.33125	0.455	0.13	0.415	0.27875	0.0725	0.43125	0.45	0.1325	0.31625	0.35875	1.8	1.43333	1.46	1.2	1.55556	0.044	0.0443667	0.04584	0.0685714	0.0832556
0.12	0.05	0.01	0.01	0.12	0.05	0.02	0.01	0.02	0.88	0.99	0.02	0.73	0.27	0.02	0.02	0.12	0.05	0.12	0.73	0.48875	0.125	0.12	0.05375	0.2025	0.09	0.07375	0.17625	0.315	0.33125	0.4075	0.08625	0.33	0.3275	0.0725	0.40625	0.3925	0.12875	0.3075	0.415	3.8	3.13333	1.98	1.84286	1.77778	0.0305	0.0450667	0.0604	0.0568571	0.0683222
0.05	0.02	0.01	0.01	0.05	0.02	0.02	0.01	0.02	0.5	1	0.02	0.73	0.27	0.02	0.02	0.05	0.05	0.12	0.5	0.46875	0.17625	0.12	0.0725	0.21125	0.17	0.15	0.185	0.32375	0.3975	0.49125	0.18125	0.34875	0.34	0.0725	0.3875	0.38625	0.1325	0.31625	0.4625	3.8	3.13333	3	2.5	1.46667	0.0607	0.0664667	0.0608	0.0624143	0.104933
0.99	0.12	0.12	0.05	0.12	0.12	0.12	0.27	0.95	0.05	0.05	0.12	0.12	0.05	0.12	0.5	0.73	0.02	0.12	0.12	0.32	0.25875	0.10625	0.0675	0.09875	0.2525	0.15625	0.13375	0.31125	0.48125	0.71375	0.21625	0.52	0.37625	0.06	0.23875	0.2725	0.225	0.34375	0.5575	1.8	3.13333	3.4	2.18571	1.97778	0.1082	0.0765	0.06686	0.121486	0.151867
0.27	0.5	0.12	0.05	0.12	0.12	0.12	0.05	0.88	0.5	0.95	0.12	0.5	0.5	0.05	0.5	0.27	0.12	0.95	0.73	0.4225	0.3	0.1375	0.1	0.09875	0.365	0.2725	0.19375	0.34875	0.425	0.60125	0.33625	0.57625	0.235	0.0825	0.26625	0.33875	0.1275	0.13	0.48125	3.8	3.13333	1.94	2.47143	1.68889	0.0606	0.0810333	0.15518	0.1806	0.215589
0.12	0.05	0.02	0.02	0.12	0.05	0.02	0.02	0.02	0.88	0.99	0.05	0.73	0.73	0.02	0.05	0.27	0.05	0.12	0.73	0.3525	0.38375	0.20625	0.2225	0.08625	0.42125	0.37	0.12125	0.54125	0.3175	0.58375	0.44	0.52	0.2025	0.18125	0.3225	0.32	0.135	0.23375	0.365	3.8	1.36667	1.94	1.37143	1.1	0.0743	0.202333	0.2346	0.266543	0.2686
0.27	0.5	0.5	0.27	0.12	0.73	0.73	0.12	0.12	0.27	0.73	0.88	0.27	0.12	0.12	0.73	0.88	0.05	0.12	0.27	0.38125	0.33625	0.15125	0.19625	0.08625	0.345	0.285	0.17	0.54125	0.375	0.6025	0.34875	0.5775	0.36375	0.1725	0.25	0.2625	0.1625	0.31	0.4225	-3.5	1.36667	0.8	0.328571	0.988889	0.4721	0.334733	0.33938	0.332314	0.308789
0.73	0.88	0.12	0.12	0.12	0.88	0.27	0.12	0.88	0.27	0.88	0.5	0.88	0.12	0.12	0.27	0.27	0.73	0.27	0.5	0.40875	0.32	0.28875	0.3325	0.08625	0.38625	0.45875	0.18375	0.4775	0.31875	0.465	0.45625	0.425	0.3325	0.185	0.39625	0.4425	0.07375	0.2825	0.34625	3.8	-1.2	-0.66	0.471429	0.177778	0.4578	0.520667	0.43148	0.372886	0.374211
0.12	0.73	0.27	0.27	0.02	0.95	0.95	0.27	0.73	0.05	0.05	0.98	0.88	0.27	0.12	0.27	0.12	0.05	0.12	0.05	0.42375	0.3575	0.27	0.3225	0.09875	0.425	0.45	0.1375	0.41125	0.4025	0.625	0.44375	0.52	0.39875	0.185	0.425	0.4325	0.19	0.40875	0.42125	-3.9	-1.2	-0.86	-0.571429	0.288889	0.6321	0.537	0.49506	0.457014	0.414133
0.27	0.27	0.5	1	0.02	0.5	0.73	0.12	0.73	0.02	0.02	0.88	0.05	0.02	0.88	0.27	0.12	0.01	0.05	0.02	0.495	0.35875	0.24125	0.23125	0.09875	0.48125	0.4775	0.2125	0.3075	0.3775	0.525	0.45625	0.57625	0.37375	0.09875	0.45375	0.46125	0.1825	0.305	0.44375	-3.5	-1.53333	-0.86	-0.714286	0.333333	0.5211	0.515133	0.53054	0.513186	0.418789
0.5	0.12	0.05	0.05	0.12	0.12	0.05	0.5	0.12	0.73	0.88	0.12	0.73	0.95	0.05	0.12	0.27	0.27	0.73	0.73	0.485	0.43375	0.38625	0.43875	0.08625	0.55625	0.6225	0.25375	0.39625	0.2125	0.3275	0.57875	0.4625	0.1725	0.31	0.57625	0.5	0.15	0.21125	0.27875	2.8	-1.4	-1.06	0.385714	-0.266667	0.3922	0.520933	0.53248	0.460386	0.456433
0.73	0.27	0.73	0.95	0.05	0.5	0.95	0.12	0.27	0.05	0.05	0.5	0.12	0.02	0.12	0.73	0.88	0.02	0.05	0.12	0.45625	0.38625	0.30125	0.3075	0.08625	0.50875	0.48125	0.32	0.3775	0.27	0.355	0.53125	0.52	0.27625	0.41125	0.47125	0.405	0.1775	0.2875	0.3275	-3.5	0.7	0.56	-0.385714	-0.0555556	0.6495	0.503067	0.42656	0.454	0.427078
0.5	0.27	0.12	0.12	0.12	0.5	0.73	0.05	0.27	0.5	0.5	0.5	0.88	0.73	0.12	0.73	0.5	0.27	0.98	0.27	0.485	0.2825	0.36875	0.39875	0.0775	0.405	0.48125	0.32	0.27	0.3025	0.25125	0.475	0.3775	0.1875	0.4025	0.4525	0.52875	0.0575	0.1525	0.365	2.8	1.16667	0.94	-0.0571429	-0.0111111	0.4675	0.4065	0.40496	0.3934	0.378967
0.99	0.05	0.12	0.05	0.12	0.12	0.12	0.5	0.05	0.27	0.12	0.12	0.12	0.05	0.12	0.73	0.5	0.02	0.05	0.88	0.47125	0.225	0.34125	0.37625	0.09	0.34	0.445	0.2325	0.20875	0.44375	0.38375	0.40625	0.4725	0.25375	0.39375	0.4525	0.57625	0.08875	0.26875	0.405	4.2	1.8	0.06	1.04286	0.888889	0.1025	0.3277	0.3681	0.3225	0.314811
0.27	0.5	0.73	0.73	0.12	0.27	0.5	0.73	0.12	0.27	0.27	0.27	0.5	0.05	0.88	0.88	0.73	0.05	0.05	0.12	0.59	0.2575	0.265	0.22875	0.09	0.36875	0.36875	0.20375	0.1425	0.4475	0.36875	0.4	0.48125	0.25375	0.20375	0.4625	0.56625	0.08625	0.26875	0.50375	-1.6	0.333333	1.6	1.24286	0.777778	0.4131	0.241167	0.24316	0.274286	0.304156
0.27	0.27	0.5	0.12	0.05	0.73	0.5	0.27	0.12	0.05	0.12	0.88	0.12	0.02	1	0.5	0.73	0.02	0.05	0.05	0.53	0.2725	0.2875	0.29875	0.08625	0.29875	0.36375	0.2	0.12875	0.38625	0.28375	0.31	0.44375	0.1725	0.1825	0.49625	0.535	0.18125	0.24	0.48375	-1.6	0.333333	1.88	1.1	0.366667	0.2079	0.215267	0.1606	0.242243	0.272422
0.73	0.05	0.05	0.02	0.12	0.05	0.05	0.05	0.02	0.98	0.5	0.05	0.5	0.12	0.05	0.12	0.88	0.02	0.12	0.95	0.3875	0.26875	0.25375	0.19375	0.08625	0.3275	0.30375	0.21375	0.11	0.3825	0.35375	0.35375	0.4725	0.19125	0.28875	0.455	0.42125	0.185	0.24	0.41875	4.2	2.26667	0.14	0.571429	1.17778	0.0248	0.0958	0.22514	0.190686	0.202811
0.5	0.05	0.05	0.02	0.12	0.05	0.05	0.02	0.02	0.95	0.73	0.05	0.88	0.12	0.05	0.27	0.5	0.05	0.12	0.98	0.445	0.25	0.36125	0.2125	0.08625	0.29875	0.2275	0.22625	0.09125	0.38625	0.2775	0.325	0.34875	0.10625	0.28875	0.455	0.525	0.15	0.12375	0.415	4.2	1.3	0.28	0.514286	0.477778	0.0547	0.168233	0.16384	0.179329	0.1835
0.5	0.98	0.5	0.5	0.02	0.88	0.5	0.12	0.27	0.05	0.05	0.98	0.5	0.02	0.12	0.5	0.27	0.02	0.05	0.05	0.355	0.2375	0.32375	0.25625	0.08625	0.29875	0.275	0.16625	0.16375	0.4675	0.35375	0.3125	0.39625	0.115	0.28	0.42625	0.525	0.15375	0.14125	0.4275	-4.5	-0.4	1.36	0.242857	-0.377778	0.4252	0.1955	0.12686	0.162271	0.236278
0.02	0.01	0	0	0.02	0.02	0.01	0.01	0.01	0.02	0.05	0.01	0.05	0.27	0	0.01	0.02	1	0.5	0.5	0.39625	0.3875	0.32875	0.26125	0.07375	0.4975	0.3925	0.095	0.215	0.44	0.3225	0.4625	0.405	0.07875	0.19125	0.44	0.48	0.0275	0.085	0.35875	-0.9	-0.533333	-0.18	-0.0285714	-0.588889	0.1066	0.184933	0.18064	0.215071	0.231333
0.05	0.02	0.01	0.01	0.12	0.05	0.02	0.01	0.02	0.95	0.99	0.02	0.73	0.27	0.02	0.02	0.12	0.05	0.12	0.5	0.3925	0.47125	0.375	0.27875	0.0575	0.525	0.39125	0.1525	0.29	0.32375	0.19625	0.4425	0.415	0.0825	0.07	0.41	0.39125	0.15	0.14125	0.35875	3.8	-0.2	-1.72	-1.12857	-0.911111	0.023	0.1411	0.2852	0.264186	0.251267
0.73	0.12	0.98	0.27	0.12	0.27	0.12	0.12	0.12	0.5	0.12	0.27	0.27	0.05	0.12	0.88	0.95	0.02	0.05	0.27	0.23125	0.54375	0.37125	0.2775	0.04875	0.525	0.3875	0.1475	0.30875	0.26375	0.24875	0.4675	0.425	0.1575	0.0575	0.37875	0.2875	0.16625	0.25375	0.275	-3.5	-1.06667	-1.52	-2.37143	-1.52222	0.2937	0.298067	0.27388	0.3117	0.2958
0.27	0.88	0.27	0.88	0.02	0.95	0.95	0.12	0.88	0.02	0.05	0.95	0.12	0.02	0.12	0.73	0.27	0.02	0.12	0.05	0.28875	0.44875	0.46875	0.205	0.10875	0.44875	0.2925	0.15125	0.245	0.22	0.18125	0.39125	0.34875	0.26875	0.0575	0.4825	0.34375	0.2225	0.35375	0.21375	-3.5	-3.5	-2.24	-1.91429	-2.13333	0.5775	0.413267	0.33002	0.311757	0.331422
0.12	0.73	0.27	0.27	0.02	1	0.95	0.05	0.27	0.02	0.02	0.5	0.12	0.01	0.05	0.5	0.12	0.02	0.05	0.02	0.27875	0.36	0.46875	0.23375	0.1125	0.4425	0.245	0.2675	0.41125	0.22	0.2125	0.34	0.30125	0.2825	0.0575	0.4825	0.34375	0.22625	0.4475	0.2175	-3.5	-3.83333	-3.26	-1.97143	-1.67778	0.3686	0.444467	0.41054	0.350143	0.339578
0.27	0.95	0.88	0.27	0.02	0.98	0.5	0.73	0.73	0.05	0.05	0.73	0.88	0.05	0.05	0.27	0.12	0.05	0.12	0.05	0.29125	0.34625	0.4075	0.24	0.1125	0.44875	0.315	0.30625	0.35875	0.215	0.20375	0.31625	0.2025	0.245	0.06375	0.525	0.3475	0.1	0.37875	0.1525	-4.5	-3.1	-2.82	-2.57143	-1.62222	0.3873	0.393833	0.42686	0.418086	0.377267
0.12	0.73	0.99	0.27	0.05	0.27	0.12	0.12	0.27	0.05	0.05	0.5	0.12	0.5	0.05	0.73	0.88	0.12	0.95	0.05	0.36625	0.3775	0.4075	0.245	0.1	0.5375	0.36625	0.50625	0.42	0.09875	0.0825	0.34875	0.2125	0.16125	0.0675	0.49875	0.3	0.09125	0.3225	0.0925	-1.3	-2.36667	-2.2	-2.12857	-2.08889	0.4256	0.396067	0.41108	0.439814	0.404378
0.5	0.05	0.12	0.05	0.5	0.12	0.12	0.05	0.27	0.12	0.12	0.12	0.12	0.98	0.05	0.95	0.27	0.5	0.99	0.27	0.23375	0.45	0.39625	0.24	0.03125	0.525	0.35375	0.50125	0.43875	0.0425	0.0925	0.365	0.2125	0.22	0.05375	0.36375	0.26375	0.10375	0.435	0.04625	-1.3	-1	-1.58	-1.68571	-1.84444	0.3753	0.433167	0.42652	0.395457	0.403267
0.27	0.12	0.5	0.12	0.05	0.88	0.12	0.98	0.99	0.05	0.27	0.12	0.12	0.12	0.05	0.27	0.12	0.05	0.73	0.05	0.29125	0.4225	0.34875	0.13625	0.1	0.4025	0.26875	0.48875	0.2725	0.055	0.07375	0.28	0.2125	0.34	0.05375	0.47625	0.2825	0.1725	0.54375	0.0825	-0.4	-0.7	-0.76	-1.37143	-1.5	0.4986	0.4399	0.40246	0.383329	0.387633
0.27	0.12	0.12	0.05	0.02	0.05	0.12	1	0.05	0.01	0.01	0.05	0.02	0.01	0.05	0.12	0.05	0.02	0.02	0.01	0.33875	0.34625	0.39625	0.12625	0.11625	0.49125	0.18375	0.495	0.37125	0.06	0.10625	0.26	0.21625	0.355	0.0625	0.5575	0.33875	0.17625	0.6325	0.09125	-0.4	-0.4	-0.76	-0.785714	-1.2	0.4458	0.4038	0.37408	0.3904	0.368056
0.5	0.05	0.12	0.05	0.05	0.05	0.05	1	0.05	0.02	0.02	0.05	0.05	0.05	0.05	0.27	0.5	0.05	0.5	0.02	0.31	0.25125	0.3775	0.1075	0.125	0.38375	0.145	0.41	0.28625	0.0675	0.11375	0.18375	0.2125	0.35	0.0625	0.5675	0.3925	0.16875	0.56375	0.1175	-0.4	-0.7	-0.58	-0.714286	-0.777778	0.267	0.332167	0.38638	0.357086	0.332111
0.05	0.02	0.02	0.01	0.02	0.02	0.02	0.01	0.27	0.12	0.27	0.02	0.27	1	0.01	0.02	0.05	0.5	0.99	0.12	0.36625	0.1975	0.28125	0.09375	0.12375	0.47875	0.19625	0.525	0.25875	0.05	0.07875	0.1875	0.185	0.17	0.0675	0.5225	0.35375	0.1	0.39	0.10125	-1.3	-0.7	-0.66	-0.628571	-1.02222	0.2837	0.329167	0.32514	0.312586	0.286689
0.5	0.73	0.27	0.12	0.12	0.73	0.27	0.95	0.27	0.05	0.05	0.27	0.12	0.12	0.12	0.95	0.27	0.12	0.73	0.12	0.3575	0.10875	0.2975	0.19875	0.055	0.39	0.2125	0.41625	0.24	0.05	0.09375	0.15625	0.195	0.16	0.0625	0.35	0.3075	0.08625	0.30125	0.10125	-0.4	-0.833333	-0.72	-1.07143	-0.677778	0.4368	0.3043	0.24874	0.243757	0.251078
0.5	0.12	0.27	0.12	0.12	0.88	0.27	0.12	0.12	0.02	0.02	0.27	0.05	0.02	0.12	1	0.5	0.02	0.05	0.05	0.3575	0.17625	0.25	0.19	0.06375	0.27625	0.2125	0.40375	0.14125	0.11	0.07875	0.15625	0.20375	0.16375	0.0625	0.3725	0.38875	0.095	0.30125	0.1375	-0.8	-0.633333	-1.34	-0.757143	-0.711111	0.1924	0.231	0.1987	0.1879	0.199756
0.27	0.12	0.73	0.12	0.12	0.12	0.12	0.05	0.05	0.12	0.12	0.12	0.88	0.05	0.05	0.5	1	0.02	0.05	0.27	0.38625	0.1675	0.24	0.19	0.1525	0.37125	0.2225	0.29	0.15	0.215	0.1275	0.175	0.16	0.26875	0.07125	0.435	0.3825	0.09875	0.3325	0.23125	-0.7	-1.66667	-0.72	-0.8	-0.355556	0.0638	0.091	0.15292	0.155	0.153711
0.12	0.27	0.12	0.12	0.01	1	0.5	0.05	0.27	0.01	0.02	0.5	0.12	0.01	0.05	0.12	0.12	0.02	0.05	0.02	0.3575	0.14875	0.3925	0.19	0.175	0.27	0.175	0.1675	0.1225	0.3175	0.22875	0.1275	0.3725	0.2825	0.0675	0.46375	0.46375	0.09875	0.285	0.3825	-3.5	-0.8	-0.78	-0.214286	-0.1	0.0168	0.0451333	0.0729	0.118957	0.126244
0.88	0.05	0.5	1	0.05	0.12	0.5	0.12	0.12	0.05	0.02	0.12	0.05	0.02	0.12	0.5	0.12	0.01	0.02	0.27	0.37875	0.18	0.3575	0.085	0.2775	0.3925	0.1875	0.24875	0.11375	0.33125	0.22875	0.1875	0.38125	0.1625	0.0725	0.47625	0.52	0.04375	0.17125	0.44625	1.8	-0.8	-0.06	0.114286	0.511111	0.0548	0.0361	0.0407	0.0593857	0.0977667
0.27	0.05	0.12	0.05	0.12	0.12	0.12	0.05	0.05	0.5	0.12	0.12	0.12	0.05	0.05	0.5	1	0.02	0.05	0.27	0.39875	0.095	0.37375	0.19	0.26	0.3075	0.20375	0.14	0.095	0.37875	0.3325	0.15625	0.44875	0.26625	0.06875	0.36375	0.39125	0.0425	0.13875	0.49375	-0.7	1.3	0.46	0.828571	0.866667	0.0367	0.0409667	0.0319	0.0358143	0.0579778
0.27	0.05	0.5	0.05	0.73	0.05	0.05	0.02	0.05	0.95	0.5	0.05	0.5	0.88	0.05	0.12	0.5	0.05	0.27	0.98	0.35125	0.1425	0.32625	0.29375	0.17125	0.33	0.28875	0.135	0.19875	0.32625	0.2975	0.2225	0.41	0.1625	0.06875	0.32	0.40625	0.03875	0.12	0.405	2.8	1.33333	2	1.32857	0.566667	0.0314	0.0293	0.03402	0.0379429	0.0548889
0.12	0.05	0.73	0.05	0.12	0.12	0.05	0.02	0.05	0.73	0.73	0.05	0.99	0.12	0.02	0.12	0.27	0.05	0.12	0.98	0.46125	0.13375	0.2125	0.285	0.2475	0.32125	0.28875	0.22	0.19875	0.345	0.26	0.2225	0.25375	0.25375	0.08125	0.32	0.34375	0.03875	0.13875	0.38625	1.9	2.96667	2.2	1.32857	0.844444	0.0198	0.0262	0.0388	0.0590571	0.0501444
0.98	0.05	0.12	0.05	0.88	0.12	0.12	0.73	0.05	0.27	0.27	0.12	0.27	0.05	0.12	0.5	0.5	0.05	0.05	0.88	0.35375	0.10625	0.275	0.27125	0.16625	0.2025	0.22	0.12625	0.1675	0.4925	0.43875	0.15375	0.43875	0.295	0.065	0.26	0.315	0.0425	0.15625	0.45875	4.2	2.96667	1.64	1.32857	1.65556	0.0274	0.0419667	0.06438	0.0542429	0.0537111
0.05	0.05	0.02	0.01	0.05	0.05	0.02	0.01	0.05	0.88	0.98	0.02	0.73	0.98	0.02	0.05	0.12	0.12	0.5	0.5	0.47875	0.115	0.25875	0.16625	0.27875	0.23	0.20375	0.235	0.1675	0.425	0.35375	0.185	0.39	0.1825	0.0775	0.37625	0.46625	0.035	0.10375	0.4875	2.8	1.16667	1.44	1.97143	1.65556	0.0787	0.0902333	0.06232	0.0559857	0.0551667
0.12	0.5	0.27	0.95	0.02	0.99	0.88	0.05	0.95	0.05	0.12	0.73	0.12	0.02	0.12	0.27	0.12	0.02	0.12	0.05	0.5275	0.14375	0.24625	0.07625	0.27375	0.22	0.20375	0.28625	0.0825	0.46875	0.4525	0.19125	0.46625	0.29875	0.07375	0.32	0.375	0.05125	0.15125	0.51625	-3.5	0.366667	1.82	1.82857	1.34444	0.1646	0.0881333	0.06814	0.0612	0.0930667
1	0.05	0.05	0.05	0.12	0.12	0.12	0.73	0.05	0.05	0.05	0.12	0.12	0.02	0.12	0.5	0.27	0.02	0.05	0.12	0.39	0.2	0.21375	0.18375	0.1725	0.32875	0.295	0.2	0.25125	0.35625	0.41375	0.2675	0.41875	0.31125	0.06875	0.2825	0.3	0.13625	0.25125	0.39125	1.8	0.7	1.34	1.05714	0.888889	0.0211	0.0782	0.07624	0.112343	0.104211
0.12	0.05	0.01	0.01	0.12	0.05	0.02	0.01	0.02	0.73	0.99	0.02	0.88	0.27	0.02	0.02	0.12	0.05	0.12	0.5	0.57625	0.2275	0.16125	0.21625	0.16375	0.4325	0.3925	0.3975	0.26375	0.18625	0.21125	0.33625	0.2625	0.28	0.09375	0.41875	0.31875	0.25125	0.26125	0.2275	3.8	2.46667	0.08	0.271429	0.288889	0.0489	0.0459667	0.13606	0.127243	0.120578
0.95	0.12	0.27	0.12	0.12	0.27	0.27	0.27	0.12	0.12	0.05	0.27	0.12	0.05	0.12	0.98	0.95	0.02	0.05	0.12	0.46	0.24625	0.12875	0.21125	0.06875	0.42375	0.36125	0.28875	0.26	0.33875	0.3575	0.38125	0.415	0.31625	0.08125	0.3275	0.24375	0.255	0.27875	0.2275	1.8	0.7	0.52	-0.628571	-0.611111	0.0679	0.164867	0.12948	0.139871	0.173844
0.73	0.73	0.27	0.27	0.05	0.98	0.98	0.5	0.27	0.02	0.05	0.88	0.12	0.02	0.12	0.27	0.27	0.05	0.05	0.05	0.59125	0.1975	0.16	0.30125	0.08625	0.42	0.3325	0.27375	0.32625	0.275	0.32625	0.33625	0.38625	0.2125	0.09375	0.44375	0.37625	0.25125	0.23125	0.23625	-3.5	-1	-0.54	-0.685714	-1.31111	0.3778	0.192467	0.15868	0.188757	0.213533
0.05	0.05	0.02	0.01	0.02	0.05	0.02	0.01	0.5	0.05	0.12	0.05	0.12	0.98	0.01	0.05	0.05	0.73	1	0.05	0.7525	0.235	0.1725	0.22125	0.1975	0.4275	0.3575	0.34375	0.185	0.3275	0.365	0.36375	0.48125	0.105	0.1075	0.52875	0.5075	0.17	0.1125	0.34	-1.3	-2.76667	-2.08	-1.44286	-0.722222	0.1317	0.225533	0.25026	0.248014	0.227856
0.73	0.27	0.27	0.27	0.05	0.88	0.73	0.88	0.12	0.05	0.05	0.5	0.5	0.12	0.12	0.73	0.27	1	0.27	0.05	0.57625	0.235	0.1975	0.1975	0.185	0.37125	0.2875	0.20625	0.3175	0.33625	0.3825	0.355	0.43375	0.32875	0.20125	0.4725	0.48	0.1675	0.31625	0.34	-3.5	-2.9	-3.14	-1.72857	-1.1	0.1671	0.268533	0.32386	0.282957	0.281522
0.88	0.27	0.12	0.12	0.12	0.27	0.12	0.12	0.12	0.88	0.5	0.73	0.73	0.12	0.12	0.73	0.73	0.05	0.12	0.5	0.605	0.2625	0.2775	0.24875	0.17625	0.5325	0.42375	0.33375	0.43375	0.15625	0.2175	0.415	0.3575	0.31	0.2325	0.58	0.52625	0.28625	0.35375	0.255	-3.9	-3.63333	-2.08	-2.21429	-1.61111	0.5068	0.369933	0.307	0.345271	0.337711
0.88	0.27	0.27	0.88	0.12	0.73	0.5	0.12	0.73	0.27	0.73	0.27	0.5	0.12	0.12	0.27	0.5	0.12	0.12	0.5	0.52	0.3575	0.31625	0.24875	0.1675	0.50375	0.43375	0.33375	0.37625	0.25125	0.21625	0.53	0.405	0.31	0.28	0.5775	0.5275	0.28125	0.3625	0.255	-3.5	-1.86667	-2.14	-1.82857	-2.2	0.4359	0.412067	0.38148	0.370529	0.395822
0.73	0.12	0.12	0.05	0.88	0.12	0.12	0.12	0.05	0.5	0.5	0.12	0.88	0.12	0.12	0.73	0.95	0.05	0.12	0.88	0.51	0.37625	0.36375	0.3525	0.08125	0.52	0.42125	0.28625	0.55125	0.235	0.2725	0.4725	0.43375	0.3225	0.35625	0.5775	0.52875	0.29	0.39	0.21625	1.8	-1.1	-1.6	-2.14286	-2.16667	0.2935	0.411167	0.45898	0.436129	0.416456
0.27	0.27	0.5	0.12	0.05	0.5	0.27	0.5	0.73	0.12	0.12	0.5	0.12	0.95	0.98	0.73	0.27	0.27	0.95	0.12	0.595	0.4425	0.37625	0.37625	0.18875	0.585	0.51	0.2525	0.4375	0.29125	0.3675	0.5375	0.5475	0.1025	0.2625	0.605	0.67	0.1775	0.17625	0.32	-1.6	-0.2	-1.52	-2.1	-2.41111	0.5041	0.450733	0.4758	0.492757	0.445756
0.5	0.27	0.5	0.27	0.12	0.73	0.5	0.27	0.95	0.12	0.12	0.73	0.5	0.12	0.27	0.88	0.95	0.05	0.27	0.27	0.49	0.47125	0.4525	0.44625	0.17625	0.50875	0.50875	0.205	0.42875	0.2875	0.36375	0.565	0.44375	0.19375	0.35125	0.5575	0.585	0.0825	0.23375	0.2975	-0.8	-1.96667	-1.46	-2.04286	-2.41111	0.5546	0.549867	0.50132	0.476843	0.480078
0.27	0.88	0.73	0.88	0.05	0.5	0.73	0.27	0.27	0.27	0.27	0.73	0.27	0.05	0.5	0.5	0.73	0.05	0.12	0.12	0.4425	0.395	0.42375	0.36125	0.185	0.5375	0.49875	0.19625	0.51375	0.26875	0.3925	0.53625	0.5	0.25	0.3225	0.5475	0.6125	0.09125	0.27125	0.345	-3.5	-2.5	-2.52	-2.04286	-1.55556	0.5909	0.569667	0.5217	0.482571	0.431156
0.5	0.73	0.5	0.27	0.12	0.5	0.5	0.12	0.99	0.12	0.27	0.27	0.73	0.12	0.73	0.73	0.73	0.05	0.27	0.12	0.36625	0.41375	0.54125	0.44625	0.1675	0.55625	0.5275	0.2625	0.36625	0.26	0.3075	0.59375	0.395	0.22875	0.3125	0.5475	0.6125	0.07875	0.24375	0.2975	-3.2	-3.4	-2.9	-1.75714	-1.55556	0.5635	0.5166	0.51608	0.450143	0.4224
0.27	0.73	0.5	0.27	0.05	0.95	0.88	0.12	0.27	0.12	0.5	0.95	0.27	0.05	0.12	0.27	0.5	0.05	0.12	0.12	0.31875	0.405	0.52875	0.4425	0.08125	0.49125	0.47125	0.25	0.45625	0.3075	0.33875	0.5	0.46125	0.285	0.38	0.52	0.5375	0.0875	0.2625	0.27875	-3.5	-3.4	-1.98	-2.02857	-1.33333	0.3954	0.4783	0.41846	0.429143	0.392011
0.12	0.5	0.88	0.98	0.02	0.5	0.95	0.27	0.27	0.02	0.02	0.95	0.05	0.02	0.12	0.5	0.27	0.02	0.05	0.02	0.3375	0.43375	0.5375	0.46125	0.09375	0.5475	0.52	0.2025	0.4275	0.32	0.39875	0.47125	0.48875	0.17625	0.2725	0.49125	0.62375	0.06375	0.1675	0.31	-3.5	-1.06667	-1.98	-1.37143	-1.54444	0.476	0.312633	0.3717	0.352771	0.371044
0.27	0.27	0.12	0.05	0.12	0.27	0.27	0.05	0.12	0.88	0.88	0.5	0.95	0.5	0.12	0.27	0.73	0.12	0.27	0.73	0.29	0.43125	0.5725	0.54625	0.08125	0.49125	0.545	0.19875	0.33	0.31625	0.33875	0.4425	0.37625	0.1925	0.24125	0.41625	0.48125	0.05125	0.12125	0.31125	3.8	-1.06667	-0.58	-1.37143	-0.988889	0.0665	0.299867	0.263	0.313414	0.313944
0.5	0.27	0.98	0.95	0.05	0.88	0.5	0.5	0.27	0.05	0.05	0.27	0.12	0.02	0.27	0.5	0.5	0.02	0.05	0.12	0.31875	0.355	0.465	0.3575	0.09875	0.38625	0.45875	0.12375	0.2925	0.42	0.42375	0.4425	0.46125	0.2525	0.175	0.44375	0.54125	0.06375	0.14875	0.40625	-3.5	1.36667	-0.58	-0.314286	-0.688889	0.3571	0.147867	0.247	0.238729	0.293844
0.12	0.05	0.02	0.02	0.12	0.05	0.05	0.02	0.05	0.88	0.98	0.05	0.95	0.5	0.05	0.05	0.12	0.12	0.12	0.73	0.31875	0.2975	0.525	0.4425	0.09	0.43375	0.455	0.17125	0.2025	0.42375	0.3925	0.4425	0.3575	0.26875	0.11375	0.415	0.5125	0.06	0.21625	0.40625	3.8	-1.06667	0.96	0.0714286	0.0888889	0.02	0.230833	0.15994	0.240814	0.272822
0.27	0.27	0.95	0.98	0.12	0.5	0.73	0.27	0.5	0.12	0.12	0.27	0.12	0.05	0.12	0.73	0.73	0.05	0.12	0.27	0.3	0.28875	0.40875	0.35125	0.08625	0.38125	0.37875	0.14	0.23125	0.51	0.44375	0.415	0.4425	0.325	0.105	0.33	0.4075	0.06875	0.21625	0.455	-3.5	1.5	0.04	1.11429	0.0888889	0.3154	0.125367	0.22864	0.226286	0.326633
