0.27	0.88	0.27	0.27	0.05	0.95	0.73	0.12	0.27	0.05	0.12	0.99	0.27	0.73	0.12	0.27	0.27	0.12	0.27	0.12	0.3475	0.2825	0.31125	0.36875	0.1	0.34875	0.3775	0.41875	0.15875	0.3725	0.44125	0.43	0.39625	0.49375	0.21625	0.36625	0.26125	0.1475	0.2825	0.35	-3.9	-1.2	-0.94	-0.242857	0.188889	0.5368	0.5202	0.52154	0.569771	0.623078
0.73	0.12	0.05	0.05	0.27	0.12	0.05	0.5	0.05	0.88	0.88	0.12	0.73	0.88	0.05	0.27	0.27	0.12	0.27	0.88	0.31875	0.38625	0.32	0.425	0.1	0.5	0.48125	0.30875	0.18625	0.3575	0.40625	0.5575	0.395	0.48375	0.225	0.36625	0.3375	0.1475	0.29125	0.3675	3.8	-1.33333	-1.66	-0.242857	0.7	0.395	0.479933	0.53312	0.519529	0.532222
0.27	0.88	0.27	0.27	0.05	0.88	0.5	0.12	0.27	0.05	0.12	0.99	0.27	0.73	0.12	0.27	0.27	0.05	0.27	0.05	0.4525	0.33875	0.39625	0.42875	0.1275	0.4525	0.4525	0.41625	0.18625	0.385	0.39375	0.53375	0.34875	0.39	0.32	0.47	0.41375	0.12875	0.24375	0.42375	-3.9	-0.3	-0.2	-0.0428571	0.188889	0.508	0.5	0.49376	0.495314	0.506678
0.5	0.5	0.88	0.5	0.12	0.73	0.95	0.73	0.27	0.05	0.05	0.73	0.12	0.05	0.27	0.95	0.5	0.05	0.12	0.12	0.4425	0.41375	0.415	0.4	0.1275	0.5275	0.49125	0.34875	0.205	0.385	0.32625	0.6225	0.33875	0.35625	0.31	0.48	0.48875	0.0725	0.1675	0.44375	-0.8	-0.3	1.42	0.342857	-0.2	0.597	0.512333	0.46032	0.4846	0.502633
0.27	0.27	0.12	0.12	0.12	0.27	0.5	0.05	0.12	0.73	0.73	0.5	0.5	0.27	0.95	0.27	0.27	0.12	0.12	0.88	0.47125	0.415	0.425	0.33	0.14	0.5375	0.49	0.33	0.19625	0.41625	0.33	0.55625	0.3475	0.4175	0.24375	0.53625	0.575	0.0675	0.195	0.4525	3.8	2.4	0.5	0.8	0.688889	0.432	0.4662	0.49208	0.479729	0.461333
0.73	0.12	0.12	0.5	0.27	0.5	0.27	0.5	0.12	0.73	0.5	0.27	0.5	0.12	0.12	0.5	0.73	0.05	0.12	0.95	0.41375	0.3575	0.4825	0.3675	0.12125	0.48125	0.54625	0.27375	0.19625	0.425	0.35875	0.5525	0.32875	0.35125	0.3475	0.53625	0.59375	0.06375	0.1675	0.49125	4.2	2.4	1.14	0.9	0.733333	0.3696	0.4518	0.49102	0.460029	0.433456
0.73	0.5	0.88	0.27	0.12	0.5	0.27	0.5	0.27	0.12	0.12	0.73	0.12	0.05	0.88	0.88	0.88	0.05	0.12	0.12	0.3375	0.2975	0.38375	0.3925	0.12125	0.46875	0.5425	0.2125	0.17375	0.515	0.40625	0.4825	0.37625	0.34125	0.24875	0.46125	0.55625	0.055	0.14875	0.595	-0.8	0.9	2.2	0.957143	0.811111	0.5538	0.475367	0.42304	0.4283	0.4018
0.27	0.27	0.88	0.73	0.12	0.5	0.88	0.12	0.27	0.5	0.12	0.5	0.27	0.05	0.12	0.88	0.95	0.05	0.12	0.5	0.42375	0.2225	0.35625	0.3075	0.1775	0.37375	0.41	0.25125	0.2025	0.5525	0.4825	0.39375	0.38625	0.36875	0.335	0.46125	0.5475	0.0825	0.2375	0.65125	-0.7	1	0.74	1.71429	1.74444	0.5027	0.437867	0.39382	0.358743	0.364211
0.27	0.05	0.05	0.05	0.12	0.12	0.27	0.05	0.05	0.95	0.73	0.12	0.5	0.73	0.27	0.27	0.73	0.05	0.27	0.88	0.48375	0.2025	0.38375	0.345	0.1775	0.36375	0.3825	0.2025	0.21125	0.49625	0.40625	0.38375	0.3575	0.28375	0.2975	0.54125	0.60375	0.0825	0.2375	0.60375	4.5	0.1	0.8	1.81429	2.03333	0.2571	0.348567	0.34192	0.321271	0.301944
0.27	0.27	0.73	0.95	0.05	0.73	0.95	0.12	0.27	0.12	0.12	0.73	0.12	0.05	0.12	0.5	0.88	0.02	0.05	0.5	0.465	0.15625	0.28625	0.22375	0.17375	0.26	0.24125	0.19	0.17125	0.51125	0.39375	0.26	0.345	0.33625	0.3225	0.49375	0.5575	0.0725	0.2525	0.55625	-3.5	1.83333	1.86	1.47143	1.43333	0.2859	0.2177	0.2651	0.2737	0.269778
0.12	0.02	0.02	0.02	0.12	0.02	0.02	0.01	0.02	0.99	0.88	0.02	0.73	0.73	0.02	0.05	0.12	0.05	0.12	0.88	0.48375	0.17875	0.36625	0.28375	0.2225	0.30125	0.33	0.20375	0.19375	0.43	0.34625	0.32125	0.2975	0.29875	0.32625	0.5025	0.595	0.06875	0.24375	0.5	4.5	1.83333	2.36	1.35714	1.38889	0.1101	0.188567	0.17188	0.214943	0.236667
0.5	0.05	0.05	0.05	0.5	0.12	0.05	0.05	0.5	0.73	0.73	0.05	0.5	0.95	0.05	0.27	0.27	0.27	0.98	0.88	0.4075	0.14625	0.3625	0.35625	0.175	0.26	0.355	0.15125	0.1625	0.4625	0.35625	0.28875	0.32625	0.27125	0.2275	0.48375	0.585	0.0375	0.13625	0.51875	4.5	3.6	1.14	2	1.38889	0.1697	0.105467	0.14896	0.153357	0.198311
0.98	0.12	0.27	0.12	0.12	0.27	0.12	0.27	0.12	0.05	0.05	0.27	0.12	0.05	0.12	0.98	0.73	0.05	0.27	0.12	0.3475	0.10625	0.24	0.2625	0.21	0.185	0.23875	0.23375	0.1825	0.48625	0.4275	0.205	0.3425	0.37875	0.20625	0.3	0.415	0.06125	0.21125	0.5525	1.8	1.56667	2.6	1.24286	1.42222	0.0366	0.116267	0.1061	0.146429	0.154033
0.12	0.12	0.02	0.05	0.02	0.05	0.05	0.02	0.02	0.02	0.02	0.12	0.02	0.01	1	0.12	0.05	0.01	0.02	0.12	0.48375	0.13375	0.29875	0.375	0.21375	0.31625	0.33625	0.27375	0.28	0.3775	0.34625	0.3	0.3075	0.29875	0.0775	0.43625	0.5	0.06625	0.2425	0.44875	-1.6	1.33333	1.54	1.68571	0.533333	0.1425	0.0835667	0.1258	0.120471	0.178233
0.73	0.05	0.05	0.05	0.73	0.12	0.05	0.5	0.05	0.95	0.88	0.05	0.73	0.5	0.05	0.12	0.27	0.05	0.12	0.88	0.43625	0.115	0.21	0.2625	0.13375	0.23125	0.22375	0.205	0.24875	0.365	0.33375	0.2325	0.26625	0.265	0.1875	0.4075	0.425	0.07375	0.28625	0.41	3.8	0.466667	0.56	0.542857	1.42222	0.0716	0.1409	0.1127	0.172586	0.162833
0.5	0.27	0.88	0.88	0.12	0.27	0.5	0.12	0.5	0.12	0.05	0.5	0.12	0.05	0.12	0.95	0.95	0.02	0.12	0.27	0.48375	0.1	0.11	0.1625	0.21	0.225	0.19875	0.2575	0.22375	0.46375	0.41875	0.265	0.37	0.26375	0.1825	0.3125	0.35875	0.0775	0.28625	0.495	-0.8	0.866667	-0.5	0.542857	1.38889	0.2086	0.128133	0.20036	0.169386	0.1709
0.27	0.02	0.12	0.05	0.02	0.05	0.02	1	0.05	0.01	0.01	0.05	0.02	0.01	0.02	0.12	0.05	0.02	0.01	0.01	0.5125	0.15875	0.30875	0.35125	0.16625	0.3	0.315	0.15625	0.25125	0.3925	0.3475	0.3775	0.335	0.15625	0.3125	0.47375	0.5	0.05	0.18375	0.4325	-0.4	-1.56667	0.72	0.885714	0.5	0.1042	0.262567	0.20132	0.190257	0.1957
0.5	0.27	0.27	0.88	0.05	0.95	0.98	0.12	0.73	0.05	0.05	0.73	0.12	0.05	0.12	0.5	0.73	0.05	0.27	0.05	0.37625	0.11875	0.25875	0.235	0.1625	0.16	0.18625	0.235	0.1575	0.5	0.45875	0.265	0.4175	0.17875	0.29125	0.31	0.33875	0.04625	0.1325	0.50375	-3.5	0.2	0.8	0.614286	0.8	0.4749	0.242133	0.22354	0.226029	0.1972
0.5	0.05	0.05	0.05	0.12	0.12	0.05	0.05	0.05	0.95	0.88	0.12	0.5	0.27	0.05	0.27	0.5	0.12	0.5	0.95	0.42375	0.165	0.375	0.4425	0.1575	0.32	0.415	0.275	0.27375	0.4	0.35875	0.4175	0.3825	0.15625	0.19	0.4425	0.4525	0.03875	0.1075	0.39125	4.5	1.73333	0.26	0.714286	0.588889	0.1473	0.2683	0.2604	0.222957	0.249456
0.27	0.12	0.05	0.05	0.12	0.12	0.27	0.05	0.27	0.95	0.73	0.73	0.95	0.27	0.05	0.12	0.27	0.05	0.12	0.95	0.395	0.18375	0.43125	0.555	0.06875	0.4275	0.50375	0.2275	0.33125	0.2875	0.27375	0.42625	0.2975	0.09625	0.19875	0.5375	0.48125	0.04375	0.14625	0.2875	4.2	1.73333	1.24	0.328571	-0.222222	0.1827	0.240967	0.24958	0.2807	0.297089
0.5	0.27	0.88	0.73	0.05	0.5	0.5	0.12	0.27	0.05	0.12	0.5	0.12	0.05	0.99	0.73	0.5	0.05	0.05	0.12	0.3375	0.13375	0.22	0.3625	0.0775	0.3525	0.415	0.205	0.27125	0.495	0.435	0.395	0.44875	0.1325	0.06875	0.34875	0.3675	0.04375	0.155	0.4825	-3.5	1.73333	1.24	-0.114286	0.333333	0.3929	0.208567	0.27716	0.337286	0.277433
0.12	0.05	0.02	0.02	0.12	0.05	0.05	0.02	0.05	0.95	0.98	0.05	0.88	0.27	0.05	0.05	0.12	0.05	0.12	0.73	0.385	0.17375	0.40375	0.5075	0.06875	0.4175	0.5025	0.09875	0.29875	0.3875	0.36	0.5075	0.3575	0.10625	0.30875	0.4525	0.42375	0.04375	0.1475	0.43875	4.5	-0.833333	-0.36	0.985714	0.2	0.0501	0.351933	0.34776	0.273971	0.328367
0.5	0.27	0.73	0.88	0.05	0.5	0.95	0.27	0.27	0.12	0.05	0.73	0.12	0.05	0.12	0.95	0.73	0.02	0.05	0.12	0.28125	0.11875	0.39125	0.415	0.0725	0.2575	0.33	0.05875	0.195	0.48625	0.47125	0.34625	0.43875	0.12875	0.29125	0.2925	0.27125	0.04125	0.12375	0.51	-3.5	-0.833333	-0.36	0.114286	0.2	0.6128	0.387733	0.31756	0.3333	0.306911
0.27	0.27	0.5	0.95	0.02	0.98	0.98	0.12	0.73	0.05	0.05	0.73	0.5	0.02	0.12	0.73	0.27	0.02	0.05	0.05	0.2625	0.175	0.4475	0.4625	0.06375	0.2925	0.43875	0.08625	0.14625	0.3825	0.3675	0.4225	0.34375	0.10125	0.40875	0.32	0.3	0.02875	0.0675	0.43375	-3.5	-0.933333	0.02	-0.985714	0.166667	0.5003	0.3816	0.3515	0.347457	0.372278
0.27	0.02	0.02	0.02	0.12	0.05	0.02	0.01	0.02	0.88	0.73	0.02	0.5	0.12	0.02	0.05	0.27	0.02	0.12	1	0.32	0.1975	0.5075	0.60625	0.05125	0.40875	0.53125	0.1	0.26375	0.27	0.225	0.42625	0.25875	0.07	0.42125	0.42375	0.37625	0.025	0.05875	0.31875	4.2	-0.3	-1.58	0.114286	0.166667	0.0317	0.364867	0.39784	0.396414	0.393856
0.27	0.12	0.73	0.5	0.02	0.12	0.27	0.05	0.05	0.05	0.27	0.5	0.05	0.02	1	0.27	0.12	0.02	0.02	0.27	0.26375	0.15375	0.31125	0.5175	0.06	0.34	0.44	0.0825	0.24125	0.3825	0.30125	0.30625	0.33375	0.20125	0.1775	0.31125	0.33875	0.08125	0.175	0.41	-1.6	-0.3	-0.04	0.0714286	0.866667	0.5626	0.292033	0.4224	0.4431	0.3566
0.05	0.05	0.88	1	0.01	0.12	0.5	0.05	0.12	0.01	0.01	0.12	0.01	0.01	0.05	0.12	0.12	0	0.01	0.01	0.39875	0.19	0.32375	0.4675	0.06125	0.3675	0.43875	0.17125	0.24125	0.275	0.2175	0.43875	0.24375	0.175	0.305	0.4425	0.38625	0.08	0.1675	0.36625	-3.5	-0.3	1.5	0.971429	0.566667	0.2818	0.526667	0.39772	0.363786	0.373633
0.12	0.5	0.27	0.5	0.02	0.88	0.95	0.12	0.12	0.05	0.05	0.73	0.12	0.02	0.99	0.27	0.27	0.02	0.05	0.27	0.41875	0.13375	0.41875	0.51125	0.06	0.32875	0.37375	0.19125	0.24125	0.26125	0.2125	0.3625	0.23	0.17	0.1875	0.415	0.31	0.08125	0.1625	0.325	4.2	1.63333	1.22	1.72857	0.566667	0.7356	0.464767	0.4029	0.321371	0.363867
0.73	0.05	0.05	0.27	0.12	0.12	0.05	0.05	0.5	0.88	0.27	0.05	0.27	0.12	0.05	0.27	0.88	0.02	0.12	0.98	0.3425	0.26625	0.4175	0.43625	0.0475	0.36375	0.455	0.295	0.1175	0.15375	0.18125	0.48	0.155	0.1575	0.3525	0.3575	0.2625	0.08125	0.15375	0.23625	4.2	3.73333	1.9	0.628571	0.522222	0.3769	0.390033	0.33106	0.391829	0.363689
0.05	0.02	0.02	0.5	0.02	0.02	0.02	0.02	0.12	0.12	0.27	0.02	0.27	1	0.02	0.05	0.05	0.5	0.88	0.12	0.45625	0.2825	0.425	0.41125	0.06	0.385	0.4625	0.30375	0.16875	0.24875	0.2	0.54375	0.21625	0.095	0.36	0.4125	0.36625	0.025	0.05875	0.31	2.8	2.93333	1.9	0.3	0.555556	0.0576	0.212633	0.37968	0.3827	0.423844
0.98	0.27	0.27	0.12	0.12	0.27	0.27	0.73	0.12	0.05	0.05	0.73	0.12	0.05	0.12	0.95	0.5	0.02	0.05	0.12	0.32125	0.2425	0.30875	0.39875	0.06	0.35375	0.40375	0.21125	0.16875	0.3425	0.30375	0.39875	0.35375	0.245	0.285	0.28125	0.3575	0.08875	0.175	0.395	1.8	0.366667	0.28	1.44286	1.2	0.2034	0.261967	0.3323	0.424314	0.4052
0.73	0.27	0.88	0.73	0.05	0.95	0.88	0.5	0.27	0.05	0.05	0.73	0.12	0.02	0.12	0.88	0.27	0.05	0.05	0.05	0.38	0.23875	0.1375	0.20375	0.07	0.26	0.2675	0.35875	0.14125	0.3425	0.30375	0.39	0.355	0.24875	0.28125	0.29	0.3775	0.0875	0.175	0.40375	-3.5	-1.86667	0.34	1.44286	1.54444	0.5249	0.409	0.37154	0.375629	0.403967
0.27	0.88	0.27	0.12	0.02	0.5	0.73	0.88	0.12	0.02	0.02	0.99	0.05	0.02	0.5	0.27	0.5	0.02	0.05	0.05	0.4375	0.13375	0.2425	0.34125	0.07375	0.26875	0.2775	0.3025	0.16	0.37375	0.30375	0.37625	0.355	0.24875	0.1725	0.36625	0.33	0.09	0.17125	0.37625	-3.9	-0.966667	0.62	0.785714	0.688889	0.4987	0.532233	0.43898	0.360457	0.356144
0.5	0.12	0.05	0.05	0.12	0.12	0.05	0.05	0.05	0.88	0.88	0.5	0.99	0.5	0.05	0.27	0.27	0.05	0.12	0.73	0.35125	0.225	0.27875	0.3225	0.04875	0.3075	0.35875	0.525	0.1125	0.1575	0.16375	0.4375	0.20625	0.175	0.225	0.3475	0.255	0.08625	0.14875	0.17	4.5	1.6	0.18	-0.114286	0.177778	0.5731	0.488867	0.45244	0.395829	0.324756
0.12	0.05	0.05	0.02	0.12	0.12	0.05	0.02	0.05	0.73	0.88	0.05	1	0.27	0.5	0.12	0.5	0.05	0.12	0.95	0.42625	0.23375	0.27875	0.26625	0.06125	0.3075	0.35875	0.52875	0.10375	0.28375	0.1925	0.49375	0.23375	0.2025	0.16875	0.36625	0.235	0.03875	0.10125	0.2375	4.2	2.76667	0.18	-0.428571	0.366667	0.3948	0.412867	0.4085	0.380257	0.322533
0.27	0.02	0.12	0.05	0.02	0.05	0.02	1	0.05	0.01	0.01	0.05	0.02	0.01	0.02	0.12	0.05	0.02	0.01	0.01	0.41	0.21	0.2425	0.25375	0.07375	0.2975	0.34375	0.40625	0.095	0.37375	0.30125	0.4175	0.35625	0.23125	0.22875	0.31	0.2625	0.0425	0.115	0.355	-0.4	0.1	0.88	0.714286	0.366667	0.2707	0.323567	0.32764	0.310643	0.304144
0.12	0.27	0.5	0.99	0.02	0.5	0.88	0.05	0.12	0.27	0.02	0.88	0.05	0.02	0.5	0.27	0.12	0.01	0.02	0.05	0.3525	0.1475	0.0875	0.0475	0.0825	0.125	0.12875	0.46375	0.055	0.46	0.385	0.225	0.4	0.31875	0.15625	0.1875	0.235	0.04375	0.1225	0.4625	-3.5	-1.43333	0.88	1.52857	1.25556	0.3052	0.223433	0.22054	0.244814	0.2492
0.27	0.02	0.12	0.05	0.02	0.05	0.02	1	0.05	0.01	0.01	0.05	0.02	0.01	0.02	0.12	0.05	0.02	0.01	0.01	0.33375	0.16	0.1925	0.24125	0.08625	0.18125	0.255	0.25	0.0825	0.5525	0.44625	0.315	0.46	0.3325	0.16875	0.20625	0.215	0.04625	0.1325	0.5525	-0.4	0.2	0.4	1.52857	1.25556	0.0944	0.145733	0.14916	0.167286	0.232122
0.27	0.02	0.02	0.02	0.12	0.02	0.02	0.02	0.05	0.98	0.5	0.02	0.5	0.99	0.02	0.05	0.12	0.12	0.5	0.88	0.28625	0.1475	0.20125	0.245	0.06	0.17625	0.255	0.36875	0.07875	0.32375	0.27625	0.2625	0.27875	0.14875	0.2875	0.19625	0.17875	0.02875	0.0575	0.355	4.5	1.96667	1.38	0.371429	0.577778	0.0376	0.0566333	0.1011	0.160171	0.182233
1	0.05	0.05	0.05	0.12	0.12	0.12	0.73	0.05	0.05	0.05	0.12	0.12	0.02	0.12	0.5	0.27	0.02	0.05	0.12	0.27125	0.17125	0.25375	0.30125	0.06	0.1825	0.34625	0.2925	0.0875	0.36375	0.22875	0.30625	0.21625	0.2425	0.2275	0.24375	0.21625	0.0375	0.105	0.34625	1.8	3.6	1.3	0.2	0.0333333	0.0379	0.0353	0.10906	0.139229	0.199656
0.12	0.02	0.02	0.02	0.12	0.02	0.02	0.01	0.02	1	0.73	0.02	0.5	0.73	0.02	0.05	0.12	0.05	0.12	0.95	0.38125	0.20625	0.33375	0.42125	0.06375	0.28	0.46625	0.34875	0.11875	0.25	0.145	0.375	0.1725	0.155	0.2525	0.395	0.29125	0.03375	0.10125	0.25625	4.5	0.8	1.06	0.6	0.0333333	0.0304	0.137767	0.115	0.174429	0.221111
0.27	0.73	0.73	0.73	0.05	0.5	0.88	0.12	0.27	0.5	0.5	0.88	0.5	0.12	0.12	0.27	0.27	0.05	0.12	0.73	0.38125	0.09	0.305	0.27125	0.0725	0.1725	0.26375	0.45375	0.0875	0.28	0.1725	0.19125	0.16875	0.23125	0.18375	0.3675	0.2725	0.035	0.10125	0.28	-3.9	-0.333333	0.02	0.6	0.0333333	0.345	0.1665	0.2178	0.2272	0.212478
0.12	0.02	0.02	0.05	0.01	0.05	0.05	0.02	0.02	0.02	0.01	0.05	0.02	0.01	1	0.12	0.05	0.01	0.01	0.02	0.4	0.2675	0.47	0.4125	0.08125	0.3325	0.475	0.35625	0.23125	0.40125	0.2475	0.39875	0.24125	0.25	0.08625	0.405	0.385	0.04375	0.12875	0.40125	-1.6	-2.06667	-0.42	-0.542857	-0.355556	0.1241	0.340233	0.30298	0.254329	0.233111
0.73	0.27	0.5	0.5	0.12	0.27	0.88	0.12	0.12	0.12	0.05	0.5	0.12	0.05	0.12	0.95	0.95	0.02	0.05	0.12	0.305	0.24	0.41	0.35625	0.0675	0.30875	0.37125	0.34375	0.215	0.385	0.29	0.34625	0.2575	0.23125	0.19625	0.30125	0.29125	0.03375	0.095	0.40125	-0.7	-0.9	-2.02	-1.35714	-0.644444	0.5516	0.379833	0.3424	0.288929	0.234178
0.27	0.27	0.73	0.98	0.05	0.73	0.88	0.73	0.27	0.05	0.02	0.5	0.05	0.02	0.12	0.88	0.5	0.02	0.05	0.12	0.2525	0.2675	0.38125	0.2925	0.07625	0.25125	0.3625	0.17875	0.2525	0.47875	0.37875	0.39375	0.31375	0.3425	0.1875	0.2625	0.3475	0.04625	0.2075	0.50875	-0.4	-1.53333	-2.02	-1.72857	-0.377778	0.4638	0.4143	0.32942	0.291329	0.244
0.27	0.05	0.98	0.5	0.02	0.12	0.12	1	0.12	0.01	0.01	0.27	0.02	0.02	0.05	0.27	0.12	0.02	0.02	0.02	0.36125	0.3075	0.3625	0.365	0.08	0.34	0.47	0.1775	0.275	0.365	0.295	0.435	0.27	0.2575	0.20875	0.45125	0.41375	0.0425	0.2025	0.4175	-3.5	-2.6	-1.32	-0.571429	-0.677778	0.2275	0.3238	0.31404	0.260086	0.242911
0.27	0.73	0.73	0.5	0.05	0.88	0.88	0.12	0.95	0.5	0.12	0.88	0.12	0.05	0.12	0.27	0.73	0.05	0.12	0.27	0.3425	0.13375	0.305	0.28	0.07125	0.18875	0.27125	0.275	0.14	0.24375	0.22	0.255	0.1975	0.24	0.31	0.4325	0.31	0.03375	0.17625	0.2975	-3.9	-1.83333	-0.34	-0.0857143	-0.422222	0.2801	0.184933	0.22898	0.2453	0.221178
0.12	0.05	0.02	0.02	0.12	0.05	0.02	0.02	0.02	0.95	0.88	0.05	0.73	0.88	0.02	0.05	0.27	0.05	0.27	0.98	0.4375	0.2225	0.3975	0.33625	0.12375	0.2925	0.37875	0.3475	0.26	0.295	0.18625	0.35875	0.1525	0.2575	0.20375	0.46	0.395	0.0475	0.21875	0.325	1.9	0.733333	0.1	-0.214286	0.222222	0.0472	0.1512	0.14034	0.187843	0.220367
0.12	0.27	0.05	0.02	0.12	0.12	0.05	0.02	0.5	0.73	0.73	0.5	0.5	0.88	0.05	0.12	0.27	0.12	0.95	0.98	0.4375	0.22375	0.44125	0.3975	0.115	0.28375	0.35625	0.3475	0.2	0.31	0.20125	0.27375	0.1725	0.25375	0.2	0.42375	0.31	0.0375	0.13375	0.31625	4.2	2.63333	0.48	0.442857	-0.0888889	0.1263	0.0647	0.12472	0.138271	0.206578
0.99	0.12	0.12	0.12	0.12	0.12	0.12	0.27	0.05	0.05	0.05	0.12	0.12	0.05	0.12	0.95	0.27	0.02	0.05	0.12	0.38625	0.215	0.35625	0.26875	0.115	0.19875	0.24375	0.35	0.22875	0.39125	0.28625	0.265	0.22	0.3575	0.1825	0.24375	0.2625	0.05	0.2425	0.42375	1.8	1.46667	2.1	0.442857	-0.0888889	0.0206	0.0987667	0.09206	0.166843	0.164222
0.12	0.02	0.02	0.05	0.01	0.05	0.05	0.02	0.02	0.02	0.01	0.05	0.02	0.01	1	0.12	0.05	0.01	0.01	0.02	0.495	0.28375	0.28	0.23	0.14125	0.22625	0.32875	0.31875	0.2325	0.40875	0.305	0.35	0.2925	0.36625	0.08125	0.37625	0.3975	0.055	0.25125	0.49625	-1.6	1.46667	1.02	0.942857	0.222222	0.1494	0.0956	0.16812	0.138629	0.186989
0.73	0.05	0.05	0.02	0.5	0.05	0.05	0.5	0.05	0.88	0.5	0.05	0.27	0.98	0.05	0.12	0.27	0.12	0.5	0.95	0.4	0.19125	0.1875	0.17375	0.08875	0.11875	0.22125	0.245	0.1125	0.3625	0.32	0.2425	0.30875	0.2725	0.1875	0.34875	0.3125	0.0375	0.19	0.47	4.2	-0.3	0.1	0.571429	1.15556	0.1168	0.231233	0.15938	0.193657	0.159667
0.73	0.5	0.88	0.99	0.05	0.27	0.73	0.12	0.12	0.02	0.02	0.27	0.05	0.02	0.12	0.73	0.27	0.01	0.05	0.05	0.4475	0.22	0.115	0.14125	0.145	0.1475	0.1675	0.38125	0.11625	0.41375	0.30375	0.31875	0.27875	0.28875	0.19125	0.32875	0.34125	0.05125	0.2275	0.55125	-3.5	0.1	-0.4	0.614286	0.9	0.4275	0.208967	0.24174	0.1805	0.195278
0.73	0.05	0.12	0.05	0.05	0.05	0.05	1	0.05	0.02	0.02	0.05	0.05	0.02	0.05	0.27	0.12	0.02	0.02	0.12	0.46625	0.305	0.295	0.29	0.145	0.27	0.28	0.28375	0.09625	0.35625	0.275	0.39375	0.3075	0.27	0.20875	0.4625	0.43625	0.05	0.14625	0.45375	-0.4	-1.53333	0.82	0.3	9.86865e-17	0.0826	0.314167	0.2187	0.230086	0.227089
0.27	0.5	0.27	0.12	0.12	0.27	0.73	0.5	0.12	0.12	0.12	0.88	0.5	0.05	0.12	0.5	0.98	0.05	0.05	0.5	0.49125	0.24	0.2675	0.2725	0.13625	0.23375	0.18625	0.31875	0.0875	0.46	0.3475	0.28125	0.29875	0.29375	0.19125	0.34875	0.38625	0.05	0.15125	0.51	-0.7	1.13333	-0.1	-0.0285714	0.3	0.4324	0.183067	0.26888	0.267686	0.237033
0.12	0.02	0.02	0.02	0.12	0.02	0.02	0.01	0.02	0.99	0.73	0.02	0.5	0.27	0.02	0.05	0.27	0.02	0.12	0.99	0.51	0.3	0.29875	0.28	0.1375	0.2925	0.27125	0.38	0.1125	0.3825	0.3325	0.385	0.33	0.39	0.08	0.39625	0.475	0.115	0.26	0.46125	4.5	1.13333	-0.18	0.0142857	0.788889	0.0342	0.2781	0.2659	0.266729	0.249333
0.5	0.73	0.27	0.73	0.12	0.5	0.27	0.73	0.12	0.5	0.27	0.88	0.27	0.05	0.12	0.5	0.5	0.05	0.12	0.73	0.405	0.23875	0.3525	0.25125	0.08125	0.28875	0.325	0.26125	0.185	0.33625	0.33	0.38125	0.33125	0.2975	0.18625	0.3875	0.44625	0.09875	0.20375	0.38125	-0.4	0.0666667	0.8	0.914286	-0.0666667	0.3677	0.2715	0.2714	0.242814	0.325567
0.27	0.5	0.73	0.27	0.12	0.88	0.27	0.12	0.27	0.27	0.5	0.88	0.73	0.73	0.12	0.73	0.88	0.12	0.27	0.27	0.37625	0.22	0.21875	0.2	0.09	0.2225	0.24875	0.35625	0.1575	0.3775	0.305	0.3625	0.2825	0.2125	0.18625	0.3775	0.49	0.09125	0.185	0.4475	-3.9	0.0666667	1.5	0.471429	0.244444	0.4126	0.2968	0.23694	0.345714	0.296367
0.73	0.05	0.05	0.05	0.12	0.05	0.05	0.05	0.05	0.98	0.73	0.05	0.5	0.27	0.05	0.27	0.73	0.05	0.12	0.95	0.2425	0.38	0.39875	0.255	0.08625	0.3825	0.30375	0.35	0.28875	0.2925	0.28875	0.5825	0.3675	0.27375	0.20375	0.435	0.50875	0.1	0.21625	0.35375	4.5	1.13333	-0.1	0.471429	-0.1	0.1101	0.260933	0.39068	0.307471	0.328867
0.12	0.02	0.02	0.01	0.02	0.27	0.02	0.02	0.12	0.27	0.5	0.02	0.27	1	0.01	0.05	0.05	0.5	0.95	0.12	0.29125	0.33625	0.4025	0.25125	0.085	0.355	0.23125	0.29375	0.39	0.3675	0.30375	0.49125	0.34	0.1825	0.19625	0.40625	0.4775	0.04	0.16875	0.39625	2.8	1.26667	-0.16	-0.671429	-0.377778	0.2601	0.391033	0.35008	0.356171	0.286656
0.27	0.27	0.73	0.5	0.05	0.5	0.73	0.27	0.73	0.02	0.02	0.88	0.05	0.02	1	0.5	0.27	0.02	0.05	0.05	0.3825	0.30875	0.3175	0.19375	0.08125	0.33875	0.155	0.295	0.3175	0.29	0.27875	0.39625	0.32	0.2775	0.085	0.435	0.45	0.1	0.2725	0.34375	-3.5	-0.466667	-0.08	-1.07143	-0.677778	0.8029	0.409233	0.34258	0.311143	0.285067
0.27	0.12	0.27	0.12	0.12	0.12	0.12	0.27	0.05	0.12	0.05	0.12	0.12	0.02	0.12	0.88	1	0.02	0.05	0.12	0.335	0.23875	0.34375	0.1525	0.0725	0.33	0.2	0.20625	0.4025	0.3375	0.3325	0.38375	0.34	0.395	0.1825	0.33125	0.31125	0.1275	0.37625	0.35375	-0.7	-2.56667	-1.62	-0.257143	-0.322222	0.1647	0.447567	0.33106	0.255043	0.246078
0.12	0.88	0.88	0.27	0.02	0.5	0.27	0.88	0.88	0.05	0.12	0.98	0.5	0.05	0.12	0.27	0.12	0.02	0.12	0.05	0.3825	0.0875	0.21	0.115	0.16125	0.1875	0.18125	0.23875	0.27125	0.375	0.2675	0.18125	0.21625	0.30625	0.17375	0.4075	0.345	0.11875	0.34	0.3625	-3.5	-2.46667	-1.82	-0.5	0.0222222	0.3751	0.197433	0.28302	0.241714	0.216278
0.05	0.12	0.27	0.05	0.01	0.27	0.12	0.02	1	0.01	0.01	0.12	0.05	0.05	0.02	0.05	0.05	0.02	0.5	0.01	0.315	0.1825	0.2825	0.13875	0.1625	0.21625	0.19625	0.3425	0.2525	0.38	0.30875	0.28875	0.30125	0.3825	0.1825	0.4075	0.2775	0.1275	0.31125	0.35875	-3.2	-1.63333	-0.56	-1.01429	0.0222222	0.0525	0.149167	0.1258	0.225186	0.207167
1	0.05	0.05	0.05	0.12	0.12	0.12	0.27	0.05	0.12	0.05	0.12	0.12	0.05	0.12	0.73	0.27	0.02	0.05	0.5	0.215	0.28	0.34125	0.22875	0.1525	0.2925	0.3125	0.315	0.39	0.36625	0.25625	0.39625	0.2925	0.26375	0.18375	0.35	0.30625	0.0675	0.26375	0.37375	1.8	0.466667	-0.58	0.128571	-0.677778	0.0199	0.0297333	0.12174	0.1145	0.214133
0.12	0.02	0.02	0.02	0.12	0.05	0.02	0.02	0.12	0.98	0.73	0.02	0.5	0.99	0.02	0.05	0.12	0.27	0.95	0.88	0.3825	0.265	0.345	0.185	0.16125	0.2725	0.2675	0.34625	0.305	0.31875	0.2025	0.3325	0.25375	0.15	0.08625	0.495	0.41	0.03625	0.15125	0.3825	2.8	1.26667	1.02	-0.271429	-0.377778	0.0168	0.0603667	0.05234	0.137086	0.132967
0.5	0.05	0.27	0.12	0.73	0.12	0.27	0.99	0.05	0.5	0.05	0.12	0.12	0.05	0.05	0.73	0.27	0.05	0.05	0.27	0.36375	0.30875	0.37125	0.28	0.0725	0.34	0.34	0.20625	0.34125	0.36625	0.28375	0.39625	0.2925	0.2675	0.10125	0.33375	0.3	0.06375	0.26375	0.45	-0.8	2.16667	0.96	0.114286	-0.688889	0.1444	0.0631	0.1064	0.0938429	0.162867
0.12	0.05	0.02	0.02	0.12	0.05	0.02	0.02	0.02	0.98	0.95	0.05	0.73	0.88	0.02	0.05	0.12	0.12	0.27	0.88	0.45875	0.26125	0.41125	0.36875	0.16125	0.3775	0.42875	0.30875	0.32625	0.30625	0.1625	0.345	0.16875	0.16375	0.105	0.495	0.36625	0.05875	0.23625	0.3825	4.5	0.0666667	0.44	0.0714286	-0.388889	0.0281	0.1651	0.1169	0.148314	0.190389
0.27	0.73	0.27	0.73	0.05	0.73	0.95	0.05	0.27	0.27	0.12	0.88	0.27	0.05	0.12	0.27	0.5	0.02	0.12	0.73	0.4675	0.1675	0.40875	0.3075	0.17125	0.265	0.30375	0.4275	0.17625	0.395	0.26625	0.2325	0.2225	0.26375	0.09625	0.495	0.31875	0.07125	0.195	0.40125	-3.5	0.0666667	-0.82	-0.3	-0.0777778	0.3228	0.1411	0.2003	0.234443	0.234289
0.73	0.12	0.73	0.12	0.12	0.27	0.27	0.27	0.12	0.5	0.27	0.27	0.12	0.05	0.12	0.98	0.95	0.02	0.05	0.5	0.395	0.2525	0.35125	0.38375	0.1625	0.3225	0.38	0.3725	0.2225	0.47	0.3325	0.30875	0.28875	0.29125	0.0875	0.34875	0.29125	0.075	0.2125	0.48625	-0.8	-2.6	-0.82	-0.757143	0.188889	0.0724	0.276333	0.29598	0.295986	0.256578
0.5	0.5	0.73	0.98	0.02	0.73	0.95	0.12	0.27	0.02	0.02	0.73	0.05	0.02	0.27	0.27	0.27	0.02	0.05	0.05	0.42375	0.23625	0.3825	0.33625	0.1625	0.35	0.4175	0.395	0.2225	0.4225	0.2875	0.35875	0.25	0.17375	0.08125	0.465	0.37625	0.04375	0.1	0.4475	-3.5	-1.7	-1.8	-0.0428571	-0.511111	0.4338	0.376333	0.37988	0.306857	0.292089
0.5	0.5	0.95	0.88	0.12	0.73	0.73	0.73	0.73	0.05	0.05	0.5	0.12	0.05	0.12	0.88	0.5	0.05	0.12	0.12	0.395	0.23625	0.32375	0.33625	0.07375	0.34125	0.41375	0.1975	0.16125	0.47875	0.39625	0.37875	0.3175	0.1975	0.1	0.30375	0.3475	0.04	0.1	0.52375	-0.8	-1.56667	-0.26	-1.18571	0	0.6228	0.5014	0.35942	0.3509	0.280589
0.27	0.05	0.5	0.27	0.02	0.05	0.05	1	0.05	0.01	0.01	0.05	0.02	0.02	0.05	0.27	0.05	0.02	0.02	0.01	0.42375	0.2925	0.38	0.4125	0.08625	0.42625	0.49875	0.16375	0.25	0.4525	0.405	0.435	0.3575	0.21	0.10875	0.38	0.40375	0.04375	0.1125	0.51875	-0.4	1	-0.8	-0.142857	-0.188889	0.4476	0.4303	0.41222	0.310629	0.292356
0.88	0.12	0.05	0.05	0.12	0.12	0.05	0.05	0.27	0.95	0.73	0.12	0.5	0.27	0.05	0.27	0.5	0.05	0.12	0.95	0.3475	0.195	0.405	0.35125	0.0825	0.3325	0.3825	0.27875	0.19125	0.425	0.41	0.3225	0.32625	0.20625	0.09625	0.3525	0.31875	0.04	0.1	0.42875	4.2	0.1	0.66	0.371429	0.666667	0.2205	0.334833	0.33364	0.319429	0.259078
0.12	0.27	0.27	0.5	0.02	0.73	1	0.05	0.27	0.12	0.12	0.88	0.12	0.02	0.12	0.27	0.12	0.02	0.05	0.12	0.3575	0.17625	0.32	0.28625	0.08125	0.25625	0.245	0.2475	0.30125	0.4675	0.45375	0.20875	0.365	0.2375	0.075	0.23625	0.25375	0.04375	0.165	0.47125	-3.5	1.5	1.38	1.47143	0.4	0.3364	0.199267	0.23588	0.260786	0.264522
0.27	0.05	0.02	0.02	0.12	0.05	0.02	0.02	0.02	0.98	0.95	0.05	0.73	0.27	0.05	0.05	0.27	0.05	0.12	0.95	0.29125	0.14375	0.2625	0.22625	0.08125	0.25625	0.25125	0.23875	0.305	0.48	0.43875	0.2275	0.3925	0.3225	0.0525	0.23625	0.21625	0.0525	0.2125	0.48	3.8	1.03333	2.3	1.12857	1.1	0.0409	0.170433	0.15102	0.189157	0.218167
0.12	0.05	0.02	0.02	0.12	0.05	0.02	0.02	0.05	0.73	0.98	0.05	0.95	0.95	0.02	0.05	0.12	0.12	0.27	0.73	0.28125	0.08375	0.15875	0.1225	0.06875	0.17125	0.1625	0.2725	0.21625	0.50625	0.43	0.17125	0.3525	0.2325	0.04375	0.14125	0.17875	0.04	0.18	0.49375	2.8	3.6	0.82	1.58571	1.14444	0.134	0.0660667	0.1312	0.127586	0.155211
0.27	0.02	0.02	0.02	0.12	0.05	0.02	0.02	0.02	0.99	0.88	0.05	0.5	0.27	0.02	0.05	0.27	0.02	0.12	0.95	0.24375	0.08375	0.09875	0.09125	0.08125	0.1675	0.15875	0.14875	0.21625	0.59625	0.56375	0.1675	0.4975	0.34875	0.04	0.11375	0.16875	0.05625	0.21125	0.55625	4.2	1.26667	2.08	0.928571	1.68889	0.0233	0.0929	0.06724	0.104114	0.111567
0.05	0.12	0.27	0.05	0.01	0.27	0.12	0.02	1	0.01	0.01	0.12	0.05	0.05	0.02	0.05	0.05	0.02	0.5	0.01	0.17625	0.0625	0.1525	0.20625	0.08125	0.15875	0.25	0.2525	0.075	0.6025	0.5825	0.15875	0.49375	0.34375	0.04	0.11375	0.14875	0.05125	0.15125	0.5575	-3.2	1.26667	1.24	2.07143	0.833333	0.1214	0.0537667	0.0703	0.0638857	0.154822
0.12	0.02	0.02	0.02	0.12	0.05	0.02	0.02	0.05	0.98	0.73	0.05	0.88	0.95	0.02	0.05	0.12	0.12	0.5	0.95	0.18625	0.0475	0.18375	0.15375	0.08	0.11	0.1525	0.2525	0.16625	0.48125	0.48375	0.0725	0.39	0.23125	0.03125	0.1425	0.25	0.03875	0.15125	0.45875	2.8	-0.266667	1.58	1.02857	1.14444	0.0166	0.0647333	0.05446	0.145157	0.1225
0.27	0.02	0.12	0.05	0.02	0.05	0.02	1	0.05	0.01	0.01	0.05	0.02	0.01	0.02	0.12	0.05	0.02	0.01	0.01	0.19625	0.04375	0.17125	0.15	0.0925	0.11	0.1525	0.13	0.16625	0.59	0.5175	0.0725	0.46875	0.33	0.0275	0.13375	0.25875	0.0475	0.2125	0.5825	-0.4	2.3	0.04	0.528571	1.18889	0.0562	0.0425333	0.17176	0.132514	0.177989
0.12	0.02	0.02	0.02	0.12	0.02	0.02	0.01	0.02	0.99	0.98	0.02	0.73	0.27	0.02	0.05	0.12	0.05	0.12	0.73	0.2625	0.12875	0.3	0.185	0.07125	0.22625	0.24125	0.26625	0.1975	0.37875	0.28	0.1925	0.27625	0.18125	0.04	0.2275	0.2975	0.03125	0.17125	0.4075	4.5	0.2	0.54	0.528571	0.488889	0.0548	0.240267	0.15658	0.206371	0.241533
0.12	0.05	0.73	1	0.01	0.27	0.88	0.88	0.12	0.02	0.01	0.12	0.02	0.01	0.05	0.27	0.12	0.01	0.02	0.02	0.24375	0.12875	0.21125	0.06125	0.085	0.195	0.13375	0.15625	0.185	0.48625	0.415	0.18	0.425	0.27125	0.03625	0.2	0.27875	0.04	0.18375	0.44	-3.5	0.1	0.82	0.485714	0.444444	0.6098	0.2367	0.26132	0.289871	0.251344
0.27	0.05	0.27	0.05	0.12	0.12	0.12	0.05	0.05	0.12	0.05	0.12	0.12	0.02	0.05	0.5	1	0.02	0.05	0.27	0.23375	0.22375	0.3575	0.2925	0.0725	0.2425	0.32375	0.32	0.1025	0.475	0.41125	0.275	0.4125	0.26625	0.04875	0.19875	0.19625	0.03875	0.12375	0.41	-0.7	0	0.2	0.628571	0.366667	0.0455	0.398533	0.39126	0.303443	0.319811
0.5	0.02	0.02	0.02	0.12	0.05	0.02	0.02	0.02	0.88	0.5	0.05	0.5	0.12	0.02	0.05	0.27	0.02	0.12	1	0.28125	0.2275	0.40125	0.3	0.06	0.25125	0.34	0.44625	0.10625	0.25875	0.265	0.28375	0.2575	0.1375	0.05625	0.2825	0.27875	0.02625	0.055	0.2025	4.2	0	0.06	0.128571	0.0111111	0.5403	0.430567	0.40262	0.400786	0.3597
0.5	0.73	0.95	0.27	0.05	0.95	0.73	0.12	0.27	0.02	0.05	0.98	0.12	0.02	0.12	0.73	0.5	0.02	0.05	0.05	0.31	0.2275	0.3325	0.325	0.06875	0.22375	0.3725	0.315	0.1025	0.3675	0.32625	0.28	0.3175	0.15125	0.05625	0.21625	0.335	0.02625	0.06875	0.32625	-3.5	1.5	-0.02	-0.571429	-0.333333	0.7059	0.4526	0.42818	0.446614	0.427633
0.12	0.05	0.02	0.01	0.12	0.05	0.02	0.01	0.02	0.88	0.99	0.05	0.98	0.73	0.02	0.05	0.12	0.05	0.12	0.5	0.37625	0.31625	0.46125	0.36125	0.05125	0.34	0.465	0.4525	0.19375	0.1425	0.0925	0.4	0.125	0.09125	0.12875	0.31	0.3825	0.1075	0.07875	0.24125	3.8	-1.2	0.04	-0.571429	-0.877778	0.1116	0.518367	0.4942	0.454871	0.457144
0.12	0.88	0.98	0.95	0.02	0.5	0.88	0.5	0.27	0.02	0.02	0.88	0.05	0.02	0.12	0.27	0.27	0.02	0.05	0.02	0.36375	0.20875	0.25125	0.12	0.065	0.25125	0.24875	0.2825	0.15375	0.2625	0.24625	0.2825	0.2725	0.30375	0.11125	0.25125	0.35125	0.1725	0.195	0.31375	-3.9	-0.166667	-1.5	-0.528571	-0.177778	0.7376	0.408267	0.51966	0.494143	0.400133
0.73	0.02	0.12	0.05	0.02	0.05	0.05	1	0.05	0.01	0.01	0.05	0.02	0.02	0.05	0.27	0.05	0.02	0.02	0.02	0.2875	0.34375	0.35875	0.33625	0.05625	0.355	0.45625	0.22875	0.19	0.31125	0.25625	0.48125	0.27625	0.3075	0.12875	0.25125	0.3725	0.1725	0.19875	0.3425	-0.4	-2.6	-0.88	-0.728571	-0.533333	0.3756	0.5936	0.44256	0.430771	0.441856
0.5	0.73	0.5	0.5	0.02	0.73	0.99	0.05	0.27	0.02	0.05	0.95	0.12	0.02	0.12	0.27	0.73	0.02	0.05	0.05	0.345	0.34375	0.3425	0.2925	0.05625	0.32625	0.37	0.36	0.175	0.2625	0.2225	0.425	0.235	0.3075	0.18	0.355	0.345	0.17625	0.195	0.305	-3.5	-1.43333	-1.08	-0.785714	-1.5	0.6676	0.454533	0.43958	0.390071	0.423944
0.27	0.05	0.12	0.05	0.05	0.05	0.05	1	0.5	0.05	0.05	0.05	0.05	0.5	0.5	0.12	0.12	0.73	0.27	0.5	0.32625	0.37125	0.33375	0.32125	0.0525	0.32625	0.41125	0.2325	0.2375	0.3475	0.3075	0.50625	0.2625	0.355	0.12375	0.2975	0.37375	0.1	0.27125	0.27625	-0.4	-0.366667	-1.08	-1.97143	-0.611111	0.3204	0.361567	0.37626	0.428286	0.379511
0.02	0.02	0.01	0.01	0.02	0.01	0.01	0.01	0.05	0.12	0.27	0.01	0.27	1	0.01	0.02	0.02	0.5	0.88	0.12	0.43375	0.375	0.35125	0.33125	0.05625	0.33125	0.42	0.36125	0.2975	0.33875	0.21875	0.51125	0.175	0.235	0.18875	0.3375	0.4625	0.12875	0.27125	0.38375	2.8	-0.5	-1.9	-0.771429	-0.833333	0.0967	0.279367	0.37696	0.366629	0.3806
0.27	0.27	0.27	0.88	0.05	0.5	0.95	0.12	0.12	0.5	0.12	0.88	0.12	0.05	0.12	0.5	0.95	0.02	0.05	0.5	0.42125	0.325	0.2875	0.195	0.05625	0.3175	0.31125	0.3	0.28875	0.30375	0.24125	0.41125	0.2025	0.35375	0.175	0.30625	0.375	0.18875	0.375	0.3675	-3.9	-1.86667	-0.3	-0.457143	-0.788889	0.421	0.298933	0.30464	0.330314	0.3622
0.73	0.73	0.27	0.12	0.12	0.5	0.27	0.12	0.12	0.5	0.27	0.5	0.27	0.12	0.5	0.88	0.73	0.05	0.12	0.73	0.30625	0.3275	0.30625	0.39375	0.0475	0.43	0.5125	0.18125	0.31625	0.30875	0.2275	0.515	0.19625	0.345	0.13625	0.2875	0.45875	0.185	0.37	0.37	-4.5	-1.3	0.14	-0.457143	-1.13333	0.3791	0.3687	0.26484	0.316657	0.382167
0.12	0.27	0.5	0.05	0.05	0.27	0.12	0.05	1	0.73	0.73	0.73	0.27	0.88	0.05	0.12	0.12	0.12	0.88	0.27	0.35375	0.3275	0.325	0.43125	0.05625	0.3825	0.4225	0.30875	0.1875	0.27875	0.165	0.40125	0.18375	0.25	0.18375	0.3825	0.45875	0.17625	0.27125	0.42375	4.5	0.6	-1.12	-0.9	-0.788889	0.306	0.268833	0.3599	0.350214	0.367289
0.73	0.05	0.05	0.05	0.12	0.05	0.05	0.05	0.05	0.88	0.5	0.05	0.5	0.27	0.05	0.27	0.73	0.05	0.73	0.98	0.2775	0.3825	0.42875	0.5475	0.04375	0.52625	0.535	0.19875	0.2775	0.2875	0.19375	0.5425	0.16375	0.26625	0.13625	0.41125	0.40125	0.09625	0.2625	0.27875	1.8	0.933333	-1.04	-1.35714	-1.13333	0.1214	0.333133	0.38676	0.412643	0.375189
0.27	0.73	0.73	0.73	0.05	0.88	0.95	0.12	0.27	0.12	0.05	0.95	0.12	0.02	0.12	0.5	0.5	0.02	0.05	0.27	0.395	0.38625	0.43375	0.52375	0.05625	0.53125	0.5125	0.20375	0.335	0.40125	0.25	0.53875	0.21125	0.1875	0.18875	0.4425	0.49	0.0525	0.32875	0.38625	-3.5	-1.73333	-0.22	-1.3	-1.94444	0.572	0.416233	0.41768	0.408429	0.432244
0.27	0.5	0.27	0.88	0.02	0.95	0.98	0.05	0.27	0.05	0.05	0.5	0.12	0.02	0.12	0.5	0.5	0.02	0.05	0.27	0.395	0.38375	0.46	0.3975	0.06875	0.46625	0.39625	0.2	0.3225	0.4575	0.2975	0.49125	0.25875	0.24375	0.18	0.395	0.4625	0.0525	0.3375	0.4475	-3.5	-2.46667	-1.82	-1.3	-1.04444	0.5553	0.553667	0.43478	0.441443	0.389944
0.27	0.27	0.88	0.73	0.02	0.12	0.12	1	0.12	0.01	0.01	0.27	0.02	0.02	0.05	0.27	0.12	0.02	0.02	0.02	0.3375	0.4125	0.44125	0.435	0.05625	0.59875	0.58	0.08125	0.4175	0.40625	0.275	0.58125	0.2525	0.23125	0.14125	0.37625	0.48125	0.04875	0.34125	0.4025	-0.4	-2.46667	-3.08	-1.34286	-0.977778	0.5337	0.4935	0.53254	0.403486	0.408078
0.27	0.27	0.5	0.98	0.02	0.98	0.88	0.12	0.27	0.27	0.05	0.5	0.12	0.02	0.12	0.5	0.27	0.02	0.05	0.05	0.41375	0.44125	0.44125	0.4125	0.065	0.57625	0.5325	0.2	0.28875	0.37375	0.24125	0.57125	0.24	0.13625	0.18875	0.36625	0.48125	0.04	0.2425	0.45625	-3.5	-2.8	-1.54	-2.15714	-1.01111	0.3915	0.5118	0.4262	0.463614	0.429556
0.5	0.73	0.73	0.5	0.05	0.88	0.73	0.12	0.73	0.27	0.27	0.88	0.27	0.12	0.5	0.5	0.5	0.12	0.73	0.27	0.3275	0.38375	0.44	0.48125	0.04875	0.58875	0.55125	0.31875	0.23125	0.265	0.1525	0.52375	0.16125	0.0925	0.14125	0.42375	0.37625	0.02375	0.06875	0.30875	-4.5	-1.26667	-1.62	-1.05714	-1.25556	0.6102	0.347333	0.4236	0.453229	0.469111
0.27	0.02	0.02	0.02	0.12	0.05	0.05	0.02	0.02	0.88	0.5	0.05	0.5	0.5	0.05	0.12	0.73	0.02	0.12	0.99	0.3375	0.39625	0.5	0.575	0.035	0.705	0.63625	0.3225	0.30125	0.17625	0.12	0.5425	0.12375	0.04375	0.1975	0.4425	0.3	0.035	0.14125	0.1875	4.2	-1.4	-0.7	-0.614286	-1.25556	0.0403	0.3976	0.41672	0.4421	0.444467
0.27	0.73	0.73	0.27	0.02	0.73	0.88	0.12	0.73	0.05	0.05	0.99	0.12	0.02	0.12	0.5	0.5	0.02	0.12	0.12	0.3375	0.27875	0.3925	0.44875	0.05125	0.56375	0.4725	0.31	0.19375	0.3075	0.26125	0.45375	0.19	0.11625	0.2975	0.395	0.32875	0.03875	0.15	0.325	-3.9	1.5	-0.08	-1.05714	-0.944444	0.5423	0.360633	0.4339	0.415886	0.422533
0.73	0.5	0.12	0.12	0.12	0.95	0.5	0.12	0.12	0.73	0.5	0.88	0.27	0.12	0.5	0.27	0.27	0.05	0.12	0.73	0.26125	0.28	0.36125	0.37875	0.05125	0.5275	0.5075	0.18625	0.2575	0.34	0.32625	0.44	0.26	0.135	0.24625	0.39625	0.3575	0.03875	0.1625	0.35625	4.2	-0.0333333	0.12	-0.657143	-0.433333	0.4993	0.506333	0.3819	0.411086	0.366067
0.27	0.05	0.27	0.12	0.02	0.05	0.05	1	0.05	0.01	0.01	0.05	0.02	0.02	0.05	0.73	0.12	0.02	0.02	0.02	0.3	0.30875	0.2825	0.25875	0.07625	0.52375	0.46	0.095	0.235	0.51875	0.5	0.4875	0.39875	0.17875	0.29375	0.2825	0.37625	0.04625	0.18375	0.5575	-0.4	0.1	-0.86	0.585714	0.455556	0.4774	0.4423	0.44542	0.327557	0.3245
0.12	0.12	0.5	1	0.01	0.98	0.95	0.05	0.12	0.02	0.02	0.27	0.05	0.01	0.12	0.27	0.12	0.01	0.02	0.02	0.29	0.3	0.225	0.14875	0.0775	0.38875	0.37875	0.205	0.16875	0.49875	0.48	0.44125	0.37625	0.19875	0.2375	0.36875	0.42375	0.03875	0.1075	0.53875	-3.5	-1.53333	0.76	0.628571	0.566667	0.3502	0.395167	0.34206	0.324286	0.300544
0.27	0.27	0.12	0.12	0.05	0.5	0.5	0.05	0.12	0.27	0.73	0.73	0.27	0.12	0.99	0.5	0.5	0.05	0.12	0.5	0.2525	0.28125	0.2725	0.25875	0.12	0.445	0.43125	0.205	0.1725	0.44875	0.42	0.38	0.3775	0.2475	0.125	0.33125	0.3	0.065	0.17125	0.465	-0.7	0	0.82	0.685714	0.411111	0.3579	0.244533	0.24568	0.303186	0.303322
0.12	0.05	0.02	0.02	0.12	0.05	0.02	0.01	0.02	0.95	0.98	0.05	0.73	0.27	0.02	0.05	0.12	0.05	0.12	0.88	0.24375	0.22375	0.285	0.3625	0.11	0.425	0.44375	0.20125	0.10875	0.35875	0.38375	0.35625	0.3075	0.22875	0.2375	0.34	0.3	0.18625	0.1625	0.40375	4.2	2.66667	0.2	0.485714	0.455556	0.0255	0.1336	0.22912	0.241186	0.295056
0.12	0.05	0.02	0.02	0.12	0.05	0.05	0.27	0.02	0.98	0.95	0.05	0.98	0.27	0.05	0.05	0.27	0.05	0.12	0.95	0.18625	0.195	0.27625	0.41	0.11	0.32125	0.3925	0.16875	0.1	0.355	0.4475	0.30875	0.33375	0.2475	0.205	0.34	0.2625	0.18625	0.1625	0.36625	4.5	1.73333	1.46	0.0428571	0.411111	0.0174	0.145833	0.17214	0.239829	0.257278
0.27	0.73	0.5	0.5	0.05	0.73	0.98	0.05	0.27	0.12	0.12	0.73	0.12	0.27	0.12	0.73	0.88	0.05	0.12	0.12	0.225	0.1375	0.27375	0.45375	0.1225	0.2925	0.38	0.08625	0.0775	0.4675	0.5525	0.3275	0.445	0.2475	0.3125	0.1975	0.205	0.18625	0.16625	0.47375	-3.5	1.26667	0.9	1.08571	0.277778	0.3946	0.1591	0.19414	0.212557	0.2853
0.12	0.02	0.02	0.02	0.5	0.02	0.02	0.02	0.05	0.73	0.73	0.02	0.73	1	0.02	0.05	0.12	0.27	0.73	0.88	0.32	0.245	0.28625	0.395	0.08	0.2925	0.415	0.09	0.12375	0.45125	0.565	0.47375	0.425	0.27375	0.31625	0.2825	0.3475	0.19125	0.21	0.41	2.8	-1.4	0.82	0.957143	1.08889	0.0653	0.309267	0.2209	0.265657	0.280533
0.05	0.05	0.73	1	0.01	0.12	0.5	0.05	0.12	0.01	0.01	0.12	0.02	0.02	0.05	0.12	0.12	0.99	0.05	0.01	0.31	0.21	0.185	0.26	0.15	0.22375	0.295	0.08125	0.1025	0.63125	0.6825	0.3725	0.57125	0.415	0.19125	0.2175	0.3	0.10125	0.295	0.56625	-3.5	1.03333	-0.4	0.9	1.58889	0.4679	0.230833	0.36334	0.305914	0.241811
0.27	0.27	0.05	0.5	0.12	0.12	0.12	0.12	0.05	0.73	0.98	0.5	0.73	0.27	0.27	0.27	0.12	0.05	0.12	0.5	0.33	0.28625	0.3775	0.35375	0.1275	0.28	0.45	0.08625	0.1425	0.42875	0.445	0.44125	0.40625	0.3525	0.17625	0.255	0.3475	0.215	0.2775	0.40125	3.8	-0.433333	1.06	0.8	0.733333	0.1593	0.452267	0.34588	0.304771	0.303111
0.73	0.27	0.73	0.95	0.05	0.5	0.88	0.12	0.12	0.05	0.02	0.88	0.05	0.02	0.98	0.27	0.27	0.02	0.05	0.05	0.34875	0.37125	0.38125	0.3575	0.1275	0.33625	0.4675	0.0675	0.165	0.3975	0.4525	0.4975	0.38375	0.3525	0.115	0.34	0.32875	0.215	0.2775	0.35375	-1.6	2	1.26	0.8	-0.155556	0.7296	0.398733	0.3347	0.330857	0.382067
0.73	0.27	0.12	0.05	0.12	0.27	0.27	0.05	0.27	0.5	0.73	0.73	0.5	0.95	0.05	0.27	0.5	0.27	0.98	0.27	0.40625	0.3425	0.51375	0.44125	0.11875	0.33625	0.455	0.10375	0.235	0.34125	0.36375	0.54375	0.3275	0.20875	0.23125	0.2825	0.22375	0.18	0.16125	0.32625	3.8	2	1.26	-0.1	-0.2	0.3073	0.348767	0.35656	0.425529	0.395311
0.12	0.02	0.02	0.02	0.12	0.05	0.02	0.01	0.02	0.99	0.95	0.02	0.73	0.27	0.02	0.05	0.12	0.05	0.12	0.88	0.58625	0.38625	0.58625	0.47625	0.07125	0.395	0.54625	0.225	0.275	0.20375	0.26	0.66375	0.2225	0.18375	0.2475	0.36625	0.29	0.18875	0.24	0.2025	3.8	1.36667	-0.2	-0.157143	-0.311111	0.0094	0.297967	0.4703	0.432086	0.429722
0.5	0.88	0.88	0.27	0.05	0.5	0.88	0.12	0.27	0.05	0.05	0.98	0.12	0.02	0.12	0.5	0.5	0.02	0.05	0.05	0.56625	0.36375	0.4025	0.3825	0.085	0.38625	0.4675	0.21125	0.2625	0.335	0.43375	0.63875	0.33	0.275	0.3475	0.32875	0.26125	0.1025	0.36125	0.32	-3.5	-1.06667	-0.66	-0.442857	-0.355556	0.5772	0.4382	0.42714	0.4629	0.439144
0.73	0.73	0.73	0.5	0.05	0.88	0.95	0.12	0.27	0.05	0.05	0.88	0.12	0.02	0.27	0.73	0.27	0.02	0.05	0.12	0.56625	0.36375	0.50625	0.41375	0.07625	0.3575	0.50625	0.21125	0.27125	0.24625	0.31375	0.6225	0.245	0.24375	0.38625	0.38875	0.3375	0.09875	0.3525	0.255	-3.5	-3.63333	-1.06	-0.771429	-0.866667	0.728	0.606333	0.44068	0.437629	0.447967
0.73	0.5	0.95	0.27	0.05	0.5	0.27	0.27	0.98	0.12	0.12	0.95	0.12	0.05	0.12	0.27	0.27	0.02	0.12	0.12	0.5375	0.37375	0.42125	0.38625	0.085	0.3575	0.49625	0.18375	0.17375	0.34125	0.39375	0.51875	0.33	0.2525	0.3925	0.475	0.41375	0.1025	0.3525	0.34	-3.9	-1.86667	-2.6	-1.42857	-0.766667	0.5138	0.538933	0.54934	0.427829	0.378711
0.95	0.12	0.5	0.27	0.12	0.27	0.5	0.95	0.12	0.12	0.12	0.27	0.12	0.12	0.12	0.5	0.27	0.12	0.5	0.5	0.4525	0.39375	0.46875	0.38625	0.07625	0.35875	0.44	0.095	0.25375	0.40125	0.4125	0.5275	0.35875	0.15875	0.3925	0.44625	0.46125	0.0625	0.1975	0.36875	1.8	-2	-2.06	-2.07143	-0.766667	0.375	0.4805	0.48164	0.441671	0.354167
0.27	0.73	0.12	0.5	0.05	0.5	0.73	0.05	0.27	0.12	0.5	0.88	0.27	0.5	0.95	0.27	0.27	0.27	0.95	0.12	0.55625	0.33	0.5475	0.37	0.085	0.33875	0.42375	0.2125	0.23875	0.34	0.26125	0.46375	0.2825	0.08375	0.30125	0.57875	0.57125	0.04	0.1325	0.3975	-3.9	-0.966667	-1.5	-1.02857	-1.26667	0.5527	0.3888	0.3573	0.371557	0.354122
0.5	0.12	0.73	0.98	0.05	0.27	0.5	0.12	0.12	0.02	0.02	0.27	0.05	0.02	0.73	0.98	0.5	0.02	0.05	0.05	0.48	0.3025	0.3675	0.2825	0.08125	0.31125	0.34875	0.19125	0.23	0.38	0.33	0.4325	0.38625	0.14375	0.43875	0.4425	0.495	0.07	0.24125	0.43375	-0.8	-1.8	0.04	-0.628571	-1.05556	0.2387	0.299233	0.27182	0.268843	0.291589
0.5	0.12	0.27	0.5	0.12	0.12	0.12	0.05	0.05	0.88	0.73	0.12	0.73	0.12	0.88	0.5	0.88	0.05	0.12	0.73	0.4225	0.2175	0.33625	0.2825	0.08125	0.22625	0.28	0.1875	0.2075	0.385	0.32625	0.3475	0.39625	0.23875	0.3925	0.4175	0.4475	0.07	0.26	0.45625	-0.7	0.766667	-0.46	-0.3	-0.2	0.1063	0.1438	0.19862	0.1975	0.211522
0.27	0.05	0.05	0.05	0.12	0.05	0.05	0.02	0.05	0.98	0.88	0.12	0.73	0.27	0.05	0.27	0.88	0.05	0.12	0.88	0.39375	0.16625	0.2475	0.3075	0.09	0.17875	0.2575	0.16	0.0875	0.48	0.38375	0.235	0.44375	0.2475	0.4875	0.4275	0.47625	0.07	0.26	0.545	3.8	0.8	-4.44089e-17	0.0428571	0.7	0.0864	0.0672333	0.09096	0.144986	0.155711
0.27	0.12	0.27	0.12	0.12	0.12	0.12	0.05	0.05	0.5	0.12	0.12	0.27	0.05	0.12	0.88	1	0.02	0.05	0.73	0.29	0.145	0.16	0.2675	0.185	0.1425	0.18875	0.04	0.075	0.6475	0.52625	0.2075	0.54875	0.37	0.46625	0.295	0.46125	0.065	0.24	0.62375	-0.7	0.5	1	1.2	1	0.009	0.0366	0.0447	0.0676714	0.115989
0.12	0.05	0.05	0.05	0.02	0.05	0.05	0.02	0.05	0.27	0.12	0.12	0.73	0.02	1	0.12	0.12	0.01	0.02	0.27	0.3375	0.0775	0.20625	0.2475	0.20625	0.1225	0.16875	0.0525	0.05625	0.67625	0.47875	0.13125	0.52	0.3175	0.2525	0.475	0.66125	0.03875	0.14	0.7	-1.6	0.633333	1.98	1.95714	1.34444	0.0144	0.0102667	0.02574	0.0360714	0.0877556
0.27	0.05	0.02	0.02	0.12	0.05	0.02	0.02	0.02	0.95	0.73	0.05	0.88	0.88	0.05	0.05	0.27	0.05	0.27	0.98	0.27125	0.0775	0.24375	0.19125	0.19	0.1225	0.14375	0.0525	0.07875	0.59125	0.4025	0.14	0.50125	0.21	0.28625	0.42375	0.61375	0.0325	0.10875	0.6075	4.2	2.26667	2.12	1.94286	1.04444	0.0074	0.0111	0.01196	0.0635429	0.0953333
0.27	0.02	0.02	0.02	0.12	0.05	0.02	0.02	0.02	0.98	0.73	0.05	0.5	0.27	0.05	0.12	0.5	0.02	0.12	0.98	0.27125	0.08125	0.24375	0.14375	0.19	0.17	0.14375	0.10875	0.135	0.56875	0.4025	0.15875	0.5675	0.28625	0.19125	0.4625	0.585	0.03625	0.1275	0.57875	4.2	4.3	2.1	0.9	1.33333	0.0115	0.0121333	0.06988	0.0950429	0.109733
0.12	0.02	0.02	0.02	0.88	0.05	0.02	0.02	0.02	0.98	0.5	0.05	0.5	0.88	0.02	0.05	0.27	0.05	0.27	0.98	0.31875	0.10875	0.32875	0.26125	0.08625	0.22625	0.25625	0.14	0.1625	0.4525	0.32375	0.235	0.4825	0.17875	0.20375	0.5	0.56625	0.02875	0.1	0.475	4.5	2.63333	1.72	1.27143	0.522222	0.0175	0.1092	0.12838	0.127457	0.155989
0.5	0.12	0.27	0.27	0.12	0.27	0.5	0.12	0.12	0.12	0.12	0.27	0.5	0.05	0.12	0.95	0.99	0.05	0.12	0.27	0.3	0.14375	0.3825	0.33375	0.1725	0.29375	0.3	0.13625	0.1775	0.50375	0.3625	0.3025	0.46375	0.27875	0.19125	0.34	0.385	0.02875	0.11875	0.47875	-0.8	0.0666667	1.26	1	0.211111	0.2986	0.207667	0.17408	0.197214	0.242033
0.12	0.12	1	0.5	0.02	0.27	0.27	0.12	0.27	0.02	0.02	0.27	0.05	0.02	0.05	0.5	0.27	0.01	0.05	0.02	0.395	0.14375	0.29125	0.305	0.1975	0.3025	0.32875	0.1675	0.18625	0.57375	0.4225	0.29375	0.4625	0.40375	0.08125	0.415	0.49375	0.095	0.2475	0.5675	-3.5	-0.8	-0.28	-0.1	0.888889	0.3069	0.280467	0.27232	0.308071	0.2833
0.5	0.12	0.27	0.12	0.12	0.5	0.12	0.5	0.5	0.73	0.73	0.27	0.88	0.12	0.12	0.88	0.88	0.05	0.12	0.5	0.405	0.22875	0.4425	0.38375	0.185	0.33	0.43625	0.20875	0.18875	0.38125	0.27625	0.3975	0.26375	0.2875	0.08125	0.4525	0.475	0.09	0.22	0.4	1.9	-1.7	-1.88	-0.0571429	-0.0111111	0.2359	0.3485	0.4255	0.361543	0.332622
0.5	0.27	0.73	0.99	0.05	0.5	0.95	0.27	0.27	0.05	0.02	0.73	0.05	0.02	0.12	0.5	0.5	0.02	0.05	0.05	0.43375	0.24125	0.47375	0.335	0.24125	0.415	0.44	0.2975	0.24875	0.3775	0.3075	0.39625	0.3675	0.2725	0.09	0.57625	0.5225	0.0975	0.22875	0.3675	-3.5	-1.7	-0.82	-1.25714	-0.866667	0.5027	0.507333	0.44294	0.423514	0.388889
0.5	0.5	0.95	0.95	0.05	0.88	0.95	0.12	0.27	0.05	0.05	0.88	0.12	0.02	0.12	0.5	0.27	0.02	0.05	0.05	0.4525	0.21625	0.4775	0.34375	0.14625	0.37625	0.4525	0.31625	0.2525	0.37375	0.35125	0.3775	0.40625	0.25375	0.09375	0.585	0.58	0.0975	0.22875	0.36375	-3.5	-0.833333	-0.9	-1.64286	-0.944444	0.7834	0.5573	0.47182	0.454843	0.404022
0.5	0.05	0.05	0.05	0.12	0.12	0.05	0.27	0.27	0.73	0.5	0.05	0.27	0.99	0.05	0.27	0.27	0.5	0.98	0.73	0.42375	0.2725	0.57125	0.4375	0.1375	0.47125	0.59375	0.28875	0.2525	0.3925	0.37125	0.51	0.3875	0.23625	0.09375	0.51	0.51875	0.04625	0.13125	0.355	4.5	-0.966667	-1.98	-0.6	-0.355556	0.3858	0.540167	0.52822	0.432957	0.409856
0.73	0.73	0.5	0.27	0.12	0.5	0.73	0.73	0.27	0.12	0.27	0.88	0.12	0.05	0.12	0.73	0.73	0.05	0.12	0.12	0.4425	0.2825	0.4525	0.38125	0.14125	0.4525	0.5375	0.27875	0.2525	0.48125	0.4125	0.495	0.415	0.36625	0.18875	0.42375	0.49	0.1075	0.295	0.44375	-3.9	-0.966667	-0.52	-0.228571	-0.4	0.4513	0.451667	0.45842	0.449414	0.432767
0.5	0.27	0.73	0.5	0.5	0.73	0.88	0.5	0.27	0.27	0.27	0.5	0.5	0.05	0.12	0.73	0.5	0.05	0.12	0.27	0.47125	0.35875	0.4525	0.4	0.09375	0.4525	0.5375	0.26	0.3	0.4625	0.4125	0.57125	0.32	0.385	0.18875	0.37625	0.47125	0.1075	0.31375	0.425	-3.5	-1.2	1.08	-0.285714	-0.188889	0.5179	0.3743	0.37196	0.4509	0.461767
0.27	0.05	0.27	0.05	0.12	0.12	0.12	0.02	0.05	0.95	0.88	0.05	0.88	0.73	0.05	0.12	0.5	0.05	0.27	0.95	0.52875	0.4625	0.4525	0.36625	0.15	0.5575	0.605	0.30125	0.3275	0.38625	0.34875	0.59875	0.3	0.30375	0.27375	0.5	0.51875	0.11125	0.30375	0.39625	3.8	1.6	-0.6	0.757143	0.111111	0.1537	0.3409	0.39742	0.409971	0.467144
0.27	0.12	0.12	0.12	0.12	0.27	0.73	0.05	0.12	0.95	0.73	0.5	0.5	0.88	0.05	0.12	0.5	0.12	0.27	0.88	0.57625	0.40625	0.415	0.25375	0.15875	0.49125	0.425	0.40625	0.3	0.38625	0.3675	0.4475	0.33875	0.28875	0.27375	0.5	0.51875	0.10625	0.30375	0.405	4.5	1.46667	0.94	-9.5162e-17	0.455556	0.3511	0.3393	0.40654	0.433586	0.427222
0.5	0.88	0.5	0.27	0.05	0.5	0.5	0.5	0.27	0.12	0.12	0.98	0.12	0.12	0.88	0.27	0.5	0.05	0.5	0.12	0.57625	0.33875	0.42375	0.32	0.1675	0.53875	0.5575	0.37875	0.33875	0.405	0.3875	0.4725	0.3675	0.26625	0.22625	0.53875	0.595	0.05875	0.1675	0.42375	-3.9	1.46667	1.48	0.5	-0.133333	0.5131	0.4537	0.41318	0.4297	0.451156
0.5	0.27	0.5	0.5	0.12	0.73	0.27	0.12	0.88	0.73	0.73	0.5	0.5	0.27	0.12	0.5	0.5	0.05	0.27	0.5	0.5475	0.33875	0.3675	0.26375	0.15875	0.53875	0.52875	0.34125	0.235	0.4325	0.34	0.485	0.3675	0.25625	0.3125	0.43375	0.5375	0.05875	0.19625	0.48375	3.8	-0.3	0.64	0.885714	0.766667	0.4969	0.520367	0.46726	0.4416	0.409433
0.73	0.88	0.27	0.27	0.12	0.73	0.73	0.12	0.27	0.12	0.12	0.5	0.27	0.05	0.73	0.88	0.88	0.05	0.12	0.5	0.56625	0.2625	0.3675	0.245	0.13	0.48125	0.42375	0.29375	0.2925	0.56625	0.41625	0.51375	0.3675	0.2925	0.23625	0.3575	0.5375	0.05875	0.215	0.56	-0.8	0.866667	-0.42	0.942857	1.07778	0.5511	0.4907	0.51728	0.430471	0.407511
0.88	0.12	0.5	0.12	0.12	0.5	0.12	0.99	0.12	0.05	0.05	0.12	0.05	0.05	0.12	0.5	0.27	0.05	0.05	0.05	0.62375	0.4425	0.3675	0.34875	0.13	0.5575	0.51875	0.21625	0.32	0.49	0.33	0.64625	0.31875	0.2075	0.32125	0.4525	0.585	0.05875	0.205	0.6075	-0.4	-0.666667	1.2	0.2	1.12222	0.4241	0.525467	0.42982	0.451829	0.428889
0.73	0.27	0.5	0.73	0.12	0.73	0.88	0.5	0.73	0.05	0.05	0.73	0.12	0.05	0.5	0.73	0.88	0.05	0.12	0.12	0.7	0.415	0.38625	0.2725	0.12125	0.51	0.36625	0.39625	0.235	0.37375	0.24125	0.5225	0.25375	0.1	0.27375	0.47125	0.46125	0.05	0.165	0.495	-0.8	1	0.3	1.35714	0.577778	0.6012	0.367033	0.43056	0.427971	0.454556
0.5	0.12	0.05	0.05	0.12	0.73	0.27	0.05	0.05	0.95	0.5	0.5	0.5	0.12	0.05	0.12	0.27	0.05	0.12	0.98	0.7	0.38625	0.47125	0.415	0.12125	0.57	0.5025	0.405	0.32	0.2525	0.17625	0.52	0.20625	0.07875	0.235	0.605	0.5375	0.05	0.1175	0.37875	4.2	0.9	1.3	0.757143	0.622222	0.0758	0.392533	0.38956	0.440143	0.445111
0.88	0.27	0.5	0.12	0.27	0.27	0.5	0.12	0.12	0.73	0.27	0.73	0.27	0.12	0.12	0.5	0.88	0.05	0.12	0.88	0.6525	0.3675	0.44375	0.40625	0.12125	0.57	0.5025	0.415	0.235	0.2225	0.12875	0.4625	0.20625	0.06	0.245	0.58625	0.52125	0.05875	0.09875	0.3625	-0.7	2.56667	1.3	0.371429	0.122222	0.5006	0.3075	0.42116	0.422571	0.448744
0.88	0.73	0.5	0.73	0.12	0.5	0.27	0.27	0.12	0.27	0.12	0.73	0.27	0.05	0.12	0.5	0.27	0.05	0.12	0.88	0.62375	0.23375	0.44375	0.35875	0.14	0.54125	0.5025	0.39625	0.21625	0.29875	0.1475	0.4625	0.20625	0.06875	0.2775	0.53875	0.57875	0.05875	0.09875	0.3625	4.2	1.03333	0.76	0.328571	0.0333333	0.3461	0.476267	0.38654	0.437643	0.432867
0.73	0.05	0.27	0.12	0.05	0.12	0.27	1	0.05	0.02	0.02	0.12	0.05	0.02	0.05	0.5	0.12	0.05	0.02	0.05	0.56625	0.31	0.4125	0.4225	0.14875	0.5325	0.49375	0.18375	0.2125	0.4425	0.2725	0.53	0.31875	0.1	0.2775	0.4825	0.5975	0.05875	0.12	0.57875	-0.4	0.1	-0.22	0.214286	0.544444	0.5821	0.4521	0.4773	0.410071	0.388456
0.27	0.5	0.73	0.73	0.05	0.98	0.98	0.12	0.27	0.05	0.05	0.73	0.12	0.02	0.12	0.73	0.5	0.05	0.12	0.05	0.5475	0.22625	0.29875	0.2575	0.14875	0.34	0.30125	0.23375	0.10875	0.55125	0.3725	0.36875	0.405	0.2125	0.2125	0.3775	0.5025	0.08625	0.2025	0.67375	-3.5	-1.53333	-0.4	0.214286	1.13333	0.4281	0.513267	0.45882	0.402729	0.329944
0.5	0.27	0.73	0.5	0.27	0.27	0.5	0.27	0.27	0.27	0.12	0.27	0.27	0.12	0.27	0.73	0.98	0.12	0.12	0.27	0.51875	0.33125	0.355	0.37125	0.1125	0.4475	0.4375	0.22375	0.13625	0.41125	0.3075	0.4825	0.33875	0.19125	0.2025	0.45375	0.5	0.0775	0.2025	0.53875	-0.7	-1.93333	-0.4	0.957143	0.166667	0.5296	0.4553	0.39448	0.341871	0.364056
0.5	0.27	0.27	0.5	0.12	0.73	0.5	0.12	0.12	0.27	0.12	0.5	0.27	0.05	0.99	0.5	0.73	0.05	0.12	0.5	0.4425	0.30375	0.3525	0.35875	0.1125	0.3625	0.38125	0.23	0.1425	0.4425	0.3925	0.36875	0.39625	0.21875	0.10375	0.42625	0.455	0.08625	0.2025	0.51875	-1.6	0.633333	0.58	-0.285714	0.744444	0.4082	0.320733	0.29298	0.347114	0.337544
0.27	0.05	0.02	0.02	0.12	0.05	0.05	0.02	0.02	0.95	0.95	0.05	0.73	0.27	0.05	0.05	0.27	0.05	0.12	0.95	0.395	0.35	0.43125	0.39	0.1	0.495	0.51375	0.22375	0.17375	0.33	0.28	0.45625	0.32	0.1875	0.22125	0.4825	0.5125	0.08625	0.2025	0.35875	4.2	2.36667	0.38	0.414286	-0.155556	0.0244	0.169067	0.28392	0.301386	0.3713
0.12	0.05	0.05	0.02	0.12	0.05	0.05	0.02	0.12	0.95	0.88	0.05	0.88	0.95	0.05	0.12	0.5	0.27	0.88	0.88	0.35625	0.45375	0.45625	0.40875	0.1	0.57125	0.57125	0.11375	0.18875	0.33375	0.2925	0.565	0.31	0.1025	0.24875	0.47375	0.5025	0.05875	0.12	0.3675	4.5	1.4	1.42	0.357143	-0.544444	0.0746	0.1606	0.2304	0.333071	0.405144
