0.73	0.27	0.88	0.5	0.12	0.5	0.88	0.98	0.27	0.05	0.05	0.5	0.12	0.05	0.12	0.5	0.27	0.05	0.05	0.12	0.4425	0.38875	0.3475	0.2525	0.23125	0.3175	0.2525	0.35875	0.1775	0.22375	0.175	0.31875	0.215	0.14375	0.47875	0.63125	0.5	0.055	0.14125	0.22625	-0.4	-0.933333	0.02	-0.1	-0.666667	0.6941	0.480067	0.49118	0.540457	0.6004
0.5	0.27	0.5	0.27	0.27	0.27	0.27	0.27	0.27	0.5	0.27	0.27	0.27	0.73	0.27	0.95	0.88	0.12	0.5	0.5	0.41375	0.4175	0.395	0.28125	0.20375	0.3525	0.3475	0.42875	0.1775	0.1675	0.1475	0.37625	0.225	0.05875	0.46	0.51875	0.36625	0.055	0.085	0.17875	-0.8	-0.933333	-0.96	-0.685714	-0.966667	0.4086	0.501933	0.45864	0.479314	0.5162
0.5	0.12	0.27	0.27	0.12	0.27	0.27	0.12	0.12	0.12	0.27	0.27	0.27	0.05	1	0.73	0.5	0.05	0.12	0.12	0.36625	0.54625	0.42375	0.2625	0.21875	0.42875	0.395	0.3375	0.24375	0.21875	0.16	0.47125	0.2525	0.14375	0.36875	0.5175	0.4325	0.06375	0.14125	0.22625	-1.6	-0.933333	-1.54	-1.82857	-1.42222	0.4031	0.420533	0.48102	0.450829	0.464078
0.5	0.12	0.5	0.27	0.12	0.27	0.12	0.99	0.12	0.05	0.05	0.27	0.12	0.05	0.12	0.88	0.5	0.05	0.05	0.05	0.3475	0.65625	0.41375	0.2625	0.20625	0.505	0.46125	0.22875	0.3	0.12375	0.14	0.56625	0.22375	0.135	0.36875	0.49875	0.375	0.06375	0.15	0.15	-0.4	-2.16667	-2.16	-2.24286	-2.42222	0.4499	0.434133	0.42484	0.460943	0.445856
0.27	0.98	0.12	0.05	1	0.27	0.12	0.05	0.12	0.12	0.12	0.5	0.12	0.05	0.05	0.27	0.27	0.05	0.12	0.12	0.3575	0.50125	0.55	0.31875	0.09625	0.53375	0.49	0.34625	0.41	0.115	0.13125	0.50875	0.22375	0.14375	0.2675	0.575	0.40375	0.0675	0.22625	0.1325	-4.5	-2.8	-2.9	-2.82857	-2.6	0.4494	0.4375	0.42478	0.425871	0.457033
0.27	0.73	0.5	0.5	0.05	1	0.88	0.12	0.5	0.05	0.12	0.73	0.5	0.05	0.27	0.5	0.27	0.12	0.12	0.12	0.28125	0.505	0.395	0.2025	0.23375	0.38625	0.29125	0.2175	0.335	0.23625	0.2475	0.42375	0.27125	0.2	0.23125	0.49	0.40375	0.0675	0.25375	0.2275	-3.5	-4.16667	-3.48	-3.17143	-2.13333	0.4132	0.423633	0.43388	0.430086	0.396556
0.12	1	0.5	0.12	0.02	0.73	0.5	0.12	0.5	0.05	0.12	0.88	0.27	0.05	0.12	0.27	0.27	0.05	0.12	0.05	0.27125	0.47125	0.36625	0.27875	0.21	0.44875	0.42375	0.19875	0.335	0.18	0.22	0.43375	0.2725	0.11125	0.34125	0.43375	0.3275	0.06375	0.1975	0.18	-4.5	-4.16667	-4.04	-2.4	-2.22222	0.4083	0.423367	0.43152	0.3939	0.388
0.12	1	0.27	0.12	0.02	0.73	0.5	0.05	0.5	0.05	0.12	0.88	0.12	0.05	0.12	0.27	0.27	0.05	0.12	0.05	0.3275	0.575	0.395	0.26	0.22875	0.4775	0.42375	0.22625	0.35375	0.18	0.20125	0.49125	0.29125	0.11125	0.25	0.43375	0.3275	0.06375	0.1975	0.19875	-4.5	-4.06667	-2.38	-2.57143	-1.84444	0.4486	0.431667	0.3716	0.377	0.3861
0.12	0.5	0.98	0.5	0.05	0.5	0.5	0.12	1	0.05	0.05	0.27	0.12	0.12	0.12	0.5	0.27	0.05	0.73	0.05	0.35625	0.65625	0.3625	0.24125	0.24375	0.535	0.47125	0.15625	0.31	0.18	0.21	0.59625	0.29125	0.1025	0.26875	0.4175	0.35625	0.06375	0.13	0.2075	-3.2	-1.3	-2	-1.67143	-2.18889	0.4381	0.3455	0.35528	0.367943	0.388011
0.12	0.05	0.02	0.02	0.27	0.05	0.05	0.02	0.05	0.95	0.98	0.05	0.88	0.5	0.05	0.05	0.27	0.12	0.27	0.88	0.35625	0.6525	0.53	0.405	0.09375	0.6675	0.63625	0.1775	0.47625	0.05875	0.085	0.6525	0.19625	0.055	0.305	0.5025	0.35625	0.055	0.1875	0.095	3.8	-0.333333	-0.74	-1.67143	-2.07778	0.1498	0.3065	0.35082	0.375643	0.385978
0.27	0.27	0.27	0.5	0.05	0.5	0.95	0.12	0.27	0.05	0.05	0.5	0.05	0.02	1	0.27	0.27	0.02	0.05	0.05	0.31875	0.54	0.4425	0.285	0.13	0.4925	0.42	0.1525	0.40125	0.275	0.2775	0.51125	0.3	0.2325	0.15875	0.4275	0.35625	0.115	0.31	0.29375	-1.6	1.33333	-0.54	-1.52857	-1.37778	0.3316	0.289133	0.35452	0.3789	0.364567
0.95	0.95	0.27	0.12	0.27	0.5	0.27	0.27	0.27	0.12	0.12	0.73	0.27	0.05	0.27	0.73	0.5	0.05	0.12	0.27	0.2525	0.45375	0.41375	0.35125	0.1025	0.4925	0.5525	0.125	0.40125	0.26625	0.26	0.4825	0.25375	0.22875	0.25	0.37	0.3275	0.11125	0.30125	0.26625	1.8	-1.1	-0.6	-0.485714	-1.37778	0.386	0.3949	0.35312	0.346314	0.355489
0.73	0.27	0.95	0.5	0.27	0.5	0.5	0.5	0.27	0.05	0.05	0.5	0.12	0.05	0.27	0.98	0.73	0.05	0.12	0.12	0.29875	0.42875	0.31	0.3225	0.225	0.435	0.57125	0.09625	0.35375	0.28375	0.26875	0.435	0.2725	0.22875	0.3575	0.33875	0.29875	0.11125	0.2925	0.29375	-3.5	-1.73333	-0.8	-0.671429	-0.6	0.4671	0.428067	0.36726	0.330386	0.3551
0.27	0.5	0.5	0.88	0.02	0.88	0.99	0.12	0.5	0.05	0.05	0.73	0.12	0.05	0.27	0.5	0.27	0.05	0.12	0.05	0.375	0.3525	0.24625	0.215	0.28375	0.34	0.45375	0.13125	0.20625	0.3875	0.385	0.37875	0.3675	0.27625	0.34875	0.35125	0.35625	0.12	0.235	0.40625	-3.5	-1.4	-1.38	-0.857143	0.177778	0.4311	0.3729	0.36626	0.372571	0.3152
0.12	0.05	0.05	0.02	0.12	0.05	0.05	0.02	0.12	0.88	0.73	0.05	0.5	0.99	0.05	0.12	0.27	0.5	0.88	0.88	0.44125	0.43625	0.3625	0.35375	0.27125	0.47125	0.59875	0.15625	0.2625	0.25625	0.21125	0.49125	0.2725	0.11125	0.40375	0.5025	0.44125	0.055	0.12125	0.255	2.8	-1.73333	-1.24	-0.0857143	-0.322222	0.2205	0.326067	0.37808	0.336486	0.346822
0.27	0.99	0.27	0.27	0.02	0.73	0.88	0.05	0.5	0.05	0.05	0.88	0.12	0.05	0.12	0.27	0.27	0.05	0.12	0.05	0.4225	0.31875	0.31625	0.275	0.28375	0.3575	0.41	0.14375	0.19625	0.445	0.32375	0.435	0.3475	0.2325	0.395	0.48375	0.44125	0.115	0.225	0.415	-4.5	0.266667	0.22	-0.442857	-0.322222	0.3266	0.330733	0.30046	0.3434	0.374011
0.27	0.12	0.12	0.27	1	0.27	0.88	0.05	0.12	0.12	0.12	0.27	0.12	0.05	0.98	0.27	0.27	0.05	0.05	0.12	0.3375	0.37125	0.335	0.35125	0.13375	0.4625	0.49875	0.11625	0.24375	0.455	0.39125	0.51125	0.37625	0.24125	0.26875	0.42625	0.4125	0.115	0.23375	0.40625	2.5	0.6	0.78	-0.171429	-0.911111	0.4451	0.283567	0.30112	0.359	0.420922
0.27	0.12	0.02	0.02	0.27	0.12	0.05	0.02	0.05	0.88	0.98	0.05	0.88	0.5	0.05	0.12	0.27	0.12	0.27	0.88	0.26125	0.37125	0.32	0.445	0.19375	0.48125	0.65875	0.0725	0.2525	0.36	0.28	0.53875	0.2725	0.18125	0.36625	0.385	0.355	0.1025	0.1975	0.3025	3.8	1.86667	-0.1	-0.171429	-0.911111	0.079	0.3195	0.37228	0.412871	0.380433
0.5	0.27	0.5	0.27	0.27	0.27	0.27	0.12	0.12	0.73	0.27	0.27	0.5	0.12	0.27	0.88	0.95	0.05	0.12	0.5	0.32125	0.305	0.2125	0.31875	0.225	0.38625	0.54125	0.07875	0.19625	0.435	0.45375	0.45375	0.3675	0.2375	0.33875	0.31875	0.29875	0.11125	0.21625	0.40625	-0.7	0.5	0.1	-1.07143	-0.322222	0.4344	0.363233	0.4686	0.396043	0.343622
0.27	0.27	0.12	0.12	0.05	0.27	0.27	0.05	0.12	0.73	0.27	0.88	0.27	0.05	1	0.27	0.27	0.05	0.12	0.5	0.42625	0.3325	0.26875	0.35	0.27125	0.41375	0.56875	0.1	0.19625	0.435	0.425	0.4625	0.39625	0.15625	0.25625	0.41375	0.4125	0.055	0.12125	0.40625	-1.6	-1.93333	-1.1	-0.171429	-0.433333	0.5763	0.6063	0.40012	0.363643	0.385689
0.27	0.5	0.27	0.73	0.05	0.88	0.98	0.05	0.27	0.27	0.73	0.73	0.5	0.12	0.12	0.27	0.27	0.05	0.12	0.27	0.455	0.21375	0.27875	0.27375	0.3925	0.35625	0.4325	0.185	0.14875	0.4925	0.37625	0.43375	0.38625	0.1475	0.36625	0.49	0.44125	0.055	0.12125	0.44375	-3.5	-2.86667	-1.5	-0.271429	0.0222222	0.8082	0.495733	0.40428	0.385643	0.391511
0.12	0.27	0.73	1	0.02	0.5	0.95	0.12	0.27	0.05	0.02	0.5	0.05	0.02	0.12	0.5	0.27	0.02	0.05	0.05	0.53125	0.23375	0.2125	0.2125	0.305	0.385	0.3325	0.185	0.14875	0.615	0.54125	0.44375	0.49	0.2725	0.25875	0.46125	0.44125	0.08625	0.18625	0.56625	-3.5	-1.73333	-1	-0.871429	0.211111	0.1027	0.3369	0.43722	0.4285	0.343567
0.98	0.12	0.12	0.12	0.27	0.27	0.27	0.27	0.12	0.5	0.73	0.27	0.5	0.12	0.27	0.73	0.5	0.05	0.12	0.5	0.405	0.24375	0.2925	0.32625	0.255	0.405	0.4175	0.17	0.17625	0.51125	0.42125	0.4725	0.38625	0.32125	0.35625	0.4325	0.39375	0.13	0.25375	0.43375	1.8	0.0333333	-0.76	-0.171429	0.1	0.0998	0.2672	0.39776	0.368386	0.354922
0.73	0.27	0.12	0.12	0.27	0.27	0.27	0.12	0.12	0.88	0.5	0.73	0.5	0.27	0.12	0.27	0.5	0.05	0.12	0.88	0.4075	0.25375	0.34875	0.38375	0.22375	0.4625	0.5075	0.18875	0.22375	0.375	0.4225	0.44375	0.33875	0.29375	0.35625	0.4425	0.30875	0.13	0.25375	0.33	1.8	1.06667	0.78	0.457143	-0.211111	0.5991	0.3593	0.23884	0.311943	0.362911
0.5	0.27	0.5	0.27	0.99	0.88	0.5	0.73	0.27	0.05	0.12	0.5	0.27	0.05	0.12	0.88	0.5	0.05	0.12	0.12	0.49375	0.22625	0.2925	0.35625	0.16125	0.3675	0.45125	0.12125	0.19625	0.50625	0.54625	0.3775	0.425	0.3775	0.24625	0.36625	0.30875	0.13	0.25375	0.4725	-0.4	1.86667	2.04	0.457143	0.466667	0.379	0.330567	0.25454	0.268814	0.305411
0.73	0.05	0.05	0.05	0.27	0.12	0.05	0.12	0.12	0.88	0.73	0.12	0.5	0.95	0.12	0.27	0.27	0.27	0.5	0.88	0.465	0.25375	0.3775	0.38375	0.2475	0.4625	0.51	0.20625	0.24375	0.37125	0.385	0.425	0.34875	0.2525	0.265	0.47125	0.3375	0.1025	0.20625	0.35	4.2	2.2	0.98	1.6	0.466667	0.0136	0.191267	0.33584	0.262543	0.233189
0.12	0.05	0.05	0.05	0.12	0.05	0.05	0.05	0.12	0.5	0.73	0.05	0.5	0.99	0.98	0.12	0.12	0.5	0.88	0.27	0.56	0.34375	0.34875	0.2925	0.27	0.5	0.45375	0.215	0.24375	0.41875	0.3975	0.48125	0.3575	0.25125	0.1575	0.51875	0.385	0.0775	0.1675	0.42625	2.8	1.16667	1.52	0.842857	0.355556	0.1812	0.2337	0.22778	0.270886	0.278156
0.27	0.5	0.95	0.73	0.02	0.73	0.99	0.12	0.5	0.02	0.05	0.5	0.12	0.05	0.12	0.5	0.27	0.05	0.12	0.05	0.51	0.335	0.255	0.28375	0.255	0.5	0.425	0.1875	0.24375	0.4225	0.3975	0.4825	0.37625	0.36	0.265	0.4425	0.3375	0.13375	0.2625	0.40625	-3.5	1.26667	0.9	-0.0571429	-0.233333	0.5063	0.248767	0.18362	0.257786	0.307989
0.73	0.05	0.05	0.05	0.27	0.12	0.05	0.12	0.05	0.95	0.88	0.12	0.73	0.5	0.12	0.27	0.27	0.05	0.12	0.88	0.48	0.3725	0.38625	0.3875	0.22375	0.57625	0.5425	0.29125	0.3	0.21125	0.24625	0.4725	0.2525	0.27625	0.28375	0.5475	0.3375	0.13375	0.2625	0.22625	4.5	-0.833333	-0.84	-0.5	-0.233333	0.0588	0.2411	0.28238	0.256257	0.278778
0.27	0.5	0.5	0.73	0.02	0.88	1	0.12	0.5	0.02	0.05	0.73	0.12	0.02	0.27	0.5	0.27	0.05	0.12	0.05	0.48125	0.28875	0.27375	0.27125	0.1375	0.37375	0.36375	0.20625	0.225	0.38375	0.3975	0.34	0.3575	0.455	0.2525	0.415	0.29	0.21875	0.36625	0.34875	-3.5	-1.16667	-2.1	-0.842857	0.122222	0.1582	0.241467	0.3198	0.302343	0.253656
0.27	0.99	0.5	0.27	0.05	0.73	0.5	0.12	0.27	0.05	0.12	0.88	0.12	0.05	0.12	0.73	0.5	0.05	0.12	0.05	0.48125	0.23625	0.2825	0.3375	0.13375	0.41125	0.435	0.225	0.25375	0.38875	0.38875	0.34	0.3575	0.36625	0.29	0.38625	0.29	0.2	0.3375	0.34875	-4.5	-3.83333	-1.04	-0.842857	0.155556	0.5074	0.344633	0.28578	0.2983	0.298189
0.73	0.5	0.27	0.73	0.05	0.95	0.98	0.12	0.5	0.05	0.05	0.73	0.27	0.05	0.27	0.5	0.27	0.05	0.12	0.12	0.5	0.35375	0.3675	0.33625	0.1525	0.44	0.43125	0.28125	0.24375	0.36	0.34	0.415	0.31	0.27625	0.21125	0.51875	0.395	0.17125	0.26125	0.34	-3.5	-2.06667	-1.38	0.3	-0.244444	0.3683	0.403967	0.3046	0.285171	0.346089
0.95	0.12	0.27	0.27	0.27	0.27	0.27	0.95	0.12	0.12	0.12	0.27	0.12	0.05	0.27	0.88	0.5	0.05	0.12	0.27	0.50125	0.3725	0.2825	0.33625	0.15625	0.4675	0.43	0.19625	0.2625	0.45875	0.3875	0.44375	0.37625	0.30375	0.23	0.4425	0.395	0.19875	0.28	0.43375	1.8	0.366667	0.22	-0.457143	0.611111	0.3362	0.2858	0.35584	0.364243	0.341156
0.05	0.05	0.05	0.02	0.05	0.02	0.02	0.05	0.12	0.5	0.5	0.05	0.5	1	0.02	0.05	0.12	0.73	0.95	0.27	0.585	0.40875	0.36625	0.42375	0.18375	0.54625	0.5175	0.35625	0.29	0.32625	0.2925	0.51875	0.3	0.15625	0.30875	0.6225	0.5	0.14125	0.195	0.3575	2.8	3.03333	0.96	0.642857	0.0222222	0.1529	0.301167	0.37682	0.407629	0.385189
0.73	0.12	0.12	0.12	0.27	0.27	0.12	0.27	0.12	0.95	0.73	0.27	0.5	0.27	0.27	0.27	0.5	0.12	0.27	0.88	0.52875	0.37125	0.3575	0.35375	0.1875	0.43875	0.41375	0.43625	0.26125	0.2825	0.2725	0.43375	0.31875	0.26	0.2775	0.595	0.4525	0.245	0.29875	0.30875	4.5	2.16667	2.5	1.17143	0.366667	0.4144	0.3932	0.39554	0.400157	0.4407
0.73	0.5	0.5	0.5	0.27	0.5	0.5	0.5	0.27	0.27	0.27	0.5	0.27	0.27	0.5	0.95	0.73	0.27	0.27	0.27	0.5575	0.23375	0.3575	0.36375	0.215	0.38125	0.36625	0.42625	0.2425	0.42375	0.34875	0.3575	0.36625	0.2875	0.29625	0.48125	0.4525	0.25375	0.3175	0.47	-0.8	2.63333	1.98	1.61429	0.477778	0.6123	0.4962	0.41932	0.441514	0.448578
0.5	0.27	0.27	0.27	0.27	0.27	0.27	0.27	0.27	0.88	0.5	0.27	0.5	0.27	0.27	0.27	0.5	0.27	0.27	0.95	0.5575	0.23375	0.38625	0.335	0.33375	0.325	0.30625	0.47375	0.21375	0.375	0.3475	0.32875	0.3375	0.315	0.325	0.56625	0.51	0.28125	0.33625	0.40375	4.2	0.866667	1.34	0.857143	1.14444	0.4619	0.509767	0.5203	0.4761	0.448556
0.5	0.27	0.5	0.5	0.27	0.5	0.5	0.5	0.27	0.27	0.5	0.5	0.5	0.27	0.5	0.88	0.73	0.27	0.27	0.27	0.4725	0.23375	0.33875	0.30625	0.315	0.29625	0.2775	0.34125	0.21375	0.45125	0.3475	0.3	0.3375	0.315	0.3875	0.41375	0.4525	0.29	0.33625	0.47	-0.8	1	-0.26	0.814286	0.766667	0.4551	0.524933	0.55308	0.506843	0.462689
0.5	0.27	0.5	0.27	0.27	0.27	0.27	0.98	0.27	0.12	0.12	0.27	0.27	0.12	0.27	0.5	0.27	0.27	0.27	0.27	0.5	0.2425	0.3475	0.3475	0.3425	0.35625	0.31875	0.29	0.21375	0.47	0.45125	0.35625	0.395	0.27125	0.53625	0.48875	0.52875	0.21375	0.25125	0.49875	-0.4	-1.56667	0.4	-0.0571429	0.877778	0.6578	0.563733	0.50424	0.513843	0.474044
0.5	0.27	0.88	0.73	0.27	0.5	0.5	0.27	0.27	0.5	0.27	0.5	0.27	0.27	0.5	0.5	0.73	0.27	0.27	0.73	0.4425	0.26125	0.4075	0.36625	0.32375	0.35625	0.3375	0.37875	0.3175	0.31875	0.35625	0.3275	0.36625	0.28125	0.5075	0.5175	0.4425	0.2325	0.33625	0.34625	-3.5	-0.466667	-0.76	0.6	-0.0111111	0.5783	0.534733	0.50454	0.462814	0.471822
0.5	0.27	0.27	0.27	1	0.27	0.27	0.27	0.27	0.27	0.27	0.27	0.27	0.27	0.27	0.5	0.5	0.27	0.27	0.27	0.41375	0.2325	0.455	0.37625	0.2325	0.35625	0.3375	0.33125	0.29875	0.405	0.44125	0.3275	0.42375	0.31	0.5075	0.49	0.4425	0.2325	0.33625	0.4325	2.5	-0.866667	0.16	-0.5	0.5	0.3681	0.469933	0.46454	0.453171	0.435167
0.27	0.12	0.12	0.27	0.12	0.27	0.27	0.12	0.12	0.12	0.12	0.27	0.12	0.05	1	0.27	0.27	0.12	0.12	0.12	0.41375	0.25125	0.53125	0.46625	0.315	0.385	0.4225	0.35	0.3175	0.32875	0.4125	0.35625	0.395	0.31875	0.41625	0.5475	0.4425	0.2325	0.33625	0.3475	-1.6	1.56667	-0.46	0.157143	-0.355556	0.4634	0.3622	0.41186	0.4285	0.455889
0.27	0.12	0.12	0.12	0.27	0.27	0.12	0.12	0.12	0.5	0.95	0.27	0.73	0.5	0.98	0.27	0.27	0.12	0.27	0.5	0.385	0.33625	0.53125	0.51375	0.265	0.4325	0.5025	0.3025	0.34625	0.25375	0.2525	0.385	0.27125	0.235	0.37125	0.5	0.385	0.205	0.29875	0.2725	3.8	-0.433333	1	-0.285714	-0.655556	0.2551	0.370967	0.35268	0.427157	0.4527
0.27	0.27	0.98	0.73	0.12	0.5	0.5	0.27	0.95	0.12	0.12	0.27	0.27	0.5	0.27	0.5	0.27	0.27	0.95	0.12	0.35625	0.29	0.3675	0.41	0.28375	0.37625	0.4275	0.16375	0.21125	0.40875	0.4325	0.3575	0.38625	0.2825	0.4325	0.42375	0.385	0.15875	0.195	0.405	-3.5	1.36667	-0.2	-0.285714	-0.144444	0.3944	0.310633	0.40874	0.405457	0.382811
0.5	0.27	0.27	0.12	0.27	0.27	0.27	0.12	0.12	0.73	0.95	0.27	0.73	0.5	0.27	0.73	0.5	0.27	0.27	0.5	0.29875	0.37875	0.38	0.41	0.2375	0.43375	0.45625	0.155	0.315	0.36125	0.32875	0.41375	0.32875	0.26375	0.385	0.36625	0.29875	0.13125	0.26125	0.32875	3.8	-1.06667	-0.58	-0.0428571	-0.144444	0.2824	0.441733	0.40134	0.356986	0.356489
0.27	0.27	0.73	0.99	0.05	0.5	0.95	0.27	0.27	0.12	0.12	0.5	0.12	0.12	0.27	0.5	0.27	0.12	0.12	0.12	0.29875	0.37875	0.38	0.38625	0.14625	0.43375	0.4	0.1175	0.3875	0.41	0.405	0.385	0.38625	0.2925	0.36625	0.42375	0.29875	0.1225	0.30875	0.34875	-3.5	-1.06667	-0.5	-0.314286	-0.777778	0.6484	0.4524	0.35608	0.339557	0.367844
0.27	0.95	0.5	0.73	0.02	0.88	0.99	0.12	0.5	0.05	0.05	0.73	0.12	0.05	0.12	0.5	0.27	0.05	0.12	0.05	0.28	0.38875	0.40875	0.39125	0.14125	0.3675	0.37625	0.1275	0.3775	0.4375	0.46125	0.35625	0.43375	0.42	0.2625	0.405	0.28	0.17875	0.40375	0.37625	-3.5	-0.933333	-0.5	-1.31429	-0.288889	0.4264	0.367867	0.34548	0.3703	0.336756
0.27	0.05	0.05	0.05	0.27	0.05	0.05	0.02	0.02	0.98	0.73	0.05	0.73	0.5	0.05	0.12	0.27	0.05	0.12	0.95	0.28	0.50125	0.4525	0.46375	0.11	0.4525	0.485	0.1275	0.42875	0.36875	0.38	0.41375	0.37625	0.36375	0.155	0.43375	0.28	0.17875	0.40375	0.31125	4.2	-0.933333	-1.9	-0.414286	-0.288889	0.0288	0.265533	0.38306	0.340186	0.315278
0.27	0.98	0.27	0.12	0.05	0.73	0.5	0.05	0.27	0.73	0.27	0.95	0.27	0.12	0.12	0.27	0.27	0.05	0.12	0.5	0.28	0.41375	0.33625	0.37875	0.1375	0.3675	0.4	0.105	0.29375	0.47625	0.45625	0.3775	0.4625	0.36375	0.1275	0.415	0.365	0.15125	0.3	0.415	-3.5	-0.833333	-0.64	-0.414286	0.0222222	0.3414	0.280167	0.2901	0.308671	0.329567
0.27	0.27	0.73	0.95	0.05	0.5	0.5	0.12	1	0.05	0.05	0.27	0.12	0.12	0.12	0.73	0.27	0.05	0.5	0.05	0.2325	0.57875	0.355	0.29375	0.11875	0.39625	0.4	0.09625	0.22125	0.5325	0.48375	0.49125	0.48125	0.335	0.1	0.3	0.33625	0.1325	0.23375	0.47125	-3.2	-1.3	0.82	-0.0142857	0.0222222	0.4703	0.331767	0.21718	0.290757	0.350956
0.12	0.88	0.12	0.05	0.05	0.12	0.12	0.05	0.27	0.27	0.5	0.27	0.5	1	0.02	0.12	0.12	0.5	0.88	0.27	0.3275	0.475	0.34625	0.28875	0.2375	0.3875	0.335	0.08625	0.285	0.505	0.4275	0.435	0.43375	0.21625	0.085	0.37625	0.355	0.0675	0.1775	0.4625	2.8	1.13333	-0.16	1.02857	0.688889	0.1836	0.238567	0.31602	0.297686	0.288511
0.27	0.12	0.02	0.02	0.27	0.12	0.05	0.02	0.05	0.88	0.98	0.05	0.88	0.5	0.05	0.12	0.27	0.12	0.27	0.88	0.30875	0.46625	0.31125	0.21625	0.21375	0.2925	0.25375	0.09	0.25625	0.42875	0.3675	0.405	0.3775	0.275	0.19125	0.3475	0.33625	0.11125	0.245	0.38625	3.8	1.96667	1.3	0.785714	0.9	0.0618	0.256133	0.34272	0.305914	0.283156
0.27	0.5	0.27	0.12	0.12	0.5	0.27	0.12	0.12	0.73	0.27	0.88	0.5	0.12	0.12	0.5	0.95	0.05	0.12	0.5	0.30875	0.475	0.33625	0.28875	0.20125	0.34875	0.345	0.09	0.3075	0.3275	0.37125	0.38625	0.34875	0.2625	0.21	0.3475	0.25125	0.12	0.26375	0.32125	-0.7	2.3	2.44	1.05714	0.0444444	0.523	0.353233	0.26594	0.311171	0.339622
0.12	0.88	0.88	0.27	0.12	0.27	0.27	0.12	0.27	0.5	0.95	0.5	0.73	0.27	0.05	0.27	0.27	0.12	0.12	0.5	0.30875	0.31125	0.22875	0.2575	0.22875	0.2925	0.28875	0.08625	0.26125	0.38375	0.375	0.32125	0.39625	0.29125	0.21	0.34875	0.33625	0.12	0.2825	0.35	3.8	1.86667	1.56	1.01429	0.855556	0.4749	0.361433	0.30486	0.3207	0.309922
0.88	0.05	0.05	0.05	1	0.05	0.05	0.12	0.05	0.12	0.12	0.05	0.12	0.05	0.05	0.5	0.27	0.05	0.05	0.27	0.2425	0.415	0.30375	0.2	0.23625	0.3675	0.31625	0.105	0.1975	0.44	0.4875	0.40625	0.49125	0.31	0.22875	0.3475	0.365	0.12875	0.24375	0.3875	2.5	1.56667	0.1	1.15714	1.12222	0.0864	0.313167	0.3999	0.305057	0.262922
0.27	0.12	0.12	0.12	0.05	0.12	0.27	0.12	0.05	0.05	0.05	0.27	0.05	0.02	1	0.27	0.27	0.02	0.05	0.05	0.3375	0.31125	0.295	0.19125	0.3825	0.35875	0.28875	0.105	0.17875	0.50625	0.55625	0.36	0.52875	0.25125	0.1225	0.4525	0.4125	0.085	0.1675	0.44375	-1.6	-0.866667	1	0.5	1.23333	0.3782	0.333867	0.31012	0.302986	0.248067
0.27	0.5	0.5	0.73	0.02	0.88	1	0.12	0.5	0.02	0.05	0.73	0.12	0.02	0.27	0.5	0.27	0.05	0.12	0.05	0.36625	0.255	0.27875	0.1275	0.35875	0.26375	0.20625	0.2275	0.13125	0.4025	0.43625	0.31125	0.41625	0.195	0.2225	0.47125	0.39375	0.0725	0.13125	0.34	-3.5	-0.433333	0.08	1.14286	0.766667	0.537	0.329767	0.2246	0.2354	0.244344
0.12	0.05	0.02	0.02	0.27	0.05	0.05	0.02	0.05	0.95	0.98	0.05	0.88	0.5	0.05	0.05	0.27	0.12	0.27	0.73	0.36625	0.255	0.3075	0.20375	0.3275	0.32	0.2975	0.23125	0.17875	0.2575	0.405	0.2925	0.35	0.21125	0.2375	0.47125	0.29	0.1825	0.18875	0.22625	3.8	-0.166667	0.34	0.542857	0.744444	0.0741	0.219467	0.2173	0.1716	0.191533
0.5	0.27	0.5	0.27	0.99	0.88	0.5	0.27	0.27	0.12	0.12	0.5	0.27	0.05	0.27	0.95	0.5	0.05	0.12	0.12	0.31	0.12375	0.14375	0.14125	0.22875	0.185	0.21	0.19125	0.1325	0.36125	0.45625	0.18	0.3975	0.35875	0.20625	0.33125	0.2425	0.2675	0.31125	0.27375	-0.8	2.26667	0.58	0.0571429	0.633333	0.0473	0.0571	0.14732	0.166071	0.154089
0.27	0.12	0.12	0.05	0.27	0.12	0.12	0.05	0.12	0.73	0.98	0.12	0.73	0.5	0.12	0.73	0.5	0.12	0.27	0.5	0.32	0.17	0.2	0.225	0.20875	0.33625	0.37	0.21875	0.16	0.38	0.39625	0.255	0.3875	0.31125	0.23375	0.35875	0.2425	0.25875	0.30125	0.28375	3.8	0.866667	1.1	0.685714	0.822222	0.0499	0.0418333	0.04946	0.131743	0.177222
0.5	0.05	0.27	0.12	0.05	0.12	0.12	1	0.12	0.02	0.02	0.12	0.05	0.05	0.12	0.5	0.12	0.05	0.05	0.05	0.29125	0.22625	0.22875	0.2925	0.23625	0.4125	0.46	0.1	0.1875	0.46875	0.51625	0.28375	0.48125	0.37125	0.1425	0.41625	0.36625	0.27125	0.3375	0.34875	-0.4	0.833333	0.9	1.78571	0.611111	0.0283	0.0419667	0.06222	0.0971143	0.216456
0.12	0.05	0.02	0.02	0.12	0.12	0.05	0.05	0.05	0.5	0.95	0.05	0.73	0.73	0.02	0.05	0.12	1	0.73	0.27	0.3675	0.17875	0.26	0.2475	0.24	0.33625	0.35875	0.3275	0.14875	0.40875	0.39625	0.235	0.3875	0.29	0.13625	0.52	0.36625	0.1525	0.24375	0.32125	-0.9	0.5	1.9	0.742857	0.955556	0.0477	0.0713	0.11168	0.191	0.241767
0.05	0.05	0.05	0.02	0.05	0.02	0.02	0.05	0.12	0.5	0.5	0.05	0.5	1	0.02	0.05	0.12	0.73	0.95	0.27	0.395	0.29125	0.2875	0.26	0.33875	0.405	0.39	0.34	0.1675	0.305	0.345	0.33875	0.34	0.2	0.145	0.57625	0.4425	0.1775	0.1975	0.26375	2.8	2.03333	0.44	0.8	0.0333333	0.1379	0.160067	0.24796	0.2935	0.293978
0.73	0.27	0.12	0.5	0.12	0.5	0.95	0.12	0.12	0.88	0.5	0.27	0.5	0.12	0.12	0.5	0.27	0.05	0.12	0.73	0.2625	0.23625	0.21875	0.16875	0.22125	0.24125	0.2175	0.3	0.14	0.3525	0.4525	0.255	0.41625	0.36625	0.105	0.4075	0.395	0.27125	0.32	0.2825	4.2	1.16667	0.44	-0.385714	0.544444	0.2946	0.387933	0.39526	0.364086	0.302344
0.27	0.5	0.5	0.73	0.05	0.73	0.99	0.12	0.27	0.05	0.05	0.5	0.12	0.05	0.27	0.5	0.88	0.05	0.12	0.12	0.32	0.19875	0.1625	0.14	0.23	0.20375	0.20375	0.29625	0.10875	0.4875	0.4775	0.2175	0.46375	0.34625	0.0775	0.33125	0.31875	0.2625	0.32	0.41875	-3.5	0.1	-0.28	0.214286	0.588889	0.7313	0.5969	0.49452	0.377557	0.302467
0.5	0.12	0.5	0.27	0.12	0.27	0.12	0.99	0.12	0.02	0.02	0.27	0.05	0.05	0.12	0.88	0.27	0.05	0.05	0.05	0.35125	0.255	0.1625	0.1975	0.24875	0.28	0.33125	0.185	0.1275	0.50375	0.49375	0.265	0.48125	0.34625	0.115	0.3125	0.41375	0.2625	0.3375	0.455	-0.4	-2.8	-0.08	0.942857	0.833333	0.7648	0.680033	0.49146	0.378029	0.300567
0.27	0.95	0.27	0.12	0.99	0.5	0.27	0.12	0.27	0.12	0.12	0.88	0.27	0.05	0.12	0.5	0.88	0.05	0.12	0.27	0.38	0.2075	0.2225	0.22875	0.13125	0.27	0.34	0.29375	0.22625	0.44375	0.39625	0.27375	0.39625	0.37875	0.11875	0.36875	0.3375	0.17125	0.3475	0.40875	-4.5	-0.366667	-0.08	0.8	1.24444	0.544	0.477133	0.44274	0.359929	0.297867
0.12	0.05	0.02	0.02	0.12	0.05	0.05	0.02	0.05	0.88	0.98	0.05	0.88	0.5	0.05	0.05	0.27	0.12	0.27	0.73	0.42625	0.32	0.25	0.24125	0.2675	0.33	0.37125	0.3025	0.24125	0.41	0.3175	0.3775	0.34875	0.26	0.13125	0.425	0.4325	0.0775	0.225	0.43625	3.8	1.16667	0.98	0.6	1.43333	0.1226	0.2392	0.29872	0.321186	0.284111
0.27	0.05	0.05	0.05	0.27	0.05	0.05	0.02	0.02	0.98	0.73	0.05	0.73	0.27	0.05	0.12	0.5	0.05	0.27	0.98	0.33125	0.30125	0.24625	0.285	0.24875	0.2825	0.2675	0.29375	0.23625	0.40625	0.39625	0.35875	0.42375	0.3075	0.1225	0.36875	0.40375	0.08625	0.225	0.405	4.2	3.26667	1.62	1.74286	1.46667	0.051	0.0616	0.15044	0.218729	0.257333
0.98	0.12	0.27	0.12	0.27	0.27	0.27	0.98	0.12	0.12	0.12	0.27	0.12	0.05	0.27	0.73	0.27	0.05	0.12	0.27	0.27125	0.245	0.19	0.2	0.2575	0.17875	0.13125	0.28375	0.205	0.51375	0.4725	0.28375	0.49125	0.335	0.07625	0.2925	0.41375	0.08625	0.235	0.485	1.8	2.93333	3.42	2.44286	1.81111	0.0112	0.0285333	0.04446	0.117129	0.185578
0.12	0.5	0.27	0.12	0.05	0.27	0.27	0.05	0.99	0.12	0.27	0.73	0.27	0.99	0.05	0.12	0.12	0.27	0.88	0.12	0.37875	0.245	0.19	0.2	0.30375	0.2075	0.17875	0.31	0.115	0.52625	0.46625	0.3025	0.48125	0.2175	0.1225	0.38125	0.50875	0.05875	0.14875	0.5125	2.8	3.03333	3.56	3.02857	1.76667	0.0234	0.0162333	0.03066	0.0516286	0.129689
0.27	0.05	0.02	0.02	0.27	0.05	0.05	0.02	0.02	0.99	0.73	0.05	0.73	0.5	0.05	0.05	0.27	0.05	0.12	0.95	0.36	0.2925	0.2025	0.20375	0.1675	0.20625	0.20625	0.305	0.2175	0.5125	0.5125	0.36875	0.48125	0.30625	0.11375	0.3425	0.41375	0.095	0.24375	0.46625	4.5	3.93333	2.64	2.37143	2.68889	0.0141	0.0303667	0.03756	0.0715143	0.0985222
0.12	0.12	0.12	0.88	0.12	0.12	0.12	0.05	0.05	0.95	0.88	0.12	0.95	0.27	0.05	0.12	0.27	0.05	0.12	0.73	0.3975	0.28375	0.19375	0.1	0.18625	0.20625	0.1975	0.305	0.21375	0.5175	0.43375	0.36	0.40625	0.335	0.11375	0.3425	0.47125	0.205	0.30125	0.49375	4.5	2.86667	2.12	2.31429	2.16667	0.0536	0.0510667	0.08768	0.101871	0.130789
0.5	0.12	0.27	0.12	0.12	0.12	0.12	1	0.12	0.05	0.05	0.12	0.05	0.05	0.12	0.5	0.73	0.05	0.05	0.05	0.35	0.2925	0.23125	0.31125	0.15875	0.23375	0.25375	0.3025	0.2175	0.51	0.44875	0.3875	0.43375	0.33125	0.2175	0.31375	0.385	0.20125	0.2825	0.4625	-0.4	1.1	2.32	1.92857	1.31111	0.0855	0.133633	0.1357	0.159271	0.189989
0.5	0.5	0.5	0.27	0.27	0.5	0.5	0.27	0.27	0.12	0.12	0.88	0.12	0.05	0.27	0.98	0.88	0.05	0.12	0.12	0.29	0.2925	0.23125	0.34	0.12125	0.2625	0.2825	0.305	0.30625	0.4925	0.43125	0.36875	0.425	0.33125	0.19875	0.2725	0.395	0.20125	0.2925	0.435	-0.8	0.866667	1.24	1.02857	0.722222	0.2618	0.2036	0.21548	0.239329	0.2442
0.27	0.88	0.12	0.05	0.12	0.27	0.27	0.05	0.12	0.88	0.95	0.73	0.73	0.27	0.05	0.12	0.27	0.12	0.12	0.73	0.3375	0.21625	0.3075	0.47125	0.14	0.34875	0.4	0.34125	0.235	0.38875	0.3	0.35875	0.33	0.18625	0.25375	0.4275	0.56625	0.165	0.1975	0.35875	3.8	0.7	-0.36	-0.114286	0.0222222	0.2635	0.312767	0.32152	0.308614	0.3019
0.27	0.05	0.05	0.05	0.12	0.12	0.05	0.05	0.05	0.88	0.5	0.05	0.5	0.5	0.05	0.12	0.73	1	0.73	0.73	0.3375	0.43625	0.3475	0.48375	0.12125	0.42375	0.455	0.35375	0.30375	0.28	0.28	0.52875	0.30125	0.12875	0.2625	0.48375	0.59375	0.0825	0.225	0.27375	-0.9	-0.2	-0.98	-1.25714	-0.977778	0.413	0.4201	0.40424	0.378486	0.351678
0.27	0.12	0.5	0.98	0.05	0.27	0.5	0.95	0.12	0.02	0.02	0.27	0.05	0.02	0.95	0.27	0.27	0.02	0.05	0.05	0.35625	0.41875	0.2825	0.26	0.14875	0.39625	0.39	0.2375	0.295	0.3875	0.34875	0.4925	0.33	0.2175	0.15	0.465	0.65125	0.21375	0.32875	0.38625	-3.5	-2.63333	-1.52	-1.84286	-1.05556	0.5838	0.498633	0.46042	0.432286	0.370567
0.5	0.5	0.5	0.5	0.12	0.88	0.88	0.27	0.98	0.05	0.05	0.88	0.12	0.05	0.27	0.88	0.5	0.05	0.27	0.12	0.3275	0.37125	0.2825	0.32	0.15875	0.33875	0.36125	0.2125	0.1875	0.44	0.43	0.435	0.425	0.24125	0.235	0.4175	0.65375	0.21875	0.31	0.43375	-3.5	-3.5	-3.18	-1.18571	-1.08889	0.4991	0.541867	0.50014	0.426829	0.4024
0.27	0.27	0.5	0.95	0.05	0.73	0.98	0.12	0.27	0.05	0.05	0.5	0.12	0.05	0.27	0.5	0.88	0.05	0.12	0.12	0.3275	0.4	0.25375	0.245	0.14875	0.4175	0.34875	0.20375	0.365	0.535	0.4775	0.435	0.4725	0.25	0.21625	0.37625	0.53	0.21875	0.3475	0.48125	-3.5	-3.83333	-2.24	-1.82857	-1.38889	0.5427	0.5013	0.46226	0.442329	0.428678
0.27	0.98	0.27	0.12	0.12	0.5	0.27	0.12	0.5	0.12	0.12	0.73	0.27	0.27	0.12	0.5	0.95	0.27	0.95	0.27	0.35625	0.26375	0.30125	0.43375	0.1275	0.5225	0.5275	0.2125	0.38375	0.4225	0.35625	0.3775	0.3775	0.19125	0.2625	0.42375	0.52125	0.1825	0.24375	0.3775	-4.5	-1.4	-1.68	-2.2	-2.2	0.4621	0.409467	0.4199	0.454514	0.463011
0.27	0.05	0.05	0.02	0.27	0.05	0.05	0.02	0.05	0.95	0.95	0.05	0.73	0.5	0.05	0.12	0.27	0.12	0.27	0.95	0.41375	0.4075	0.385	0.47375	0.1275	0.5975	0.5825	0.2525	0.4675	0.215	0.19625	0.49	0.2725	0.10625	0.3875	0.57875	0.60625	0.0825	0.2525	0.21625	3.8	-0.466667	-1.68	-2.2	-2.18889	0.2236	0.352567	0.41974	0.4529	0.466289
0.5	0.12	0.27	0.12	0.27	0.27	0.27	0.12	0.12	0.5	0.73	0.27	0.88	0.27	0.12	0.73	0.98	0.12	0.12	0.5	0.385	0.4175	0.31	0.345	0.13625	0.57	0.5075	0.1275	0.45875	0.36	0.34	0.52	0.37	0.195	0.26625	0.48375	0.5175	0.095	0.29875	0.32875	-0.7	-0.133333	-1.68	-1.81429	-1.37778	0.372	0.364633	0.4257	0.444814	0.441256
0.27	0.5	0.27	0.12	0.12	0.98	0.5	0.05	0.98	0.88	0.5	0.5	0.5	0.12	0.12	0.27	0.27	0.05	0.27	0.5	0.41375	0.37	0.28125	0.31625	0.155	0.405	0.4025	0.1175	0.2625	0.34	0.39625	0.4725	0.43625	0.3175	0.2475	0.54125	0.6625	0.1125	0.30875	0.3475	-3.5	-2.56667	-0.94	-0.771429	-0.788889	0.4983	0.480933	0.42178	0.4185	0.441133
0.5	0.5	0.27	0.73	0.02	0.88	0.99	0.12	0.5	0.05	0.05	0.5	0.12	0.02	0.27	0.5	0.27	0.05	0.12	0.05	0.385	0.37	0.225	0.1275	0.17625	0.36	0.23375	0.1	0.295	0.5475	0.565	0.50125	0.57875	0.38625	0.20125	0.465	0.58625	0.12125	0.34625	0.48	-3.5	-2.6	-0.94	0.128571	0.0222222	0.5725	0.504433	0.44876	0.423629	0.430889
0.73	0.27	0.5	0.27	0.27	0.27	0.27	0.27	0.27	0.05	0.05	0.27	0.12	0.05	0.98	0.98	0.73	0.05	0.12	0.12	0.3375	0.33875	0.225	0.20375	0.13625	0.4925	0.3525	0.08125	0.38625	0.535	0.55625	0.4725	0.56	0.36375	0.1125	0.37625	0.425	0.09375	0.31875	0.44375	-0.8	-0.166667	-0.44	0.128571	0.166667	0.4425	0.457833	0.47396	0.456043	0.420111
0.27	0.27	0.12	0.05	0.12	0.27	0.12	0.05	0.12	0.73	0.95	0.73	0.98	0.5	0.05	0.12	0.27	0.12	0.27	0.5	0.395	0.45125	0.385	0.33875	0.1275	0.54875	0.4275	0.12125	0.4325	0.365	0.34	0.47125	0.395	0.25125	0.2375	0.53125	0.4825	0.0725	0.28125	0.34	3.8	1.6	1.02	-0.228571	-0.755556	0.3585	0.433	0.4644	0.455057	0.437478
0.5	0.5	0.27	0.27	0.12	0.27	0.27	0.12	0.27	0.27	0.27	0.73	0.27	0.88	0.12	0.88	0.95	0.12	0.5	0.27	0.36625	0.4225	0.36625	0.33	0.10875	0.5775	0.46625	0.1125	0.41375	0.39375	0.39625	0.47125	0.4075	0.185	0.3375	0.43625	0.3375	0.06375	0.2525	0.34	1.8	3.13333	1.08	-0.371429	-0.855556	0.498	0.435667	0.42292	0.438143	0.444056
0.27	0.27	0.05	0.05	0.12	0.27	0.12	0.05	0.05	0.88	0.95	0.73	0.88	0.5	0.05	0.12	0.27	0.12	0.27	0.73	0.42375	0.49875	0.4225	0.37625	0.10875	0.5175	0.45625	0.23375	0.3525	0.21375	0.255	0.51875	0.28375	0.22375	0.34625	0.6075	0.45125	0.06375	0.2625	0.22625	3.8	0.8	0.34	-0.1	-0.966667	0.4505	0.437867	0.4104	0.417957	0.4353
0.12	0.5	0.5	0.27	0.05	0.95	0.5	0.12	1	0.02	0.05	0.27	0.12	0.12	0.12	0.27	0.12	0.05	0.73	0.05	0.4425	0.4225	0.395	0.29125	0.13	0.35625	0.31875	0.33375	0.18625	0.32125	0.3675	0.5475	0.37875	0.275	0.31875	0.63625	0.49875	0.0725	0.19625	0.31125	-3.2	-1.3	-0.74	-0.628571	-0.622222	0.3651	0.3985	0.42494	0.414671	0.413578
0.27	0.95	0.95	0.88	0.05	0.5	0.5	0.12	0.27	0.27	0.12	0.5	0.27	0.05	0.12	0.5	0.27	0.02	0.12	0.5	0.36625	0.4425	0.38625	0.24375	0.11125	0.47	0.395	0.33375	0.36625	0.29875	0.3675	0.5475	0.37875	0.2925	0.23	0.5475	0.48	0.085	0.29125	0.255	-4.5	-3.1	-2	-1.22857	-0.888889	0.3799	0.392067	0.40924	0.417314	0.413733
0.5	0.12	0.27	0.27	0.12	0.5	0.73	0.12	0.12	0.27	0.5	0.27	0.27	0.12	0.99	0.73	0.5	0.05	0.12	0.27	0.36625	0.54625	0.56625	0.3475	0.1025	0.47	0.385	0.3425	0.48875	0.29875	0.235	0.51875	0.29	0.23625	0.13	0.56625	0.50875	0.0725	0.29125	0.3125	-1.6	-3.53333	-2.84	-1.94286	-1.4	0.4312	0.4102	0.39454	0.409586	0.393922
0.5	0.88	0.5	0.27	0.12	0.5	0.27	0.95	0.27	0.05	0.05	0.88	0.12	0.05	0.12	0.88	0.5	0.05	0.12	0.05	0.41375	0.40375	0.51875	0.32875	0.12125	0.45125	0.42375	0.33375	0.4425	0.4025	0.32	0.36625	0.3375	0.16875	0.23875	0.5	0.42375	0.06375	0.24375	0.3975	-4.5	-2.16667	-2.84	-2.6	-1.4	0.4195	0.409233	0.4103	0.370971	0.340856
0.5	0.12	0.5	0.27	0.12	0.27	0.27	0.99	0.12	0.05	0.05	0.27	0.12	0.05	0.12	0.88	0.5	0.05	0.05	0.05	0.47125	0.49875	0.575	0.3375	0.1125	0.50875	0.4425	0.41375	0.58	0.29875	0.2075	0.385	0.2425	0.12125	0.2475	0.51875	0.405	0.055	0.31	0.3125	-0.4	-2.7	-2.1	-1.88571	-2.17778	0.377	0.413467	0.37036	0.321729	0.302611
0.27	0.88	0.88	0.5	0.12	0.73	0.88	0.27	0.98	0.12	0.12	0.5	0.27	0.12	0.27	0.5	0.73	0.12	0.27	0.12	0.5	0.3475	0.4675	0.2775	0.12125	0.33875	0.31	0.49125	0.35375	0.41	0.31125	0.32875	0.3	0.16	0.22	0.53875	0.395	0.04625	0.20625	0.4075	-3.2	-1.46667	-1.42	-1.7	-1.4	0.4439	0.3337	0.2882	0.282643	0.267278
0.5	0.27	0.88	0.27	0.12	0.27	0.27	0.12	0.95	0.73	0.27	0.27	0.27	0.12	0.12	0.5	0.73	0.05	0.27	0.73	0.4525	0.33875	0.41125	0.25875	0.1175	0.425	0.4425	0.50125	0.44875	0.3025	0.28375	0.32875	0.28125	0.16875	0.23875	0.51	0.37625	0.05875	0.2825	0.275	-0.8	-0.733333	-1.16	-0.928571	-1.25556	0.1802	0.214833	0.22556	0.227771	0.251267
0.88	0.12	0.12	0.12	0.27	0.12	0.12	0.88	0.05	0.88	0.5	0.12	0.5	0.27	0.12	0.5	0.27	0.05	0.12	0.73	0.43375	0.3575	0.535	0.3625	0.09875	0.415	0.4325	0.425	0.56125	0.3125	0.22625	0.3475	0.2525	0.15	0.13	0.52875	0.43375	0.05875	0.30125	0.3325	1.8	-0.733333	-0.32	-0.742857	-0.877778	0.0204	0.1023	0.15958	0.201529	0.219167
0.73	0.27	0.5	0.12	0.05	0.5	0.27	0.73	1	0.05	0.05	0.27	0.12	0.12	0.12	0.27	0.12	0.05	0.73	0.05	0.42375	0.235	0.4275	0.33125	0.145	0.31125	0.38625	0.3275	0.415	0.52	0.395	0.225	0.37625	0.225	0.12125	0.4625	0.42375	0.0675	0.24375	0.53	-3.2	0.8	-0.32	-0.428571	0.0444444	0.1063	0.0579333	0.11796	0.168	0.192133
0.12	0.05	0.02	0.02	0.12	0.05	0.05	0.02	0.05	0.98	0.95	0.05	0.73	0.5	0.05	0.05	0.27	0.05	0.12	0.88	0.55625	0.2625	0.44	0.325	0.155	0.3675	0.41375	0.32625	0.53375	0.46	0.31	0.2525	0.31875	0.18625	0.14875	0.47125	0.405	0.0675	0.32875	0.53	3.8	-0.866667	0.2	0.571429	0.288889	0.0471	0.129733	0.11038	0.129757	0.159456
0.12	0.27	0.5	0.5	0.02	0.73	0.95	0.05	1	0.02	0.05	0.27	0.12	0.12	0.12	0.27	0.12	0.05	0.73	0.05	0.55625	0.13125	0.27625	0.205	0.18625	0.1975	0.1975	0.29125	0.295	0.68375	0.49875	0.16875	0.4525	0.2525	0.1125	0.39625	0.395	0.05875	0.23375	0.74125	-3.2	0.8	0.6	0.942857	1.11111	0.2358	0.141733	0.14154	0.115857	0.125167
0.73	0.12	0.5	0.95	0.12	0.27	0.5	0.27	0.12	0.5	0.27	0.27	0.27	0.12	0.12	0.88	0.5	0.05	0.12	0.73	0.4325	0.17875	0.27625	0.225	0.165	0.28375	0.2825	0.26375	0.41125	0.535	0.44375	0.22625	0.415	0.2525	0.1125	0.29125	0.29	0.05875	0.33875	0.57125	1.8	0.8	1.6	1.28571	0.844444	0.1423	0.184767	0.13686	0.132271	0.123933
0.27	0.05	0.02	0.02	0.27	0.05	0.05	0.02	0.05	0.88	0.95	0.05	0.73	0.5	0.05	0.12	0.27	0.12	0.27	0.95	0.41375	0.29125	0.355	0.36	0.20375	0.40625	0.38625	0.2	0.505	0.38375	0.3025	0.33	0.31	0.1775	0.22875	0.415	0.31875	0.05	0.32	0.4675	3.8	2.46667	1.68	1.28571	0.144444	0.1762	0.1338	0.1545	0.141243	0.181856
0.95	0.12	0.12	0.12	0.27	0.27	0.27	0.27	0.12	0.5	0.27	0.27	0.27	0.12	0.27	0.73	0.5	0.05	0.12	0.88	0.3475	0.31125	0.39	0.395	0.2125	0.37875	0.41625	0.11125	0.405	0.44	0.39625	0.36	0.38625	0.21625	0.22	0.39625	0.385	0.05875	0.2625	0.50375	1.8	3.26667	1.68	0.1	0.411111	0.0829	0.131467	0.14116	0.2119	0.254833
0.27	0.05	0.05	0.02	0.27	0.05	0.05	0.02	0.02	0.95	0.73	0.05	0.73	0.27	0.05	0.12	0.5	0.05	0.12	0.98	0.4325	0.32875	0.41125	0.41125	0.20375	0.415	0.4525	0.14625	0.53375	0.295	0.25375	0.39625	0.27125	0.25875	0.2475	0.48125	0.36625	0.14375	0.3725	0.39625	4.2	0.933333	0.42	0.442857	0.3	0.1353	0.1291	0.22104	0.287229	0.272511
0.12	0.5	0.88	0.88	0.05	0.5	0.5	0.12	1	0.02	0.05	0.73	0.12	0.12	0.12	0.27	0.27	0.05	0.5	0.05	0.45125	0.3625	0.27875	0.25625	0.23125	0.38625	0.34	0.13375	0.34875	0.415	0.33875	0.3875	0.36625	0.26875	0.23875	0.4625	0.41375	0.14375	0.24875	0.5125	-3.2	-1.16667	-0.5	0.585714	0.155556	0.1691	0.282033	0.33842	0.296357	0.303289
0.27	0.95	0.27	0.27	0.73	0.88	0.5	0.12	0.73	0.05	0.05	0.73	0.12	0.05	0.98	0.73	0.27	0.05	0.12	0.12	0.375	0.3825	0.32625	0.2475	0.1375	0.4275	0.36875	0.19125	0.40125	0.36375	0.3675	0.4725	0.36625	0.26875	0.13125	0.32875	0.385	0.14375	0.29625	0.4275	-4.5	-2.83333	-0.3	-0.6	-0.433333	0.5417	0.4913	0.36308	0.344443	0.398111
0.88	0.5	0.88	0.5	0.12	0.5	0.73	0.27	0.27	0.12	0.12	0.73	0.27	0.05	0.27	0.73	0.88	0.05	0.12	0.27	0.29875	0.52375	0.3575	0.27875	0.18625	0.5925	0.425	0.185	0.575	0.25125	0.24625	0.57625	0.29	0.2125	0.22875	0.37625	0.30875	0.135	0.29625	0.29625	-0.8	-0.833333	-2.04	-1.35714	-1.24444	0.7631	0.503667	0.43858	0.474843	0.447478
0.12	0.12	0.12	0.05	0.05	0.12	0.12	0.05	0.98	0.27	0.27	0.12	0.27	0.99	0.05	0.12	0.12	0.73	1	0.12	0.3375	0.57125	0.5475	0.35375	0.1675	0.62125	0.4825	0.30375	0.48625	0.1725	0.19625	0.63375	0.2625	0.0825	0.2375	0.42375	0.35625	0.05	0.1775	0.2075	2.8	-0.833333	-2.1	-2.45714	-1.48889	0.2062	0.494033	0.6039	0.544157	0.493767
0.12	0.99	0.27	0.12	0.02	0.95	0.5	0.05	0.5	0.05	0.05	0.88	0.27	0.05	0.12	0.27	0.27	0.05	0.12	0.05	0.3375	0.56625	0.5375	0.3575	0.1525	0.57375	0.4625	0.3075	0.5775	0.1725	0.2425	0.6425	0.23375	0.22875	0.2375	0.42375	0.30875	0.1625	0.3825	0.15625	-4.5	-1.73333	-1.9	-2.05714	-2.38889	0.5128	0.571567	0.61966	0.591357	0.486222
0.27	0.73	0.27	0.27	0.05	0.98	0.73	0.73	0.27	0.12	0.5	0.95	0.27	0.05	0.12	0.27	0.27	0.05	0.12	0.12	0.41375	0.55125	0.46125	0.24375	0.1575	0.5225	0.38625	0.33125	0.49625	0.1675	0.18625	0.5575	0.23375	0.22	0.2375	0.4525	0.30875	0.1625	0.32625	0.15625	-3.5	-3.83333	-1.82	-1.97143	-2.07778	0.9957	0.709667	0.56694	0.5236	0.486022
0.27	0.73	0.88	0.5	0.05	0.99	0.73	0.12	0.98	0.05	0.05	0.88	0.27	0.05	0.12	0.5	0.27	0.05	0.27	0.05	0.4425	0.52375	0.41375	0.215	0.08125	0.47375	0.38625	0.42625	0.35	0.185	0.2425	0.59375	0.23375	0.22	0.225	0.4425	0.385	0.1625	0.3075	0.165	-3.5	-2.46667	-3.16	-1.91429	-1.66667	0.6205	0.705233	0.53918	0.438486	0.468378
0.5	0.12	0.88	0.27	0.05	0.12	0.12	1	0.12	0.02	0.02	0.12	0.05	0.02	0.12	0.5	0.12	0.05	0.05	0.02	0.3375	0.57125	0.31	0.1875	0.08125	0.535	0.38625	0.28875	0.43	0.28375	0.35	0.66	0.31875	0.28	0.1975	0.36625	0.3275	0.17125	0.35375	0.245	-0.4	-2.6	-2.34	-2.42857	-1.11111	0.4995	0.3958	0.47008	0.463729	0.422467
0.27	0.88	0.12	0.12	0.12	0.5	0.27	0.05	0.27	0.73	0.88	0.88	0.5	0.5	0.12	0.27	0.27	0.27	0.88	0.5	0.36625	0.4675	0.3925	0.2025	0.08125	0.47875	0.35875	0.40375	0.295	0.2525	0.3325	0.55625	0.33875	0.15875	0.1975	0.38625	0.30875	0.0675	0.15875	0.26125	-3.9	-1.56667	-1.8	-1.18571	-1	0.0674	0.244733	0.34752	0.440457	0.400022
0.88	0.12	0.27	0.12	0.12	0.12	0.12	0.99	0.12	0.05	0.05	0.12	0.12	0.05	0.12	0.5	0.27	0.05	0.05	0.12	0.29	0.445	0.3425	0.19	0.09375	0.4225	0.32125	0.2825	0.2575	0.45	0.54875	0.5475	0.4625	0.27125	0.18875	0.33	0.30875	0.10375	0.28125	0.4125	-0.4	-1.7	-0.26	-0.142857	-0.0777778	0.1673	0.205867	0.2934	0.298814	0.3454
0.5	0.73	0.5	0.27	0.12	0.5	0.5	0.27	0.27	0.12	0.05	0.95	0.12	0.05	0.88	0.88	0.88	0.05	0.12	0.12	0.3375	0.2925	0.295	0.14375	0.1025	0.2675	0.1975	0.29625	0.22	0.48875	0.52	0.34	0.4625	0.375	0.09375	0.2825	0.29	0.2225	0.34875	0.48875	-0.8	1	0.58	0.9	0.211111	0.3829	0.300033	0.19434	0.2132	0.288467
0.27	0.27	0.05	0.05	0.12	0.12	0.12	0.05	0.05	0.88	0.95	0.5	0.73	0.5	0.05	0.12	0.27	0.12	0.27	0.88	0.3475	0.3825	0.30375	0.2275	0.09875	0.2825	0.21625	0.32375	0.15875	0.39375	0.4075	0.39625	0.3675	0.31875	0.1975	0.34875	0.36625	0.21375	0.31125	0.39375	4.2	2.4	2.12	0.828571	0.1	0.3499	0.245667	0.1851	0.210886	0.258789
0.12	0.05	0.02	0.02	0.12	0.05	0.05	0.02	0.05	0.73	0.99	0.05	0.88	0.5	0.05	0.05	0.12	0.12	0.27	0.73	0.395	0.41	0.2125	0.20375	0.215	0.3675	0.24375	0.2175	0.235	0.425	0.415	0.47125	0.37625	0.4075	0.18875	0.32875	0.40375	0.29875	0.43	0.44375	3.8	3.93333	2.02	0.742857	-2.46716e-17	0.0042	0.1251	0.2483	0.251743	0.205967
0.12	0.05	0.02	0.02	0.12	0.12	0.05	0.02	0.05	0.95	0.95	0.05	0.88	0.5	0.05	0.05	0.27	0.12	0.27	0.88	0.37625	0.315	0.20375	0.195	0.215	0.3875	0.225	0.21375	0.21625	0.425	0.42875	0.37625	0.405	0.4075	0.18	0.31	0.385	0.28	0.35375	0.45375	3.8	2.23333	1.28	0.614286	0.855556	0.0212	0.169567	0.2424	0.231286	0.205989
0.27	0.12	0.12	0.05	0.12	0.12	0.12	0.12	0.12	0.5	0.27	0.12	0.27	0.88	0.12	0.27	0.73	1	0.73	0.73	0.28125	0.35375	0.22	0.28625	0.20625	0.49125	0.2925	0.0925	0.3175	0.49	0.5225	0.415	0.5	0.36875	0.17125	0.25375	0.3275	0.17	0.3525	0.52	-0.9	-0.533333	0.18	1.27143	0.544444	0.4833	0.285967	0.17724	0.186243	0.249044
0.12	0.99	0.5	0.95	0.02	0.73	0.5	0.12	0.27	0.05	0.05	0.88	0.12	0.05	0.12	0.27	0.27	0.05	0.12	0.05	0.27125	0.21625	0.1725	0.17375	0.21875	0.415	0.245	0.07375	0.38875	0.54625	0.55875	0.2925	0.5375	0.5	0.095	0.20625	0.385	0.31625	0.52375	0.62375	-4.5	-2.23333	0.18	0.214286	0.277778	0.3534	0.286933	0.18992	0.215514	0.244867
0.73	0.12	0.12	0.05	0.98	0.73	0.27	0.12	0.73	0.12	0.12	0.27	0.27	0.73	0.05	0.27	0.27	0.73	1	0.27	0.195	0.2975	0.22	0.2825	0.1175	0.40625	0.265	0.07	0.33125	0.54625	0.55	0.3125	0.51875	0.415	0.10375	0.20625	0.385	0.23125	0.41375	0.59625	-1.3	-0.666667	-1.22	-0.785714	0.277778	0.0241	0.148367	0.29664	0.264243	0.209189
0.12	0.12	0.05	0.05	0.12	0.73	0.12	0.02	0.12	0.95	0.95	0.12	0.73	0.5	0.05	0.12	0.27	0.12	0.27	0.73	0.31875	0.35375	0.26	0.295	0.3325	0.43375	0.2925	0.2025	0.41625	0.3575	0.32875	0.35875	0.36625	0.3875	0.1125	0.31	0.46125	0.29875	0.4775	0.4625	3.8	-0.233333	-1.68	-0.728571	-0.188889	0.0676	0.2155	0.26904	0.265329	0.253422
0.27	0.5	0.5	0.88	0.05	0.95	0.73	0.12	1	0.12	0.12	0.5	0.27	0.12	0.12	0.27	0.27	0.05	0.5	0.5	0.3475	0.39125	0.31125	0.2225	0.43625	0.425	0.24375	0.25	0.33375	0.3575	0.32875	0.3675	0.32875	0.46375	0.21625	0.37625	0.49	0.3075	0.44875	0.39625	-3.2	-0.866667	0.06	-0.657143	-0.411111	0.5548	0.322567	0.20412	0.253757	0.327722
0.27	0.5	0.5	0.27	0.12	0.5	0.5	0.12	0.99	0.12	0.12	0.73	0.27	0.27	0.27	0.5	0.88	0.27	0.88	0.27	0.3475	0.4675	0.35875	0.4025	0.41875	0.59	0.34875	0.25	0.3825	0.31	0.32875	0.43375	0.32875	0.34125	0.1975	0.3475	0.35625	0.16125	0.325	0.34875	-3.2	-0.733333	0.24	0.242857	-0.7	0.3453	0.309633	0.27976	0.301829	0.311522
0.27	0.05	0.05	0.02	0.27	0.05	0.05	0.02	0.05	0.95	0.95	0.05	0.73	0.5	0.05	0.12	0.27	0.12	0.27	0.88	0.36625	0.415	0.3675	0.34875	0.40375	0.6175	0.46125	0.25375	0.5	0.20625	0.225	0.4425	0.27125	0.32125	0.335	0.395	0.4325	0.18875	0.49625	0.2725	4.2	0.2	-0.16	-0.0714286	-0.377778	0.0288	0.2588	0.40422	0.3466	0.350733
0.5	0.5	0.27	0.12	0.98	0.27	0.12	0.98	0.12	0.05	0.05	0.27	0.12	0.05	0.12	0.73	0.73	0.05	0.05	0.12	0.35625	0.435	0.35875	0.345	0.3025	0.5325	0.4525	0.21	0.415	0.36625	0.35625	0.44375	0.3475	0.30125	0.335	0.37625	0.40375	0.1125	0.41375	0.39625	-0.4	1.86667	-0.22	-0.842857	-0.0333333	0.4023	0.373667	0.36076	0.437843	0.406311
0.5	0.73	0.88	0.27	0.88	0.27	0.27	0.5	0.27	0.12	0.12	0.5	0.12	0.73	0.95	0.73	0.5	0.12	0.27	0.12	0.4325	0.40625	0.29125	0.335	0.425	0.45625	0.43375	0.35875	0.39625	0.30125	0.2625	0.415	0.29	0.16875	0.24	0.395	0.4325	0.10375	0.3675	0.415	1.8	-0.7	0.1	-0.128571	0.0111111	0.6899	0.476567	0.43296	0.433486	0.411911
0.27	0.73	0.5	0.88	0.05	0.99	0.73	0.12	0.5	0.12	0.27	0.88	0.27	0.05	0.12	0.27	0.27	0.05	0.12	0.12	0.46125	0.4625	0.38625	0.1825	0.52875	0.31	0.31875	0.40625	0.3525	0.30125	0.24375	0.3675	0.27125	0.30125	0.34375	0.4525	0.46125	0.16875	0.44625	0.3675	-3.5	-1.1	-0.38	0.928571	-0.133333	0.3375	0.5779	0.53206	0.401014	0.417589
0.27	0.12	0.12	0.27	0.05	0.5	0.95	0.05	0.27	0.05	0.05	0.27	0.12	0.12	1	0.27	0.27	0.12	0.88	0.05	0.46125	0.6	0.405	0.25875	0.51625	0.4	0.29125	0.415	0.29125	0.30125	0.2625	0.475	0.27125	0.265	0.215	0.42375	0.385	0.1325	0.25625	0.34875	-1.6	-1.1	0.54	-0.314286	-0.277778	0.7063	0.5227	0.4752	0.483457	0.4083
0.88	0.73	0.27	0.12	0.88	0.27	0.27	0.73	0.12	0.5	0.27	0.5	0.27	0.12	0.12	0.73	0.5	0.05	0.12	0.5	0.46125	0.5325	0.38625	0.28125	0.4125	0.4375	0.385	0.3425	0.31	0.245	0.2075	0.455	0.27125	0.23625	0.33375	0.385	0.35625	0.1325	0.3325	0.27375	1.8	1.46667	-0.72	-0.9	-0.544444	0.5243	0.449533	0.4584	0.463371	0.410211
0.73	0.12	0.12	0.12	1	0.12	0.12	0.73	0.12	0.5	0.27	0.12	0.27	0.12	0.12	0.27	0.27	0.12	0.12	0.88	0.48	0.5525	0.3775	0.2725	0.30875	0.42875	0.395	0.22625	0.30125	0.36125	0.2925	0.48375	0.3475	0.26375	0.325	0.36625	0.3275	0.12375	0.34125	0.33	4.2	0.5	-0.92	-0.9	-0.0333333	0.118	0.416067	0.44324	0.371386	0.378267
0.27	0.95	0.88	0.27	0.05	0.5	0.27	0.12	0.88	0.12	0.12	0.5	0.27	0.5	0.12	0.27	0.27	0.5	0.98	0.12	0.49	0.36375	0.175	0.2225	0.3325	0.35375	0.34875	0.2425	0.17875	0.485	0.42	0.38	0.4425	0.1875	0.2125	0.28125	0.28	0.07625	0.23375	0.50125	-4.5	-1.6	-0.24	0.2	0.188889	0.6059	0.328533	0.31118	0.339571	0.310456
0.27	0.99	0.27	0.27	0.02	0.73	0.5	0.12	0.27	0.05	0.05	0.98	0.12	0.05	0.12	0.27	0.27	0.05	0.12	0.05	0.47125	0.2825	0.2225	0.23125	0.345	0.235	0.2625	0.23375	0.2075	0.58875	0.48625	0.225	0.55	0.27125	0.20375	0.2625	0.28	0.1325	0.34125	0.58625	-4.5	-2.4	0.24	0.971429	0.788889	0.2617	0.304533	0.22928	0.250043	0.304644
0.88	0.12	0.05	0.05	0.27	0.12	0.12	0.12	0.05	0.95	0.73	0.12	0.88	0.27	0.12	0.27	0.27	0.05	0.12	0.73	0.4525	0.3825	0.25	0.23125	0.4325	0.26375	0.1975	0.2425	0.2075	0.485	0.41	0.31375	0.455	0.235	0.09375	0.32	0.28	0.12375	0.2375	0.52875	1.8	0.5	0.16	0.985714	1.24444	0.046	0.140833	0.2216	0.215886	0.238444
0.5	0.05	0.05	0.05	0.27	0.05	0.05	0.05	0.05	0.98	0.73	0.12	0.73	0.27	0.05	0.12	0.27	0.05	0.12	0.95	0.42375	0.33375	0.27875	0.32625	0.32875	0.33	0.29125	0.175	0.31625	0.425	0.3825	0.31375	0.455	0.22625	0.1025	0.33875	0.25125	0.12375	0.25625	0.445	4.2	3.26667	1.44	0.742857	0.655556	0.1148	0.0801333	0.15746	0.214814	0.238033
0.12	0.05	0.02	0.02	0.12	0.05	0.05	0.02	0.05	0.73	0.99	0.05	0.88	0.5	0.05	0.05	0.12	0.12	0.27	0.73	0.395	0.38125	0.35875	0.43875	0.225	0.40625	0.395	0.1025	0.335	0.4	0.31875	0.39875	0.40875	0.185	0.1025	0.37625	0.27	0.1025	0.22875	0.36875	3.8	3.3	2.84	0.885714	-0.2	0.0796	0.159867	0.12722	0.202629	0.299844
0.12	0.12	0.27	0.95	0.12	0.27	0.27	0.05	0.12	0.88	0.73	0.12	0.98	0.27	0.05	0.12	0.27	0.05	0.12	0.73	0.47125	0.31625	0.2325	0.30375	0.23375	0.37875	0.3675	0.1175	0.23125	0.38125	0.35125	0.4375	0.3775	0.21375	0.21125	0.39625	0.25125	0.055	0.15875	0.36875	1.9	2.73333	1.78	1.02857	0.5	0.2852	0.158433	0.22214	0.261571	0.320033
0.73	0.05	0.12	0.05	1	0.12	0.05	0.12	0.05	0.12	0.12	0.12	0.12	0.05	0.12	0.73	0.27	0.05	0.05	0.27	0.395	0.21625	0.30875	0.3975	0.13625	0.32125	0.33875	0.1	0.22125	0.56125	0.54375	0.33	0.56125	0.2975	0.19375	0.30125	0.25125	0.06375	0.18625	0.51125	2.5	0.3	0.24	1.02857	1.42222	0.1105	0.305433	0.33404	0.367514	0.334011
0.27	0.27	0.5	0.88	0.05	0.73	0.95	0.12	0.99	0.05	0.05	0.5	0.12	0.05	0.12	0.73	0.27	0.05	0.27	0.05	0.37625	0.18	0.26125	0.29	0.34375	0.23625	0.2175	0.0875	0.1	0.57	0.5525	0.27375	0.51375	0.2975	0.185	0.2825	0.28	0.06375	0.15875	0.57	-3.5	-1.5	-0.16	0.971429	1.68889	0.5206	0.435133	0.47564	0.406471	0.348989
0.12	0.5	0.73	0.99	0.02	0.73	0.95	0.12	0.27	0.05	0.02	0.73	0.05	0.02	0.12	0.5	0.27	0.02	0.05	0.05	0.36625	0.17875	0.24125	0.285	0.32	0.26375	0.245	0.1725	0.19875	0.45375	0.47125	0.32125	0.4375	0.27	0.30375	0.33	0.28	0.06375	0.1775	0.4575	-3.5	-1.73333	0.22	1.02857	1.04444	0.6743	0.660833	0.4961	0.420929	0.400222
0.88	0.5	0.12	0.12	0.12	0.5	0.27	0.27	0.12	0.12	0.12	0.88	0.12	0.5	0.99	0.5	0.27	0.05	0.27	0.12	0.2625	0.17875	0.3175	0.39375	0.29875	0.28875	0.32625	0.15375	0.22625	0.3875	0.3975	0.29875	0.38125	0.2725	0.19125	0.33	0.27125	0.13625	0.235	0.39125	1.8	0.7	0.56	0.528571	0.933333	0.7876	0.616467	0.51016	0.462457	0.418978
0.27	0.12	0.73	0.12	0.12	0.12	0.05	0.05	0.12	0.73	0.98	0.12	0.73	0.5	0.05	0.12	0.27	0.12	0.27	0.73	0.33875	0.22625	0.21375	0.2775	0.29	0.3175	0.32625	0.1775	0.3025	0.21625	0.21375	0.39375	0.21625	0.3575	0.30875	0.3775	0.2525	0.23125	0.345	0.23875	3.8	3.26667	0.94	0.571429	0.577778	0.3875	0.451967	0.52122	0.482157	0.396711
0.27	0.05	0.05	0.02	0.98	0.05	0.05	0.02	0.02	0.95	0.73	0.05	0.5	0.27	0.05	0.12	0.5	0.05	0.12	0.98	0.28125	0.2625	0.3175	0.375	0.18	0.42125	0.44375	0.1725	0.3425	0.18	0.23625	0.45	0.245	0.38625	0.30875	0.32	0.22375	0.24	0.3725	0.18875	4.2	2.13333	2.2	0.885714	-0.0888889	0.1808	0.3814	0.43604	0.4199	0.444867
0.27	0.27	0.12	0.12	0.05	0.27	0.27	0.73	0.12	0.05	0.05	0.73	0.05	0.02	1	0.27	0.27	0.02	0.05	0.05	0.28125	0.32375	0.30875	0.28625	0.29625	0.39375	0.36	0.08375	0.24	0.2925	0.32125	0.425	0.30125	0.4175	0.19	0.30125	0.2525	0.24375	0.3625	0.305	-1.6	1.8	1.58	0.885714	-0.2	0.5759	0.335033	0.29548	0.401271	0.468678
0.05	0.05	0.02	0.02	0.05	0.02	0.02	0.02	0.12	0.27	0.5	0.02	0.5	1	0.02	0.05	0.05	0.73	0.95	0.27	0.3275	0.295	0.23625	0.1775	0.4175	0.34	0.27875	0.16375	0.2125	0.35	0.3725	0.42875	0.33	0.415	0.30375	0.28125	0.28	0.18625	0.335	0.3625	2.8	-0.0333333	0.12	-0.0142857	0.5	0.2484	0.303033	0.32676	0.393743	0.413411
0.12	0.12	0.05	0.02	0.05	0.12	0.05	0.02	0.73	0.12	0.12	0.12	0.27	0.95	0.05	0.12	0.12	0.88	1	0.12	0.27125	0.23	0.25125	0.1775	0.40875	0.28	0.25625	0.255	0.13625	0.35625	0.4075	0.32125	0.35	0.36125	0.19125	0.2725	0.2525	0.1675	0.30125	0.3725	-1.3	-0.666667	-1.62	-0.157143	0.255556	0.0848	0.292367	0.43758	0.363657	0.392256
0.27	0.27	0.27	0.73	0.98	0.88	0.99	0.05	0.27	0.05	0.05	0.5	0.12	0.05	0.12	0.27	0.27	0.05	0.12	0.12	0.225	0.2025	0.135	0.07625	0.28375	0.1725	0.135	0.2475	0.19375	0.3075	0.35625	0.26125	0.34	0.53625	0.17875	0.245	0.20625	0.3475	0.49625	0.315	-3.5	-3.1	-0.74	-0.814286	0.144444	0.5439	0.454533	0.35778	0.423143	0.356444
0.27	0.98	0.5	0.27	0.05	0.73	0.5	0.12	0.27	0.05	0.05	0.98	0.12	0.05	0.12	0.73	0.27	0.05	0.12	0.05	0.225	0.17	0.1625	0.165	0.2925	0.295	0.2525	0.25125	0.31375	0.20375	0.28	0.305	0.31125	0.5175	0.1875	0.26375	0.235	0.3475	0.515	0.235	-4.5	-1.73333	-1.38	-0.185714	-0.677778	0.7349	0.485233	0.42754	0.350186	0.405933
0.27	0.05	0.05	0.02	0.99	0.05	0.05	0.05	0.05	0.73	0.88	0.05	0.73	0.98	0.05	0.12	0.27	0.27	0.73	0.73	0.30125	0.2675	0.3225	0.215	0.18375	0.38	0.30875	0.2025	0.36	0.175	0.185	0.36375	0.2625	0.405	0.19375	0.36875	0.235	0.32375	0.4475	0.1775	2.8	-0.7	-0.56	-1.04286	-0.677778	0.1769	0.503	0.42362	0.404157	0.395822
0.5	0.05	0.27	0.12	0.05	0.12	0.12	1	0.12	0.02	0.02	0.12	0.05	0.02	0.12	0.5	0.12	0.05	0.05	0.05	0.37625	0.27625	0.29875	0.20625	0.32875	0.38375	0.3125	0.09625	0.3425	0.34	0.32125	0.3675	0.395	0.43375	0.1975	0.34875	0.31	0.26625	0.42875	0.33875	-0.4	1.73333	-0.5	-1.08571	-0.788889	0.5972	0.279767	0.44008	0.461314	0.408433
0.05	0.05	0.02	0.02	0.05	0.02	0.02	0.02	0.12	0.27	0.5	0.02	0.5	1	0.02	0.05	0.05	0.73	0.95	0.27	0.5275	0.27625	0.3575	0.23125	0.3375	0.39625	0.33375	0.34	0.26625	0.3	0.2525	0.38	0.31125	0.19875	0.21875	0.4525	0.3375	0.0775	0.1975	0.3025	2.8	-0.266667	0.08	-0.328571	-0.688889	0.0652	0.429533	0.39008	0.435314	0.448544
0.27	0.5	0.5	0.27	0.12	0.88	0.5	0.12	0.98	0.12	0.12	0.88	0.27	0.12	0.12	0.73	0.73	0.05	0.27	0.27	0.5	0.20125	0.27875	0.1425	0.2125	0.24125	0.26	0.33625	0.14	0.31875	0.3	0.24375	0.33125	0.305	0.31625	0.3675	0.2525	0.15875	0.27375	0.29375	-3.2	-0.666667	-0.12	0.257143	-0.477778	0.6262	0.3921	0.42708	0.394014	0.464011
0.88	0.12	0.95	0.27	0.12	0.27	0.27	0.27	0.27	0.5	0.12	0.27	0.27	0.05	0.98	0.5	0.27	0.05	0.12	0.27	0.4525	0.14125	0.27875	0.1425	0.33125	0.26	0.24125	0.33625	0.22875	0.28	0.30875	0.2125	0.33125	0.31375	0.20875	0.415	0.33875	0.15875	0.2925	0.3025	-1.6	-1	-0.12	-0.371429	0.3	0.4849	0.491	0.3968	0.466329	0.400856
0.88	0.12	0.05	0.05	0.27	0.12	0.12	0.12	0.05	0.88	0.73	0.12	0.88	0.27	0.12	0.27	0.5	0.05	0.12	0.88	0.52875	0.16875	0.41875	0.23	0.2225	0.36375	0.36375	0.3825	0.28375	0.15625	0.1375	0.2875	0.1975	0.17	0.34375	0.52	0.38625	0.13125	0.21625	0.16875	1.8	-0.0666667	-1	0.0428571	0.188889	0.3619	0.430867	0.52038	0.4048	0.447889
0.88	0.12	0.27	0.12	0.12	0.12	0.12	0.99	0.12	0.05	0.05	0.12	0.05	0.05	0.12	0.5	0.27	0.05	0.05	0.05	0.5	0.1775	0.4675	0.22125	0.35875	0.36375	0.36375	0.16375	0.275	0.3675	0.2825	0.2875	0.3575	0.22875	0.335	0.4625	0.43375	0.13125	0.23375	0.37625	-0.4	-0.0666667	0.14	-0.1	0.733333	0.4458	0.496933	0.42844	0.481229	0.386911
0.27	0.12	0.12	0.27	0.05	0.5	0.88	0.12	0.12	0.05	0.05	0.27	0.05	0.02	1	0.27	0.27	0.02	0.05	0.05	0.6325	0.23375	0.5175	0.215	0.395	0.3475	0.3	0.285	0.275	0.425	0.25375	0.37625	0.3575	0.1225	0.2375	0.5475	0.54625	0.05	0.13	0.4525	-1.6	0.166667	0.82	1	0.888889	0.6831	0.4318	0.4515	0.398686	0.440133
0.5	0.12	0.95	0.27	1	0.27	0.12	0.27	0.27	0.12	0.12	0.12	0.12	0.05	0.12	0.88	0.5	0.05	0.12	0.12	0.66125	0.18625	0.3575	0.1875	0.295	0.28125	0.3475	0.26625	0.14875	0.4925	0.2925	0.3	0.3775	0.2225	0.3475	0.41375	0.46	0.055	0.15	0.52875	2.5	0.9	1.36	1.82857	1.71111	0.1665	0.483267	0.3888	0.407157	0.390767
0.88	0.27	0.27	0.5	0.27	0.73	0.88	0.27	0.27	0.12	0.12	0.5	0.27	0.05	0.27	0.73	0.88	0.05	0.12	0.27	0.56625	0.18625	0.3575	0.15875	0.3775	0.22375	0.2525	0.35625	0.13	0.4325	0.28	0.32875	0.33125	0.2225	0.22125	0.4325	0.39375	0.055	0.14125	0.4825	1.8	2.93333	2.28	2.17143	1.84444	0.6002	0.2717	0.40848	0.381443	0.425322
0.27	0.12	0.88	0.12	0.99	0.12	0.12	0.12	0.12	0.88	0.5	0.12	0.5	0.27	0.05	0.27	0.27	0.05	0.12	0.88	0.595	0.22375	0.36625	0.3225	0.26875	0.3475	0.42375	0.39375	0.17625	0.23375	0.1475	0.395	0.2075	0.1675	0.2675	0.575	0.49875	0.05125	0.14125	0.31125	4.5	3.5	3.44	2.17143	1.55556	0.0484	0.3976	0.30824	0.431457	0.484889
0.5	0.5	0.27	0.12	0.27	0.27	0.27	0.12	0.12	0.73	0.27	0.88	0.5	0.12	0.12	0.5	0.95	0.05	0.12	0.88	0.49	0.22375	0.42375	0.34125	0.35875	0.37625	0.5	0.27625	0.17625	0.30875	0.28	0.395	0.2925	0.21375	0.25875	0.5175	0.41375	0.06	0.15	0.3675	4.2	4.3	2.86	2.28571	2.02222	0.5442	0.258167	0.43412	0.462157	0.460433
0.73	0.12	0.05	0.05	0.27	0.12	0.12	0.12	0.12	0.73	0.5	0.12	0.5	0.95	0.12	0.27	0.27	0.12	0.5	0.95	0.51875	0.29	0.555	0.37875	0.38625	0.36625	0.4425	0.295	0.195	0.3175	0.26	0.49	0.32	0.11375	0.1675	0.6225	0.5875	0.055	0.11125	0.38625	4.2	2.66667	2.34	2.47143	2.12222	0.1819	0.507333	0.49368	0.470614	0.457322
0.5	0.27	0.27	0.27	0.05	0.27	0.27	0.99	0.12	0.02	0.02	0.88	0.05	0.05	0.12	0.5	0.12	0.05	0.05	0.05	0.49125	0.2625	0.41125	0.32	0.295	0.32	0.415	0.15875	0.17625	0.425	0.3675	0.38625	0.42375	0.345	0.155	0.49	0.55875	0.1825	0.27125	0.5175	-0.4	1	2.2	2.11429	2.15556	0.7959	0.625267	0.52914	0.478457	0.4522
0.5	0.27	0.73	0.98	0.12	0.5	0.73	0.27	0.27	0.05	0.05	0.27	0.12	0.05	0.27	0.95	0.73	0.02	0.12	0.12	0.4725	0.24375	0.35375	0.18375	0.28625	0.23375	0.28125	0.23	0.1575	0.44	0.3825	0.43375	0.4725	0.40125	0.1175	0.43375	0.49125	0.21375	0.36625	0.5375	-0.8	0.866667	1.22	1.87143	1.87778	0.898	0.639867	0.55132	0.488743	0.4057
0.27	0.5	0.12	0.27	0.12	0.5	0.88	0.05	0.12	0.5	0.88	0.88	0.73	0.27	0.12	0.27	0.27	0.12	0.12	0.5	0.50125	0.23375	0.3825	0.37625	0.165	0.31	0.37125	0.2575	0.22375	0.27625	0.2225	0.405	0.34875	0.3425	0.16375	0.5475	0.54875	0.20125	0.3575	0.38625	3.8	0.766667	0.94	1.17143	0.988889	0.2257	0.592933	0.53902	0.436957	0.406467
0.73	0.27	0.95	0.5	0.27	0.27	0.27	0.27	0.27	0.12	0.12	0.27	0.27	0.05	0.27	0.88	0.98	0.05	0.12	0.27	0.415	0.215	0.25125	0.335	0.1275	0.33875	0.42875	0.22125	0.205	0.32375	0.4025	0.38625	0.4675	0.4175	0.13625	0.42375	0.375	0.21875	0.37625	0.39625	-0.7	1.96667	0.88	0.0714286	0.733333	0.6551	0.333733	0.41618	0.418871	0.347667
0.05	0.05	0.02	0.02	0.05	0.05	0.05	0.05	0.12	0.27	0.5	0.05	0.5	1	0.02	0.05	0.12	1	0.95	0.27	0.4425	0.29	0.42375	0.4225	0.13625	0.47	0.50375	0.24875	0.3325	0.22875	0.3075	0.46125	0.41	0.195	0.1675	0.55625	0.55875	0.1	0.2725	0.2925	2.8	0.466667	0.34	0.4	-0.0888889	0.1204	0.319067	0.24764	0.307314	0.345556
0.73	0.12	0.27	0.12	0.27	0.27	0.27	0.12	0.27	0.27	0.27	0.27	0.73	0.5	0.12	0.73	0.95	0.27	0.95	0.5	0.32875	0.2625	0.3925	0.39125	0.2275	0.4425	0.4575	0.1225	0.42375	0.24125	0.34875	0.33875	0.39	0.26625	0.14625	0.4425	0.47375	0.19125	0.32875	0.2725	-0.7	-0.466667	-0.04	0.0571429	0.233333	0.1817	0.119133	0.2055	0.2023	0.2678
0.27	0.27	0.5	0.95	0.02	0.73	0.99	0.12	0.5	0.02	0.05	0.5	0.12	0.02	0.27	0.5	0.27	0.05	0.05	0.05	0.38625	0.30125	0.335	0.2275	0.25875	0.41375	0.38625	0.1225	0.395	0.2725	0.37625	0.395	0.46625	0.32625	0.1275	0.47125	0.55875	0.2225	0.44125	0.32875	-3.5	-0.766667	-0.54	-0.128571	0.233333	0.0553	0.084	0.10706	0.183786	0.247278
0.27	0.12	0.05	0.02	0.12	0.27	0.12	0.05	0.12	0.73	0.95	0.12	0.99	0.5	0.05	0.12	0.27	0.12	0.27	0.73	0.38625	0.26375	0.3825	0.3125	0.265	0.415	0.39125	0.1275	0.43375	0.24	0.2725	0.33875	0.37625	0.295	0.14625	0.5	0.55875	0.21375	0.4325	0.29125	1.9	-1.6	-0.6	-0.142857	0.233333	0.015	0.0777333	0.1022	0.1921	0.2688
0.27	0.5	0.5	0.27	0.12	0.95	0.5	0.12	0.99	0.12	0.12	0.5	0.27	0.12	0.12	0.5	0.88	0.12	0.5	0.12	0.32875	0.30625	0.27	0.2525	0.23375	0.40625	0.3725	0.1	0.35375	0.3075	0.37625	0.3675	0.46625	0.3425	0.11875	0.37625	0.39375	0.21375	0.40375	0.34	-3.2	0.4	-0.62	0	-0.188889	0.1629	0.0913333	0.20852	0.234814	0.294456
