0.12	0.95	0.12	0.05	0.02	0.27	0.12	0.73	0.99	0.05	0.05	0.27	0.12	0.88	0.05	0.12	0.5	0.27	0.99	0.05	0.4925	0.22125	0.31625	0.28625	0.37	0.38625	0.36625	0.23125	0.2625	0.27	0.2325	0.30625	0.2625	0.28875	0.41625	0.58625	0.58875	0.19125	0.37625	0.355	-1.3	-2.76667	-1.96	-1.1	-0.344444	0.1254	0.342833	0.4054	0.420643	0.472511
0.12	0.27	0.73	0.73	0.02	0.99	0.98	0.05	0.5	0.02	0.02	0.88	0.12	0.02	0.12	0.73	0.12	0.02	0.05	0.02	0.385	0.3825	0.335	0.22	0.31375	0.35375	0.2875	0.2875	0.4275	0.255	0.2275	0.30625	0.2625	0.3875	0.48375	0.51	0.665	0.2225	0.54125	0.3025	-3.5	-1.83333	-1.24	-0.6	-0.933333	0.4703	0.296467	0.30696	0.349414	0.3878
0.27	0.12	0.5	0.12	0.12	0.12	0.12	0.27	0.12	0.27	0.5	0.12	0.27	0.12	0.98	0.88	0.95	0.05	0.5	0.27	0.3375	0.40125	0.345	0.29625	0.27375	0.4625	0.47125	0.355	0.46625	0.17625	0.225	0.43	0.3325	0.36625	0.48375	0.43375	0.4525	0.215	0.47625	0.17625	-0.7	-0.466667	0.02	-0.985714	-1.03333	0.2937	0.325533	0.26166	0.297214	0.343844
0.12	0.02	0.02	0.01	1	0.02	0.02	0.12	0.12	0.05	0.05	0.02	0.05	0.95	0.95	0.05	0.12	0.99	0.99	0.05	0.2525	0.5175	0.405	0.31	0.1325	0.55125	0.5125	0.34625	0.57375	0.17625	0.32875	0.5	0.34125	0.2625	0.46	0.52875	0.50875	0.0975	0.49125	0.1275	2.8	1.63333	-0.42	-0.714286	-1.44444	0.2126	0.237533	0.30446	0.279571	0.326867
0.5	0.27	0.12	0.12	0.73	0.27	0.27	0.02	0.27	0.73	0.73	0.12	0.73	0.88	0.12	0.12	0.27	0.27	0.99	0.27	0.17625	0.41	0.36375	0.18375	0.285	0.41625	0.38625	0.31125	0.46625	0.1	0.27125	0.4875	0.25625	0.2675	0.51625	0.54875	0.5025	0.18375	0.47875	0.17625	2.8	0.7	-0.04	-1.17143	-1.13333	0.2063	0.252767	0.27226	0.340514	0.325756
0.12	0.73	0.88	0.27	0.05	0.73	0.5	0.27	0.95	0.12	0.05	0.88	0.27	0.05	0.88	0.73	0.73	0.05	0.5	0.05	0.27125	0.2675	0.2875	0.17375	0.40125	0.41625	0.43375	0.20375	0.29125	0.2325	0.4125	0.3925	0.39	0.38	0.44875	0.49125	0.445	0.1925	0.5075	0.28875	-3.5	-0.766667	-0.8	-0.771429	-0.677778	0.3394	0.285	0.32392	0.333729	0.340122
0.27	0.12	0.12	0.12	0.05	0.27	0.73	0.88	0.05	0.12	0.73	0.5	0.98	0.05	0.98	0.27	0.12	0.02	0.05	0.12	0.32875	0.3725	0.325	0.1075	0.40125	0.38375	0.2975	0.24375	0.375	0.2325	0.33125	0.3925	0.2925	0.38375	0.54	0.5675	0.54	0.19625	0.56	0.28375	-1.6	-3.2	-1.5	-0.271429	-0.333333	0.3093	0.400233	0.36596	0.328157	0.339789
0.12	0.95	0.27	0.12	0.02	0.88	0.5	0.05	0.98	0.05	0.5	0.73	0.12	0.05	0.05	0.88	0.5	0.05	0.73	0.12	0.405	0.26875	0.30625	0.18375	0.5125	0.3075	0.345	0.37625	0.2775	0.2225	0.33125	0.41125	0.38125	0.37125	0.64375	0.49125	0.43625	0.24875	0.41875	0.265	-4.5	-2.26667	-1.5	-0.728571	-0.344444	0.552	0.428033	0.37564	0.364543	0.3608
0.27	0.12	0.27	0.05	1	0.05	0.12	0.12	0.02	0.12	0.27	0.5	0.12	0.02	0.12	0.73	0.98	0.02	0.02	0.73	0.43375	0.40375	0.31875	0.25375	0.27125	0.47125	0.48125	0.475	0.50125	0.21375	0.36	0.47125	0.40875	0.2625	0.55	0.56625	0.395	0.135	0.4175	0.245	-0.7	-0.8	-0.88	-1.24286	-0.7	0.4228	0.409833	0.40122	0.404043	0.399144
0.5	0.27	0.27	0.12	0.27	0.73	0.73	0.12	0.27	0.5	0.5	0.27	0.73	0.95	0.27	0.27	0.5	0.12	0.73	0.73	0.37625	0.4425	0.4225	0.34	0.38125	0.415	0.48125	0.47875	0.45125	0.10875	0.24625	0.5475	0.2475	0.05125	0.62625	0.7	0.43625	0.09125	0.21125	0.27375	2.8	0.566667	-0.72	-0.8	-1.4	0.2547	0.3816	0.43592	0.435229	0.441489
0.73	0.5	0.27	0.05	0.02	0.27	0.12	0.98	0.27	0.02	0.05	0.5	0.05	0.05	0.95	0.88	0.27	0.02	0.02	0.05	0.395	0.3375	0.3275	0.3775	0.51625	0.415	0.51	0.37125	0.36625	0.16875	0.35875	0.4425	0.3325	0.28	0.465	0.6425	0.4075	0.1125	0.35625	0.38625	-0.4	0.533333	0.1	-1.07143	-0.811111	0.4673	0.4016	0.43706	0.474957	0.440422
0.73	0.12	0.5	0.73	0.98	0.12	0.27	0.5	0.27	0.12	0.27	0.5	0.12	0.02	0.88	0.88	0.5	0.5	0.05	0.12	0.395	0.46125	0.3175	0.3875	0.39625	0.49125	0.49125	0.33625	0.4225	0.15625	0.24625	0.4425	0.2075	0.2925	0.47	0.71875	0.455	0.0525	0.3525	0.39625	-0.8	-0.533333	-0.46	-0.171429	-1.02222	0.4828	0.5026	0.46998	0.443214	0.455356
0.5	0.27	0.12	0.5	0.05	0.5	0.73	0.98	0.95	0.05	0.05	0.27	0.27	0.05	0.27	0.5	0.27	0.05	0.27	0.5	0.415	0.325	0.3325	0.4025	0.635	0.34875	0.3775	0.27125	0.21625	0.16125	0.22625	0.38625	0.17625	0.2975	0.54125	0.67125	0.42375	0.10375	0.235	0.33625	-0.4	-1.56667	-0.66	-0.571429	-0.244444	0.5577	0.542633	0.485	0.4462	0.415711
0.27	0.73	0.95	0.88	0.88	0.5	0.88	0.05	0.12	0.27	0.05	0.5	0.05	0.12	0.88	0.73	0.12	0.02	0.05	0.5	0.44375	0.255	0.2575	0.3825	0.40875	0.345	0.3775	0.4975	0.32	0.12	0.195	0.30125	0.19125	0.30125	0.45625	0.61375	0.335	0.1075	0.2625	0.26	-3.5	-0.7	-1.28	-0.614286	-0.211111	0.5874	0.491633	0.48028	0.4377	0.399889
0.5	0.12	0.12	0.5	0.88	0.27	0.12	0.27	0.27	0.12	0.5	0.27	0.27	0.98	0.27	0.88	0.27	0.12	0.95	0.27	0.415	0.4075	0.3425	0.44875	0.39	0.31625	0.44375	0.47	0.2825	0.1675	0.13875	0.3875	0.10625	0.10875	0.5325	0.62375	0.31625	0.08625	0.07375	0.28875	1.8	-1.73333	-0.62	-0.614286	-0.1	0.3298	0.453633	0.42276	0.411	0.413489
0.27	0.73	0.27	0.88	0.05	0.73	0.73	0.12	0.5	0.12	0.05	0.5	0.05	0.12	0.95	0.88	0.73	0.02	0.05	0.27	0.3675	0.3925	0.38125	0.40125	0.49375	0.25875	0.415	0.3725	0.25375	0.19875	0.195	0.415	0.13375	0.24375	0.39125	0.5475	0.24	0.15875	0.275	0.28875	-3.5	0.266667	-0.62	0.0428571	-0.555556	0.4437	0.3229	0.3673	0.3959	0.401889
0.05	0.01	0.01	0.01	1	0.12	0.05	0.01	0.01	0.02	0.12	0.05	0.02	0.12	0.01	0.12	0.02	0.01	0.01	0.02	0.31875	0.47	0.35375	0.42125	0.255	0.335	0.4725	0.3575	0.28375	0.2025	0.155	0.47125	0.2325	0.2425	0.52375	0.62375	0.3575	0.09875	0.27625	0.31125	2.5	-0.466667	0.84	-0.542857	-0.644444	0.1952	0.306433	0.32524	0.368071	0.376422
0.27	0.02	0.5	0.27	0.02	0.02	0.27	1	0.02	0.01	0.02	0.05	0.02	0.12	0.05	0.5	0.12	0.02	0.02	0.12	0.29125	0.4975	0.34	0.38875	0.43375	0.3475	0.41625	0.12625	0.17875	0.26	0.27125	0.5	0.26125	0.27	0.5	0.57625	0.37375	0.0975	0.275	0.3275	-0.4	1.96667	-0.42	-0.271429	-0.177778	0.2804	0.284233	0.33186	0.320386	0.365322
0.5	0.88	0.12	0.27	0.12	0.27	0.5	0.12	0.12	0.73	0.5	0.73	0.27	0.27	0.27	0.5	0.5	0.05	0.12	0.73	0.29125	0.3325	0.3025	0.29375	0.37375	0.345	0.31125	0.245	0.185	0.19875	0.29625	0.415	0.315	0.34625	0.425	0.5475	0.37375	0.20125	0.3475	0.28	3.8	-0.366667	-0.04	0.0142857	0.522222	0.3771	0.340133	0.29384	0.338671	0.333256
0.12	0.99	0.73	0.05	0.02	0.27	0.5	0.05	0.27	0.27	0.05	0.95	0.05	0.27	0.5	0.27	0.12	0.5	0.73	0.05	0.31	0.3375	0.22625	0.35	0.2825	0.37375	0.40625	0.22625	0.16625	0.275	0.32375	0.41625	0.3425	0.23	0.4725	0.585	0.42125	0.1325	0.15875	0.365	-4.5	-0.766667	0.22	0.914286	-0.0666667	0.3629	0.3312	0.34636	0.317971	0.357878
0.12	0.02	0.02	0.02	0.02	0.12	0.05	0.27	0.02	0.05	0.02	0.5	0.88	0.01	1	0.73	0.73	0.01	0.02	0.05	0.33875	0.45875	0.3725	0.30625	0.3675	0.3925	0.405	0.2175	0.15	0.29375	0.355	0.52	0.26625	0.25375	0.41375	0.45125	0.2875	0.1975	0.2475	0.365	-1.6	-0.766667	0.86	0.0571429	-0.111111	0.2536	0.3581	0.35004	0.368857	0.371678
0.5	0.5	0.5	0.5	0.5	0.5	0.5	0.12	0.12	0.5	0.88	0.5	0.5	0.27	0.12	0.5	0.5	0.05	0.27	0.73	0.3475	0.5075	0.345	0.3075	0.1975	0.3925	0.43375	0.2975	0.19875	0.25	0.295	0.6325	0.345	0.2125	0.61375	0.5275	0.37625	0.25375	0.23	0.2925	3.8	1.66667	-0.6	-0.442857	-0.822222	0.4578	0.336733	0.3849	0.409929	0.412378
0.5	0.27	0.27	0.12	0.5	0.73	0.27	0.12	0.27	0.5	0.73	0.5	0.73	0.88	0.5	0.5	0.5	0.88	0.73	0.73	0.37625	0.59625	0.4025	0.355	0.305	0.4525	0.49125	0.20625	0.21125	0.31125	0.345	0.7175	0.3475	0.13625	0.6225	0.55625	0.4525	0.15375	0.20375	0.31125	2.8	1.03333	-0.48	-1.54286	-0.866667	0.2988	0.436	0.4259	0.436271	0.433111
0.27	0.27	0.12	0.73	0.05	0.5	0.88	0.05	0.27	0.27	0.27	0.5	0.27	0.05	0.88	0.95	0.27	0.02	0.05	0.27	0.37625	0.52	0.44	0.26	0.47	0.48125	0.3675	0.215	0.2875	0.34	0.45	0.66	0.405	0.26875	0.60375	0.47125	0.4525	0.365	0.365	0.34	-3.5	-1.53333	-0.94	-1.01429	-0.866667	0.5514	0.4727	0.48748	0.451143	0.435211
0.5	0.73	0.73	0.5	0.73	0.73	0.27	0.27	0.12	0.05	0.27	0.88	0.27	0.05	0.98	0.27	0.27	0.05	0.05	0.27	0.395	0.3725	0.335	0.345	0.3975	0.48125	0.4725	0.2725	0.335	0.34875	0.4775	0.585	0.4325	0.24125	0.63875	0.61375	0.47125	0.305	0.28875	0.39625	-3.9	-3.76667	-1.86	-0.242857	-0.755556	0.5679	0.560267	0.48932	0.471486	0.458244
0.5	0.88	0.27	0.5	0.12	0.5	0.73	0.5	0.5	0.12	0.5	0.95	0.27	0.05	0.73	0.5	0.5	0.5	0.12	0.12	0.41375	0.41375	0.5	0.4525	0.53375	0.5575	0.47125	0.30125	0.31875	0.3675	0.48	0.57625	0.385	0.27375	0.57875	0.585	0.41375	0.25375	0.2925	0.47125	-3.9	-2.86667	-1.66	-1.28571	-0.966667	0.5615	0.532133	0.50876	0.487543	0.489556
0.5	0.5	0.73	0.27	0.88	0.73	0.5	0.27	0.27	0.5	0.27	0.73	0.27	0.12	0.5	0.73	0.73	0.05	0.27	0.27	0.385	0.46125	0.41375	0.4525	0.5	0.5575	0.47125	0.3775	0.36625	0.2725	0.46125	0.6325	0.3375	0.2375	0.7025	0.55625	0.35625	0.31	0.24625	0.42375	-0.8	-0.3	-1.66	-2.18571	-1.82222	0.467	0.474833	0.51252	0.521343	0.499744
0.27	0.27	0.27	0.12	0.99	0.27	0.12	0.12	0.73	0.73	0.88	0.27	0.27	0.5	0.5	0.27	0.27	0.88	0.73	0.5	0.385	0.51875	0.5	0.49	0.54875	0.615	0.5	0.49125	0.28125	0.19625	0.3275	0.66125	0.26125	0.08625	0.655	0.585	0.46125	0.15875	0.10375	0.3375	3.8	-0.166667	-1.58	-2.24286	-2.21111	0.396	0.477733	0.50602	0.521071	0.5337
0.5	0.27	0.5	0.5	0.12	0.5	0.73	0.73	0.5	0.12	0.27	0.73	0.27	0.05	0.88	0.73	0.27	0.05	0.12	0.5	0.35625	0.57625	0.5475	0.4425	0.6575	0.615	0.42375	0.5275	0.29125	0.2725	0.385	0.6325	0.2425	0.1425	0.53125	0.4425	0.46125	0.26625	0.18	0.3375	-3.5	-1.06667	-1.58	-1.78571	-2.21111	0.5702	0.500533	0.50362	0.526286	0.5306
0.27	0.5	0.88	0.88	0.5	0.5	0.5	0.73	0.27	0.27	0.27	0.5	0.5	0.27	0.27	0.73	0.5	0.05	0.12	0.5	0.385	0.56625	0.4425	0.36625	0.62875	0.615	0.43375	0.5275	0.3675	0.2625	0.41375	0.6425	0.21375	0.115	0.60375	0.47125	0.46125	0.26625	0.18875	0.3375	-3.5	-3.63333	-1.56	-1.72857	-2.27778	0.5354	0.5517	0.5311	0.520857	0.532111
0.27	0.5	0.27	0.27	0.99	0.73	0.27	0.5	0.27	0.12	0.5	0.73	0.12	0.05	0.88	0.5	0.27	0.05	0.05	0.5	0.35625	0.56625	0.51875	0.4425	0.615	0.58625	0.48125	0.55625	0.39625	0.28125	0.35625	0.58625	0.2425	0.1425	0.5275	0.52875	0.46125	0.21	0.1975	0.35625	-3.9	-2.7	-3.02	-2.25714	-2.23333	0.5495	0.5631	0.5566	0.537214	0.530322
0.27	0.5	0.5	0.27	1	0.73	0.12	0.88	0.05	0.12	0.27	0.27	0.12	0.05	0.12	0.27	0.88	0.5	0.05	0.27	0.35625	0.5375	0.46125	0.47125	0.61375	0.5575	0.5	0.5375	0.42375	0.31	0.41375	0.615	0.27125	0.19	0.6225	0.52875	0.35625	0.1625	0.1975	0.4425	-0.7	-2.7	-3.22	-3.3	-1.72222	0.6044	0.559133	0.55886	0.558557	0.535333
0.27	0.73	0.73	0.73	0.05	0.73	0.88	0.95	0.12	0.27	0.12	0.73	0.12	0.05	0.27	0.27	0.27	0.05	0.05	0.27	0.385	0.5375	0.46125	0.4325	0.6425	0.5575	0.4525	0.57625	0.3575	0.2625	0.41375	0.5575	0.27125	0.19	0.65125	0.5575	0.46125	0.1425	0.14	0.4425	-3.5	-2.9	-3.22	-2.25714	-1.72222	0.5235	0.5698	0.56086	0.550257	0.542544
0.5	0.88	0.27	0.27	0.88	0.73	0.12	0.27	0.5	0.12	0.5	0.73	0.27	0.05	0.95	0.5	0.5	0.05	0.12	0.27	0.3275	0.57625	0.51875	0.49	0.53	0.58625	0.5475	0.585	0.33875	0.28125	0.36625	0.5	0.23375	0.2175	0.56625	0.52875	0.49	0.2275	0.15	0.41375	-4.5	-3.83333	-1.68	-1.21429	-1.72222	0.5815	0.550133	0.55338	0.539614	0.536633
0.27	0.88	0.27	0.5	0.5	0.5	0.88	0.5	0.73	0.12	0.27	0.73	0.12	0.05	0.73	0.73	0.27	0.05	0.12	0.27	0.385	0.605	0.5	0.46125	0.5775	0.615	0.42375	0.5275	0.31	0.25375	0.37625	0.5475	0.19625	0.19	0.67	0.51875	0.51875	0.22375	0.15	0.3575	-3.5	-1.4	-0.78	-1.15714	-1.42222	0.5454	0.546333	0.52468	0.534971	0.537078
0.5	0.27	0.5	0.5	0.88	0.5	0.5	0.5	0.27	0.73	0.5	0.5	0.5	0.5	0.5	0.5	0.5	0.12	0.27	0.73	0.385	0.68125	0.5	0.49	0.44	0.63375	0.5	0.5275	0.3675	0.225	0.3475	0.5475	0.19625	0.19	0.69875	0.57625	0.51875	0.2425	0.1875	0.27125	3.8	1.36667	-0.78	-1.17143	-1.13333	0.5121	0.506133	0.52338	0.525686	0.530022
0.5	0.5	0.5	0.27	0.27	0.27	0.5	0.5	0.27	0.5	0.73	0.27	0.27	0.5	0.88	0.5	0.5	0.27	0.27	0.5	0.385	0.62375	0.47125	0.5475	0.45375	0.6625	0.5475	0.45125	0.42375	0.30125	0.37625	0.57625	0.2725	0.24625	0.69875	0.605	0.47125	0.17625	0.215	0.3575	3.8	1.36667	-0.04	-0.857143	-0.555556	0.4609	0.496667	0.51496	0.520329	0.502733
0.27	0.73	0.5	0.5	0.05	0.73	0.73	0.12	0.73	0.12	0.27	0.27	0.12	0.27	0.88	0.73	0.73	0.73	0.27	0.27	0.4425	0.51875	0.47125	0.5375	0.48125	0.605	0.5	0.49	0.385	0.34875	0.43375	0.51875	0.31	0.275	0.7275	0.6525	0.47125	0.115	0.215	0.3675	-3.5	-0.166667	0.4	0.428571	-0.555556	0.517	0.505767	0.50308	0.488514	0.491933
0.5	0.73	0.73	0.88	0.5	0.5	0.27	0.5	0.27	0.05	0.12	0.88	0.05	0.05	0.88	0.88	0.5	0.02	0.12	0.05	0.35375	0.53375	0.415	0.45875	0.315	0.5575	0.57625	0.42375	0.41375	0.3425	0.3925	0.46125	0.28625	0.29875	0.615	0.57375	0.4525	0.1975	0.22	0.36125	-0.8	-1.86667	0.54	0.428571	-0.1	0.5394	0.514133	0.47242	0.4715	0.468733
0.5	0.5	0.5	0.5	0.27	0.88	0.5	0.5	0.27	0.5	0.5	0.5	0.5	0.5	0.88	0.73	0.5	0.27	0.5	0.27	0.32625	0.4525	0.41	0.44375	0.28375	0.4475	0.4375	0.36125	0.3225	0.39625	0.345	0.4175	0.30625	0.2425	0.52375	0.5025	0.43375	0.16	0.16	0.4225	-1.3	0.8	-0.92	-0.171429	0.788889	0.486	0.4614	0.4655	0.451586	0.425089
0.27	0.27	0.27	0.5	0.5	0.73	0.5	0.27	0.5	0.5	0.73	0.27	0.5	0.5	0.5	0.5	0.5	0.12	0.27	0.73	0.3075	0.44875	0.37625	0.38125	0.1475	0.405	0.375	0.3275	0.26	0.4275	0.2875	0.39	0.2775	0.2425	0.51	0.47	0.405	0.17875	0.17	0.39875	4.5	-0.1	-0.3	-0.0714286	0.833333	0.3588	0.4237	0.43664	0.407543	0.3907
0.5	0.12	0.73	0.88	0.05	0.73	0.73	0.88	0.27	0.27	0.12	0.27	0.27	0.05	0.5	0.88	0.5	0.02	0.05	0.12	0.21875	0.4075	0.36625	0.315	0.17	0.3775	0.29875	0.31375	0.27	0.39375	0.2725	0.3625	0.2725	0.23625	0.4	0.36625	0.34375	0.1725	0.16625	0.4125	-3.5	0.2	0.76	1.02857	0.0222222	0.4263	0.385933	0.35928	0.362629	0.406133
0.02	1	0.05	0.02	0	0.12	0.27	0.12	0.27	0	0.02	0.88	0.01	0.02	0.05	0.02	0.12	0	0.01	0	0.25125	0.20625	0.40375	0.36	0.17	0.3625	0.265	0.51875	0.17875	0.4125	0.25125	0.2525	0.29	0.20625	0.34875	0.38875	0.3	0.08375	0.1375	0.39625	-0.4	0.2	1.86	0.642857	0.366667	0.3727	0.3172	0.3026	0.371257	0.389356
0.05	0	0	0	0.02	0	0	0	0	1	0.27	0	0.73	0.05	0	0.01	0.12	0	0.02	0.98	0.21875	0.33125	0.3525	0.34375	0.13875	0.40625	0.35625	0.4775	0.28875	0.29625	0.22	0.315	0.25625	0.25875	0.25125	0.37125	0.32875	0.1725	0.23125	0.30125	4.5	2.76667	0.26	0.771429	0.366667	0.1526	0.242633	0.3508	0.354114	0.395222
0.12	0.01	0	0	0.02	0.01	0	0	0	0.98	0.27	0.05	0.27	0.5	0.01	0.01	0.27	0.12	0.12	1	0.1625	0.30125	0.38125	0.4	0.10625	0.3575	0.41625	0.4175	0.26125	0.25125	0.1725	0.28	0.285	0.155	0.23125	0.31375	0.31	0.125	0.17125	0.29875	4.2	1.73333	0.88	0.0142857	0.122222	0.2026	0.318333	0.33874	0.387457	0.403211
0.02	0.02	0.88	0.12	0	0.05	0.12	1	0.12	0	0	0.05	0	0	0	0.05	0.01	0.12	0.02	0	0.26375	0.2675	0.24	0.3375	0.17125	0.27625	0.34125	0.265	0.185	0.32625	0.1175	0.24875	0.25875	0.15625	0.1725	0.3375	0.39875	0.11125	0.15125	0.36625	-3.5	0.1	0.8	0.0142857	-0.177778	0.5998	0.389467	0.38264	0.406257	0.368556
0.05	0	0.12	0	0	0	0	1	0	0	0	0	0	0	0.02	0.05	0	0	0	0.02	0.26	0.34625	0.3625	0.33375	0.18	0.25375	0.35625	0.17	0.2	0.3075	0.1175	0.33125	0.24	0.15625	0.17	0.29	0.42875	0.12625	0.1625	0.3825	-0.4	-1.56667	-0.8	0.328571	-0.177778	0.366	0.519333	0.4637	0.359714	0.385667
0.27	0.73	0.27	0.73	0.27	0.73	0.73	0.05	0.88	0.12	0.12	0.5	0.5	0.5	0.05	0.73	0.73	0.73	0.88	0.27	0.26375	0.1925	0.3525	0.255	0.14875	0.18125	0.29375	0.28	0.09	0.415	0.13375	0.25	0.21	0.0975	0.2825	0.23625	0.3375	0.06875	0.0575	0.41375	-0.8	-1.56667	-1.28	-0.814286	0.366667	0.5922	0.505367	0.43256	0.420814	0.392467
0.12	0.27	0.73	0.95	0.01	0.5	0.98	0.02	0.05	0.12	0.12	0.27	0.27	0.12	0.73	0.27	0.5	0.01	0.12	0.27	0.31	0.265	0.4175	0.2425	0.18	0.2725	0.325	0.40625	0.3175	0.2925	0.1025	0.29375	0.15	0.14125	0.2	0.32625	0.36625	0.16125	0.24125	0.2925	-3.5	-0.833333	-1.28	-0.771429	-0.177778	0.5579	0.399	0.42866	0.453857	0.416511
0.98	0.01	0.02	0.12	1	0.12	0.02	0.05	0.01	0.12	0.02	0.02	0.02	0.01	0.02	0.73	0.95	0.01	0.01	0.27	0.25	0.35875	0.5975	0.40875	0.06875	0.41	0.5675	0.4175	0.41375	0.17625	0.0875	0.3525	0.1625	0.095	0.3025	0.38625	0.31	0.14875	0.27375	0.17375	1.8	-1.73333	-0.3	-0.328571	-0.433333	0.0469	0.395033	0.44224	0.420886	0.429211
0.5	0.73	0.95	0.73	0.12	0.5	0.73	0.12	0.27	0.12	0.12	0.88	0.12	0.05	0.5	0.5	0.73	0.02	0.12	0.27	0.3225	0.3575	0.3775	0.32	0.27	0.46625	0.47	0.28625	0.49125	0.1825	0.08125	0.25375	0.15625	0.2125	0.24375	0.42375	0.37	0.2575	0.3675	0.18875	-3.5	0.933333	-0.22	0	-0.133333	0.5803	0.3537	0.3976	0.413871	0.3713
0.27	0.5	0.12	0.12	0.02	0.27	0.5	0.05	0.27	0.98	0.27	0.73	0.27	0.05	0.98	0.27	0.12	0.27	0.05	0.5	0.36	0.49625	0.48125	0.39875	0.28375	0.50125	0.50125	0.17125	0.55375	0.07625	0.06375	0.30625	0.13875	0.2125	0.30625	0.46125	0.44875	0.22625	0.3775	0.15875	4.5	0.2	0.86	-3.17207e-17	-0.266667	0.4339	0.461067	0.3494	0.3405	0.346133
0.27	0.12	0.98	0.12	0.01	0.5	0.5	0.98	0.99	0.02	0.02	0.12	0.02	0.02	0.02	0.27	0.12	0.02	0.73	0.01	0.3275	0.45375	0.34125	0.3075	0.2525	0.38375	0.41625	0.05	0.445	0.1825	0.08625	0.32125	0.17	0.2725	0.42	0.4325	0.36375	0.29125	0.30625	0.1875	-0.4	2	0.34	0.271429	-0.277778	0.369	0.373267	0.35574	0.280729	0.289333
0.5	0.5	0.73	0.5	0.12	0.73	0.98	0.12	0.73	0.05	0.05	0.27	0.12	0.02	0.12	0.95	0.27	0.02	0.27	0.05	0.29875	0.3875	0.2875	0.175	0.24	0.4175	0.2675	0.1575	0.53375	0.255	0.1775	0.28375	0.24625	0.2725	0.33125	0.32875	0.2975	0.2925	0.355	0.21125	1.9	0.233333	0.72	-0.114286	-0.277778	0.3169	0.254833	0.26758	0.2856	0.230856
0.12	0.73	0.05	0.02	0.73	0.88	0.05	0.02	1	0.05	0.05	0.12	0.05	0.98	0.01	0.12	0.27	1	0.88	0.12	0.34625	0.36	0.3725	0.22125	0.10125	0.38625	0.38375	0.17875	0.5	0.3025	0.20875	0.3025	0.2675	0.1575	0.345	0.375	0.24125	0.17	0.28	0.2925	-0.8	-0.166667	-0.36	-0.114286	-0.0111111	0.0786	0.178333	0.197	0.207214	0.2261
0.12	0.88	0.12	0.02	0.01	0.05	0.02	0.01	0.5	0.01	0.01	0.27	0.01	0	1	0.12	0.02	0	0.01	0.01	0.375	0.28375	0.27875	0.13625	0.1825	0.46125	0.33	0.19875	0.62	0.32625	0.26125	0.23625	0.32	0.38375	0.1925	0.4225	0.24375	0.29875	0.465	0.335	-1.6	-1.1	-0.98	-0.157143	0.588889	0.1395	0.0997	0.12952	0.145814	0.163378
0.01	0.01	0.01	0	0.01	0.02	0.05	0.01	0.73	0.01	0.05	0.01	0.5	0.95	0	0.5	0.05	1	0.99	0.01	0.36125	0.3325	0.28	0.125	0.1825	0.465	0.26625	0.2075	0.56	0.31375	0.345	0.18	0.34375	0.35	0.1975	0.34375	0.2875	0.1425	0.3425	0.3825	-0.9	-2	-0.52	0.171429	0.511111	0.081	0.0840333	0.06696	0.0953571	0.115611
0.12	0.12	0.05	0.27	0.02	1	0.27	0.02	0.5	0.73	0.88	0.12	0.98	0.12	0.12	0.12	0.12	0.02	0.05	0.5	0.32875	0.36625	0.215	0.0825	0.1825	0.39875	0.21	0.09875	0.575	0.28375	0.2725	0.21375	0.34375	0.57	0.18625	0.39125	0.32625	0.35375	0.4875	0.3825	-3.5	-0.0666667	0.02	0.442857	0.866667	0.0316	0.0389	0.0544	0.0506571	0.0841
0.98	0.02	0.02	0.01	0.5	0.02	0.02	0.12	0.01	0.5	0.27	0.02	0.12	0.05	0.02	0.27	0.5	0.01	0.02	0.99	0.1925	0.42625	0.21875	0.115	0.11375	0.46375	0.1525	0.08625	0.655	0.3975	0.405	0.22625	0.47	0.6675	0.2175	0.31625	0.33625	0.44375	0.5675	0.34875	4.2	0.866667	1.1	0.957143	0.155556	0.0041	0.0171667	0.0273	0.0516286	0.0781778
0.73	0.27	0.27	0.05	0.05	0.27	0.27	0.27	0.73	0.27	0.5	0.5	0.5	0.88	0.27	0.88	0.5	0.05	0.73	0.5	0.2425	0.41375	0.2725	0.2175	0.085	0.41375	0.1775	0.1275	0.53125	0.435	0.385	0.2425	0.43125	0.475	0.21875	0.31625	0.365	0.37625	0.43125	0.42875	1.9	3.3	1.84	0.542857	-0.188889	0.0158	0.00796667	0.02818	0.0693571	0.128111
0.05	0.02	0.02	0.01	0.02	0.27	0.02	0.12	0.02	0.88	0.98	0.02	0.95	0.73	0.02	0.02	0.5	0.02	0.05	0.88	0.34625	0.36875	0.4075	0.2825	0.09	0.44125	0.24	0.26375	0.59125	0.36375	0.33	0.28375	0.38	0.50875	0.14	0.5275	0.45375	0.4425	0.54875	0.38625	3.8	2.83333	1.64	0.114286	-0.1	0.004	0.0350667	0.07458	0.133214	0.1977
0.12	0.5	0.5	0.05	0.02	0.95	0.27	0.12	0.88	0.5	0.27	0.5	0.5	0.95	0.05	0.27	0.5	0.73	0.95	0.5	0.39875	0.39875	0.40875	0.2925	0.095	0.3875	0.23625	0.3725	0.455	0.425	0.41875	0.31375	0.4075	0.3775	0.2275	0.54375	0.48125	0.235	0.34625	0.4475	2.8	0.7	0.02	0.5	-0.177778	0.0854	0.117667	0.17936	0.2381	0.256556
0.27	0.88	0.73	0.5	0.05	0.27	0.27	0.12	0.88	0.73	0.5	0.27	0.27	0.73	0.27	0.5	0.73	0.73	0.88	0.27	0.38	0.4275	0.4075	0.265	0.095	0.43875	0.265	0.48	0.51125	0.32	0.295	0.39	0.3475	0.42375	0.21875	0.5625	0.47125	0.35625	0.3825	0.42875	-4.5	-1.86667	-0.52	-0.328571	-0.177778	0.2636	0.292333	0.32936	0.324757	0.318178
0.27	0.88	0.73	0.88	0.05	0.73	0.5	0.5	0.73	0.12	0.12	0.73	0.12	0.27	0.27	0.73	0.5	0.5	0.5	0.27	0.29125	0.535	0.49625	0.27875	0.03875	0.47	0.325	0.50875	0.62	0.34875	0.32375	0.42125	0.41375	0.50875	0.25	0.5625	0.5	0.4175	0.49	0.33875	-3.9	-3.06667	-1.6	-1.1	-1.03333	0.528	0.519133	0.4507	0.406243	0.374489
0.27	0.27	0.95	0.5	0.02	0.27	0.27	0.95	0.27	0.05	0.05	0.12	0.05	0.12	0.12	0.95	0.73	0.5	0.27	0.05	0.23375	0.5925	0.46875	0.335	0.07	0.5	0.335	0.43375	0.71125	0.33875	0.36125	0.45	0.45125	0.53625	0.25	0.44	0.4425	0.52125	0.5375	0.3375	-0.8	-2.1	-2.86	-2.14286	-0.822222	0.7658	0.634833	0.55086	0.478657	0.392522
0.5	0.73	0.5	0.12	0.05	0.27	0.27	0.88	0.5	0.12	0.05	0.73	0.27	0.12	0.73	0.88	0.27	0.05	0.27	0.12	0.2325	0.56625	0.55625	0.39625	0.07875	0.52875	0.36625	0.46125	0.7425	0.31125	0.30125	0.405	0.39625	0.555	0.23375	0.50875	0.5475	0.6375	0.59375	0.28125	-1.6	-1.96667	-2.66	-2	-0.822222	0.6107	0.654233	0.60032	0.4919	0.417556
0.12	0.73	0.27	0.5	0.05	0.73	0.5	0.88	0.95	0.12	0.12	0.5	0.27	0.27	0.27	0.5	0.27	0.99	0.27	0.12	0.35625	0.51	0.52875	0.34875	0.20125	0.35875	0.31	0.50875	0.5825	0.26375	0.27375	0.3775	0.34875	0.42375	0.29125	0.585	0.5475	0.435	0.48125	0.23375	-3.5	-2.86667	-1.12	-0.814286	-0.855556	0.5862	0.569267	0.53034	0.487	0.412244
0.27	0.88	0.73	0.5	0.05	0.73	0.73	0.73	0.73	0.12	0.12	0.73	0.5	0.27	0.27	0.5	0.5	0.27	0.5	0.27	0.36625	0.415	0.41375	0.32	0.20125	0.35875	0.2625	0.63625	0.515	0.17875	0.2175	0.33	0.34875	0.395	0.2725	0.585	0.46125	0.44	0.3575	0.19625	-3.5	-1.06667	-0.2	0.1	-0.4	0.5109	0.425067	0.42304	0.416943	0.385033
0.27	0.12	0.27	0.12	0.27	0.05	0.12	0.12	1	0.12	0.73	0.12	0.73	0.95	0.12	0.12	0.27	0.88	0.88	0.27	0.42375	0.43375	0.41375	0.2725	0.25875	0.3675	0.29125	0.77375	0.39625	0.17875	0.14125	0.33	0.3675	0.2825	0.2725	0.60375	0.4425	0.3075	0.25375	0.19625	3.8	1.36667	0.62	0.157143	0.233333	0.1781	0.3061	0.30842	0.310214	0.327178
0.27	0.27	0.27	0.12	0.12	0.5	0.27	0.27	0.5	0.73	0.5	0.27	0.73	0.88	0.5	0.5	0.88	0.5	0.5	0.5	0.48125	0.39625	0.32875	0.24375	0.385	0.31125	0.2725	0.65125	0.44	0.15875	0.1975	0.33	0.395	0.31	0.225	0.5475	0.39375	0.29875	0.2825	0.2525	3.8	3.36667	1.24	0.642857	0.233333	0.2293	0.148333	0.19492	0.224014	0.242744
0.73	0.05	0.05	0.05	1	0.05	0.05	0.5	0.05	0.12	0.12	0.05	0.12	0.05	0.05	0.5	0.5	0.05	0.05	0.12	0.37625	0.33875	0.29625	0.24	0.28375	0.34	0.2725	0.515	0.44	0.33875	0.36125	0.2725	0.5475	0.46125	0.19625	0.4525	0.4225	0.36375	0.3675	0.37625	2.5	1.96667	2.3	1.02857	0.833333	0.0376	0.0952	0.0942	0.141114	0.175233
0.5	0.27	0.27	0.27	0.05	0.27	0.12	0.99	0.12	0.05	0.05	0.12	0.5	0.5	0.12	0.5	0.27	0.05	0.12	0.12	0.42375	0.235	0.2375	0.1525	0.41125	0.2275	0.2075	0.34625	0.31875	0.45625	0.465	0.2075	0.52875	0.43375	0.16	0.39625	0.45125	0.24625	0.3875	0.47125	-0.4	1.3	1.38	2.07143	1.72222	0.0187	0.0212	0.05976	0.0685714	0.119011
0.73	0.27	0.27	0.12	0.73	0.12	0.12	0.99	0.05	0.12	0.12	0.12	0.5	0.05	0.12	0.5	0.12	0.05	0.05	0.27	0.42375	0.1875	0.265	0.2	0.335	0.2175	0.15	0.3175	0.34625	0.4475	0.4475	0.17875	0.48125	0.4625	0.14125	0.44375	0.49875	0.21875	0.3675	0.43375	1.8	0.2	1.38	2.17143	2.02222	0.0073	0.0106333	0.01452	0.0545857	0.0904222
0.73	0.12	0.27	0.27	0.88	0.27	0.27	0.12	0.12	0.5	0.27	0.27	0.27	0.27	0.12	0.88	0.95	0.05	0.12	0.73	0.4525	0.25375	0.29375	0.27625	0.28875	0.3025	0.22625	0.445	0.30375	0.39125	0.34375	0.23625	0.43375	0.31875	0.245	0.4725	0.42375	0.11125	0.255	0.3575	-0.8	1.6	1.78	1.51429	1.21111	0.0059	0.00543333	0.02304	0.0580571	0.108056
0.12	0.05	0.02	0.02	0.12	0.05	0.05	0.02	0.05	0.95	0.98	0.05	0.88	0.5	0.05	0.12	0.12	0.12	0.5	0.73	0.52875	0.33875	0.40125	0.38375	0.46	0.3775	0.33	0.43875	0.3125	0.25875	0.2075	0.32125	0.3	0.2425	0.20625	0.5675	0.48	0.07375	0.2075	0.31	3.8	2.5	1.7	0.657143	0.288889	0.0031	0.0297333	0.07002	0.1008	0.112511
0.27	0.12	0.02	0.02	0.12	0.05	0.05	0.02	0.05	0.99	0.88	0.05	0.5	0.5	0.05	0.05	0.27	0.05	0.5	0.88	0.425	0.32625	0.40125	0.37875	0.3375	0.37375	0.32625	0.37875	0.41625	0.25375	0.21125	0.33	0.33875	0.34625	0.20125	0.52	0.41375	0.20125	0.2925	0.2825	4.5	2.5	0.64	0.0714286	-0.0888889	0.0802	0.1123	0.13592	0.136614	0.112667
0.5	0.5	0.95	0.73	0.12	0.5	0.27	0.5	0.88	0.12	0.05	0.5	0.12	0.05	0.12	0.88	0.73	0.05	0.27	0.12	0.39625	0.2475	0.25375	0.25875	0.34625	0.29	0.28625	0.1975	0.3	0.475	0.4	0.26125	0.38625	0.355	0.18	0.36	0.3375	0.1975	0.3125	0.48625	-0.8	0.0666667	-0.1	-0.314286	0.422222	0.2536	0.223533	0.18862	0.141143	0.110744
0.5	0.5	0.5	0.88	0.05	0.88	0.88	0.27	0.73	0.05	0.05	0.73	0.12	0.02	0.95	0.73	0.5	0.02	0.05	0.12	0.33875	0.22	0.27875	0.2275	0.27	0.23375	0.1975	0.105	0.315	0.57875	0.50875	0.22375	0.43375	0.38625	0.06375	0.3225	0.36625	0.20125	0.34875	0.5625	-3.5	-2.93333	-1.04	0.4	0.644444	0.3368	0.2866	0.1958	0.1405	0.110489
0.27	0.88	0.88	0.73	0.73	0.88	0.88	0.12	0.5	0.12	0.12	0.73	0.27	0.5	0.12	0.5	0.5	0.27	0.5	0.12	0.31	0.16375	0.2125	0.21875	0.09	0.215	0.17875	0.12375	0.335	0.5225	0.4725	0.205	0.415	0.295	0.15875	0.35125	0.3725	0.16625	0.28375	0.505	-4.5	-2.96667	-1.1	0.4	0.655556	0.2694	0.215067	0.18004	0.140771	0.110067
0.05	0.02	0.05	0.01	0.02	0.02	0.02	0.02	0.88	0.12	0.05	0.12	0.05	0.88	0.01	0.05	0.12	1	0.73	0.05	0.44625	0.27125	0.32	0.3125	0.17875	0.33125	0.295	0.14875	0.2875	0.4375	0.365	0.29	0.3475	0.19125	0.2	0.455	0.49625	0.0625	0.19875	0.45625	-0.9	-0.4	-0.18	-0.342857	0.433333	0.039	0.103267	0.13032	0.129614	0.110033
0.5	0.02	0.02	0.02	0.12	0.05	0.02	0.02	0.02	0.95	0.73	0.02	0.5	0.12	0.02	0.05	0.12	0.02	0.05	0.99	0.48125	0.29	0.3275	0.315	0.16625	0.33625	0.30375	0.20875	0.395	0.21625	0.17625	0.31125	0.24375	0.22625	0.2075	0.51125	0.49625	0.18125	0.2275	0.24375	4.2	2.36667	0.38	0.0285714	0.133333	0.0014	0.0151333	0.06338	0.0937857	0.104744
0.27	0.05	0.02	0.02	0.05	0.05	0.02	0.02	0.02	0.88	0.99	0.05	0.88	0.27	0.02	0.05	0.12	0.05	0.12	0.88	0.45	0.23875	0.2425	0.23	0.175	0.33625	0.285	0.14875	0.41	0.21125	0.13875	0.3075	0.18375	0.2075	0.195	0.41625	0.41125	0.17375	0.21875	0.24375	3.8	2.43333	1.64	0.785714	-0.133333	0.005	0.00283333	0.01006	0.0503286	0.104256
0.27	0.05	0.12	0.05	0.12	0.12	0.12	0.12	0.05	0.12	0.05	0.12	0.27	0.02	0.05	0.88	1	0.02	0.05	0.27	0.4025	0.17875	0.23	0.11875	0.285	0.22	0.16375	0.105	0.3175	0.30625	0.25625	0.21	0.25125	0.23875	0.075	0.2275	0.25375	0.1775	0.22375	0.32	-0.7	1.63333	2.18	0.971429	0.533333	0.0021	0.0033	0.00878	0.0474429	0.0727111
0.99	0.05	0.05	0.05	0.12	0.12	0.12	0.12	0.05	0.27	0.05	0.12	0.12	0.05	0.27	0.5	0.73	0.02	0.05	0.27	0.29375	0.075	0.14375	0.0425	0.2	0.11625	0.06	0.09625	0.26125	0.3825	0.35125	0.125	0.29875	0.29625	0.03875	0.2275	0.25875	0.1775	0.27125	0.42375	1.8	0.966667	0.7	1.45714	1.45556	0.0028	0.0125	0.05834	0.0494286	0.0534
1	0.27	0.05	0.05	0.12	0.12	0.12	0.5	0.05	0.05	0.05	0.12	0.12	0.02	0.12	0.5	0.27	0.02	0.05	0.12	0.32	0.1075	0.2	0.1325	0.23125	0.17625	0.12	0.08	0.2425	0.4575	0.4075	0.1725	0.355	0.2525	0.11875	0.28375	0.36375	0.08625	0.27125	0.49875	1.8	0.133333	0.44	1.4	1.97778	0.0326	0.0948667	0.06792	0.0628857	0.0893222
0.02	0.12	0.27	0.05	0.12	0.5	0.12	0.02	1	0.01	0.01	0.5	0.02	0.05	0.02	0.12	0.05	0.02	0.27	0.01	0.41375	0.18625	0.26125	0.22125	0.23125	0.185	0.18	0.22875	0.18375	0.3775	0.38375	0.185	0.33875	0.2675	0.22	0.3875	0.43875	0.14625	0.3	0.4225	-3.2	0.366667	1.34	1.4	1.36667	0.2492	0.111567	0.08662	0.113929	0.153922
0.12	0.02	0.5	0.02	1	0.02	0.01	0.02	0.02	0.05	0.05	0.02	0.05	0.02	0.02	0.05	0.12	0.02	0.02	0.12	0.43	0.255	0.2925	0.31375	0.14875	0.30125	0.25375	0.28875	0.36625	0.325	0.3175	0.30125	0.2875	0.27125	0.30875	0.4525	0.4775	0.17375	0.37875	0.36125	2.5	1.03333	1.74	1.31429	0.766667	0.0529	0.132567	0.15852	0.196886	0.201411
0.12	0.05	0.12	0.12	0.05	0.05	0.05	0.05	0.05	0.88	0.88	0.05	0.5	0.99	0.05	0.12	0.27	0.27	0.88	0.95	0.45875	0.3075	0.3875	0.3575	0.28625	0.345	0.29625	0.3325	0.4475	0.24	0.27	0.345	0.26	0.18125	0.39	0.39625	0.39625	0.17375	0.3275	0.28625	3.8	3.36667	1.12	0.828571	0.666667	0.0956	0.170267	0.26856	0.258257	0.259578
0.27	0.5	0.5	0.73	0.27	0.5	0.5	0.27	0.73	0.5	0.5	0.5	0.5	0.5	0.5	0.5	0.5	0.27	0.73	0.5	0.37875	0.3075	0.39625	0.3375	0.2775	0.33625	0.2875	0.3525	0.41875	0.31625	0.37375	0.33625	0.3075	0.29875	0.3625	0.34875	0.33875	0.2625	0.43125	0.37125	3.8	2.1	1.44	0.342857	0.366667	0.3623	0.3469	0.3052	0.328686	0.320956
0.27	0.5	0.73	0.73	0.12	0.5	0.5	0.73	0.5	0.27	0.5	0.5	0.27	0.27	0.73	0.5	0.5	0.5	0.5	0.27	0.31625	0.33625	0.42375	0.4225	0.315	0.38375	0.36375	0.295	0.50375	0.40125	0.40125	0.38375	0.355	0.35875	0.41	0.3775	0.3675	0.29375	0.51625	0.41875	-1.3	0.3	0.62	0.671429	-0.222222	0.5828	0.459167	0.39974	0.3724	0.382067
0.5	0.5	0.5	0.73	0.27	0.5	0.5	0.5	0.5	0.5	0.5	0.5	0.5	0.27	0.73	0.5	0.5	0.27	0.5	0.5	0.3475	0.4125	0.51	0.47875	0.34375	0.4125	0.44	0.38375	0.44125	0.405	0.43375	0.4125	0.3575	0.38625	0.47	0.425	0.42375	0.35375	0.51625	0.4225	-1.6	-1.5	-0.32	-0.185714	-0.3	0.4324	0.5136	0.49166	0.448071	0.415289
0.5	0.5	0.5	0.5	0.27	0.5	0.5	0.5	0.73	0.27	0.5	0.5	0.5	0.27	0.73	0.5	0.5	0.27	0.5	0.5	0.395	0.4725	0.53875	0.5675	0.2525	0.4725	0.50125	0.44375	0.4725	0.49	0.49	0.4725	0.41375	0.44625	0.53	0.48125	0.47125	0.385	0.57625	0.47	-1.6	-1.36667	-1.78	-1.28571	-0.966667	0.5256	0.5044	0.53572	0.512729	0.471589
0.5	0.5	0.5	0.5	0.27	0.5	0.5	0.5	0.5	0.5	0.5	0.5	0.5	0.5	0.5	0.5	0.5	0.73	0.73	0.5	0.4425	0.52875	0.58625	0.615	0.28	0.5575	0.5575	0.5	0.5575	0.41375	0.4425	0.52875	0.41375	0.35625	0.615	0.52875	0.5	0.35625	0.5	0.41375	-0.9	-2	-2.3	-2.32857	-1.07778	0.5552	0.554467	0.5288	0.540914	0.504611
0.5	0.5	0.5	0.73	0.27	0.5	0.73	0.5	0.5	0.5	0.27	0.5	0.27	0.27	0.73	0.73	0.5	0.5	0.5	0.27	0.47125	0.52875	0.63375	0.61375	0.26125	0.5575	0.52875	0.5	0.52875	0.385	0.42375	0.5575	0.41375	0.3375	0.58625	0.52875	0.52875	0.36625	0.47125	0.41375	-3.5	-2.76667	-2.68	-1.74286	-1.57778	0.5826	0.562	0.55424	0.513771	0.5145
0.5	0.73	0.73	0.5	0.5	0.73	0.73	0.5	0.5	0.27	0.27	0.73	0.27	0.27	0.5	0.5	0.5	0.27	0.27	0.27	0.52875	0.5475	0.605	0.585	0.22375	0.5	0.5	0.47125	0.5	0.395	0.395	0.5575	0.41375	0.31	0.64625	0.5575	0.52875	0.42375	0.4525	0.41375	-3.9	-3.63333	-1.8	-1.61429	-1.82222	0.5482	0.563467	0.52768	0.516471	0.482089
0.5	0.5	0.73	0.5	0.27	0.5	0.5	0.5	0.5	0.5	0.5	0.5	0.5	0.5	0.5	0.5	0.5	0.27	0.5	0.5	0.52875	0.605	0.63375	0.585	0.225	0.52875	0.5575	0.4425	0.52875	0.31	0.31	0.63375	0.3375	0.2625	0.6175	0.61375	0.5575	0.42375	0.37625	0.3375	-3.5	-1.53333	-1.76	-1.88571	-2.03333	0.5596	0.5002	0.5069	0.482971	0.513678
0.5	0.5	0.5	0.5	0.27	0.73	0.5	0.5	0.5	0.5	0.5	0.5	0.5	0.5	0.5	0.5	0.5	0.5	0.5	0.5	0.52875	0.63375	0.71	0.61375	0.1975	0.5	0.5575	0.41375	0.5	0.31	0.2625	0.6625	0.30875	0.29125	0.56	0.6425	0.5575	0.395	0.37625	0.30875	2.8	-0.466667	-1.76	-2.25714	-2.24444	0.3928	0.4679	0.4486	0.506043	0.503722
0.5	0.5	0.88	0.95	0.12	0.5	0.5	0.27	0.5	0.27	0.12	0.73	0.27	0.12	0.5	0.73	0.73	0.12	0.27	0.27	0.4725	0.57375	0.60125	0.50125	0.21625	0.46875	0.4975	0.395	0.47125	0.3675	0.3575	0.5775	0.3975	0.38625	0.5125	0.5575	0.48125	0.47625	0.43625	0.3375	-0.7	-0.466667	-1.68	-2.25714	-1.72222	0.4513	0.3784	0.4823	0.4851	0.446856
0.73	0.88	0.73	0.27	0.05	0.27	0.27	0.5	0.27	0.12	0.27	0.73	0.27	0.05	0.98	0.5	0.5	0.73	0.12	0.27	0.39625	0.5825	0.62	0.51	0.19375	0.545	0.4975	0.30625	0.5	0.3575	0.3675	0.625	0.3975	0.37625	0.37625	0.5575	0.5575	0.4	0.42625	0.36625	-3.5	-2.56667	-1.68	-1.15714	-0.911111	0.2911	0.486367	0.45758	0.412986	0.411556
0.5	0.73	0.73	0.73	0.05	0.5	0.73	0.27	0.73	0.05	0.05	0.88	0.12	0.12	0.5	0.95	0.73	0.27	0.12	0.12	0.425	0.51125	0.52875	0.405	0.13375	0.42625	0.35	0.2725	0.38	0.455	0.42375	0.51625	0.4925	0.3675	0.375	0.44	0.46875	0.425	0.395	0.47625	-3.5	-3.5	-1.48	-0.114286	-0.0111111	0.7167	0.481267	0.3877	0.370886	0.350867
0.5	0.73	0.88	0.73	0.05	0.5	0.5	0.27	0.5	0.27	0.12	0.73	0.27	0.5	0.27	0.73	0.5	0.27	0.5	0.27	0.3775	0.5675	0.43375	0.3575	0.1025	0.42625	0.33125	0.21625	0.4375	0.4275	0.38625	0.535	0.47375	0.34875	0.34375	0.42	0.4975	0.515	0.4075	0.505	-3.5	-1.06667	-0.58	0.0857143	-0.122222	0.436	0.3987	0.35042	0.315057	0.298922
0.05	0.02	0.01	0.05	0.27	0.02	0.02	0.12	0.27	0.73	0.88	0.05	0.98	0.88	0.12	0.05	0.12	1	0.98	0.5	0.43375	0.6	0.48625	0.38125	0.04375	0.3975	0.33	0.17875	0.4375	0.37	0.3525	0.55875	0.41375	0.34875	0.30125	0.4575	0.4975	0.36375	0.31875	0.52375	3.8	1.36667	0.96	-0.457143	0.0666667	0.0434	0.2481	0.2926	0.263743	0.2568
0.12	0.95	0.5	0.12	0.02	0.88	0.5	0.02	0.5	0.27	0.5	0.88	0.27	0.12	0.12	0.5	0.88	0.5	0.27	0.5	0.3775	0.4225	0.34875	0.26875	0.06125	0.26125	0.20875	0.2825	0.3475	0.39375	0.385	0.3975	0.47	0.42875	0.24	0.3125	0.32625	0.4125	0.37375	0.49	3.8	3.93333	0.76	0.685714	0.1	0.2649	0.103433	0.16768	0.224114	0.222467
0.5	0.01	0	0.12	0.02	0.01	0.01	0	0	0.98	0.5	0.01	0.88	0.27	0.01	0.01	0.02	0.01	0.02	1	0.33	0.4925	0.35375	0.2975	0.06125	0.39875	0.3275	0.2375	0.43875	0.3525	0.385	0.50625	0.45125	0.41	0.19375	0.37375	0.43375	0.41625	0.405	0.485	4.2	1.16667	2.36	1.12857	0.0555556	0.002	0.119667	0.08322	0.142057	0.202167
0.12	0.95	0.12	0.12	0.02	0.5	0.12	0.05	0.73	0.5	0.27	0.5	0.5	0.73	0.02	0.12	0.5	0.99	0.98	0.88	0.32125	0.29875	0.3575	0.22125	0.05625	0.30875	0.22875	0.2	0.38125	0.42125	0.44125	0.3375	0.49	0.37125	0.13625	0.275	0.345	0.3225	0.38	0.51875	-4.5	1.4	1.52	1.07143	0.0888889	0.0921	0.0359333	0.103	0.0952571	0.142278
0.5	0.05	0.05	0.01	0.02	0.02	0.01	0.05	0.27	0.5	0.99	0.01	0.73	0.88	0.01	0.12	0.12	0.02	0.27	0.88	0.22625	0.35375	0.38	0.2625	0.0525	0.36875	0.195	0.1725	0.41	0.39375	0.33875	0.34125	0.4425	0.305	0.11	0.3025	0.3925	0.44375	0.46875	0.49125	4.5	-0.133333	-0.02	0.0714286	0.388889	0.0137	0.0827	0.0717	0.114443	0.120267
0.12	0.01	0.27	0.12	0.01	0.27	0.01	1	0.01	0	0	0.27	0.01	0	0.01	0.02	0.12	0.01	0	0	0.2825	0.46625	0.36625	0.24875	0.0225	0.42625	0.22625	0.045	0.47125	0.475	0.47125	0.39375	0.44375	0.3675	0.11	0.32375	0.44	0.35375	0.38625	0.60125	-0.4	0.0666667	-1.5	-0.585714	-0.533333	0.1423	0.0881333	0.10684	0.110586	0.140744
0.73	0.5	0.27	0.5	0.05	0.5	0.73	0.12	0.5	0.5	0.27	0.73	0.73	0.05	0.5	0.5	0.5	0.27	0.12	0.73	0.225	0.3775	0.41375	0.24875	0.0175	0.35	0.13625	0.18625	0.41	0.39375	0.40875	0.3175	0.35375	0.38	0.04875	0.32	0.37375	0.2925	0.37125	0.48125	-3.9	-2.5	-0.76	-1.82857	-1.03333	0.1084	0.1428	0.136	0.142829	0.186422
0.05	0.12	0.88	0.12	0.01	0.27	0.05	0.02	1	0.12	0.27	0.02	0.05	0.27	0.05	0.27	0.5	0.5	0.88	0.27	0.28125	0.515	0.42875	0.315	0.0225	0.46875	0.31125	0.2325	0.4575	0.3525	0.36125	0.49625	0.34375	0.325	0.16625	0.43875	0.43375	0.265	0.28875	0.52375	-3.2	-2.63333	-2.56	-1.28571	-2	0.1777	0.174667	0.1788	0.226243	0.241989
0.12	0.27	0.99	0.95	0.02	0.5	0.12	0.05	0.27	0.05	0.02	0.27	0.12	0.12	0.05	0.95	0.5	0.27	0.5	0.05	0.29125	0.46875	0.4625	0.25875	0.025	0.46875	0.35	0.2375	0.54875	0.3325	0.3925	0.49375	0.30625	0.28625	0.2825	0.40125	0.43375	0.2325	0.305	0.475	-0.8	-2.83333	-2.62	-2.57143	-1.64444	0.2379	0.214433	0.28554	0.296014	0.303656
0.12	0.88	0.12	0.05	0.02	0.73	0.27	0.05	0.5	0.88	0.95	0.73	0.27	0.5	0.12	0.12	0.5	0.27	0.05	0.5	0.24375	0.42	0.68375	0.46125	0.0375	0.5	0.4525	0.265	0.5775	0.1725	0.1675	0.46875	0.23	0.1625	0.30625	0.5525	0.4525	0.32125	0.36125	0.32375	-4.5	-2	-2.74	-2.7	-2.53333	0.2277	0.380533	0.36428	0.368129	0.345756
0.27	0.73	0.88	0.5	0.02	0.5	0.5	0.27	0.5	0.12	0.27	0.73	0.27	0.27	0.12	0.95	0.73	0.27	0.27	0.27	0.2725	0.47125	0.58875	0.5	0.0425	0.5575	0.5325	0.20375	0.59125	0.27	0.25875	0.52625	0.235	0.20625	0.42375	0.5375	0.4425	0.3825	0.39625	0.35875	-0.7	-3.23333	-2.36	-2.64286	-2.98889	0.676	0.4686	0.45816	0.408729	0.412211
0.27	0.73	0.73	0.27	0.02	0.73	0.73	0.27	0.88	0.27	0.12	0.73	0.12	0.05	0.5	0.73	0.5	0.02	0.12	0.88	0.19625	0.4425	0.665	0.585	0.0425	0.5	0.475	0.28	0.59125	0.195	0.25	0.46875	0.16875	0.2425	0.405	0.59375	0.51875	0.3825	0.43375	0.1975	-4.5	-2.16667	-2.9	-2.82857	-2.94444	0.5021	0.6084	0.4891	0.489114	0.4671
0.27	0.73	0.5	0.5	0.05	0.73	0.5	0.12	0.73	0.27	0.27	0.73	0.27	0.27	0.95	0.5	0.5	0.5	0.73	0.27	0.2525	0.46125	0.6175	0.60375	0.07125	0.5575	0.61625	0.3875	0.51875	0.21375	0.23125	0.52875	0.1775	0.19625	0.37625	0.65125	0.51875	0.35125	0.31	0.27375	-1.3	-3.1	-2.9	-3.21429	-2.08889	0.6471	0.513933	0.59164	0.541186	0.496411
0.12	0.27	0.95	0.73	0.12	0.5	0.98	0.27	0.73	0.05	0.12	0.27	0.27	0.27	0.27	0.5	0.27	0.73	0.27	0.12	0.27125	0.5475	0.47125	0.49	0.06625	0.64875	0.66	0.425	0.5475	0.25	0.2625	0.615	0.225	0.18375	0.46125	0.56625	0.5	0.29125	0.3075	0.34875	-3.5	-3.1	-3.46	-1.92857	-2.38889	0.3926	0.593367	0.57692	0.571729	0.4983
0.5	0.27	0.27	0.88	0.05	0.5	0.88	0.73	0.12	0.02	0.05	0.73	0.05	0.12	0.95	0.73	0.27	0.5	0.5	0.05	0.22375	0.52875	0.55625	0.48	0.075	0.68	0.70125	0.3675	0.68	0.1775	0.1675	0.5575	0.28125	0.14625	0.37625	0.55625	0.5475	0.30125	0.27875	0.38625	-4.5	-3.83333	-1.66	-2.32857	-2.32222	0.7404	0.578467	0.5648	0.511571	0.509411
0.12	0.27	0.73	0.95	0.05	0.27	0.5	0.73	0.88	0.05	0.05	0.27	0.05	0.12	0.73	0.73	0.88	0.02	0.27	0.05	0.2525	0.55625	0.39125	0.415	0.075	0.66125	0.72	0.33625	0.5375	0.2775	0.225	0.5575	0.31	0.20375	0.395	0.44375	0.4425	0.39	0.33625	0.4625	-3.5	-1.16667	-2.1	-2.24286	-1.74444	0.6024	0.594767	0.48636	0.486657	0.484256
0.5	0.27	0.27	0.5	0.27	0.73	0.95	0.73	0.27	0.27	0.27	0.5	0.27	0.12	0.27	0.5	0.5	0.73	0.5	0.27	0.205	0.575	0.39125	0.4525	0.06	0.54625	0.5875	0.30875	0.595	0.3075	0.27375	0.47125	0.35875	0.3075	0.42375	0.44375	0.46125	0.31375	0.4025	0.435	4.5	-0.833333	-2.18	-1.41429	-1.33333	0.4415	0.432933	0.47338	0.458443	0.439511
0.12	0.5	0.27	0.27	0.05	1	0.95	0.5	0.5	0.12	0.12	0.5	0.5	0.02	0.05	0.27	0.12	0.02	0.02	0.5	0.2525	0.5175	0.39125	0.48125	0.08375	0.455	0.61625	0.385	0.56625	0.3075	0.27375	0.47125	0.33	0.30125	0.455	0.4725	0.50875	0.4025	0.43375	0.40625	-3.5	-0.966667	-0.38	-1.02857	-0.977778	0.2549	0.341367	0.41522	0.416557	0.423956
0.12	0.73	0.12	0.12	0.02	0.98	0.5	0.05	0.95	0.27	0.12	0.73	0.5	0.05	0.12	0.27	0.88	0.12	0.05	0.73	0.27125	0.46125	0.29375	0.40875	0.07375	0.39625	0.55625	0.40875	0.41875	0.40125	0.2925	0.51875	0.31125	0.26625	0.4275	0.425	0.41375	0.29875	0.41125	0.4875	-3.9	-0.966667	0.16	-0.114286	-0.166667	0.3277	0.344067	0.31462	0.383229	0.392778
0.12	0.95	0.02	0.05	0.02	0.12	0.27	0.02	0.12	0.95	0.73	0.27	0.5	0.73	0.05	0.05	0.5	0.5	0.5	0.88	0.3	0.51	0.30625	0.39875	0.06875	0.5325	0.59375	0.33625	0.57	0.315	0.21625	0.595	0.3075	0.1675	0.32	0.4525	0.46125	0.19	0.29875	0.4775	4.5	-0.0666667	-0.36	0.928571	-0.0555556	0.4496	0.292233	0.32774	0.313171	0.3657
0.27	0.88	0.27	0.12	0.12	0.27	0.12	0.05	0.73	0.73	0.73	0.27	0.73	0.88	0.27	0.5	0.27	0.12	0.88	0.88	0.3	0.60375	0.2175	0.33375	0.05	0.59	0.64125	0.2475	0.4175	0.33875	0.2125	0.685	0.2875	0.13625	0.2075	0.3675	0.4425	0.26875	0.22	0.4775	-0.8	1.86667	1.1	-0.214286	-0.1	0.0994	0.352033	0.29916	0.321057	0.344344
0.27	0.5	0.5	0.5	0.02	0.27	0.73	0.5	0.73	0.12	0.12	0.73	0.27	0.12	0.98	0.5	0.5	0.5	0.5	0.27	0.27125	0.62	0.1575	0.22625	0.035	0.5325	0.44875	0.10125	0.39875	0.505	0.3175	0.58	0.37375	0.32625	0.0875	0.33875	0.385	0.145	0.315	0.63875	1.9	1.63333	1.18	-0.271429	-0.1	0.5071	0.2395	0.33296	0.343243	0.318211
0.27	0.05	0.02	0	0.01	0.01	0.05	0.01	0	0.95	0.27	0.88	0.12	0.02	0.12	0.12	0.27	0	0.12	1	0.2625	0.62875	0.185	0.255	0.045	0.4425	0.4175	0.1	0.4425	0.51	0.3175	0.505	0.345	0.46	0.19	0.355	0.405	0.22	0.45125	0.60375	3.8	0.733333	-0.5	0.928571	0.144444	0.112	0.371933	0.32508	0.3259	0.313056
0.73	0.88	0.27	0.73	0.01	0.73	0.95	0.12	0.5	0.01	0.05	0.88	0.02	0.01	0.02	0.73	0.27	0.01	0.05	0.12	0.19625	0.4675	0.15375	0.15125	0.165	0.26375	0.24875	0.08125	0.27625	0.7125	0.3925	0.4475	0.38625	0.5175	0.30625	0.26	0.32875	0.295	0.51625	0.7325	-3.5	-1.2	0.56	0.1	1.07778	0.4967	0.339633	0.34646	0.291457	0.312144
0.27	0.95	0.27	0.5	0	0.88	0.73	0.05	0.27	0.02	0.02	0.99	0.12	0.02	0.05	0.5	0.5	0.27	0.02	0.05	0.245	0.355	0.21375	0.17625	0.27375	0.2325	0.24875	0.09	0.415	0.59375	0.32	0.40125	0.31125	0.43125	0.31125	0.28875	0.2375	0.2	0.54875	0.6325	-3.9	-0.966667	-0.08	0.857143	0.222222	0.4102	0.371067	0.28674	0.3229	0.276133
0.27	0.02	0.02	0.02	0.05	0.27	0.02	0.01	0.12	0.99	0.5	0.12	0.5	0.88	0.02	0.27	0.27	0.12	0.88	0.95	0.21375	0.3675	0.2175	0.2275	0.34375	0.29	0.4325	0.09125	0.37625	0.38125	0.17	0.49125	0.17875	0.21375	0.40625	0.34625	0.235	0.21875	0.33125	0.41625	4.5	-0.233333	0.06	0.128571	0.133333	0.2063	0.275	0.32824	0.268386	0.346511
0.05	0.12	0.01	0	0.12	0.02	0.02	0	0.12	0.99	0.27	0.05	0.12	0.99	0.01	0.02	0.05	0.12	0.73	0.95	0.24125	0.38375	0.27875	0.2775	0.395	0.35	0.375	0.12125	0.37625	0.36875	0.19875	0.51875	0.2075	0.1875	0.3	0.40625	0.23375	0.1575	0.3025	0.385	-1.3	2.56667	0.12	-0.642857	-0.577778	0.2085	0.244767	0.254	0.357071	0.360244
0.05	0.27	0.12	0.02	0.98	0.27	0.05	0.01	0.12	0.95	0.5	0.27	0.73	0.5	0.95	0.12	0.27	0.73	0.5	0.88	0.20875	0.37375	0.26875	0.2775	0.28625	0.31875	0.36625	0.125	0.43875	0.2575	0.13875	0.4725	0.1225	0.36875	0.16875	0.385	0.17875	0.20375	0.44125	0.27	4.5	0	0.58	-0.785714	-1.14444	0.3195	0.217833	0.31852	0.376214	0.364256
0.05	0.12	0.5	0.02	0.88	0.02	0.05	0.02	1	0.01	0.12	0.01	0	0.05	0.12	0.05	0	0	0.73	0.01	0.12375	0.345	0.3125	0.29625	0.3	0.2925	0.28125	0.12375	0.3	0.37625	0.1825	0.48625	0.22625	0.43	0.27625	0.4125	0.2125	0.385	0.44	0.37875	-3.2	-0.1	-1.22	-0.414286	-1.14444	0.1255	0.3926	0.4034	0.338771	0.361911
0.02	0.05	0.05	0.05	0.73	0.12	0.88	0.02	0.27	0	0.01	0.12	0.05	0	1	0.73	0.02	0.12	0	0.05	0.15625	0.2975	0.3975	0.26375	0.3525	0.26125	0.14875	0.18	0.42	0.4375	0.2275	0.41125	0.2675	0.49625	0.25125	0.35625	0.21	0.44625	0.62	0.40125	-1.6	-3.1	-1.22	-1.55714	-0.811111	0.7328	0.496333	0.39132	0.377243	0.368778
0.27	0.73	0.98	0.88	0.5	0.5	0.27	0.73	0.73	0.02	0.12	0.88	0.12	0.02	0.12	0.73	0.27	0.01	0.12	0.02	0.125	0.32	0.34125	0.24875	0.39	0.2425	0.25625	0.12375	0.41	0.345	0.185	0.36375	0.25875	0.4175	0.4775	0.41375	0.23625	0.45125	0.5575	0.32	-4.5	-2.46667	-2.82	-1.5	-1.81111	0.6307	0.503867	0.42254	0.414886	0.429267
0.01	0.12	0.05	0.02	0	0.01	0.01	0.05	0.5	0.02	0.02	0.73	0.05	0.98	0.01	0.05	0.05	0.98	1	0.01	0.21375	0.44375	0.51875	0.46625	0.47125	0.3925	0.3775	0.2425	0.48625	0.255	0.17875	0.4675	0.2675	0.18875	0.52375	0.55875	0.34875	0.40625	0.39	0.23625	-1.3	-3.1	-2.36	-2.78571	-2.05556	0.1481	0.418133	0.49184	0.476486	0.469511
0.05	0.5	1	0.88	0.02	0.27	0.27	0.12	0.27	0.02	0.02	0.73	0.12	0.05	0.05	0.88	0.27	0.73	0.27	0.12	0.265	0.39625	0.495	0.41875	0.3525	0.36	0.3725	0.295	0.53375	0.17	0.15	0.49625	0.20125	0.27625	0.4625	0.53125	0.40625	0.3525	0.43375	0.14625	-3.5	-1.9	-2.94	-2.82857	-2.94444	0.4756	0.365233	0.49542	0.540086	0.467433
0.5	0.5	0.5	0.27	0.27	0.73	0.5	0.5	0.5	0.5	0.27	0.5	0.5	0.5	0.73	0.73	0.5	0.88	0.73	0.27	0.2175	0.415	0.52875	0.5075	0.245	0.33375	0.3525	0.25125	0.49	0.2	0.195	0.5575	0.26375	0.32375	0.36875	0.5775	0.41125	0.45875	0.40375	0.16	-0.9	-2.96667	-2.74	-3.1	-2.16667	0.472	0.5661	0.48342	0.478371	0.482178
0.27	0.88	0.5	0.73	0.12	0.5	0.27	0.27	0.5	0.27	0.27	0.5	0.5	0.27	0.95	0.73	0.73	0.05	0.5	0.27	0.25875	0.395	0.6325	0.5675	0.1875	0.38125	0.3625	0.3875	0.5475	0.23125	0.2	0.5575	0.26375	0.35375	0.23125	0.5775	0.38625	0.55375	0.435	0.16875	-4.5	-2.96667	-3.18	-1.91429	-2.37778	0.7507	0.5978	0.51396	0.425157	0.4214
0.5	0.5	0.5	0.88	0.27	0.73	0.73	0.27	0.5	0.27	0.12	0.73	0.12	0.12	0.27	0.5	0.73	0.73	0.27	0.27	0.23	0.385	0.635	0.45375	0.1075	0.32375	0.28625	0.33	0.58	0.23	0.205	0.52875	0.3025	0.46125	0.3025	0.53	0.35875	0.47	0.5675	0.1675	-3.5	-3.83333	-1.72	-2.22857	-2.37778	0.5707	0.540733	0.47048	0.430543	0.370622
0.5	0.27	0.88	0.5	0.05	0.27	0.27	0.5	0.27	0.27	0.27	0.5	0.27	0.27	0.5	0.73	0.95	0.05	0.12	0.27	0.22875	0.39875	0.615	0.62375	0.135	0.38	0.345	0.295	0.54625	0.2275	0.18375	0.46625	0.2775	0.32	0.2725	0.4975	0.33125	0.4325	0.46125	0.16625	-3.5	-1.06667	-2.24	-2.37143	-2.62222	0.3008	0.376567	0.41324	0.387414	0.355411
0.12	0.27	0.27	0.12	0.27	0.27	0.12	0.05	0.88	0.73	0.73	0.27	0.88	0.88	0.05	0.27	0.27	1	0.95	0.27	0.27	0.33625	0.56625	0.56125	0.105	0.34625	0.33	0.33625	0.43625	0.2925	0.23375	0.40625	0.1925	0.27125	0.3225	0.4475	0.38375	0.25625	0.33875	0.2425	3.8	-1.06667	-2.24	-2.74286	-1.73333	0.2582	0.248267	0.29784	0.321586	0.302789
0.12	0.27	0.88	0.99	0.12	0.27	0.73	0.88	0.73	0.02	0.05	0.12	0.05	0.01	0.12	0.73	0.05	0.05	0.02	0.12	0.33125	0.27625	0.4275	0.41875	0.105	0.2575	0.1925	0.20375	0.3925	0.32125	0.29125	0.3775	0.35875	0.3175	0.2225	0.3325	0.36375	0.265	0.36375	0.26125	-3.5	-1.4	-2.24	-1.45714	-1.43333	0.1858	0.2059	0.18594	0.214629	0.251056
0.27	0.27	1	0.12	0.01	0.27	0.12	0.27	0.99	0.01	0.01	0.88	0.05	0.73	0.01	0.12	0.05	0.02	0.95	0.01	0.27875	0.16625	0.35	0.43625	0.10375	0.20125	0.235	0.24625	0.2975	0.39875	0.3875	0.22	0.3875	0.19625	0.1175	0.3175	0.27375	0.2625	0.18625	0.30375	-4.5	-3.83333	-0.64	-0.7	-0.511111	0.1737	0.123567	0.12618	0.134014	0.167822
0	0	0.27	1	0	0	0.02	0	0	0	0	0	0	0	0	0.02	0.05	0	0	0	0.2525	0.1375	0.37875	0.21625	0.0725	0.14375	0.15625	0.24625	0.35875	0.49	0.49625	0.23875	0.48875	0.2875	0.085	0.2675	0.18375	0.17375	0.2725	0.38125	-3.5	-1.16667	-1.04	0.342857	0.0888889	0.0112	0.0623	0.07582	0.0912714	0.1048
0	0	0	0	0	0	0	0	0	1	0.88	0.02	0.05	0.27	0	0.02	0.01	0.27	0.12	0.73	0.19625	0.2275	0.305	0.29375	0.0725	0.22875	0.235	0.18375	0.41625	0.3375	0.35375	0.2975	0.46375	0.22125	0.0225	0.1775	0.07625	0.14	0.245	0.2575	4.5	0.933333	0.42	0.0714286	0.0444444	0.002	0.00653333	0.03898	0.0548857	0.0944333
0.99	0.02	0	0	0.12	0.02	0.01	0.27	0	0.02	0.05	0.12	1	0	0	0.27	0.12	0	0	0.27	0.06375	0.19125	0.27125	0.27875	0.02375	0.1925	0.21875	0.14375	0.30625	0.4025	0.49125	0.25125	0.2975	0.15125	0.01625	0.11375	0.04375	0.04875	0.14125	0.29625	1.8	3.36667	1.7	0.0142857	0.0444444	0.0064	0.00333333	0.00494	0.0579857	0.0673222
0	0	0	0	0	0.05	0	0	0	0.88	1	0	0.73	0.02	0	0	0.01	0	0.01	0.5	0.26375	0.25125	0.27125	0.265	0.025	0.24625	0.23875	0.07375	0.24875	0.29375	0.36875	0.36125	0.33125	0.14875	0.035	0.16625	0.11375	0.04875	0.14375	0.255	3.8	2.5	1.62	1.2	-4.93432e-17	0.0016	0.00383333	0.0442	0.0352	0.0986778
0.02	0	0	0	0.01	0	0	0	0	0.99	0.98	0	0.88	0.12	0	0	0.01	0	0.01	0.88	0.2425	0.33625	0.20875	0.28375	0.025	0.32875	0.315	0.055	0.21625	0.28125	0.3725	0.36125	0.3125	0.06	0.0675	0.26125	0.19875	0.1375	0.03125	0.2125	1.9	0.6	1.48	1.14286	0.0666667	0.0035	0.0708667	0.04664	0.100457	0.15
0.05	0.99	0.02	0.12	0.05	0.95	0.88	0	0.73	0.05	0.01	0.99	0.12	0.01	0	0.01	0.05	0.05	0.02	0.01	0.25375	0.24625	0.1875	0.1775	0.11125	0.21625	0.23625	0.05625	0.13125	0.39875	0.49375	0.3475	0.41375	0.07375	0.1925	0.34875	0.2025	0.13125	0.03	0.3225	-3.9	0.6	0.34	-0.0571429	0.277778	0.2075	0.0750667	0.13896	0.190971	0.204356
0.05	0	0	0	0	0	0	0	0	0.27	1	0	0.5	0.05	0	0.01	0.12	0	0	0.12	0.3725	0.37	0.19	0.1925	0.1325	0.33625	0.3475	0.0575	0.225	0.35625	0.35125	0.46875	0.4225	0.06875	0.195	0.3475	0.19875	0.16625	0.01875	0.34125	3.8	-1.33333	-1.2	-0.542857	0.244444	0.0142	0.2299	0.26576	0.261543	0.208678
0.73	0.73	0.88	0.88	0.01	0.73	0.88	0.05	0.27	0.01	0.02	0.88	0.05	0.01	0.27	0.88	0.5	0.05	0.05	0.02	0.17875	0.3675	0.19875	0.145	0.11875	0.3525	0.29875	0.02375	0.225	0.42	0.4825	0.435	0.36875	0.07625	0.22375	0.29625	0.255	0.16125	0.015	0.3825	-3.9	-1.33333	-1.9	-0.485714	0.244444	0.468	0.3726	0.36514	0.267157	0.283678
0.12	0.95	0.5	0.27	0.02	0.88	0.73	0.12	0.73	0.02	0.02	0.88	0.05	0.12	0.27	0.88	0.73	0.73	0.05	0.05	0.2575	0.355	0.3375	0.23625	0.18	0.33375	0.3325	0.0175	0.20125	0.4	0.47625	0.44125	0.34	0.18375	0.2575	0.3025	0.23125	0.11	0.1325	0.35	-3.9	-3.13333	-0.28	-0.5	0.133333	0.6356	0.534667	0.33182	0.364	0.3258
0.12	0.27	0.12	0.27	0.73	0.05	0.27	0.01	0.05	0	0	0.88	0.05	0	1	0.73	0.12	0	0	0.01	0.27	0.455	0.5075	0.25125	0.09125	0.44375	0.3925	0.1225	0.2875	0.28	0.35625	0.4475	0.23125	0.185	0.18125	0.445	0.425	0.2075	0.14	0.24625	-1.6	-0.433333	-0.68	0.457143	-0.166667	0.5004	0.3923	0.46526	0.388743	0.368222
0.95	0	0	0	0.12	0.01	0.01	0.01	0.02	0.88	0.73	0	0.5	0.27	0.02	0.01	0.05	0.5	0.01	0.99	0.19375	0.45625	0.61125	0.38	0.16375	0.3925	0.40625	0.185	0.29125	0.17	0.27875	0.49625	0.2225	0.18375	0.395	0.625	0.49	0.24875	0.19875	0.1375	4.2	1.46667	0.66	-0.2	-0.122222	0.0409	0.407567	0.4478	0.441757	0.427956
0.12	0.73	0.95	0.5	0.02	0.88	0.5	0.05	0.27	0.27	0.12	0.73	0.12	0.02	0.5	0.73	0.95	0.01	0.02	0.5	0.3825	0.4275	0.58375	0.35125	0.17875	0.34625	0.37875	0.21375	0.3825	0.24625	0.245	0.4675	0.27	0.3	0.36875	0.59625	0.425	0.42	0.3075	0.2175	1.8	2.93333	1.28	-0.142857	-0.688889	0.6814	0.367667	0.39774	0.481343	0.454822
0.02	0.12	0.73	0.12	0.5	0.05	0.12	0.02	0.27	0.73	0.95	0.05	0.5	0.99	0.27	0.05	0.05	0.27	0.95	0.27	0.31875	0.41375	0.50125	0.28875	0.12375	0.365	0.31625	0.21375	0.34875	0.31125	0.15375	0.44375	0.23125	0.18	0.36375	0.5775	0.48125	0.39625	0.18625	0.36875	2.8	1.26667	0.9	0.228571	0.244444	0.3807	0.482467	0.44668	0.427114	0.405956
0.12	0.12	0.98	0.12	0.01	0.05	0.02	0.73	0.01	0.01	0	0.05	0.01	0.01	0.12	0.99	0.95	0.05	0.02	0.01	0.3825	0.41375	0.47	0.26125	0.18375	0.3775	0.27125	0.1725	0.38125	0.41375	0.285	0.44375	0.32	0.29375	0.35125	0.38375	0.31125	0.3475	0.31125	0.42875	-0.8	-0.5	-0.2	1.1	0.322222	0.3853	0.5037	0.4897	0.359657	0.3711
0.27	0.73	0.73	0.88	0.02	0.5	0.73	0.5	0.73	0.05	0.12	0.5	0.5	0.27	0.73	0.73	0.5	0.88	0.5	0.12	0.3825	0.31	0.48875	0.1325	0.09125	0.31625	0.15	0.2025	0.2875	0.415	0.30375	0.28375	0.25875	0.26125	0.275	0.33125	0.44375	0.24375	0.26625	0.4475	-3.5	-1.86667	0.34	0.0428571	0.322222	0.7451	0.462133	0.35906	0.3998	0.341056
0.73	0.5	0.73	0.27	0.02	0.5	0.27	0.27	0.98	0.27	0.12	0.5	0.5	0.73	0.27	0.5	0.5	0.88	0.88	0.27	0.2975	0.34	0.49	0.20875	0.09125	0.31625	0.2075	0.245	0.25375	0.4025	0.30375	0.285	0.23	0.17625	0.33125	0.365	0.44	0.1825	0.21875	0.4275	-1.3	-0.1	-0.86	-0.442857	0.322222	0.256	0.3431	0.3473	0.335314	0.342589
0.12	0.01	0	0	0.05	0.05	0	0.02	0	0.99	0.12	0.01	0.12	0.02	0	0.05	0.05	0.12	0.01	1	0.37375	0.325	0.49625	0.21375	0.21	0.2775	0.19375	0.2725	0.37625	0.28	0.29	0.27	0.26375	0.2625	0.365	0.42125	0.3925	0.27625	0.325	0.28875	4.5	0	-1.02	-0.242857	0.4	0.0282	0.202033	0.31624	0.288743	0.307144
0.73	0.95	0.5	0.05	0.01	0.98	0.27	0.5	0.73	0.12	0.12	0.88	0.27	0.05	0.02	0.27	0.27	0.12	0.12	0.27	0.29625	0.19875	0.3425	0.1925	0.15375	0.16125	0.145	0.21	0.25125	0.36	0.29625	0.155	0.21625	0.15	0.32875	0.3875	0.36125	0.24375	0.19375	0.38	-3.2	-0.1	0.52	0.228571	0.511111	0.3219	0.193367	0.17816	0.285471	0.2856
0.27	0.05	0.02	0	0	0.01	0.01	0.02	0.02	0.05	0.27	0.05	0.05	0	1	0.05	0.73	0	0.12	0.27	0.40125	0.3025	0.2825	0.19	0.155	0.2825	0.18125	0.18125	0.34	0.36875	0.28	0.25375	0.24375	0.1575	0.31625	0.2975	0.1875	0.28625	0.1925	0.385	-1.6	-0.2	1.28	1.27143	0.422222	0.23	0.2022	0.19944	0.205714	0.249267
0.73	0.01	0.01	0	0.12	0.01	0.01	0.12	0	1	0.73	0.01	0.27	0.05	0.01	0.05	0.02	0.01	0.01	0.98	0.3725	0.27875	0.255	0.19	0.2	0.31125	0.18125	0.14	0.285	0.25875	0.2225	0.23	0.16	0.1325	0.44	0.31625	0.305	0.18125	0.15875	0.29625	4.2	1.7	1.14	1.22857	0.422222	0.0547	0.2157	0.23116	0.177471	0.228589
0.12	0.12	0.27	0.27	1	0.12	0.12	0.02	0.27	0.01	0.01	0.12	0.01	0	0.5	0.73	0.12	0	0	0.12	0.42	0.29375	0.19375	0.15625	0.1025	0.32625	0.225	0.18125	0.19125	0.3825	0.36	0.26375	0.16375	0.08125	0.43625	0.23125	0.2925	0.135	0.08375	0.40375	2.5	3.5	1.46	0.0857143	0.0666667	0.3624	0.2013	0.17844	0.2533	0.253744
0.01	0.05	0	0	0.01	0.05	0	0	0	0.5	1	0	0.27	0.12	0	0	0.02	0.01	0.01	0.27	0.4525	0.335	0.3375	0.3	0.25375	0.39125	0.35	0.24375	0.25875	0.2125	0.255	0.34	0.15	0.07875	0.56125	0.4075	0.36125	0.13375	0.115	0.29375	3.8	1.56667	1.08	-0.1	-0.822222	0.1868	0.2025	0.24424	0.276229	0.3114
0.5	0.05	0.02	0.05	0.01	0.05	0.05	0.02	0.01	0.01	0.02	0.01	0.01	0.02	1	0.05	0.02	0.27	0.01	0.05	0.3625	0.25	0.335	0.35	0.315	0.3025	0.3725	0.2125	0.2	0.32125	0.425	0.2625	0.21125	0.195	0.525	0.43	0.39	0.1775	0.21	0.32125	-1.6	-0.433333	-0.66	-0.371429	-0.544444	0.0583	0.268033	0.32978	0.321529	0.313789
0.5	0.5	0.5	0.88	0.5	0.73	0.73	0.27	0.27	0.12	0.12	0.27	0.05	0.12	0.73	0.88	0.73	0.05	0.12	0.12	0.4475	0.27875	0.335	0.30875	0.26875	0.25	0.34875	0.19375	0.19875	0.31625	0.4125	0.28625	0.2625	0.1975	0.54375	0.41125	0.30125	0.21125	0.19625	0.3125	-3.5	-3.2	-1.86	-1.07143	-0.166667	0.559	0.366567	0.36672	0.362771	0.326822
0.5	0.73	0.5	0.27	0.12	0.73	0.73	0.5	0.5	0.27	0.5	0.88	0.27	0.27	0.73	0.5	0.5	0.5	0.27	0.27	0.41875	0.31125	0.44375	0.4475	0.31625	0.31125	0.41	0.24125	0.185	0.20625	0.3075	0.2425	0.21625	0.235	0.605	0.5625	0.41875	0.16875	0.23875	0.18625	-4.5	-3.83333	-2.76	-1.17143	-0.433333	0.4824	0.5295	0.39804	0.360614	0.3846
0.27	0.27	0.88	0.88	0.27	0.5	0.88	0.5	0.27	0.12	0.27	0.5	0.27	0.12	0.5	0.73	0.5	0.12	0.27	0.27	0.495	0.41625	0.4725	0.42875	0.17875	0.41625	0.4675	0.2725	0.29	0.2575	0.35	0.30875	0.24875	0.26875	0.605	0.5525	0.495	0.2225	0.30125	0.18625	-3.5	-2.9	-2.08	-1.45714	-0.8	0.5471	0.457633	0.45584	0.416029	0.4052
0.5	0.27	0.5	0.5	0.5	0.27	0.5	0.27	0.27	0.5	0.5	0.27	0.5	0.88	0.73	0.5	0.5	0.73	0.88	0.27	0.5275	0.44375	0.5825	0.5675	0.25875	0.50125	0.5775	0.31625	0.38125	0.21	0.23	0.4	0.24875	0.25	0.68625	0.64375	0.58375	0.2075	0.2575	0.215	-0.7	-0.8	-1.02	-1.34286	-0.8	0.3434	0.4126	0.45898	0.485957	0.430978
0.95	0.73	0.5	0.5	0.12	0.27	0.5	0.12	0.27	0.12	0.27	0.5	0.5	0.12	0.88	0.73	0.73	0.05	0.12	0.27	0.4425	0.38625	0.595	0.56375	0.3075	0.51	0.5775	0.335	0.3825	0.31875	0.36625	0.37625	0.28125	0.46125	0.665	0.615	0.5675	0.27375	0.4425	0.31875	1.8	0.966667	-0.28	-0.3	-0.2	0.3473	0.4218	0.47206	0.465929	0.439633
0.5	0.5	0.88	0.5	0.12	0.5	0.5	0.73	0.12	0.27	0.27	0.27	0.12	0.5	0.5	0.88	0.73	0.12	0.5	0.12	0.49875	0.415	0.5	0.4875	0.26	0.5	0.54875	0.24	0.40125	0.3	0.3575	0.4625	0.385	0.4325	0.74375	0.5775	0.51	0.26125	0.4425	0.3375	1.8	0.933333	1.18	0.885714	-0.2	0.5747	0.489933	0.4464	0.416471	0.438556
0.5	0.5	0.88	0.73	0.05	0.73	0.73	0.27	0.88	0.27	0.12	0.27	0.27	0.12	0.27	0.88	0.73	0.05	0.5	0.12	0.5275	0.33875	0.52875	0.51625	0.25625	0.41375	0.52	0.25	0.25875	0.3	0.32875	0.38625	0.3475	0.48	0.80375	0.54875	0.51	0.21375	0.415	0.41375	-0.8	1.6	2.08	0.885714	0.5	0.5478	0.513767	0.40496	0.416786	0.442922
0.5	0.27	0.5	0.73	0.88	0.5	0.5	0.12	0.73	0.5	0.27	0.5	0.5	0.73	0.88	0.5	0.73	0.5	0.27	0.5	0.50875	0.3675	0.57625	0.44	0.12	0.4425	0.45375	0.33	0.2775	0.27125	0.27875	0.31	0.31875	0.39	0.68	0.53875	0.4625	0.23375	0.425	0.33875	3.8	2.26667	1.02	1.24286	0.844444	0.4188	0.3676	0.44536	0.442257	0.445967
0.27	0.05	0.12	0.02	0.02	0.12	0.05	0.02	0.02	0.5	0.88	0.05	0.27	0.95	0.98	0.05	0.12	0.12	0.73	0.88	0.5375	0.4525	0.595	0.52875	0.1675	0.5475	0.48125	0.3425	0.42375	0.22375	0.155	0.395	0.3475	0.2675	0.57875	0.62375	0.59875	0.28125	0.34875	0.2725	3.8	1.36667	1.02	0.928571	0.777778	0.1362	0.3681	0.43476	0.474714	0.446667
0.5	0.5	0.12	0.27	0.12	0.88	0.5	0.12	0.27	0.12	0.05	0.73	0.5	0.27	0.98	0.73	0.27	0.02	0.5	0.12	0.42375	0.3675	0.62375	0.46875	0.2025	0.48125	0.425	0.33	0.3925	0.31875	0.2875	0.31	0.3475	0.42875	0.56	0.51	0.58	0.37875	0.39625	0.425	-3.5	0.7	1.1	0.485714	0.144444	0.5493	0.4024	0.4401	0.442571	0.465178
0.73	0.12	0.73	0.73	0.02	0.27	0.73	0.12	0.12	0.27	0.12	0.27	0.12	0.27	0.98	0.27	0.5	0.05	0.05	0.88	0.395	0.3525	0.4375	0.34875	0.325	0.495	0.33375	0.33	0.39625	0.28125	0.25125	0.33375	0.4425	0.4	0.53125	0.49125	0.49375	0.36	0.39	0.3775	1.8	-0.7	0.08	0.0428571	-0.1	0.5217	0.5485	0.42628	0.437729	0.402811
0.12	0.27	0.88	0.27	0.01	0.5	0.12	0.99	0.27	0.12	0.02	0.12	0.27	0.01	0.12	0.27	0.12	0.73	0.12	0.05	0.42375	0.3625	0.315	0.33	0.335	0.4375	0.3525	0.19	0.33	0.3575	0.2825	0.33375	0.42375	0.5275	0.60625	0.415	0.56	0.39375	0.4375	0.52875	-0.4	0.0333333	-1.46	-0.557143	-0.511111	0.5745	0.481967	0.50182	0.379814	0.363367
0.5	0.73	0.27	0.5	0.02	0.73	0.27	0.27	0.73	0.12	0.12	0.5	0.5	0.12	0.02	0.73	0.98	0.73	0.73	0.12	0.37625	0.2725	0.32875	0.21	0.22625	0.3475	0.2725	0.265	0.18125	0.4175	0.29875	0.225	0.36625	0.45625	0.515	0.30125	0.395	0.33125	0.33	0.5825	-1.3	-1.86667	-0.84	-1.74286	-0.466667	0.3497	0.479367	0.39464	0.3879	0.317333
0.27	0.5	0.73	0.27	0.5	0.5	0.5	0.12	0.27	0.5	0.5	0.5	0.73	0.73	0.73	0.5	0.73	0.73	0.27	0.73	0.48125	0.2975	0.25875	0.23875	0.16625	0.36375	0.24	0.29625	0.2375	0.3225	0.1475	0.22125	0.4225	0.2625	0.30625	0.4475	0.53375	0.3175	0.31125	0.43	-3.9	-1.86667	-2.1	-0.642857	-0.966667	0.5139	0.292333	0.32886	0.310071	0.303733
0.5	0	0	0	1	0	0	0.73	0	0.12	0.05	0	0.5	0.27	0.27	0.27	0.27	0	0	0.5	0.3925	0.29875	0.33625	0.24	0.08875	0.3175	0.255	0.33	0.2375	0.355	0.1975	0.255	0.38875	0.28625	0.24125	0.3875	0.5725	0.40625	0.2825	0.44375	-0.4	-2.93333	-1.18	-1	-0.622222	0.0134	0.240033	0.21486	0.237514	0.244644
0.12	0.73	0.05	0.12	0.12	0.5	0.27	0.02	0.5	0.73	0.27	0.12	0.27	0.88	0.01	0.27	0.88	1	0.95	0.5	0.34875	0.1925	0.23875	0.13375	0.19625	0.255	0.13	0.40375	0.16	0.245	0.155	0.22125	0.4025	0.28625	0.15125	0.35375	0.44875	0.4	0.2675	0.33375	-4.5	-0.233333	-1.06	-1	-0.922222	0.1928	0.0702333	0.14768	0.157943	0.189389
0.5	0.01	0	0	0.02	0.01	0.01	0	0	0.98	0.5	0.01	0.27	0.27	0.05	0.05	0.27	0	0.02	1	0.28875	0.25	0.16875	0.14875	0.20875	0.255	0.14875	0.4075	0.19	0.19875	0.1575	0.22625	0.37	0.36125	0.1325	0.35375	0.51125	0.435	0.36875	0.265	4.2	-0.333333	-0.36	-0.942857	-0.922222	0.0045	0.0703667	0.0484	0.111471	0.130722
0.88	0.02	0.02	0.02	0.02	0.02	0.02	0.12	0.01	0.12	0.05	0.02	0.95	0.01	0.02	0.99	0.98	0.01	0.12	0.27	0.24125	0.2675	0.195	0.1175	0.22125	0.25375	0.1475	0.37375	0.21625	0.325	0.2325	0.25375	0.25625	0.4125	0.14	0.2075	0.41	0.34875	0.35625	0.40375	-0.7	1.03333	-0.46	-0.442857	-1.16667	0.0138	0.0119333	0.0506	0.0447	0.111589
0.02	0.01	0.01	0.01	0	0.01	0.12	1	0	0	0	0.5	0	0	0	0.02	0.12	0	0	0	0.33	0.31625	0.13875	0.1	0.1675	0.22625	0.135	0.255	0.24625	0.3875	0.2675	0.14625	0.34625	0.3375	0.06625	0.28125	0.54875	0.26125	0.3525	0.40875	-0.4	-0.666667	0.36	-0.885714	-0.311111	0.0175	0.0185667	0.02134	0.0681429	0.0962778
0	0	0	0	0	0.27	0	0	0	0	0	0.12	0	0.88	0	0	0.12	1	0.88	0	0.3325	0.40875	0.23125	0.16375	0.07625	0.30375	0.24125	0.30375	0.30875	0.3875	0.27625	0.30375	0.3175	0.2275	0.06625	0.34125	0.625	0.1425	0.27625	0.36125	-0.9	-0.566667	-1.18	0.3	-0.7	0.0244	0.0294667	0.05594	0.0943286	0.157822
0.02	0.01	0.27	0.27	0.01	0.01	0.01	1	0.01	0	0.27	0.05	0.01	0	0.01	0.05	0.01	0.01	0	0	0.3775	0.35	0.2825	0.20625	0.06625	0.33625	0.325	0.21	0.27875	0.31125	0.22375	0.33125	0.2975	0.23375	0.17375	0.41125	0.59125	0.1475	0.33	0.31375	-0.4	-1.6	-0.28	-0.857143	-0.588889	0.0465	0.0828	0.1284	0.174729	0.191233
0.5	0.88	0.5	0.27	0.12	0.73	0.27	0.12	0.95	0.27	0.27	0.73	0.27	0.27	0.05	0.5	0.88	0.05	0.73	0.5	0.3175	0.3025	0.36375	0.2975	0.08375	0.27875	0.325	0.3825	0.22375	0.18875	0.195	0.27875	0.29375	0.2	0.2725	0.41125	0.54	0.1575	0.27	0.18875	-3.5	-0.0333333	-0.98	-1.25714	-1.13333	0.1775	0.200033	0.23836	0.243257	0.261167
0.12	0.88	0.27	0.12	0.05	0.27	0.5	0.05	0.5	0.88	0.73	0.12	0.5	0.12	0.12	0.12	0.98	0.02	0.12	0.5	0.3175	0.39125	0.4525	0.37625	0.12375	0.39625	0.35625	0.4675	0.34125	0.13125	0.165	0.415	0.18	0.28	0.32375	0.3975	0.4675	0.27	0.4225	0.18875	3.8	-1.2	-1.5	-1.3	-1.15556	0.3761	0.373633	0.33218	0.331314	0.316289
0.5	0.73	0.73	0.5	0.27	0.88	0.73	0.12	0.5	0.12	0.12	0.88	0.27	0.27	0.27	0.73	0.88	0.05	0.27	0.12	0.33	0.47125	0.45625	0.39	0.15875	0.38125	0.375	0.39625	0.375	0.28875	0.30375	0.32	0.27125	0.295	0.39625	0.41	0.5275	0.3	0.46625	0.29875	-3.9	-1.2	-1.56	-1.3	-1.18889	0.5673	0.478967	0.44966	0.400671	0.374433
0.5	0.27	0.73	0.73	0.05	0.5	0.95	0.27	0.27	0.12	0.12	0.27	0.12	0.05	0.88	0.88	0.5	0.05	0.5	0.12	0.3925	0.59125	0.51875	0.42375	0.22	0.4575	0.41	0.44	0.46625	0.3225	0.36625	0.44375	0.3525	0.275	0.41125	0.45375	0.65125	0.20875	0.39	0.36125	-3.5	-2.7	-1.04	-1.34286	-0.888889	0.4935	0.5649	0.51614	0.471286	0.427678
0.5	0.5	0.88	0.73	0.27	0.27	0.27	0.5	0.5	0.27	0.27	0.27	0.5	0.27	0.88	0.5	0.73	0.12	0.27	0.5	0.4525	0.62375	0.57625	0.4525	0.25375	0.57625	0.55625	0.3775	0.49875	0.3375	0.3475	0.5	0.3375	0.28125	0.50125	0.5575	0.68375	0.26125	0.48125	0.3475	-0.7	-1.7	-1.94	-0.585714	-1.23333	0.6339	0.545767	0.54908	0.517871	0.477978
0.5	0.73	0.5	0.5	0.27	0.5	0.5	0.73	0.5	0.27	0.27	0.5	0.27	0.5	0.5	0.5	0.5	0.88	0.73	0.27	0.4525	0.5475	0.62375	0.51	0.2725	0.51875	0.55625	0.425	0.41375	0.36625	0.37625	0.4425	0.395	0.28125	0.605	0.5575	0.665	0.25125	0.42375	0.37625	-0.9	-0.766667	-0.8	-1.62857	-0.377778	0.5099	0.561533	0.53634	0.535457	0.512422
0.5	0.5	0.5	0.5	0.5	0.5	0.5	0.5	0.27	0.5	0.5	0.5	0.5	0.27	0.73	0.73	0.5	0.27	0.5	0.5	0.5	0.5575	0.7	0.58625	0.2525	0.5475	0.5275	0.5575	0.47125	0.2425	0.27125	0.5375	0.3375	0.32875	0.62375	0.57625	0.57625	0.34	0.4525	0.31875	-0.7	0.0666667	-0.8	-0.471429	-0.844444	0.5408	0.5181	0.53748	0.524057	0.533322
0.5	0.5	0.5	0.5	0.27	0.5	0.5	0.5	0.5	0.27	0.5	0.5	0.5	0.5	0.73	0.5	0.73	0.27	0.5	0.5	0.47125	0.5575	0.67125	0.58625	0.2625	0.5	0.5275	0.66125	0.4425	0.27125	0.29	0.49	0.3375	0.3	0.6525	0.5475	0.5	0.44375	0.4525	0.31875	1.8	-0.8	0.18	-0.0285714	-0.844444	0.5036	0.514533	0.5082	0.534157	0.5227
0.5	0.5	0.88	0.5	0.5	0.73	0.5	0.73	0.5	0.27	0.27	0.5	0.27	0.27	0.73	0.5	0.5	0.5	0.5	0.27	0.47125	0.615	0.62375	0.5575	0.23375	0.5	0.47125	0.6325	0.4425	0.27125	0.31875	0.56625	0.41375	0.32875	0.66125	0.5	0.5575	0.4425	0.405	0.3475	-3.5	0.833333	0.28	-0.485714	-0.5	0.4992	0.496767	0.51906	0.510986	0.535033
0.5	0.5	0.5	0.5	0.27	0.5	0.5	0.73	0.27	0.5	0.5	0.5	0.5	0.5	0.5	0.5	0.5	0.73	0.73	0.5	0.4425	0.615	0.595	0.5	0.235	0.5575	0.47125	0.60375	0.51875	0.27125	0.3475	0.56625	0.385	0.3575	0.6425	0.5	0.5575	0.4325	0.46125	0.29	4.2	0.1	-0.36	-0.414286	-0.811111	0.4875	0.516967	0.50524	0.5245	0.509878
0.5	0.73	0.88	0.73	0.12	0.5	0.27	0.88	0.73	0.12	0.12	0.88	0.27	0.27	0.5	0.5	0.27	0.12	0.12	0.27	0.4425	0.50125	0.5	0.415	0.2225	0.52875	0.44375	0.49625	0.405	0.2875	0.3675	0.45875	0.41375	0.3575	0.705	0.55625	0.58625	0.4	0.44875	0.3	-0.4	-0.0333333	-0.8	-0.814286	-0.888889	0.5642	0.5078	0.52542	0.505457	0.469511
0.27	0.73	0.5	0.5	0.12	0.5	0.73	0.95	0.5	0.12	0.27	0.5	0.27	0.27	0.5	0.27	0.5	0.88	0.27	0.12	0.42375	0.50125	0.595	0.50375	0.25125	0.52875	0.38625	0.45875	0.43375	0.24	0.2925	0.50625	0.3575	0.38625	0.62875	0.585	0.5575	0.28625	0.43	0.27125	-3.9	-1.56667	-0.8	-1.3	-0.9	0.4717	0.5468	0.50708	0.454457	0.466244
0.5	0.73	0.73	0.5	0.05	0.73	0.5	0.27	0.27	0.12	0.12	0.88	0.5	0.05	0.95	0.5	0.73	0.27	0.12	0.12	0.36625	0.50125	0.56625	0.50375	0.24125	0.5	0.44375	0.48375	0.4625	0.2975	0.2825	0.45875	0.3	0.36625	0.515	0.5275	0.5475	0.335	0.40125	0.3275	-0.4	-2.6	-1.96	-0.914286	-0.633333	0.6045	0.494567	0.4389	0.4562	0.438156
0.27	0.5	0.27	0.27	0.05	0.5	0.27	0.27	0.88	0.5	0.73	0.27	0.5	0.73	0.5	0.5	0.73	0.27	0.95	0.27	0.3325	0.53	0.51375	0.47	0.17875	0.4375	0.41	0.3925	0.32375	0.23125	0.2975	0.4725	0.3	0.24875	0.59	0.465	0.48625	0.2725	0.235	0.29	-3.5	-1.83333	-2.04	-0.914286	0.177778	0.4075	0.3862	0.42834	0.422386	0.385822
0.5	0.05	0.12	0.05	0.02	0.27	0.05	0.02	0.05	0.02	0.05	0.02	0.27	0.27	1	0.95	0.5	0.01	0.02	0.12	0.24125	0.64625	0.5325	0.46875	0.14875	0.52875	0.38125	0.3325	0.51625	0.22875	0.32625	0.55125	0.37625	0.24375	0.465	0.3475	0.455	0.22875	0.275	0.24625	-1.6	-1.96667	-0.42	-0.314286	-0.677778	0.1466	0.355167	0.38416	0.345814	0.35
0.12	0.5	0.88	0.98	0.73	0.5	0.5	0.27	0.27	0.12	0.05	0.5	0.05	0.5	0.12	0.73	0.5	0.12	0.5	0.12	0.28875	0.51375	0.3425	0.27625	0.17	0.5475	0.41375	0.20625	0.43125	0.20375	0.31375	0.4725	0.40375	0.215	0.51375	0.3275	0.4275	0.23375	0.29125	0.275	-0.8	0.6	0.42	-0.257143	-0.166667	0.5114	0.302933	0.2689	0.302014	0.301378
0.27	0.5	0.5	0.5	0.12	0.5	0.73	0.02	0.5	0.73	0.27	0.5	0.27	0.12	0.27	0.27	0.88	0.05	0.12	0.95	0.35875	0.42375	0.33375	0.275	0.2325	0.49125	0.295	0.1525	0.34	0.175	0.34375	0.4125	0.405	0.23	0.43375	0.36625	0.35125	0.1325	0.30625	0.28	4.2	2.4	0.42	0.4	0.733333	0.2508	0.263467	0.22042	0.233743	0.255511
0	0.5	0	0	0	0	0	0	0	0.12	1	0	0.27	0.01	0.88	0	0.01	0	0	0.12	0.36375	0.42375	0.4275	0.385	0.2425	0.5725	0.43375	0.1275	0.43125	0.23875	0.24375	0.475	0.405	0.2525	0.24125	0.37125	0.4025	0.11125	0.36875	0.375	3.8	1.5	1.58	1.5	0.388889	0.0282	0.148033	0.21642	0.183943	0.241644
0	0.98	0.5	0.27	0	1	0.05	0	0.98	0	0.05	0.88	0.88	0	0	0.01	0.02	0.12	0.12	0	0.3925	0.30125	0.3325	0.3175	0.2375	0.39125	0.39375	0.09375	0.19875	0.31375	0.39	0.33125	0.3575	0.16875	0.28875	0.31	0.3125	0.0625	0.23625	0.48	-3.5	1.5	2.58	1.22857	1.2	0.1651	0.106633	0.12592	0.231529	0.198189
0.5	0.12	0.12	0.12	1	0.88	0.98	0.12	0.27	0.02	0.02	0.73	0.27	0.27	0.01	0.12	0.05	0.27	0.73	0.5	0.27375	0.49375	0.48375	0.36375	0.11	0.40625	0.305	0.0775	0.34375	0.315	0.39375	0.41	0.4025	0.1075	0.2875	0.21125	0.3375	0.07625	0.16375	0.40875	4.2	1.63333	1.04	1.88571	1.2	0.1266	0.116867	0.1717	0.160814	0.2107
0.98	0.01	0.05	0.01	0.01	0.05	0.01	0.27	0	0.5	0.73	0.02	0.5	0.01	0.01	0.12	0.27	0	0.01	0.99	0.20125	0.45125	0.38375	0.255	0.145	0.45	0.365	0.02625	0.345	0.36375	0.4175	0.4375	0.40125	0.11125	0.275	0.12625	0.28125	0.09625	0.225	0.455	4.2	1.63333	1.04	1.05714	1.78889	0.0589	0.221733	0.16934	0.162014	0.160067
0.27	0.73	0.98	0.88	0.01	0.88	0.88	0.05	0.5	0.02	0.05	0.88	0.5	0.12	0.02	0.27	0.27	0.05	0.5	0.05	0.29	0.30125	0.20625	0.085	0.16375	0.34625	0.16625	0.0525	0.235	0.455	0.57875	0.2825	0.48625	0.11625	0.24625	0.07625	0.18625	0.09875	0.21125	0.57625	-3.5	1.5	1.42	1.15714	1.78889	0.4797	0.185	0.18816	0.165943	0.147256
0.5	0	0.01	0	0.01	0.05	0	0	0	0.98	0.95	0	0.73	0.05	0	0.02	0.02	0	0.01	0.99	0.27625	0.345	0.4375	0.31875	0.16625	0.45625	0.3675	0.12125	0.33125	0.32	0.3425	0.4075	0.43875	0.12375	0.24875	0.22625	0.27875	0.105	0.2725	0.44375	3.8	-0.433333	1.48	2.25714	0.977778	0.0164	0.251767	0.17398	0.161714	0.187489
0.05	0.73	0.95	0.27	0	0.27	0.27	0.01	0.5	0.05	0.05	0.5	0.02	0.05	1	0.27	0.73	0.27	0.05	0.05	0.33875	0.24125	0.38	0.3425	0.16875	0.41375	0.36125	0.12625	0.265	0.45125	0.46375	0.26875	0.4325	0.13875	0.1575	0.2275	0.22125	0.16625	0.37125	0.56375	-1.6	2.23333	1.48	1.15714	0.866667	0.2592	0.110433	0.1893	0.199386	0.203889
0.02	0.05	0.01	0	0.02	0.02	0.01	0.01	0.01	0.99	0.95	0.01	0.27	0.27	0.02	0.05	0.27	0.01	0.27	0.98	0.37125	0.345	0.545	0.47125	0.05625	0.445	0.39375	0.11375	0.355	0.3325	0.35125	0.33	0.37375	0.07875	0.3125	0.33125	0.36375	0.17125	0.255	0.39125	4.5	2.36667	1.48	-0.0857143	0.222222	0.0557	0.150133	0.17142	0.235643	0.266
0.27	0.02	0.01	0.01	0.27	0.5	0.01	0.01	0.12	0.98	0.88	0.12	0.95	0.27	0.05	0.02	0.12	0.12	0.5	0.98	0.28	0.41	0.60125	0.56	0.0575	0.47	0.5025	0.0825	0.375	0.305	0.3025	0.42375	0.28875	0.0925	0.31	0.35375	0.45875	0.19125	0.2275	0.3775	4.2	1.73333	-0.18	0.185714	0.222222	0.1355	0.193833	0.23068	0.265057	0.306189
0.12	0.12	0.88	0.99	0.02	0.05	0.73	0.5	0.27	0	0.01	0.12	0.12	0	0.88	0.95	0.5	0	0	0	0.265	0.30625	0.37	0.3275	0.2125	0.41625	0.30375	0.015	0.29375	0.425	0.405	0.31375	0.33	0.11375	0.20375	0.20375	0.3775	0.2	0.2275	0.50875	-3.5	-1.26667	-0.18	0.242857	0.888889	0.3903	0.2795	0.31596	0.3228	0.253644
0.05	0.88	0.98	0.73	0.01	0.88	0.27	0.05	0.95	0.12	0.12	0.27	0.12	0.12	0.27	0.27	0.27	0.88	0.95	0.02	0.27375	0.32125	0.475	0.4225	0.215	0.41625	0.4525	0.08625	0.27125	0.3025	0.2875	0.405	0.2725	0.09375	0.28625	0.3775	0.4375	0.09125	0.11375	0.3975	-4.5	-3.2	-0.24	0.828571	0.0333333	0.3127	0.462867	0.38894	0.286743	0.296289
0.73	0.27	0.5	0.88	0.12	0.88	0.98	0.02	0.5	0.01	0.02	0.73	0.05	0.01	0.27	0.73	0.73	0.05	0.02	0.05	0.27375	0.3975	0.5075	0.46125	0.235	0.4925	0.3925	0.1225	0.375	0.31625	0.30875	0.37625	0.285	0.1025	0.17625	0.39625	0.3225	0.17625	0.22625	0.39375	-1.6	-0.633333	-0.58	-0.371429	-0.177778	0.6856	0.472967	0.3632	0.335957	0.341633
0.5	0.5	0.5	0.73	0.27	0.73	0.88	0.02	0.27	0.27	0.27	0.88	0.5	0.12	0.02	0.27	0.88	0.27	0.02	0.88	0.41	0.425	0.5125	0.48625	0.2475	0.57125	0.41875	0.13625	0.49375	0.19375	0.22125	0.39	0.2575	0.1175	0.22	0.53875	0.30375	0.2575	0.3025	0.25875	4.2	1.7	-0.66	-1.47143	-0.766667	0.4206	0.371	0.36518	0.411929	0.372833
0	0	0	0	1	0	0.01	0	0	0	0	0	0	0.02	0	0	0	0	0	0.12	0.44	0.5	0.58	0.5775	0.1225	0.6025	0.54125	0.1375	0.635	0.11125	0.17875	0.4875	0.2925	0.20625	0.2175	0.6325	0.46125	0.4	0.3675	0.2375	2.5	0.933333	-0.46	-1.08571	-1.31111	0.0068	0.275867	0.4361	0.404243	0.371433
0.5	0.88	0.95	0.5	0.02	0.88	0.73	0.12	0.5	0.12	0.12	0.88	0.27	0.01	0.05	0.73	0.27	0.01	0.05	0.12	0.36875	0.46625	0.46125	0.45375	0.24375	0.5775	0.45125	0.17	0.64875	0.1025	0.165	0.45375	0.25	0.21375	0.22	0.485	0.37125	0.41375	0.42375	0.24	-3.9	-1.63333	-0.3	-0.542857	-1.42222	0.4002	0.3581	0.36628	0.377129	0.404656
0.73	0.73	0.73	0.73	0.27	0.88	0.5	0.27	0.88	0.05	0.12	0.73	0.05	0.01	0.12	0.88	0.27	0.12	0.02	0.05	0.3675	0.40875	0.4575	0.3675	0.21375	0.55875	0.48	0.255	0.57375	0.13	0.18375	0.4725	0.2775	0.29	0.1925	0.495	0.37125	0.4	0.4	0.30875	-3.5	-2.73333	-1.28	-0.957143	-0.422222	0.6673	0.468	0.30674	0.377657	0.454667
0.88	0.5	0.05	0.05	0.27	0.5	0.12	0.12	0.73	0.27	0.5	0.27	0.5	0.5	0.12	0.73	0.27	0.88	0.88	0.73	0.29125	0.51375	0.57125	0.37625	0.205	0.5875	0.43875	0.28625	0.56375	0.135	0.1675	0.54875	0.2775	0.23375	0.26875	0.485	0.37125	0.305	0.38125	0.25125	-0.8	-1.66667	-2.68	-0.914286	-0.744444	0.3365	0.375567	0.44324	0.426543	0.433111
0.01	0.12	0.05	0.01	0	0.02	0.12	0	0.98	0.05	0.27	0.02	0.73	0.88	0.01	0.5	0.5	0.99	1	0.05	0.37125	0.50125	0.515	0.2925	0.20625	0.5625	0.33125	0.29875	0.49875	0.2525	0.225	0.4725	0.20125	0.23375	0.2825	0.495	0.23875	0.25875	0.3975	0.35	-0.7	-2	-1	-1.91429	-0.711111	0.1229	0.3829	0.51576	0.4958	0.398789
0.05	0.73	0.88	0.5	0.01	0.73	0.73	0.88	0.88	0.05	0.02	0.73	0.05	0.05	0.95	0.5	0.05	0.12	0.5	0.02	0.3725	0.4875	0.445	0.24625	0.08125	0.53625	0.26875	0.20375	0.6025	0.25875	0.2625	0.475	0.2925	0.34125	0.19875	0.58625	0.42	0.3825	0.5225	0.345	-4.5	-0.233333	-1.2	-0.714286	-1.06667	0.6893	0.525	0.48062	0.454586	0.428578
0.27	0.27	0.73	0.27	0.02	0.73	0.27	0.88	0.73	0.27	0.27	0.27	0.12	0.73	0.12	0.5	0.27	0.88	0.73	0.5	0.2975	0.45	0.455	0.335	0.0775	0.48875	0.345	0.20375	0.565	0.2175	0.2175	0.485	0.25125	0.25625	0.415	0.605	0.42125	0.28625	0.49	0.27125	4.5	-1.5	-0.14	-0.314286	-1.02222	0.7628	0.6479	0.43566	0.398529	0.463233
0.27	0.88	0.73	0.27	0.05	0.73	0.27	0.12	0.27	0.27	0.27	0.88	0.5	0.05	0.88	0.5	0.73	0.05	0.73	0.27	0.26875	0.40125	0.47375	0.30625	0.04625	0.44125	0.31625	0.3275	0.575	0.245	0.2175	0.40875	0.23125	0.37375	0.31125	0.5575	0.3925	0.38125	0.52125	0.35625	-4.5	1.5	-0.14	-0.7	-1.02222	0.4916	0.455367	0.46606	0.452186	0.411189
0.27	0.02	0.05	0.02	0.01	0.05	0.02	0	0	0.99	0.5	0.02	0.12	0.5	0.02	0.12	0.05	0.01	0.27	0.99	0.17375	0.46125	0.58625	0.365	0.0325	0.52625	0.36625	0.3425	0.58	0.18375	0.18875	0.51625	0.34	0.28875	0.4375	0.5475	0.5625	0.2825	0.53125	0.26625	4.5	-0.233333	0.06	-1.1	-0.722222	0.1117	0.292733	0.47062	0.463043	0.377933
0.05	0.5	0.27	0.12	0.01	0.5	0.12	0.12	0.73	0.05	0.05	0.73	0.05	0.05	0.27	0.73	1	0.12	0.5	0.05	0.215	0.40125	0.55875	0.3575	0.0475	0.50125	0.3725	0.33375	0.38125	0.405	0.32125	0.44	0.3675	0.35375	0.41125	0.4425	0.415	0.255	0.46875	0.4875	-0.7	0.1	-1.54	-0.185714	-0.333333	0.2749	0.366233	0.35784	0.369886	0.368478
0.12	0.12	0.88	0.98	0	0.5	0.88	0.12	0.05	0.01	0.01	0.5	0.01	0.01	0.95	0.88	0.5	0	0.02	0.01	0.20625	0.44875	0.46375	0.19	0.1725	0.4125	0.18875	0.22625	0.35875	0.40625	0.32625	0.38	0.3725	0.355	0.21	0.3675	0.4775	0.2575	0.46875	0.49625	-3.5	-2.56667	-0.26	-0.428571	0.444444	0.7121	0.3953	0.26696	0.266314	0.293156
0.5	0.95	0.88	0.5	0.05	0.5	0.27	0.5	0.5	0.27	0.12	0.73	0.27	0.27	0.05	0.5	0.5	0.05	0.27	0.5	0.25	0.3125	0.37375	0.2175	0.16625	0.32375	0.23375	0.08375	0.2125	0.355	0.28125	0.3325	0.34	0.2375	0.31	0.415	0.535	0.1425	0.3475	0.4825	-3.5	-1.7	-0.6	0.571429	0.144444	0.1989	0.316067	0.25218	0.197714	0.209211
0.12	0.12	0.27	0.27	0.12	0.5	0.27	0.12	0.5	0.5	0.5	0.27	0.99	0.27	0.27	0.27	0.95	0.05	0.5	0.73	0.27875	0.32125	0.365	0.215	0.15375	0.235	0.20625	0.24125	0.18125	0.29375	0.20625	0.31375	0.25	0.2375	0.175	0.415	0.4025	0.13875	0.23	0.4225	1.9	0.4	0.04	0.185714	0.6	0.0372	0.0913	0.19948	0.1828	0.169578
0.12	0.12	0.05	0.05	0.12	0.27	0.27	0.05	0.12	0.88	0.88	0.12	0.88	0.95	0.05	0.27	0.27	0.88	0.73	0.88	0.27875	0.3525	0.42	0.3025	0.1675	0.29125	0.2375	0.28375	0.33875	0.2325	0.15875	0.36375	0.34	0.2	0.215	0.4625	0.54375	0.125	0.28625	0.37125	2.8	2.4	1.1	0.228571	-0.0444444	0.0378	0.0288	0.05852	0.1628	0.1795
0.05	0.73	0.73	0.02	1	0.02	0.02	0.02	0.02	0.02	0.02	0.02	0.05	0.02	0.02	0.05	0.05	0.02	0.02	0.05	0.315	0.27625	0.335	0.325	0.07125	0.3225	0.2875	0.30625	0.3225	0.39625	0.35125	0.3475	0.52875	0.3725	0.2475	0.46125	0.50875	0.28	0.34625	0.56	2.5	2.36667	1.72	0.542857	-0.4	0.0114	0.0188333	0.04572	0.0897857	0.197089
1	0.01	0.01	0.01	0.02	0.02	0.02	0.12	0.01	0.12	0.02	0.12	0.12	0.05	0.02	0.5	0.73	0.01	0.01	0.88	0.24375	0.41375	0.34875	0.295	0.25625	0.35125	0.26875	0.3125	0.38	0.41625	0.38375	0.36375	0.5525	0.40125	0.22	0.3575	0.42375	0.3725	0.37875	0.5175	1.8	1.3	1.08	0.485714	-0.188889	0.0073	0.0512	0.07848	0.123257	0.171222
0.12	0.12	0.05	0.02	0.02	0.02	0.05	1	0.02	0.01	0.05	0.27	0.5	0.05	0.02	0.27	0.12	0.02	0.02	0.02	0.35375	0.34375	0.325	0.34125	0.28375	0.35125	0.3225	0.2025	0.35	0.43	0.39875	0.31625	0.5625	0.40125	0.27625	0.415	0.5	0.38	0.3775	0.625	-0.4	0.0333333	-0.26	-0.0142857	-0.188889	0.1349	0.1144	0.15756	0.186414	0.226756
0.27	0.27	0.27	0.5	0.12	0.27	0.27	0.27	0.88	0.88	0.5	0.27	0.73	0.88	0.12	0.5	0.5	0.73	0.95	0.73	0.35375	0.3725	0.2975	0.33875	0.27125	0.32	0.37125	0.37	0.21375	0.2925	0.31375	0.31625	0.44375	0.355	0.34875	0.415	0.3675	0.3	0.26125	0.47875	-1.3	-1.86667	-1.08	-0.914286	-0.788889	0.201	0.256367	0.25114	0.280829	0.284667
0.27	0.5	0.27	0.27	0.12	0.5	0.27	0.27	0.5	0.5	0.73	0.5	0.73	0.5	0.5	0.5	0.5	0.5	0.27	0.73	0.40125	0.42	0.3825	0.42375	0.27125	0.32	0.4	0.4825	0.28	0.245	0.19	0.335	0.3675	0.29875	0.3575	0.4725	0.39625	0.23375	0.28875	0.38375	-3.9	-2.26667	-2.14	-1.77143	-1.14444	0.4332	0.371167	0.38942	0.358971	0.350778
0.5	0.5	0.27	0.73	0.5	0.73	0.73	0.27	0.5	0.27	0.27	0.73	0.27	0.27	0.73	0.5	0.5	0.73	0.27	0.5	0.42875	0.42	0.35375	0.3975	0.105	0.35125	0.355	0.6025	0.36875	0.28625	0.25125	0.395	0.43375	0.33125	0.34125	0.52875	0.405	0.32125	0.34875	0.4125	-1.6	-3	-2.76	-2.08571	-1.85556	0.4793	0.537067	0.47412	0.448329	0.401733
0.5	0.5	0.73	0.88	0.27	0.5	0.73	0.5	0.27	0.27	0.27	0.5	0.73	0.27	0.5	0.73	0.5	0.12	0.27	0.5	0.3375	0.52875	0.31	0.41125	0.1375	0.44	0.38625	0.6775	0.41125	0.3625	0.26375	0.47125	0.395	0.34	0.43	0.47125	0.3475	0.4025	0.3625	0.365	-3.5	-2.86667	-2.58	-2.58571	-2.55556	0.6987	0.5788	0.56048	0.4962	0.456978
0.27	0.5	0.27	0.73	0.12	0.5	0.88	0.73	0.27	0.27	0.27	0.27	0.27	0.73	0.95	0.5	0.27	0.12	0.5	0.27	0.385	0.62375	0.395	0.46125	0.21625	0.52875	0.4525	0.5575	0.47125	0.42375	0.2725	0.585	0.42375	0.33875	0.405	0.52875	0.42375	0.415	0.365	0.45375	-3.5	-2.46667	-2.58	-3.04286	-2.55556	0.5584	0.629967	0.56784	0.539557	0.468089
0.5	0.73	0.73	0.5	0.12	0.5	0.5	0.95	0.27	0.12	0.12	0.5	0.27	0.12	0.5	0.73	0.5	0.12	0.27	0.12	0.3375	0.5675	0.36625	0.5525	0.20375	0.52875	0.5	0.55875	0.3675	0.335	0.235	0.5375	0.335	0.3075	0.4525	0.52875	0.3475	0.32625	0.2775	0.38375	-0.4	-2.6	-3.16	-2.54286	-2.8	0.6328	0.553733	0.57288	0.511229	0.459467
0.5	0.73	0.5	0.27	0.05	0.5	0.12	0.98	0.73	0.12	0.05	0.73	0.12	0.05	0.12	0.5	0.12	0.95	0.5	0.05	0.4225	0.51125	0.37625	0.55375	0.20375	0.48125	0.52	0.53625	0.25375	0.30625	0.15875	0.4525	0.26875	0.31625	0.52875	0.61375	0.45125	0.1625	0.22125	0.335	-3.9	-2.93333	-2.54	-2.81429	-2.16667	0.47	0.535767	0.48012	0.460386	0.422733
0.27	0.88	0.12	0.27	0.05	0.5	0.27	0.95	0.12	0.73	0.12	0.5	0.27	0.12	0.5	0.27	0.27	0.05	0.12	0.5	0.39125	0.43	0.39125	0.4625	0.26625	0.39125	0.41	0.5075	0.35875	0.1975	0.1225	0.39	0.2175	0.33625	0.39125	0.58125	0.37125	0.185	0.26875	0.2175	-4.5	-2.93333	-2.54	-2.05714	-1.71111	0.5045	0.403133	0.39312	0.375229	0.3787
0.27	0.88	0.27	0.27	0.5	0.73	0.73	0.27	0.5	0.5	0.12	0.95	0.27	0.5	0.27	0.5	0.5	0.12	0.27	0.5	0.34375	0.43	0.3725	0.3675	0.17875	0.42375	0.32375	0.545	0.34	0.195	0.1225	0.39	0.2175	0.28875	0.39125	0.495	0.31375	0.1675	0.3075	0.16125	-0.4	-2.8	-2.1	-1.2	-1.71111	0.2349	0.2876	0.28708	0.307314	0.359311
0.12	0.05	0.5	1	0.02	0.27	0.27	0.5	0.05	0.02	0.05	0.12	0.02	0.02	0.05	0.73	0.12	0.02	0.02	0.02	0.34375	0.4775	0.325	0.2	0.23	0.425	0.33375	0.55	0.36875	0.2225	0.0975	0.4625	0.22125	0.26375	0.30125	0.41875	0.33	0.16625	0.27875	0.19	-3.5	-0.7	-0.82	-1.64286	-1.36667	0.1234	0.153633	0.20968	0.2918	0.315033
0.95	0.05	0.12	0.05	0.05	0.12	0.05	0.12	0.05	0.27	0.05	0.05	0.05	0.5	0.73	0.95	0.95	0.02	0.05	0.27	0.18	0.3875	0.29625	0.38125	0.21125	0.38375	0.36125	0.48	0.33625	0.1825	0.085	0.41125	0.18375	0.18875	0.155	0.3025	0.16625	0.15125	0.24125	0.15875	1.8	0.266667	-0.62	-1.14286	-1.71111	0.1026	0.103	0.21362	0.2475	0.245456
0.02	0	0.01	0	1	0.01	0	0.01	0.73	0.01	0.05	0	0.01	0.5	0.01	0.01	0.01	0.01	0.27	0.01	0.2675	0.3175	0.2625	0.35625	0.08875	0.3375	0.355	0.3775	0.1625	0.20125	0.08	0.32875	0.175	0.18375	0.26375	0.4825	0.36	0.03375	0.16625	0.18625	2.5	0.266667	-0.62	-1	-1.07778	0.083	0.2366	0.19862	0.176371	0.208011
0.12	0.5	0.73	0.12	0.02	0.99	0.5	0.12	0.5	0.02	0.27	0.95	0.73	0.27	0.27	0.27	0.27	0.05	0.73	0.05	0.255	0.145	0.16	0.30875	0.205	0.15375	0.26	0.37	0.1775	0.10875	0.0375	0.14875	0.05125	0.1975	0.17	0.41875	0.295	0.0225	0.09375	0.11875	-3.5	-0.466667	-0.62	-0.685714	-0.622222	0.5242	0.2557	0.17526	0.161814	0.152667
0.12	0.05	0.12	0.12	0.05	0.05	0.5	1	0.05	0.01	0	0.02	0.05	0.05	0.01	0.12	0.02	0.01	0.02	0.02	0.255	0.0925	0.20875	0.27625	0.13875	0.18125	0.175	0.35125	0.1725	0.0475	0.05625	0.1475	0.1025	0.1625	0.17	0.46625	0.27875	0.0125	0.14875	0.06	-0.4	-2.46667	-0.62	-0.242857	-0.622222	0.1599	0.230233	0.18134	0.1451	0.128289
0.02	0.01	0.12	1	0	0.02	0.5	0.01	0.01	0.05	0.02	0.02	0	0	0.01	0.02	0.02	0	0	0.12	0.28625	0.0925	0.14625	0.04125	0.1425	0.1525	0.1475	0.415	0.17125	0.055	0.0475	0.13375	0.10625	0.16625	0.28875	0.39375	0.27875	0.01125	0.14875	0.06	-3.5	-0.7	-1.2	-0.557143	-0.411111	0.0066	0.0998333	0.16602	0.132657	0.115878
0.27	0.12	0.12	0.02	0.02	0.02	0.02	0.05	0.02	0.01	0.01	0.02	0.01	0.01	0.27	1	0.73	0	0.12	0.01	0.17	0.07375	0.13125	0.1575	0.135	0.13875	0.20125	0.395	0.255	0.06	0.1675	0.12875	0.2175	0.19375	0.165	0.15375	0.07375	0.01	0.16125	0.1025	1.8	-0.7	-0.58	-1.14286	-0.3	0.133	0.0486667	0.06428	0.122471	0.104767
0.27	0	0.02	0.01	0	0.01	0.01	1	0.01	0	0	0.01	0	0	0.01	0.02	0.01	0	0	0	0.25875	0.08875	0.1575	0.15875	0.015	0.14	0.2025	0.275	0.18	0.1825	0.225	0.13125	0.3275	0.195	0.19875	0.28125	0.16875	0.00875	0.1575	0.22625	-0.4	0.333333	-0.82	-0.242857	-0.111111	0.0064	0.0516333	0.03464	0.0479571	0.0999333
0.27	0.01	0.05	0.01	0	0.01	0.05	1	0.01	0	0	0.01	0	0	0.01	0.73	0.12	0	0	0	0.25	0.03125	0.0625	0.145	0.1375	0.01875	0.135	0.26125	0.15125	0.21375	0.20625	0.0125	0.25125	0.16375	0.165	0.17375	0.1275	0.03625	0.08125	0.31125	-0.4	-0.8	0.44	0.414286	0.488889	0.0155	0.0112	0.03384	0.0307571	0.0445778
0.27	0.01	0	0	0	0.01	0.05	0.02	0	0.12	0	0.01	0	0	1	0.05	0.12	0	0	0.12	0.26875	0.11625	0.17625	0.2225	0.1375	0.10375	0.16375	0.32125	0.25625	0.20375	0.22125	0.10125	0.27875	0.19125	0.07375	0.2775	0.1875	0.0975	0.14125	0.3	-1.6	0.266667	0.92	1.18571	0.1	0.0117	0.00993333	0.01514	0.0335286	0.0811222
0.27	0.01	0	0	0.01	0.01	0	0	0.73	0.27	1	0.01	0.95	0.73	0	0.01	0.02	0.01	0.27	0.5	0.3	0.20625	0.27125	0.2075	0.1425	0.135	0.17	0.445	0.17875	0.185	0.10875	0.16125	0.16625	0.1025	0.2125	0.31375	0.26	0.09875	0.11375	0.2525	2.8	1.8	1.38	0.371429	0.4	0.0026	0.0179333	0.01906	0.0843571	0.102056
0.73	0	0.12	0	0.02	0.01	0	0	0.12	0.98	0.5	0.01	0.88	0.5	0.02	0.05	0.05	0	0.12	0.99	0.27125	0.255	0.30375	0.2675	0.15375	0.25125	0.25875	0.4725	0.28625	0.11	0.20375	0.25	0.2075	0.145	0.28625	0.275	0.19875	0.115	0.1325	0.2525	4.2	2.96667	0.68	0.314286	0.0222222	0.0395	0.0227	0.11372	0.1113	0.160422
0.05	0.05	0	0.01	1	0.02	0	0.01	0.27	0.27	0.12	0	0.12	0.02	0	0.12	0.05	0.27	0.12	0.73	0.385	0.31125	0.37875	0.29875	0.065	0.31125	0.32	0.38	0.3575	0.26125	0.3425	0.3125	0.365	0.315	0.35	0.2975	0.26	0.14375	0.22375	0.3475	1.9	0.733333	0.84	0.142857	0.377778	0.026	0.184767	0.15038	0.203129	0.229933
0.27	0.73	0.98	0.73	0.05	0.73	0.73	0.5	0.88	0.05	0.12	0.73	0.27	0.27	0.27	0.27	0.5	0.5	0.5	0.05	0.3575	0.31625	0.36	0.3175	0.19	0.34	0.31375	0.2275	0.39	0.295	0.3575	0.2825	0.36125	0.29875	0.33	0.22125	0.2225	0.12125	0.19125	0.4475	-3.9	-0.933333	-0.04	0.771429	0.0333333	0.4888	0.2366	0.28152	0.291743	0.300933
0.27	0.73	0.88	0.88	0.05	0.27	0.5	0.98	0.12	0.05	0.12	0.5	0.05	0.02	0.12	0.27	0.5	0.02	0.05	0.12	0.3575	0.34875	0.46375	0.4175	0.22375	0.43	0.39875	0.2875	0.51875	0.28625	0.3725	0.3725	0.40375	0.33625	0.28625	0.2775	0.24125	0.19625	0.2625	0.43875	-0.8	-2.1	-0.32	-0.128571	-0.177778	0.195	0.447367	0.40002	0.384871	0.3711
0.5	0.5	0.5	0.5	0.12	0.95	0.73	0.27	0.27	0.12	0.27	0.73	0.27	0.12	0.88	0.73	0.27	0.12	0.12	0.5	0.3575	0.48625	0.545	0.48	0.2475	0.40625	0.40375	0.41	0.47125	0.2775	0.2625	0.405	0.32	0.2475	0.225	0.28125	0.3775	0.1975	0.25375	0.42	-1.6	0.133333	-1.4	-1.22857	-0.988889	0.6583	0.4951	0.52572	0.471114	0.415033
0.5	0.5	0.5	0.27	0.27	0.5	0.5	0.27	0.73	0.5	0.73	0.5	0.5	0.88	0.5	0.27	0.5	0.5	0.73	0.5	0.3	0.50125	0.545	0.515	0.2325	0.495	0.4475	0.44375	0.46125	0.1225	0.17625	0.4475	0.24375	0.2	0.285	0.3475	0.37625	0.275	0.2725	0.31125	2.8	-0.766667	-1.32	-2.14286	-1.55556	0.632	0.648267	0.5566	0.524257	0.430378
0.27	0.73	0.88	0.88	0.05	0.95	0.73	0.27	0.88	0.05	0.12	0.5	0.12	0.12	0.12	0.27	0.27	0.05	0.12	0.12	0.3375	0.48125	0.50375	0.44375	0.14125	0.49875	0.43375	0.44875	0.51875	0.255	0.27125	0.4625	0.3675	0.41125	0.33875	0.36625	0.49	0.38875	0.4525	0.3775	-3.5	-1.4	-2.06	-1.71429	-1.91111	0.6545	0.643233	0.5972	0.4798	0.440411
0.27	0.27	0.73	0.95	0.27	0.27	0.5	0.98	0.27	0.05	0.12	0.5	0.12	0.05	0.5	0.5	0.27	0.12	0.12	0.12	0.395	0.45375	0.40625	0.34625	0.11375	0.6025	0.3775	0.3	0.49125	0.31125	0.37875	0.3775	0.3675	0.44875	0.26375	0.31	0.4425	0.32375	0.405	0.48125	-3.5	-3.83333	-1.92	-1.78571	-1.86667	0.6432	0.565233	0.50106	0.468557	0.386622
0.5	0.88	0.27	0.12	0.27	0.5	0.27	0.27	0.5	0.27	0.27	0.5	0.5	0.12	0.27	0.5	0.88	0.12	0.27	0.73	0.42375	0.34875	0.36875	0.34625	0.1225	0.63125	0.35875	0.28125	0.5575	0.36875	0.37875	0.33	0.42375	0.47125	0.28375	0.29125	0.395	0.355	0.47125	0.50875	-4.5	-2.96667	-2.74	-2.05714	-1.56667	0.398	0.406267	0.39792	0.375186	0.368456
0.27	0.12	0.12	0.05	0.05	0.27	0.12	0.27	0.5	0.12	0.27	0.12	0.5	0.88	0.12	0.12	0.27	1	0.88	0.12	0.39625	0.38375	0.3275	0.29375	0.135	0.5425	0.28625	0.3725	0.52375	0.3725	0.345	0.2875	0.39	0.36125	0.1925	0.25	0.43875	0.23	0.38	0.5225	-0.9	-2.23333	-2.74	-2.18571	-1.43333	0.1776	0.230633	0.26796	0.2894	0.295333
0.12	0.12	0.05	0.05	0.05	0.5	0.12	0.05	0.88	0.88	0.27	0.12	0.73	0.95	0.05	0.27	0.73	0.73	0.95	0.88	0.35875	0.3225	0.275	0.2625	0.10375	0.4525	0.225	0.36625	0.38625	0.34	0.345	0.22625	0.3325	0.24875	0.14	0.19875	0.3525	0.2025	0.2825	0.4875	-1.3	-1.9	-1.66	-1.74286	-1.24444	0.1163	0.0995333	0.14562	0.195929	0.225744
0.73	0.05	0.05	0.02	0.05	0.88	0.05	0.02	0.05	0.5	0.98	0.05	0.27	0.5	0.05	0.05	0.12	0.05	0.12	0.88	0.31125	0.2425	0.1675	0.1625	0.1125	0.30125	0.145	0.33875	0.38125	0.49125	0.3325	0.175	0.40875	0.29625	0.1275	0.19875	0.51375	0.2825	0.37375	0.59625	-3.5	-0.966667	-0.84	-0.6	-0.388889	0.0047	0.0508333	0.06606	0.104857	0.156344
0.73	0.5	0.12	0.05	0.12	0.73	0.12	0.12	0.88	0.73	0.27	0.12	0.88	0.27	0.05	0.12	0.73	0.27	0.73	0.95	0.31125	0.155	0.10125	0.0425	0.0725	0.30125	0.07625	0.20625	0.24625	0.4625	0.4075	0.10625	0.31875	0.325	0.0675	0.2525	0.41875	0.24125	0.28875	0.57875	1.9	-0.666667	0.24	0.642857	-0.0888889	0.0315	0.0121333	0.03168	0.0522714	0.0893111
0.05	0.02	0.02	0.01	0	0.01	0	1	0	0	0	0.01	0	0	0	0.02	0.01	0	0	0	0.33625	0.1075	0.0825	0.0325	0.05375	0.33125	0.0575	0.0775	0.3275	0.52125	0.40875	0.05875	0.38125	0.46625	0.055	0.205	0.4	0.385	0.465	0.6075	-0.4	2	1.34	0.657143	0.311111	0.0002	0.0124667	0.0144	0.0326	0.0650556
0.05	0.01	0.01	0.02	0.02	0.01	0.01	0	0.01	1	0.73	0.01	0.27	0.05	0.01	0.01	0.27	0.01	0.02	0.98	0.33625	0.095	0.13125	0.05875	0.04625	0.3	0.05625	0.29375	0.26625	0.415	0.285	0.04625	0.28625	0.35125	0.04125	0.25375	0.34875	0.26	0.35375	0.50375	4.5	2.76667	1.88	0.714286	0.366667	0.0057	0.0119333	0.02144	0.0416571	0.0878222
0.5	0.02	0.02	0.05	0.12	0.12	0.02	0.02	0.01	0.88	0.73	0.02	0.27	0.05	0.02	0.05	0.95	0.01	0.02	0.99	0.29875	0.17	0.1575	0.14	0.03375	0.28625	0.1025	0.31875	0.26625	0.3825	0.285	0.12125	0.22875	0.26625	0.125	0.30625	0.20625	0.175	0.32625	0.4075	4.2	2.63333	1.32	1.15714	0.122222	0.0299	0.0251667	0.05108	0.0956286	0.125511
0.27	0.02	0.27	0.02	0.02	0.12	0.02	0.02	0.02	0.05	0.01	0.02	0.01	0.05	0.02	1	0.12	0.01	0.05	0.05	0.29875	0.1975	0.21125	0.20375	0.0425	0.21	0.13	0.43875	0.265	0.43	0.25875	0.1775	0.23375	0.21	0.22875	0.2725	0.32875	0.23125	0.31	0.44875	-0.8	0.833333	1.32	0.385714	0.466667	0.0399	0.0831667	0.12754	0.1562	0.170956
0.02	0.02	0.02	0	0	0.02	0	0.12	0.27	0.01	0.01	0.01	0.12	0.98	0.12	0.02	0.01	1	0.95	0.01	0.24	0.15	0.26125	0.23375	0.155	0.13125	0.1175	0.41125	0.1575	0.345	0.22625	0.17875	0.11125	0.075	0.21	0.395	0.26625	0.07375	0.14	0.35	-0.9	-0.7	-0.28	0.385714	0.533333	0.1797	0.2007	0.2175	0.215271	0.185544
0.27	0.01	0.5	0.27	0.01	0.02	0.12	1	0.02	0.27	0.01	0.02	0.01	0.01	0.02	0.5	0.12	0.01	0.01	0.27	0.325	0.1825	0.26125	0.21375	0.2775	0.145	0.1175	0.295	0.19125	0.315	0.2325	0.19125	0.1275	0.19875	0.225	0.36625	0.285	0.2	0.29125	0.3325	-0.4	-1.6	-1.2	0.1	0.188889	0.3825	0.339233	0.29426	0.237714	0.205378
0.27	0.73	0.27	0.73	0.05	0.5	0.5	0.27	0.88	0.5	0.27	0.73	0.27	0.27	0.73	0.73	0.27	0.05	0.73	0.12	0.3525	0.20125	0.35125	0.21625	0.30375	0.19375	0.16	0.42	0.145	0.195	0.1425	0.21125	0.12375	0.19375	0.16875	0.39875	0.295	0.2275	0.2325	0.2625	-3.5	-1.43333	-0.54	-1	-0.811111	0.4555	0.417233	0.31884	0.258971	0.259278
0.5	0.27	0.73	0.5	0.02	0.27	0.27	0.98	0.05	0.05	0.05	0.5	0.05	0.05	0.88	0.73	0.27	0.5	0.02	0.27	0.32375	0.3475	0.30625	0.2725	0.295	0.24125	0.22	0.3625	0.28125	0.175	0.09375	0.3	0.12375	0.23	0.27125	0.48375	0.23875	0.1725	0.33375	0.15375	-0.4	-0.466667	-1.06	-1.52857	-1.66667	0.4137	0.344	0.31864	0.323386	0.317733
0.01	0.12	0.27	0.27	1	0	0	0	0.27	0.01	0.01	0.12	0.01	0.12	0	0.12	0.12	0	0.27	0.12	0.41375	0.47375	0.44	0.36125	0.20375	0.3225	0.285	0.5925	0.36125	0.18875	0.13125	0.4075	0.1425	0.23	0.4125	0.4975	0.27625	0.2675	0.33	0.1725	2.5	-0.466667	-1.88	-1.9	-1.62222	0.1628	0.251733	0.3403	0.377143	0.364189
0.98	0.27	0.5	0.12	0.99	0.12	0.12	0.95	0.02	0.02	0.05	0.12	0.02	0.02	0.02	0.27	0.27	0.02	0.27	0.12	0.3525	0.54375	0.47125	0.4425	0.21125	0.3675	0.36125	0.47375	0.45	0.20125	0.14	0.525	0.16	0.1825	0.42875	0.5675	0.3475	0.2025	0.32125	0.205	-3.5	-1.83333	-1.88	-1.9	-1.95556	0.1787	0.277433	0.3604	0.387929	0.374078
0.27	0.88	0.5	0.5	0.27	0.88	0.73	0.27	0.5	0.27	0.27	0.88	0.5	0.27	0.27	0.5	0.5	0.27	0.27	0.27	0.40875	0.46625	0.42375	0.36125	0.3	0.27	0.27	0.43375	0.3875	0.13875	0.11375	0.4275	0.16125	0.15625	0.52	0.4825	0.31875	0.17	0.43875	0.1675	-4.5	-3.83333	-1.88	-1.95714	-2.05556	0.4908	0.4085	0.36926	0.361243	0.336989
0.5	0.73	0.12	0.27	0.02	0.27	0.27	0.27	0.27	0.27	0.12	0.5	0.05	0.12	0.99	0.73	0.5	0.02	0.12	0.27	0.45625	0.40875	0.4525	0.36125	0.32625	0.29	0.28	0.52375	0.3075	0.0825	0.1	0.38625	0.185	0.1475	0.35375	0.45375	0.31875	0.195	0.3675	0.18625	-3.5	-2.8	-3.16	-2.08571	-1.71111	0.556	0.5016	0.39044	0.3091	0.291433
0.5	0.88	0.88	0.5	0.27	0.5	0.27	0.88	0.88	0.12	0.27	0.5	0.12	0.12	0.27	0.5	0.27	0.27	0.27	0.05	0.4275	0.3575	0.2675	0.27	0.295	0.22875	0.2475	0.34	0.24	0.21375	0.1375	0.325	0.20375	0.2325	0.34	0.39375	0.31625	0.135	0.34875	0.305	-0.4	-2.6	-2.72	-2.5	-1.35556	0.458	0.427567	0.36444	0.292343	0.247867
0.5	0.73	0.5	0.5	0.05	0.5	0.73	0.12	0.73	0.12	0.12	0.95	0.27	0.5	0.27	0.73	0.73	0.5	0.88	0.27	0.4325	0.36125	0.2875	0.23625	0.23125	0.22875	0.19	0.435	0.2875	0.21375	0.17	0.25375	0.185	0.295	0.34	0.3525	0.245	0.1125	0.36375	0.26875	-3.9	-1.86667	-1.9	-1.6	-1.77778	0.2687	0.258467	0.27538	0.2699	0.230644
0.01	0	0.12	0	0	0	0	0	0	0.02	0.02	0	0.5	0.05	1	0.05	0.12	0	0.95	0.12	0.4625	0.42	0.275	0.285	0.12875	0.27875	0.2675	0.33375	0.3775	0.28625	0.1825	0.35875	0.1875	0.35	0.2525	0.46625	0.4125	0.1725	0.3225	0.335	-1.3	-1.86667	-0.64	-1.14286	-1.46667	0.0487	0.120967	0.1685	0.2009	0.212789
0.88	0.12	0.12	0.5	0.01	0.05	0.12	0.99	0.01	0.05	0.01	0.02	0.01	0.05	0.12	0.73	0.27	0	0.01	0.27	0.335	0.41875	0.3225	0.2225	0.09375	0.225	0.17625	0.17875	0.3475	0.25	0.15625	0.37	0.18875	0.31875	0.34375	0.3525	0.3375	0.15375	0.42125	0.28375	-0.4	0.366667	-0.82	-0.742857	-1.32222	0.0455	0.0386	0.07846	0.124043	0.174411
0.27	0.01	0.01	0	0.02	0.01	0.01	0.12	0.12	0.95	0.5	0.01	0.27	0.73	0.05	0.02	0.02	0.27	0.02	1	0.355	0.34125	0.32125	0.25125	0.09125	0.19625	0.15625	0.255	0.3	0.2225	0.1425	0.30875	0.2125	0.22125	0.24375	0.35125	0.34	0.1175	0.40625	0.28375	2.8	0.366667	-0.18	-1.14286	-0.466667	0.0216	0.0249667	0.02832	0.0793857	0.113256
0.05	0	0.05	0	0.27	0	0	0	0.5	0.01	0.12	0	0.01	1	0	0.02	0.01	0.05	1	0.05	0.41125	0.23875	0.22125	0.195	0.13625	0.16875	0.13	0.175	0.1575	0.35875	0.17125	0.2625	0.2925	0.29125	0.25	0.4075	0.4175	0.17375	0.3125	0.41125	-1.3	0.266667	-0.56	0.0142857	-0.111111	0.0078	0.0158	0.04766	0.0418	0.0752222
0.73	0.01	0.02	0.01	0.12	0.02	0.01	0.02	0.01	0.5	0.05	0.01	0.27	0.01	0.05	0.5	1	0	0.01	0.5	0.32625	0.25625	0.25375	0.24125	0.15125	0.16625	0.1	0.16375	0.2375	0.28875	0.17125	0.23375	0.24125	0.3675	0.30125	0.36625	0.23625	0.1325	0.43625	0.355	-0.7	-1.73333	0.36	0.6	-0.177778	0.018	0.0570667	0.03968	0.0513714	0.0888111
0.12	0.99	0.88	0.5	0	0.5	0.12	0.02	0.27	0.01	0.05	0.99	0.02	0.02	0.12	0.27	0.05	0.12	0.12	0.01	0.40125	0.13375	0.14625	0.18125	0.16625	0.10625	0.08625	0.16375	0.3275	0.35375	0.23125	0.11125	0.225	0.48375	0.1675	0.39	0.34	0.12375	0.42875	0.435	-3.2	0.1	0.36	0.0142857	0.388889	0.1454	0.0563333	0.0585	0.100729	0.0873222
0.05	0	0	0	0.01	0	0	0.01	0	0.95	0.5	0	0.5	0.02	0.12	0.01	0.27	0	0.01	1	0.315	0.33375	0.275	0.1875	0.16625	0.225	0.0925	0.04375	0.39375	0.32125	0.28375	0.295	0.255	0.4925	0.15875	0.39375	0.38875	0.14125	0.45625	0.3875	4.2	1.26667	-0.28	0.157143	-4.93432e-17	0.0056	0.0889	0.13514	0.102686	0.0976889
0.73	0.05	0.12	0.05	0.88	0.27	0.05	0.12	0.12	0.27	0.12	0.12	0.5	0.95	0.27	0.95	0.88	0.5	0.5	0.12	0.23	0.3325	0.35	0.305	0.05625	0.205	0.1475	0.03	0.42625	0.29	0.275	0.34125	0.23625	0.2875	0.2525	0.38375	0.34375	0.045	0.39375	0.375	2.8	0.833333	0.62	-0.214286	-0.744444	0.1157	0.170767	0.1386	0.1214	0.169289
0.5	0.88	0.73	0.88	0.02	0.5	0.5	0.05	0.88	0.05	0.05	0.73	0.12	0.12	0.73	0.88	0.27	0.12	0.88	0.27	0.25375	0.22875	0.2675	0.2025	0.13	0.17625	0.09125	0.03875	0.26875	0.31625	0.27	0.265	0.2825	0.28125	0.195	0.39	0.41875	0.21125	0.22375	0.35	-4.5	0.7	0.48	-0.671429	-0.7	0.391	0.180667	0.13728	0.213971	0.182667
0	0	0.12	0.01	0	0	0	0	0.98	0.05	0.5	0	0.12	0.99	0	0.01	0	0.05	1	0.27	0.225	0.3375	0.34125	0.31	0.1175	0.23625	0.1525	0.0425	0.255	0.37875	0.27	0.355	0.31125	0.205	0.28	0.4375	0.32875	0.22	0.20875	0.37875	3.8	-1.53333	-1.14	-0.342857	-0.122222	0.0353	0.188367	0.26936	0.211514	0.1818
0.12	0.73	0.27	0.05	0.02	0.5	0.05	0.02	0.27	0.73	0.88	0.5	0.73	0.12	0.05	0.5	0.88	0.02	0.12	0.88	0.21	0.2325	0.30375	0.305	0.1175	0.235	0.24125	0.04	0.42875	0.295	0.21875	0.2875	0.2475	0.31375	0.26	0.3575	0.24625	0.3	0.3375	0.30375	-3.9	-1.33333	-1.88	-0.3	-0.155556	0.1388	0.280033	0.27186	0.212171	0.219078
0.27	0.05	0.73	0.99	0.01	0.12	0.5	0.12	0.5	0.02	0.05	0.5	0.12	0.02	0.95	0.88	0.27	0	0.01	0.02	0.21875	0.4275	0.3375	0.27875	0.11875	0.40125	0.295	0.06	0.43375	0.26625	0.26125	0.40625	0.27625	0.325	0.135	0.4275	0.3225	0.3175	0.3525	0.2875	-3.9	-2.9	-0.08	-1.2	-1.05556	0.666	0.311	0.1957	0.264343	0.289389
0.01	0	0	0.01	0	0	0	0	0	0	0.01	0	0	0.12	0	0	0	1	0.02	0	0.16625	0.43375	0.505	0.3975	0.04375	0.445	0.3575	0.06125	0.6	0.3575	0.26625	0.4875	0.24375	0.2	0.22125	0.43375	0.36875	0.13125	0.3225	0.39375	-0.9	-0.1	-1.54	-1.11429	-0.9	0.1282	0.268133	0.28482	0.299686	0.293789
0	0	0	0	0	0	0	0	0	1	0.5	0	0.5	0.27	0	0.01	0.01	0	0.01	0.73	0.12	0.32375	0.41375	0.28875	0.0425	0.385	0.295	0.055	0.49	0.35125	0.29	0.39625	0.29125	0.16875	0.13	0.32375	0.3675	0.24125	0.215	0.36	4.5	0.0333333	-1.54	-1.05714	0.1	0.0102	0.206433	0.38474	0.316829	0.270989
0.12	0.88	0.73	0.5	0.02	0.99	0.88	0.02	0.95	0.02	0.02	0.95	0.12	0.02	0.01	0.12	0.27	0.73	0.27	0.02	0.22375	0.32375	0.39875	0.25875	0.0425	0.37125	0.2475	0.08625	0.2825	0.47	0.28875	0.39625	0.32625	0.0775	0.14375	0.37125	0.35	0.145	0.06	0.4175	-3.5	-0.966667	0.08	0.142857	-0.711111	0.4809	0.3765	0.2826	0.323543	0.348744
0.27	0.88	0.73	0.73	0.01	0.95	0.88	0.27	0.27	0.01	0.01	0.95	0.12	0.01	0.02	0.95	0.27	0.12	0.02	0.01	0.205	0.35125	0.48375	0.2575	0.0425	0.42375	0.36	0.055	0.39625	0.38125	0.1825	0.44375	0.2375	0.065	0.13875	0.315	0.27375	0.22	0.07875	0.31	-3.9	-1.06667	1.16	0.2	-0.666667	0.6384	0.424867	0.29412	0.333414	0.410089
0.05	0.05	0.73	0.02	0.27	0.5	0.05	0.01	0.95	0.98	0.12	0.27	0.12	0.05	0.01	0.12	0.98	0.01	0.27	0.95	0.26125	0.46375	0.42625	0.25625	0.015	0.48	0.46375	0.0875	0.3725	0.2725	0.25375	0.5	0.2375	0.17625	0.055	0.3425	0.16625	0.325	0.16875	0.205	4.2	1.6	-0.44	-0.171429	0.0777778	0.1553	0.3265	0.4391	0.4138	0.389889
0.12	0	0	0	0.01	0.02	0	0	0	1	0.73	0	1	0.02	0	0.01	0.27	0	0.01	0.73	0.36125	0.47625	0.5325	0.26375	0.05375	0.555	0.47625	0.2125	0.4975	0.2725	0.17875	0.5675	0.13375	0.1675	0.0625	0.475	0.27	0.20375	0.20125	0.23875	4.5	1.73333	-0.44	-0.414286	0.133333	0.1858	0.358733	0.4811	0.481514	0.487211
0.95	0.88	0.73	0.27	0.02	0.88	0.5	0.27	0.27	0.02	0.01	0.95	0.02	0.01	0.12	0.5	0.12	0.01	0.02	0.02	0.29125	0.485	0.475	0.2925	0.055	0.57	0.5325	0.19375	0.4975	0.2725	0.2125	0.5675	0.20875	0.1375	0.0625	0.44625	0.32125	0.20875	0.21375	0.2425	-3.5	-0.833333	0.9	0.0285714	-0.755556	0.7351	0.537267	0.45026	0.556257	0.593
