0.12	0.12	0.73	1	0.02	0.27	0.73	0.88	0.12	0.02	0.02	0.27	0.05	0.02	0.12	0.27	0.27	0.02	0.02	0.02	0.44125	0.26625	0.3575	0.27875	0.25625	0.395	0.3375	0.14	0.30375	0.38375	0.56125	0.3375	0.53	0.25625	0.2125	0.48	0.4325	0.06375	0.14875	0.36875	-3.5	0.7	-0.64	-0.7	-0.3	0.3529	0.3927	0.47612	0.518443	0.521522
0.12	0.12	0.12	0.05	0.12	0.73	0.12	0.05	0.98	0.73	0.98	0.12	0.73	0.5	0.05	0.12	0.12	0.12	0.27	0.5	0.52625	0.26625	0.4525	0.3975	0.27125	0.35625	0.41375	0.2625	0.19625	0.30375	0.45	0.35625	0.45375	0.2	0.22	0.575	0.48	0.055	0.12625	0.33625	3.8	-1.4	-0.12	0.342857	0.0777778	0.2418	0.3685	0.42332	0.4181	0.432822
0.27	0.98	0.27	0.5	0.05	0.5	0.5	0.12	0.27	0.27	0.5	0.95	0.88	0.12	0.12	0.27	0.27	0.05	0.12	0.12	0.5075	0.20625	0.38625	0.265	0.28375	0.385	0.335	0.25375	0.25625	0.365	0.51875	0.3125	0.45375	0.25125	0.23	0.55625	0.51875	0.06375	0.145	0.3925	-4.5	0.366667	0.28	0.714286	0.0333333	0.5108	0.393433	0.33032	0.340414	0.395233
0.88	0.12	0.27	0.12	0.27	0.27	0.27	0.27	0.12	0.5	0.73	0.27	0.5	0.27	0.12	0.88	0.88	0.05	0.12	0.73	0.38375	0.40875	0.415	0.29375	0.22875	0.4425	0.36375	0.22625	0.385	0.26	0.49	0.42625	0.44375	0.25125	0.22125	0.395	0.3475	0.06375	0.22125	0.23125	1.8	0.366667	1.34	-0.1	-0.233333	0.4277	0.3523	0.28932	0.326	0.357689
0.27	0.05	0.05	0.02	1	0.05	0.02	0.05	0.05	0.5	0.95	0.05	0.73	0.88	0.05	0.12	0.27	0.12	0.27	0.5	0.4325	0.40875	0.33875	0.27875	0.1375	0.45125	0.3675	0.22625	0.36625	0.34875	0.48125	0.435	0.44375	0.19375	0.22125	0.41375	0.395	0.055	0.2025	0.33625	3.8	2.46667	-0.2	-0.0571429	-0.0111111	0.1184	0.231333	0.33746	0.326129	0.295711
0.95	0.12	0.27	0.12	0.27	0.27	0.27	0.27	0.12	0.12	0.12	0.27	0.12	0.05	0.99	0.88	0.5	0.05	0.12	0.27	0.3475	0.4	0.235	0.1475	0.24125	0.405	0.26	0.095	0.46125	0.485	0.61625	0.38875	0.5475	0.405	0.095	0.31875	0.42375	0.1525	0.34375	0.39625	1.8	0.566667	0.06	-0.0571429	0.233333	0.1479	0.2496	0.30606	0.295243	0.272833
0.27	0.88	0.5	0.27	0.05	0.95	0.73	0.12	0.27	0.05	0.12	0.98	0.27	0.05	0.27	0.5	0.73	0.05	0.12	0.12	0.45125	0.38125	0.30125	0.24125	0.26875	0.29125	0.2975	0.1225	0.35375	0.465	0.5275	0.3475	0.47125	0.3575	0.2125	0.41375	0.41375	0.14375	0.325	0.38625	-3.9	-1.76667	0.46	0.4	-0.577778	0.4825	0.328067	0.22564	0.243271	0.304589
0.12	0.88	0.5	0.12	0.05	0.5	0.27	0.05	1	0.12	0.5	0.5	0.27	0.27	0.05	0.27	0.12	0.05	0.73	0.05	0.555	0.2925	0.30125	0.23125	0.29625	0.31875	0.32625	0.17875	0.2625	0.4375	0.4325	0.3225	0.395	0.33	0.34375	0.5275	0.51875	0.14375	0.24875	0.41375	-3.2	-1.1	-0.56	-0.357143	-0.166667	0.3538	0.2873	0.23136	0.257543	0.271267
0.73	0.05	0.05	0.05	0.27	0.12	0.05	0.05	0.05	0.98	0.88	0.12	0.73	0.27	0.05	0.12	0.27	0.05	0.12	0.88	0.38375	0.39625	0.33875	0.23125	0.25	0.36625	0.335	0.15125	0.48875	0.30125	0.35625	0.35125	0.30875	0.40625	0.335	0.45125	0.405	0.22875	0.435	0.2525	3.8	-0.233333	-1.62	-1.01429	-0.511111	0.0256	0.175467	0.3073	0.270757	0.237711
0.12	0.12	0.12	0.05	0.12	0.12	0.12	0.05	0.95	0.73	0.27	0.12	0.27	0.88	0.05	0.27	0.73	0.73	1	0.27	0.46	0.39625	0.33875	0.235	0.1775	0.39375	0.33875	0.15125	0.385	0.36125	0.4325	0.36	0.3975	0.2825	0.34375	0.48	0.3475	0.14375	0.325	0.3575	-1.3	-0.333333	-1	-1.45714	-0.433333	0.147	0.2334	0.25298	0.267586	0.2545
0.27	0.73	0.88	0.95	0.12	0.5	0.88	0.12	0.27	0.5	0.27	0.5	0.27	0.12	0.27	0.5	0.27	0.05	0.12	0.27	0.35625	0.415	0.30125	0.19875	0.15	0.375	0.2725	0.2	0.48875	0.38125	0.42375	0.3975	0.3975	0.3775	0.3025	0.375	0.37625	0.22875	0.435	0.33	-3.5	-1.86667	-0.62	-0.257143	-1.06667	0.5276	0.295167	0.20736	0.237157	0.3085
0.95	0.27	0.27	0.27	0.27	0.27	0.27	0.5	0.27	0.12	0.12	0.27	0.27	0.12	0.95	0.95	0.5	0.05	0.12	0.27	0.3	0.39625	0.43375	0.36	0.14	0.3475	0.32	0.17125	0.57375	0.42875	0.43375	0.3375	0.37875	0.3775	0.19875	0.36625	0.36625	0.22875	0.45375	0.33	-0.8	-1.86667	-0.48	-0.357143	-0.722222	0.2109	0.288067	0.25614	0.277171	0.293711
0.12	0.12	0.12	0.05	0.12	0.27	0.12	0.05	0.98	0.27	0.5	0.12	0.27	0.88	0.05	0.12	0.12	0.73	1	0.27	0.48	0.32	0.405	0.3875	0.27125	0.3	0.3675	0.23625	0.375	0.42875	0.3575	0.30875	0.37875	0.3725	0.31125	0.5275	0.4325	0.17125	0.34375	0.3575	-1.3	0.8	-1	-1.01429	-0.0555556	0.1257	0.202033	0.35352	0.323429	0.264556
0.27	0.12	0.12	0.05	0.27	0.27	0.12	0.05	0.12	0.73	0.95	0.12	0.98	0.5	0.12	0.5	0.27	0.12	0.27	0.73	0.385	0.32875	0.5175	0.4725	0.225	0.31875	0.395	0.245	0.5675	0.31125	0.1975	0.3275	0.21375	0.3925	0.42125	0.49875	0.4425	0.24375	0.42625	0.205	4.5	-0.233333	-0.46	-0.428571	-0.655556	0.2695	0.343033	0.31788	0.315486	0.315778
0.27	0.88	0.73	0.73	0.05	0.5	0.5	0.73	0.27	0.05	0.05	0.95	0.12	0.05	0.88	0.27	0.27	0.05	0.12	0.05	0.4325	0.23375	0.4325	0.3875	0.2525	0.30875	0.395	0.16	0.445	0.3675	0.395	0.22375	0.41	0.43	0.32625	0.5275	0.385	0.17625	0.35375	0.31875	-3.9	-0.0666667	0.26	-0.157143	-0.0888889	0.6339	0.4176	0.29398	0.309629	0.340289
0.5	0.27	0.95	0.88	0.12	0.5	0.5	0.27	0.95	0.05	0.05	0.27	0.12	0.05	0.12	0.88	0.88	0.05	0.27	0.12	0.46125	0.23375	0.38625	0.265	0.24375	0.28	0.3	0.265	0.34125	0.32	0.42375	0.28	0.41	0.43	0.4025	0.48	0.39375	0.29375	0.35375	0.31	-0.8	-0.633333	0.2	0.5	0.222222	0.3494	0.358233	0.36616	0.332014	0.321944
0.73	0.12	0.12	0.12	0.95	0.12	0.5	0.12	0.12	0.27	0.27	0.12	0.27	0.99	0.05	0.73	0.27	0.27	0.73	0.27	0.405	0.32875	0.49	0.34125	0.1125	0.35625	0.32875	0.23625	0.42625	0.28375	0.3875	0.38875	0.3725	0.3	0.415	0.41375	0.44125	0.2625	0.2875	0.26375	2.8	0.133333	0.06	0.585714	-0.122222	0.0914	0.309133	0.38578	0.365843	0.342678
0.12	0.12	0.95	0.73	0.05	0.27	0.27	0.12	0.73	0.5	0.05	0.27	0.12	0.05	1	0.27	0.5	0.02	0.05	0.12	0.5575	0.3475	0.405	0.32125	0.32875	0.395	0.37625	0.245	0.2425	0.255	0.415	0.44625	0.39125	0.3225	0.4	0.5475	0.43125	0.20875	0.2625	0.31125	-1.6	1.66667	0.7	-0.614286	0.222222	0.4866	0.3152	0.3315	0.384129	0.3919
0.5	0.12	0.05	0.05	0.12	0.27	0.5	0.05	0.12	0.5	0.95	0.12	0.98	0.73	0.05	0.27	0.27	0.12	0.27	0.5	0.49125	0.42375	0.53625	0.415	0.28875	0.48	0.395	0.25375	0.3375	0.16625	0.19	0.5725	0.17625	0.1775	0.6275	0.51875	0.44125	0.18375	0.2075	0.17875	3.8	0.5	0.08	0.2	-0.711111	0.3676	0.405567	0.34112	0.374814	0.418011
0.73	0.12	0.73	0.12	0.12	0.27	0.12	0.5	0.12	0.12	0.5	0.27	0.27	0.12	0.12	0.73	0.95	0.99	0.27	0.27	0.5525	0.32875	0.375	0.33	0.31625	0.4325	0.395	0.14	0.31875	0.2225	0.3025	0.46875	0.28375	0.25375	0.52375	0.5375	0.35625	0.075	0.2075	0.235	-0.7	-0.266667	-0.12	-0.242857	-0.0777778	0.3625	0.375867	0.43658	0.396971	0.373011
0.73	0.88	0.27	0.12	0.05	0.5	0.5	0.12	0.12	0.05	0.05	0.99	0.12	0.02	0.98	0.27	0.27	0.02	0.05	0.05	0.505	0.32375	0.37625	0.235	0.3125	0.375	0.3	0.16	0.215	0.23125	0.3675	0.4075	0.35	0.2625	0.525	0.5	0.34625	0.1925	0.2075	0.25375	-3.9	-0.933333	-0.58	-0.385714	-0.488889	0.3975	0.4429	0.44016	0.416614	0.394322
0.73	0.27	0.27	0.5	0.95	0.73	0.27	0.12	0.12	0.27	0.5	0.73	0.27	0.12	0.88	0.73	0.27	0.05	0.12	0.5	0.52375	0.4	0.4525	0.26375	0.09625	0.365	0.3	0.23625	0.215	0.26125	0.34	0.45875	0.38875	0.14125	0.54625	0.4425	0.375	0.16125	0.1225	0.22625	1.8	-2	-0.98	-0.8	-0.6	0.5687	0.490233	0.41242	0.424414	0.437956
0.12	0.73	0.27	0.12	0.02	0.95	0.5	0.05	0.27	0.02	0.05	0.98	0.12	0.02	0.99	0.27	0.12	0.02	0.05	0.05	0.6	0.39	0.34	0.22625	0.22125	0.36625	0.2525	0.2325	0.1675	0.34875	0.5	0.45625	0.48375	0.2575	0.41375	0.48125	0.34625	0.1775	0.15875	0.35875	-3.9	-0.1	-1.74	-1.08571	0.0777778	0.5045	0.434033	0.44816	0.441057	0.412744
0.99	0.12	0.12	0.12	0.27	0.12	0.12	0.27	0.12	0.12	0.5	0.27	0.27	0.05	0.12	0.88	0.27	0.05	0.12	0.27	0.44375	0.5425	0.3675	0.22625	0.18125	0.5275	0.27125	0.205	0.23375	0.38375	0.41625	0.56375	0.405	0.25375	0.635	0.38625	0.35625	0.17375	0.15	0.33125	1.8	-2.2	-0.6	-0.342857	0.0777778	0.2289	0.424867	0.46548	0.426371	0.414656
0.12	0.99	0.5	0.12	0.02	0.27	0.12	0.05	0.12	0.05	0.12	0.5	0.5	0.02	0.99	0.12	0.12	0.02	0.05	0.05	0.52375	0.4525	0.32	0.27375	0.2125	0.585	0.3475	0.185	0.2525	0.38375	0.4075	0.535	0.3575	0.24875	0.62125	0.5	0.375	0.06	0.13125	0.34	-4.5	-0.3	-0.06	0.757143	0.0777778	0.5412	0.418067	0.40368	0.424557	0.433789
0.88	0.12	0.73	0.73	0.12	0.27	0.27	0.73	0.12	0.73	0.5	0.27	0.73	0.12	0.12	0.73	0.5	0.05	0.12	0.5	0.4475	0.485	0.29125	0.1975	0.20875	0.55625	0.3	0.2075	0.32875	0.29875	0.36	0.5025	0.32875	0.24	0.69875	0.48125	0.35625	0.06	0.13125	0.2925	1.8	0.6	1.48	0.4	0.466667	0.4841	0.428333	0.37974	0.4197	0.453867
0.12	0.5	0.05	0.05	0.12	0.5	0.12	0.02	0.5	0.95	0.88	0.5	0.73	0.88	0.05	0.12	0.12	0.12	0.27	0.73	0.485	0.51375	0.43375	0.31125	0.09625	0.54625	0.3475	0.29625	0.3	0.2525	0.265	0.50125	0.32875	0.145	0.6125	0.52875	0.40375	0.06	0.18875	0.26375	4.5	3.36667	0.98	0.9	-0.166667	0.2597	0.3762	0.4409	0.430229	0.457133
0.12	0.73	0.12	0.05	0.05	0.73	0.27	0.05	0.5	0.88	0.73	0.27	0.5	0.73	0.95	0.12	0.5	0.12	0.27	0.5	0.5325	0.485	0.50125	0.33	0.1175	0.49	0.3	0.30125	0.3575	0.27375	0.31125	0.47	0.37625	0.1675	0.43875	0.605	0.46	0.06375	0.1975	0.30125	3.8	2.53333	1.8	0.0857143	0.188889	0.3848	0.393067	0.4483	0.482971	0.466267
0.5	0.27	0.73	0.5	0.12	0.88	0.73	0.12	0.27	0.05	0.05	0.27	0.12	0.05	0.88	0.88	0.95	0.05	0.05	0.12	0.42375	0.59	0.44375	0.2925	0.09	0.56625	0.26125	0.27375	0.38625	0.3775	0.39625	0.49875	0.42375	0.26125	0.52375	0.51875	0.48	0.0725	0.225	0.34875	-0.7	0.9	0.66	0.628571	-0.0888889	0.5347	0.499233	0.4711	0.489471	0.496989
0.88	0.27	0.27	0.12	0.12	0.27	0.27	0.98	0.73	0.05	0.05	0.5	0.12	0.05	0.73	0.73	0.5	0.05	0.12	0.12	0.395	0.5	0.5575	0.41625	0.1025	0.67125	0.3375	0.175	0.405	0.43375	0.44375	0.44125	0.395	0.2925	0.48125	0.61375	0.6125	0.085	0.30125	0.37625	-0.4	-1.66667	-0.38	0.271429	0.0222222	0.5782	0.570333	0.5365	0.492514	0.503889
0.27	0.88	0.73	0.73	0.05	0.88	0.5	0.12	0.27	0.12	0.12	0.95	0.27	0.12	0.12	0.5	0.27	0.12	0.73	0.5	0.42375	0.4425	0.51875	0.2825	0.1875	0.6525	0.36625	0.2825	0.5575	0.3675	0.40625	0.4425	0.31875	0.28375	0.63375	0.61375	0.64125	0.085	0.30125	0.3	-3.9	-1.66667	-1.28	-0.871429	-0.611111	0.5981	0.587667	0.56062	0.5416	0.510089
0.5	0.73	0.88	0.27	0.12	0.73	0.27	0.12	0.73	0.12	0.27	0.5	0.27	0.05	0.5	0.88	0.95	0.05	0.12	0.12	0.41375	0.46125	0.55625	0.39625	0.17	0.7275	0.47125	0.295	0.52875	0.255	0.31125	0.47	0.2425	0.185	0.70375	0.61375	0.575	0.08125	0.35	0.2625	-0.7	-1.76667	-1.84	-1.97143	-1.2	0.5867	0.5634	0.57434	0.563757	0.5226
0.5	0.5	0.27	0.27	0.12	0.88	0.27	0.12	0.12	0.12	0.5	0.5	0.27	0.12	0.73	0.95	0.88	0.05	0.12	0.27	0.46125	0.405	0.6325	0.405	0.27375	0.6325	0.4525	0.38	0.54875	0.16	0.25375	0.45125	0.21375	0.09125	0.68	0.68125	0.58375	0.0725	0.3225	0.215	-0.7	-1.63333	-2.54	-1.98571	-1.8	0.5054	0.565133	0.56668	0.540557	0.511522
0.27	0.27	0.95	0.73	0.12	0.5	0.27	0.12	0.73	0.5	0.5	0.27	0.27	0.27	0.5	0.73	0.73	0.12	0.73	0.27	0.49	0.415	0.47125	0.3	0.27375	0.6325	0.42375	0.37125	0.4725	0.14	0.3575	0.46125	0.26125	0.185	0.69	0.66125	0.49875	0.09125	0.35875	0.23375	-3.5	-2.7	-1.92	-2.15714	-1.41111	0.6033	0.549533	0.52152	0.498686	0.481522
0.5	0.27	0.88	0.27	0.73	0.73	0.73	0.73	0.88	0.27	0.27	0.73	0.27	0.12	0.73	0.5	0.5	0.12	0.73	0.27	0.385	0.39625	0.50875	0.3575	0.1975	0.585	0.36625	0.17875	0.3775	0.225	0.49	0.35625	0.30875	0.23125	0.66125	0.69	0.55625	0.09125	0.35875	0.32875	-3.9	-2.73333	-2.1	-1.2	-0.9	0.5399	0.505167	0.4612	0.451057	0.437044
0.27	0.5	0.5	0.5	0.05	0.95	0.73	0.12	0.73	0.05	0.27	0.27	0.12	0.02	0.99	0.5	0.27	0.02	0.05	0.05	0.49	0.29125	0.48	0.3	0.29125	0.4625	0.31875	0.255	0.45375	0.36	0.56625	0.31	0.35625	0.24375	0.62	0.69	0.585	0.095	0.3675	0.385	-0.8	-2.1	-1.4	-0.5	0.0333333	0.3723	0.3991	0.41306	0.392657	0.410678
0.5	0.05	0.12	0.12	0.88	0.12	0.12	0.73	0.05	0.12	0.5	0.12	0.27	0.05	0.99	0.73	0.5	0.05	0.05	0.27	0.4325	0.27125	0.45125	0.37625	0.295	0.50875	0.42375	0.22625	0.57125	0.35125	0.5375	0.28125	0.31875	0.2675	0.64875	0.585	0.5	0.1	0.47125	0.37625	-1.6	0.133333	0.14	0.242857	-0.0333333	0.2851	0.307367	0.32798	0.372	0.392211
0.5	0.12	0.12	0.12	0.12	0.5	0.5	0.05	0.27	0.27	0.88	0.12	0.5	0.95	0.73	0.5	0.12	0.27	0.95	0.27	0.4325	0.23375	0.45125	0.465	0.38125	0.4425	0.405	0.33	0.54375	0.35125	0.46125	0.31	0.31875	0.17375	0.68125	0.5575	0.47125	0.0725	0.40625	0.3575	2.8	1.8	1.82	0.557143	-0.344444	0.2647	0.242567	0.29216	0.345886	0.382322
0.27	0.12	0.5	0.12	0.12	0.12	0.27	0.05	0.12	0.5	0.88	0.12	0.5	0.27	0.73	0.73	0.73	0.05	0.12	0.88	0.4425	0.2025	0.2875	0.375	0.3725	0.43375	0.4025	0.31625	0.47375	0.3825	0.5175	0.2825	0.40875	0.25875	0.62125	0.4525	0.31875	0.09125	0.425	0.3575	4.2	3.83333	1.72	0.614286	0.255556	0.1779	0.2678	0.3018	0.328243	0.334889
0.88	0.27	0.12	0.5	0.12	0.12	0.12	0.12	0.73	0.98	0.73	0.12	0.5	0.12	0.05	0.5	0.27	0.05	0.12	0.73	0.3375	0.165	0.3475	0.40375	0.2875	0.37625	0.44	0.23125	0.35	0.3225	0.53625	0.225	0.39	0.265	0.62125	0.52875	0.3475	0.07875	0.34	0.34875	4.5	2.46667	1.34	1	0.3	0.3608	0.319733	0.32806	0.300257	0.333833
0.27	0.12	0.27	0.5	0.98	0.27	0.5	0.5	0.99	0.12	0.27	0.12	0.12	0.27	0.73	0.27	0.5	0.12	0.95	0.27	0.47125	0.155	0.28125	0.40375	0.18875	0.34875	0.335	0.18375	0.24125	0.43875	0.65125	0.20625	0.485	0.25875	0.5225	0.5575	0.395	0.18625	0.26375	0.43375	-1.3	-0.1	1.16	0.728571	0.3	0.4205	0.399233	0.3104	0.3353	0.3377
0.5	0.27	0.27	0.98	0.05	0.73	0.5	0.27	0.12	0.27	0.27	0.73	0.5	0.27	0.73	0.5	0.27	0.05	0.5	0.12	0.41375	0.145	0.26875	0.34375	0.20125	0.31	0.3225	0.1225	0.35	0.49625	0.7125	0.12125	0.46625	0.28625	0.40125	0.44375	0.395	0.195	0.42375	0.4525	-3.5	-0.966667	-0.38	0.214286	0.9	0.4164	0.337767	0.3809	0.355643	0.3283
0.12	0.02	0.02	0.01	0.05	0.05	0.02	0.01	0.02	0.98	0.95	0.05	0.99	0.27	0.02	0.12	0.12	0.05	0.05	0.88	0.4325	0.1675	0.29125	0.45625	0.305	0.42375	0.35375	0.16375	0.335	0.43625	0.6275	0.20625	0.46625	0.1825	0.50875	0.44375	0.41375	0.28	0.37625	0.38625	1.9	-1.7	-1.44	0.157143	0.8	0.1764	0.3744	0.39016	0.358871	0.329278
0.27	0.12	0.98	0.88	0.05	0.27	0.88	0.12	0.5	0.27	0.27	0.27	0.12	0.02	0.05	0.88	0.27	0.02	0.05	0.05	0.395	0.25875	0.1425	0.395	0.29625	0.5	0.30375	0.15875	0.3225	0.49625	0.63625	0.22625	0.63125	0.18625	0.47625	0.32	0.395	0.28375	0.37625	0.41375	-3.5	-0.8	-0.42	-0.214286	0.544444	0.5304	0.3713	0.34616	0.3464	0.365456
0.73	0.27	0.12	0.5	0.12	0.88	0.27	0.12	0.12	0.12	0.73	0.12	0.5	0.12	0.88	0.5	0.88	0.95	0.27	0.27	0.35	0.24	0.25	0.4425	0.2875	0.47125	0.38	0.2625	0.285	0.455	0.49375	0.245	0.53625	0.165	0.3725	0.3675	0.3	0.1675	0.3675	0.32875	-0.8	-0.166667	0.66	0.242857	-6.16791e-17	0.4071	0.379333	0.31758	0.358257	0.379311
0.27	0.12	0.02	0.12	0.05	0.27	0.02	0.01	0.05	0.73	0.99	0.05	0.5	0.27	0.02	0.05	0.27	0.05	0.88	0.27	0.38875	0.25875	0.29125	0.51875	0.17625	0.62375	0.4725	0.22875	0.185	0.36625	0.49	0.2725	0.5275	0.115	0.395	0.4525	0.32875	0.2675	0.235	0.30125	3.8	1.63333	0.66	0.685714	-0.244444	0.2005	0.2937	0.383	0.368129	0.387089
0.27	0.05	0.05	0.05	0.95	0.73	0.27	0.12	0.05	0.5	0.88	0.12	0.99	0.12	0.88	0.12	0.12	0.95	0.12	0.5	0.38875	0.29625	0.2875	0.52875	0.06	0.50875	0.44125	0.19625	0.17625	0.3675	0.4725	0.26375	0.4375	0.1025	0.315	0.415	0.37625	0.15125	0.27	0.2725	1.9	2.53333	1.28	-0.0857143	-0.244444	0.2735	0.325833	0.37402	0.413	0.393289
0.12	0.95	0.27	0.5	0.05	0.95	0.73	0.12	0.5	0.27	0.27	0.5	0.95	0.05	0.5	0.5	0.73	0.05	0.12	0.27	0.42625	0.24375	0.29125	0.53375	0.1725	0.585	0.415	0.28625	0.15125	0.3075	0.46375	0.2725	0.33375	0.14	0.45125	0.44375	0.3475	0.2725	0.3825	0.20625	1.9	1.13333	0.74	-0.0857143	-0.888889	0.5035	0.420833	0.3907	0.404686	0.424256
0.98	0.27	0.12	0.5	0.12	0.5	0.12	0.95	0.05	0.5	0.05	0.12	0.12	0.05	0.05	0.5	0.12	0.05	0.27	0.27	0.3475	0.3475	0.2025	0.43875	0.1725	0.6225	0.44375	0.23	0.16	0.33625	0.52	0.32	0.45625	0.1525	0.5925	0.44375	0.4525	0.27625	0.39125	0.29125	-0.4	-0.666667	-0.72	-0.528571	0	0.4855	0.493167	0.44504	0.411543	0.405033
0.12	0.12	0.5	0.73	0.02	0.88	0.99	0.12	0.12	0.02	0.5	0.27	0.05	0.02	0.05	0.5	0.12	0.02	0.5	0.05	0.42625	0.4425	0.155	0.3625	0.26125	0.5275	0.335	0.325	0.15125	0.44375	0.40625	0.39625	0.5125	0.15625	0.57375	0.44375	0.43375	0.1675	0.34375	0.37625	-3.5	-2.46667	-1.88	-0.428571	-0.344444	0.4905	0.482733	0.48136	0.433957	0.413556
0.5	0.5	0.27	0.99	0.02	0.27	0.5	0.12	0.05	0.05	0.02	0.73	0.27	0.02	0.95	0.27	0.5	0.02	0.02	0.12	0.43625	0.38625	0.19625	0.32125	0.27	0.585	0.4275	0.3575	0.16875	0.3825	0.405	0.3475	0.45625	0.24125	0.55	0.52875	0.38625	0.28375	0.41625	0.39625	-3.5	-3.63333	-1.36	-1.25714	-0.455556	0.4722	0.4726	0.45214	0.464	0.423767
0.27	0.5	0.27	0.5	0.05	0.88	0.27	0.73	0.27	0.27	0.27	0.5	0.12	0.5	0.73	0.73	0.5	0.12	0.95	0.12	0.49375	0.49875	0.2525	0.39125	0.15375	0.53625	0.51375	0.28125	0.16875	0.29875	0.2975	0.47125	0.41375	0.1725	0.4825	0.51875	0.43375	0.15875	0.3475	0.34875	-3.9	-0.966667	-2.06	-1.12857	-1.1	0.4551	0.428233	0.4518	0.433843	0.452
0.5	0.27	0.12	0.12	0.12	0.12	0.5	0.5	0.12	0.73	0.5	0.27	0.27	0.12	0.73	0.88	0.5	0.05	0.27	0.73	0.48375	0.5	0.3	0.4675	0.145	0.6225	0.5125	0.32875	0.235	0.27	0.26875	0.47125	0.33875	0.27625	0.45375	0.47125	0.405	0.17625	0.50875	0.2725	4.5	-1.1	-0.8	-1.62857	-1.66667	0.3574	0.4321	0.41218	0.439857	0.454733
0.5	0.88	0.12	0.12	0.73	0.5	0.27	0.05	0.12	0.5	0.27	0.88	0.88	0.12	0.73	0.5	0.73	0.05	0.12	0.73	0.42375	0.405	0.37625	0.42	0.06875	0.575	0.54125	0.3	0.32	0.3275	0.3825	0.41375	0.28125	0.285	0.5575	0.51875	0.4525	0.17625	0.585	0.33	-3.9	1.13333	-0.88	-1.58571	-1.12222	0.4838	0.377867	0.42326	0.445229	0.444911
0.73	0.05	0.12	0.05	0.12	0.12	0.27	0.27	0.12	0.27	0.5	0.12	0.27	0.95	0.73	0.5	0.27	0.98	0.98	0.5	0.4425	0.5275	0.3475	0.42875	0.14875	0.575	0.45125	0.32	0.31125	0.36875	0.2975	0.50875	0.4425	0.185	0.67375	0.5475	0.58625	0.12	0.42125	0.44375	2.8	-1.66667	-0.74	-0.442857	-0.811111	0.2924	0.4346	0.43786	0.4345	0.440878
0.5	0.95	0.5	0.12	0.05	0.95	0.73	0.12	0.27	0.05	0.27	0.88	0.5	0.05	0.12	0.5	0.5	0.05	0.5	0.12	0.4425	0.415	0.385	0.35875	0.265	0.5	0.39375	0.33875	0.2925	0.39625	0.3575	0.41375	0.38625	0.2975	0.755	0.5475	0.52875	0.235	0.48125	0.51	-3.9	-1.43333	-0.74	0.0142857	-0.6	0.5276	0.449367	0.4458	0.434371	0.425889
0.27	0.73	0.5	0.73	0.05	0.88	0.95	0.27	0.88	0.5	0.27	0.27	0.5	0.5	0.27	0.27	0.5	0.12	0.73	0.27	0.47125	0.41375	0.385	0.22625	0.35	0.46125	0.3475	0.2625	0.245	0.41625	0.43375	0.46125	0.405	0.24125	0.66	0.5475	0.52875	0.22625	0.45625	0.51	-3.2	-0.866667	-0.1	-0.857143	0.255556	0.5281	0.484267	0.43988	0.4315	0.434922
0.5	0.12	0.73	0.12	0.12	0.5	0.12	0.27	0.73	0.73	0.73	0.27	0.27	0.12	0.88	0.5	0.73	0.05	0.73	0.73	0.4425	0.5475	0.4325	0.37875	0.38875	0.60375	0.49875	0.23375	0.2825	0.33	0.3475	0.49	0.49125	0.3075	0.555	0.47125	0.5	0.235	0.45625	0.37625	4.5	0.2	-0.98	0.242857	-0.633333	0.3971	0.4598	0.44886	0.439014	0.453233
0.5	0.27	0.27	0.73	0.05	0.5	0.27	0.5	0.05	0.12	0.05	0.27	0.73	0.05	0.98	0.73	0.73	0.5	0.05	0.73	0.395	0.4525	0.585	0.35	0.30875	0.65125	0.55625	0.2325	0.415	0.35875	0.41375	0.4425	0.38625	0.31625	0.57375	0.4425	0.4425	0.175	0.5325	0.29125	-0.7	0.733333	0.56	-0.657143	-0.588889	0.4542	0.3962	0.45062	0.471843	0.470244
0.27	0.5	0.95	0.5	0.88	0.5	0.5	0.12	0.05	0.05	0.27	0.73	0.05	0.02	0.99	0.27	0.27	0.01	0.02	0.27	0.36625	0.48	0.51875	0.46375	0.2525	0.755	0.585	0.30875	0.43375	0.34	0.3575	0.46125	0.4525	0.235	0.5725	0.5	0.5575	0.12	0.47625	0.30125	-1.6	0.5	0.5	-0.6	-1.28889	0.3373	0.442633	0.44944	0.487457	0.505011
0.27	0.27	0.27	0.05	0.73	0.5	0.12	0.27	0.5	0.88	0.88	0.27	0.27	0.5	0.12	0.5	0.5	0.12	0.98	0.27	0.36625	0.42375	0.6325	0.5675	0.29875	0.7275	0.6325	0.385	0.35875	0.245	0.25375	0.4425	0.425	0.175	0.7	0.51875	0.5575	0.10625	0.385	0.30125	3.8	-0.433333	-1.1	-0.642857	-0.944444	0.5364	0.4653	0.4974	0.498486	0.503756
0.5	0.73	0.73	0.73	0.5	0.88	0.88	0.27	0.27	0.27	0.27	0.5	0.73	0.27	0.5	0.5	0.5	0.05	0.27	0.12	0.3375	0.385	0.6225	0.50125	0.38375	0.6325	0.51	0.385	0.31125	0.265	0.3025	0.49	0.415	0.14375	0.71	0.5475	0.5575	0.1025	0.38875	0.30125	-3.5	-1.06667	-1.66	-1.4	-1.02222	0.5222	0.565167	0.52762	0.515514	0.512567
0.12	0.27	0.88	0.5	0.02	0.88	0.88	0.27	0.5	0.12	0.12	0.5	0.5	0.12	0.98	0.5	0.27	0.02	0.05	0.05	0.385	0.49	0.575	0.625	0.435	0.6325	0.605	0.41375	0.225	0.22625	0.26375	0.51875	0.4725	0.1625	0.6025	0.57625	0.52875	0.10625	0.34	0.2525	-3.5	-3.5	-1.5	-1.85714	-1.91111	0.6369	0.588133	0.56342	0.5374	0.532978
0.27	0.5	0.27	0.73	0.5	0.95	0.73	0.5	0.27	0.05	0.27	0.73	0.12	0.27	0.73	0.5	0.73	0.05	0.5	0.12	0.395	0.49	0.68	0.53875	0.38375	0.595	0.6525	0.35625	0.2625	0.31125	0.30125	0.49	0.52	0.1525	0.52625	0.57625	0.49	0.04625	0.31125	0.24375	-3.5	-2.6	-3.04	-2.12857	-1.36667	0.6053	0.586167	0.57762	0.572186	0.527344
0.5	0.27	0.73	0.5	0.27	0.73	0.73	0.88	0.12	0.12	0.05	0.27	0.5	0.05	0.27	0.88	0.73	0.05	0.73	0.12	0.42375	0.5475	0.56625	0.62375	0.30875	0.65125	0.68125	0.35625	0.30875	0.31125	0.32875	0.5475	0.52875	0.18375	0.5225	0.5575	0.49	0.05125	0.31375	0.24375	-0.8	-2.73333	-3.04	-2.07143	-0.988889	0.5163	0.576333	0.58934	0.5532	0.538533
0.27	0.88	0.88	0.88	0.5	0.5	0.73	0.27	0.27	0.05	0.05	0.88	0.88	0.02	0.73	0.5	0.5	0.02	0.05	0.12	0.4525	0.4525	0.52875	0.66125	0.20375	0.68	0.72875	0.41375	0.23375	0.32	0.32875	0.47125	0.5575	0.21625	0.48375	0.57625	0.49	0.13125	0.29125	0.32	-3.9	-2.73333	-1.5	-1.31429	-0.911111	0.6074	0.568167	0.54266	0.541171	0.513167
0.5	0.5	0.5	0.88	0.05	0.5	0.88	0.5	0.27	0.27	0.27	0.5	0.5	0.12	0.5	0.73	0.27	0.05	0.12	0.27	0.42375	0.5	0.57625	0.6325	0.26	0.68	0.71	0.385	0.29125	0.265	0.2825	0.51875	0.5475	0.17625	0.5125	0.5475	0.51875	0.23125	0.31125	0.30125	-3.5	-1.06667	-0.44	-0.171429	-1.02222	0.5808	0.530567	0.5092	0.4942	0.501433
0.73	0.5	0.5	0.27	0.12	0.27	0.5	0.27	0.12	0.73	0.5	0.27	0.73	0.12	0.12	0.73	0.88	0.05	0.27	0.73	0.4425	0.5	0.52875	0.68	0.26375	0.66125	0.68125	0.395	0.33875	0.255	0.34875	0.51875	0.56625	0.195	0.5	0.5475	0.5	0.235	0.30125	0.3	4.2	0.833333	0.62	-0.314286	-0.133333	0.4035	0.4741	0.46756	0.467243	0.439211
0.73	0.73	0.5	0.95	0.05	0.73	0.73	0.5	0.27	0.12	0.27	0.73	0.5	0.05	0.5	0.5	0.27	0.05	0.27	0.27	0.415	0.41125	0.4975	0.50625	0.2125	0.5	0.57625	0.30625	0.2925	0.435	0.45375	0.3725	0.61375	0.29375	0.37625	0.52	0.51875	0.35375	0.34875	0.37625	1.8	3.5	0.5	0.442857	0.566667	0.438	0.3832	0.4294	0.404471	0.381333
0.27	0.12	0.12	0.73	0.12	0.5	0.5	0.12	0.05	0.88	0.88	0.27	0.88	0.73	0.27	0.27	0.27	0.73	0.12	0.88	0.50125	0.51625	0.545	0.53375	0.26125	0.55625	0.605	0.2775	0.39625	0.33125	0.38625	0.45875	0.51875	0.20875	0.4625	0.53	0.49	0.26875	0.3675	0.3	4.5	0.6	2.1	1.4	0.266667	0.3081	0.387567	0.32862	0.329757	0.370644
0.5	0.73	0.73	0.5	0.5	0.88	0.88	0.27	0.73	0.05	0.12	0.5	0.27	0.05	0.5	0.5	0.5	0.88	0.5	0.12	0.45375	0.42125	0.42125	0.54375	0.21375	0.55625	0.5575	0.24	0.39625	0.4625	0.5375	0.3825	0.51875	0.35375	0.34875	0.4725	0.4325	0.25375	0.3475	0.41375	-4.5	1.5	1.82	1.4	0.655556	0.4166	0.2672	0.2648	0.3068	0.330533
0.5	0.27	0.5	0.27	0.12	0.5	0.27	0.12	0.73	0.5	0.88	0.27	0.88	0.27	0.5	0.5	0.73	0.05	0.12	0.5	0.425	0.4225	0.39	0.465	0.3775	0.5475	0.52625	0.19875	0.45375	0.46375	0.51875	0.35125	0.49875	0.43375	0.28875	0.3875	0.40375	0.36625	0.47125	0.395	4.5	0.933333	0.76	0.742857	1.32222	0.0769	0.192633	0.26122	0.284357	0.280144
0.05	0.02	0.02	0.02	0.02	0.12	0.12	0.02	0.05	0.88	0.88	0.02	0.27	0.99	0.12	0.05	0.27	1	0.88	0.27	0.5	0.425	0.45	0.46875	0.4975	0.67125	0.4975	0.1925	0.53875	0.33125	0.47125	0.3825	0.49875	0.335	0.3275	0.4625	0.46125	0.2475	0.43375	0.3475	2.8	1.26667	-0.22	0.842857	0.466667	0.0844	0.1938	0.24888	0.239971	0.257611
0.73	0.5	0.73	0.5	0.73	0.95	0.73	0.27	0.73	0.05	0.12	0.5	0.12	0.05	0.73	0.73	0.5	0.05	0.73	0.12	0.38625	0.38375	0.39	0.40875	0.5125	0.5675	0.44	0.11375	0.51125	0.435	0.5475	0.3225	0.48875	0.48	0.20375	0.3775	0.4325	0.36625	0.43375	0.3475	-3.5	-0.366667	1.18	-0.3	0.577778	0.4201	0.2503	0.19102	0.224629	0.264944
0.12	0.73	0.5	0.73	0.5	0.88	0.73	0.12	0.95	0.27	0.5	0.5	0.27	0.5	0.05	0.27	0.27	0.05	0.27	0.27	0.4625	0.45	0.41875	0.295	0.54125	0.5475	0.44	0.15125	0.51125	0.38875	0.5	0.3225	0.47	0.3475	0.26125	0.46375	0.49	0.28125	0.49125	0.31	-0.4	-0.466667	-0.42	0.742857	-0.422222	0.2464	0.2646	0.21578	0.237114	0.258922
0.27	0.05	0.02	0.02	0.98	0.05	0.02	0.02	0.73	0.73	0.88	0.02	0.95	0.98	0.02	0.05	0.27	0.12	0.73	0.5	0.4725	0.4775	0.45	0.33625	0.48125	0.575	0.4525	0.145	0.4625	0.41625	0.52875	0.335	0.4425	0.34375	0.2175	0.52	0.51875	0.16875	0.38625	0.32875	2.5	-0.466667	-0.42	-0.542857	-0.0111111	0.1273	0.191467	0.2997	0.2624	0.241756
0.88	0.27	0.5	0.05	0.98	0.88	0.12	0.12	0.12	0.05	0.12	0.27	0.12	0.05	0.05	0.88	0.88	0.05	0.73	0.12	0.3675	0.43125	0.39	0.40875	0.52875	0.47125	0.44	0.1325	0.45375	0.50125	0.605	0.30375	0.47	0.4325	0.1575	0.41625	0.47375	0.1775	0.3775	0.37625	-3.5	0.6	-0.62	-1.05714	-0.0444444	0.2007	0.277333	0.26646	0.287786	0.266167
0.5	0.88	0.73	0.95	0.88	0.73	0.88	0.12	0.73	0.12	0.12	0.73	0.27	0.27	0.12	0.5	0.27	0.05	0.12	0.12	0.4425	0.415	0.3925	0.35625	0.545	0.585	0.44875	0.16375	0.4625	0.3975	0.52875	0.30625	0.45125	0.3725	0.225	0.52	0.55	0.0675	0.435	0.405	2.8	-1.73333	-0.7	0.0428571	-0.744444	0.504	0.319533	0.2696	0.270143	0.308667
0.27	0.88	0.12	0.05	0.12	0.27	0.5	0.27	0.27	0.73	0.88	0.27	0.88	0.12	0.05	0.5	0.5	0.05	0.12	0.73	0.47125	0.3675	0.44	0.46875	0.64	0.58625	0.43875	0.145	0.4625	0.3775	0.48125	0.31625	0.47	0.4	0.1575	0.53875	0.56875	0.0675	0.35875	0.37625	-4.5	-0.833333	-0.36	-0.4	-0.155556	0.2539	0.34	0.30346	0.301643	0.277367
0.73	0.27	0.5	0.12	0.5	0.27	0.27	0.12	0.12	0.73	0.73	0.12	0.73	0.5	0.12	0.73	0.73	0.05	0.12	0.5	0.4325	0.35875	0.3325	0.37125	0.545	0.4825	0.3825	0.15125	0.365	0.46625	0.5475	0.2875	0.54625	0.4	0.14875	0.4825	0.52125	0.0675	0.34	0.49	-0.8	-0.366667	-0.36	-0.5	0.355556	0.2621	0.270867	0.3567	0.303229	0.254933
0.27	0.12	0.5	0.88	0.5	0.5	0.27	0.12	0.05	0.5	0.73	0.27	0.27	0.05	0.05	0.5	0.98	0.05	0.05	0.5	0.51875	0.48125	0.3925	0.33625	0.45625	0.57	0.4425	0.16375	0.345	0.46625	0.4525	0.3575	0.51875	0.425	0.17	0.53875	0.5475	0.05875	0.2725	0.46125	4.2	-0.0333333	-0.56	0.6	-0.311111	0.2966	0.341867	0.28358	0.280914	0.287811
0.27	0.5	0.27	0.5	0.05	0.88	0.95	0.27	0.73	0.12	0.27	0.5	0.27	0.73	0.73	0.5	0.27	0.12	0.73	0.5	0.47125	0.51	0.42125	0.41125	0.39625	0.5225	0.43375	0.16375	0.33625	0.54125	0.5575	0.405	0.56625	0.34875	0.09375	0.49125	0.56	0.05875	0.15875	0.48	-3.5	0.833333	1.18	-0.3	-0.311111	0.4669	0.300633	0.2417	0.269371	0.303233
0.73	0.12	0.5	0.5	0.73	0.5	0.27	0.27	0.27	0.5	0.5	0.12	0.88	0.12	0.12	0.88	0.88	0.05	0.12	0.5	0.385	0.45375	0.3075	0.295	0.21625	0.54125	0.415	0.15125	0.30875	0.60125	0.62375	0.3675	0.57875	0.40625	0.16125	0.39625	0.5125	0.0675	0.235	0.58375	1.8	0.833333	0.64	-0.157143	-0.122222	0.1384	0.2166	0.27392	0.2816	0.250133
0.27	0.05	0.02	0.02	0.12	0.05	0.05	0.02	0.02	0.98	0.88	0.12	0.73	0.88	0.05	0.05	0.12	0.05	0.12	0.95	0.415	0.415	0.35375	0.35	0.28	0.56625	0.38125	0.14875	0.3075	0.57375	0.48125	0.34875	0.5025	0.3025	0.165	0.44	0.57875	0.0625	0.2225	0.56	4.2	0.833333	-0.9	0.6	0.3	0.0445	0.202033	0.2825	0.247886	0.249011
0.5	0.88	0.5	0.5	0.27	0.98	0.5	0.12	0.5	0.5	0.12	0.73	0.27	0.73	0.12	0.27	0.73	0.05	0.12	0.27	0.32875	0.2925	0.3225	0.39375	0.20125	0.5075	0.41375	0.18375	0.2475	0.54875	0.49125	0.3675	0.475	0.26	0.1475	0.38375	0.445	0.0575	0.21	0.58875	-3.5	-0.933333	0.7	-0.1	0	0.4232	0.269067	0.19434	0.240343	0.269178
0.5	0.88	0.5	0.27	0.05	0.88	0.73	0.27	0.73	0.27	0.5	0.88	0.5	0.12	0.12	0.5	0.27	0.12	0.5	0.27	0.295	0.2775	0.26	0.3125	0.16625	0.4575	0.35125	0.15	0.21375	0.51625	0.35375	0.315	0.475	0.455	0.14125	0.2925	0.38	0.1675	0.26625	0.52625	-3.5	-0.833333	0.2	-0.1	-0.611111	0.3395	0.262933	0.21542	0.237014	0.241444
0.27	0.05	0.05	0.02	0.12	0.5	0.05	0.02	0.05	0.98	0.88	0.05	0.98	0.12	0.05	0.12	0.5	0.05	0.12	0.95	0.415	0.32125	0.285	0.2825	0.185	0.3975	0.32	0.15375	0.20875	0.44625	0.30625	0.35875	0.44375	0.37875	0.06125	0.34	0.40875	0.1625	0.225	0.44125	4.5	0.1	-1.34	-0.542857	-0.0222222	0.0261	0.203133	0.29524	0.223957	0.190111
0.05	0.5	0.01	0.01	0.02	0.02	0.01	0	0.01	0.99	0.12	0.12	0.12	0.05	0.01	0.02	0.27	0.01	0.02	0.99	0.35375	0.3725	0.2425	0.22375	0.14	0.41	0.3825	0.12875	0.1825	0.3825	0.34125	0.46	0.4425	0.3725	0.0525	0.245	0.33	0.16125	0.22375	0.37375	-0.7	0.1	-0.9	-0.885714	-0.655556	0.2438	0.237833	0.22	0.2183	0.232222
0.27	0.12	0.73	0.95	0.02	0.73	0.98	0.5	0.12	0.05	0.05	0.88	0.05	0.01	0.05	0.5	0.27	0.01	0.02	0.05	0.355	0.52375	0.24125	0.1375	0.13125	0.40625	0.28875	0.07875	0.22875	0.3925	0.255	0.46	0.47	0.27375	0.0475	0.28875	0.425	0.1575	0.27125	0.40625	-3.5	-1.83333	0.16	-0.942857	-1.21111	0.4436	0.2448	0.15308	0.231757	0.2772
0	0	0	0	0	0	0	0	0.01	0.01	0.01	0	0.5	1	0	0	0	1	0.88	0	0.3325	0.43	0.27125	0.2	0.1625	0.37625	0.35	0.12625	0.18125	0.45875	0.3675	0.48	0.49	0.16875	0.04	0.32375	0.3825	0.03	0.155	0.47	-1.3	-1	-1.52	-0.557143	-0.322222	0.047	0.165167	0.25134	0.247443	0.234356
1	0.02	0.02	0.01	0.27	0.02	0.02	0.05	0.01	0.27	0.27	0.02	0.5	0.12	0.02	0.5	0.73	0.01	0.02	0.5	0.1475	0.32375	0.2125	0.2275	0.1225	0.27875	0.29	0.08625	0.105	0.39875	0.2725	0.37375	0.4425	0.26375	0.1475	0.21375	0.26375	0.13875	0.2	0.38	1.8	-1.13333	-1.54	-0.557143	-0.111111	0.0049	0.189767	0.29244	0.249086	0.243411
0.02	0.98	0.12	0.02	0.27	0.12	0.73	0.05	0.02	0	0.02	1	0.01	0	0.01	0.02	0.02	0	0.01	0	0.29875	0.20375	0.20875	0.23875	0.17	0.2375	0.22875	0.20625	0.16	0.34375	0.2275	0.26	0.415	0.3825	0.17625	0.2925	0.29625	0.14	0.22	0.38625	-3.9	-0.966667	0.06	-0.685714	-0.655556	0.5174	0.323867	0.21124	0.2744	0.276644
0.5	0.88	0.73	0.27	0.05	0.73	0.27	0.12	0.5	0.12	0.12	0.88	0.88	0.05	0.05	0.88	0.88	0.02	0.5	0.27	0.23875	0.15375	0.13125	0.20625	0.28625	0.15875	0.285	0.1975	0.1	0.22	0.215	0.26	0.29375	0.495	0.17	0.185	0.155	0.1425	0.275	0.24375	-0.8	-0.0666667	8.88178e-17	-0.242857	-0.266667	0.4493	0.334767	0.28604	0.257486	0.2522
0.05	0.01	0.01	0.05	0.5	0.01	0.01	0	0.01	0.99	0.98	0.01	0.88	0.88	0.01	0.05	0.12	0.02	0.05	0.73	0.295	0.3575	0.22125	0.1775	0.34625	0.2675	0.22875	0.18375	0.18	0.12	0.11625	0.35	0.37875	0.405	0.23125	0.3175	0.27875	0.175	0.335	0.21375	4.5	0.7	-0.44	0.342857	0.588889	0.0376	0.302633	0.3501	0.254171	0.265367
0.02	0.05	0.05	0.5	0	0.12	0.27	0	0.12	0.05	0	0.05	0.12	0	1	0.12	0.05	0	0	0.05	0.36125	0.415	0.32625	0.24	0.41125	0.36375	0.315	0.19	0.19875	0.2425	0.2525	0.4075	0.4175	0.405	0.11375	0.4	0.35	0.055	0.24625	0.31375	-1.6	0.833333	0.9	0.685714	0.344444	0.421	0.261267	0.25138	0.333771	0.344389
0.5	0.05	0.12	0.12	0.5	0.27	0.27	0.98	0.5	0.27	0.27	0.12	0.27	0.95	0.27	0.27	0.05	0.05	0.27	0.5	0.1775	0.4125	0.315	0.28625	0.31625	0.3425	0.3125	0.06125	0.15	0.29125	0.31	0.39625	0.4275	0.305	0.2025	0.31875	0.26125	0.04875	0.2125	0.22875	-0.4	0.266667	1.9	0.742857	0.566667	0.3252	0.256667	0.27394	0.368171	0.352756
0.05	0	0	0	0.73	0	0	0	0.01	0.12	0.12	0	0.02	1	0	0.02	0	0.05	0.95	0.12	0.24625	0.31125	0.40625	0.39	0.345	0.42375	0.28875	0.21125	0.31875	0.31625	0.32875	0.32	0.46	0.305	0.35875	0.46625	0.35625	0.05	0.1325	0.27875	2.8	2.2	0.3	1.4	0.611111	0.0238	0.3037	0.41806	0.315443	0.341156
0.27	0.88	0.73	0.5	0.95	0.88	0.27	0.27	0.27	0.12	0.12	0.73	0.73	0.12	0.5	0.73	0.5	0.27	0.05	0.27	0.19	0.10625	0.23875	0.30875	0.37375	0.3325	0.2275	0.1775	0.2575	0.41125	0.42375	0.13375	0.3525	0.4425	0.4	0.2825	0.19875	0.0225	0.18875	0.33625	4.2	1.16667	1.38	0.257143	1.12222	0.5621	0.448033	0.3499	0.369071	0.367367
0.5	0.5	0.88	0.95	0.02	0.88	0.95	0.05	0.27	0.05	0.12	0.5	0.05	0.12	0.05	0.73	0.5	0.02	0.12	0.12	0.2175	0.1675	0.31	0.365	0.43	0.4225	0.26375	0.22	0.3475	0.3025	0.3075	0.22375	0.3425	0.3475	0.48875	0.33875	0.24625	0.05375	0.18875	0.27	-3.5	1.5	0.76	1.02857	0.233333	0.7582	0.466833	0.36746	0.406814	0.4272
0.01	0	0	0	0.01	0	0	0	0	0.88	1	0	0.73	0.27	0	0	0.02	0.01	0.02	0.27	0.2825	0.225	0.47625	0.54625	0.465	0.55125	0.41125	0.22875	0.38125	0.19875	0.1975	0.2825	0.2425	0.32875	0.37125	0.44875	0.33375	0.055	0.20125	0.245	3.8	-1.06667	0.96	0.585714	0.0222222	0.0802	0.417133	0.49974	0.442657	0.382756
0.12	0.12	0.73	0.73	0.73	0.5	0.27	0.27	0.88	0.05	0.02	0.27	0.02	0.05	0.99	0.95	0.73	0.01	0.05	0.02	0.20875	0.295	0.385	0.4425	0.375	0.58	0.35875	0.07375	0.3275	0.26875	0.2875	0.34375	0.3	0.2525	0.215	0.31125	0.24125	0.05	0.22625	0.215	-3.5	1.36667	-0.58	-0.314286	-0.322222	0.413	0.3928	0.50254	0.442257	0.362011
0.27	0.12	0.12	0.12	0.5	0.88	0.05	0.12	0.27	0.88	0.88	0.12	0.73	0.27	0.88	0.12	0.12	0.02	0.05	0.88	0.2175	0.31	0.4675	0.53375	0.31875	0.56625	0.44875	0.095	0.405	0.2725	0.2275	0.3775	0.3275	0.1625	0.23125	0.44625	0.4275	0.045	0.11375	0.21125	3.8	-1.06667	-0.58	-1.41429	-0.166667	0.6852	0.5581	0.3551	0.381743	0.402022
0.5	0.12	0.73	0.95	0.02	0.73	0.98	0.12	0.73	0.05	0.05	0.5	0.12	0.12	0.27	0.5	0.5	0.02	0.12	0.05	0.24625	0.2625	0.33375	0.37375	0.37	0.5375	0.3325	0.07625	0.405	0.4525	0.37875	0.30125	0.375	0.1725	0.25125	0.39875	0.4275	0.01375	0.11375	0.3725	-3.5	-1.06667	-2.04	-0.314286	-0.711111	0.5761	0.427433	0.36676	0.328271	0.363889
0.05	0.01	0.5	1	0.27	0.27	0.5	0.02	0.12	0.05	0	0.02	0	0	0.01	0.27	0.27	0	0	0	0.24125	0.215	0.2525	0.24875	0.33875	0.48625	0.27375	0.0825	0.4475	0.5375	0.495	0.29875	0.475	0.17875	0.2775	0.33625	0.39625	0.015	0.11625	0.3975	-3.5	-3.5	-0.5	-0.957143	0.1	0.021	0.2452	0.36094	0.348086	0.280822
0.02	0.73	0.12	0.02	0.5	1	0.12	0.01	0.95	0	0.01	0.88	0.02	0.12	0.01	0.12	0.02	0.01	0.5	0.01	0.25875	0.12625	0.3	0.37125	0.31125	0.39625	0.3225	0.08375	0.345	0.54375	0.4925	0.1925	0.4725	0.1925	0.27875	0.35625	0.4275	0.015	0.0575	0.4725	-3.5	-0.933333	-1.4	0.0857143	0.1	0.1385	0.181133	0.26768	0.2906	0.282922
0.27	0.12	0.05	0.12	0.05	0.27	0.5	0.02	0.02	0.98	0.5	0.12	0.95	0.5	0.02	0.27	0.88	0.02	0.05	0.95	0.24625	0.30625	0.2325	0.27375	0.2775	0.54375	0.35125	0.06375	0.3575	0.42125	0.43	0.3775	0.35625	0.14	0.15625	0.28125	0.29125	0.01375	0.11	0.355	4.2	7.40149e-17	0.06	0.0857143	0.0555556	0.3839	0.2471	0.15458	0.206871	0.277789
0.73	0.5	0.27	0.05	0.88	0.5	0.27	0.12	0.73	0.73	0.5	0.5	0.5	0.05	0.05	0.73	0.88	0.02	0.12	0.73	0.24625	0.30625	0.28125	0.33	0.22125	0.4675	0.43625	0.09875	0.32625	0.34875	0.335	0.40625	0.33625	0.19625	0.04875	0.31875	0.33875	0.0175	0.205	0.27875	-0.7	2.43333	1.52	0.0285714	-0.511111	0.2189	0.204467	0.1702	0.176971	0.235678
0.01	0.01	0	0	0.02	0.01	0	0	0	0.73	1	0	0.73	0.05	0	0	0.02	0.01	0.02	0.27	0.38375	0.3675	0.2575	0.22375	0.45125	0.44375	0.35375	0.20875	0.32875	0.345	0.26875	0.42125	0.29875	0.24375	0.02375	0.46625	0.44625	0.01875	0.265	0.345	3.8	2.3	1.44	0.342857	-0.166667	0.0106	0.109533	0.21586	0.217714	0.174378
0.12	0.01	0	0	0.02	0.01	0.01	0	0.01	0.88	0.99	0.01	0.73	0.5	0.01	0.01	0.02	0.02	0.05	0.88	0.455	0.38125	0.195	0.09875	0.5275	0.44375	0.29625	0.2075	0.31375	0.32125	0.27625	0.41875	0.30125	0.27875	0.02125	0.44625	0.475	0.1425	0.32375	0.3025	3.8	1.23333	0.34	0.785714	0.688889	0.0991	0.158833	0.20032	0.201414	0.175633
0.27	0.95	0.12	0.05	0.01	0.95	0.88	0.12	0.05	0.05	0.01	0.99	0.02	0.01	0.02	0.5	0.5	0.01	0.02	0.02	0.49625	0.20625	0.25625	0.09625	0.5	0.26375	0.1875	0.20625	0.30875	0.45875	0.48875	0.22	0.50625	0.435	0.0525	0.46125	0.44625	0.14875	0.3275	0.47125	-3.9	-0.466667	0.4	0.785714	0.722222	0.3668	0.257367	0.16142	0.151186	0.168633
0.73	0.5	0.73	0.5	0.88	0.5	0.5	0.5	0.73	0.05	0.12	0.73	0.12	0.27	0.05	0.88	0.5	0.05	0.88	0.05	0.43875	0.25375	0.2075	0.0875	0.4475	0.34875	0.29625	0.17125	0.33125	0.33875	0.4275	0.27125	0.38125	0.355	0.1375	0.41375	0.35125	0.175	0.22	0.3825	-1.3	-1.86667	0.48	0.428571	-0.133333	0.3062	0.232467	0.16576	0.1307	0.132844
0.88	0.12	0.27	0.05	1	0.05	0.05	0.88	0.02	0.02	0.02	0.12	0.05	0.5	0.02	0.95	0.5	0.02	0.5	0.12	0.3625	0.24	0.2325	0.1375	0.41375	0.345	0.32	0.10875	0.34375	0.37	0.50125	0.28625	0.41875	0.35375	0.13625	0.31625	0.25625	0.2675	0.25875	0.3925	-0.4	0.833333	-0.92	-0.614286	0.444444	0.0244	0.120967	0.16104	0.138014	0.116456
0.73	0.12	0	0	0.88	0.27	0.05	0.01	0.01	0.01	0.05	0.01	0.02	0.73	0	0.12	0.5	1	0.5	0.27	0.38625	0.24125	0.26875	0.145	0.53625	0.31875	0.3225	0.22375	0.36	0.39	0.49125	0.315	0.45375	0.44125	0.14	0.435	0.26875	0.25375	0.31875	0.4025	4.2	0.2	-0.84	-0.514286	0.522222	0.0323	0.0440667	0.10004	0.134057	0.126967
0.5	0.27	0.73	0.05	0.27	0.5	0.12	0.12	0.95	0.27	0.73	0.27	0.95	0.88	0.27	0.73	0.27	0.05	0.5	0.5	0.43375	0.22375	0.1925	0.14125	0.70125	0.295	0.315	0.225	0.30375	0.36625	0.3925	0.2875	0.36875	0.45125	0.1075	0.39125	0.31	0.37625	0.375	0.37375	-3.2	-0.833333	0.32	0.685714	-0.0444444	0.0755	0.0565333	0.05308	0.0966857	0.121856
0.27	0.05	0.27	0.5	0.5	0.5	0.99	0.12	0.88	0.02	0.12	0.27	0.05	0.12	0.73	0.27	0.12	0.27	0.05	0.27	0.53875	0.1475	0.25	0.08	0.73375	0.17875	0.09875	0.21125	0.30875	0.4825	0.59	0.16625	0.54125	0.63625	0.05375	0.3925	0.3	0.35	0.4625	0.49125	-3.5	-0.733333	1.3	0.685714	0.311111	0.0618	0.0695667	0.06924	0.0605286	0.0842778
0.27	0.01	0.01	0	0.73	0.02	0.01	0	0.12	0.95	0.99	0.01	0.73	0.27	0.01	0.02	0.12	0.73	0.05	0.88	0.53875	0.20875	0.225	0.095	0.5975	0.2675	0.22125	0.255	0.40375	0.375	0.48125	0.14125	0.55125	0.59875	0.14375	0.405	0.27125	0.28875	0.415	0.42375	4.5	1.83333	0.2	0.642857	0.666667	0.0714	0.0794667	0.0734	0.0611286	0.0662889
0.05	0.02	0.02	0.01	0.88	0.02	0.02	0.05	0.12	0.88	0.95	0.12	0.98	0.98	0.01	0.12	0.12	0.88	0.5	0.5	0.49	0.2075	0.205	0.09	0.56375	0.32375	0.22	0.15375	0.4075	0.4725	0.59375	0.14625	0.62375	0.5575	0.15625	0.365	0.27125	0.27375	0.35875	0.51875	4.5	2.56667	0.7	0.314286	1.13333	0.1052	0.0765667	0.06402	0.0771286	0.0763444
0.27	0.02	0.12	0.02	0.73	0.05	0.02	0.12	0.5	0.95	0.88	0.05	0.98	0.73	0.02	0.27	0.12	0.05	0.5	0.88	0.49375	0.255	0.255	0.09125	0.5825	0.2925	0.21625	0.15	0.37375	0.525	0.61125	0.16	0.6275	0.5125	0.1575	0.4225	0.2425	0.3775	0.3025	0.5	-1.3	0.833333	1.78	1.31429	0.866667	0.0531	0.0623	0.08052	0.0827571	0.0765667
0.88	0.12	0.12	0.01	0.5	0.02	0.02	0.01	0.02	0.73	0.98	0.02	0.5	0.73	0.05	0.05	0.27	0.02	0.27	0.73	0.38875	0.3275	0.22625	0.0925	0.61125	0.3525	0.235	0.155	0.425	0.525	0.51375	0.16375	0.66	0.43625	0.21125	0.46875	0.28125	0.4375	0.37875	0.47125	-0.7	-0.0333333	1.64	2.07143	1.13333	0.0286	0.0753333	0.08922	0.0788286	0.100567
0.73	0.95	0.27	0.12	0.02	0.73	0.5	0.73	0.73	0.12	0.12	0.27	0.88	0.12	0.05	0.73	0.27	0.02	0.5	0.12	0.43625	0.33625	0.2075	0.05	0.6425	0.235	0.085	0.065	0.28875	0.66125	0.66875	0.1325	0.6975	0.53125	0.15375	0.44125	0.3	0.46625	0.3775	0.605	1.9	1.66667	1.1	1.31429	1.94444	0.1443	0.0959333	0.07504	0.110271	0.111078
0.27	0.12	0.12	0.02	0.88	0.5	0.05	0.12	0.05	0.73	0.88	0.27	0.88	0.88	0.12	0.73	0.5	0.05	0.5	0.5	0.49375	0.44125	0.25875	0.06875	0.45875	0.32375	0.14625	0.175	0.45	0.52875	0.48375	0.13375	0.72875	0.52125	0.1775	0.53	0.2625	0.3775	0.495	0.51	3.8	2.5	1.2	1.21429	1.65556	0.1149	0.0978333	0.12272	0.117586	0.1164
0.98	0.5	0.5	0.02	0.88	0.05	0.02	0.05	0.12	0.5	0.12	0.05	0.05	0.12	0.02	0.73	0.27	1	0.05	0.5	0.4325	0.425	0.3275	0.18625	0.41125	0.41125	0.21	0.21125	0.46	0.4625	0.5225	0.2375	0.71625	0.5275	0.20375	0.5775	0.33875	0.15125	0.5225	0.48125	1.8	1.6	2.1	1.67143	0.766667	0.0343	0.1469	0.14828	0.127043	0.134733
0.27	0.95	0.5	0.05	0.27	0.95	0.27	0.05	0.88	0.05	0.05	0.27	0.73	0.27	0.73	0.88	0.73	0.5	0.88	0.12	0.55	0.38125	0.34625	0.2425	0.50625	0.38375	0.23875	0.19875	0.425	0.4025	0.43625	0.31375	0.5425	0.45125	0.23125	0.5875	0.32875	0.20875	0.3625	0.4525	-0.8	1.6	2.1	1.27143	0.477778	0.2915	0.160733	0.14328	0.161557	0.185033
0.5	0.95	0.27	0.27	0.27	0.27	0.27	0.12	0.5	0.5	0.5	0.27	0.73	0.27	0.27	0.73	0.27	0.5	0.27	0.73	0.445	0.4	0.45125	0.3375	0.45	0.5575	0.34625	0.2225	0.50375	0.25625	0.26	0.345	0.4825	0.36625	0.37375	0.6625	0.415	0.20625	0.42	0.29125	3.8	1.63333	0.64	0.442857	0.166667	0.1564	0.189067	0.17434	0.2132	0.248844
0.27	0.02	0.27	0.05	0.12	0.5	0.05	0.27	0.73	0.5	0.27	0.02	0.98	0.95	0.27	0.73	0.05	0.05	0.99	0.5	0.41625	0.43125	0.50875	0.44125	0.52875	0.47125	0.37375	0.23125	0.39875	0.275	0.27625	0.405	0.35625	0.28125	0.37	0.68125	0.5275	0.26125	0.27375	0.32	1.9	0.733333	-0.5	-0.6	-0.0888889	0.1193	0.181967	0.26864	0.282914	0.261967
0.27	0.27	0.95	0.95	0.5	0.27	0.5	0.27	0.27	0.12	0.5	0.73	0.05	0.27	0.12	0.5	0.5	0.02	0.27	0.27	0.3975	0.41875	0.47125	0.3325	0.37375	0.47125	0.32625	0.25	0.465	0.35	0.2475	0.37375	0.48125	0.27125	0.43625	0.63375	0.5	0.2925	0.3075	0.3775	-3.5	-1.83333	-1.04	-0.914286	-0.0444444	0.2702	0.298433	0.33092	0.3155	0.272089
0.5	0.12	0.27	0.5	0.88	0.73	0.5	0.02	0.98	0.02	0.12	0.88	0.27	0.27	0.95	0.5	0.5	0.01	0.05	0.27	0.28	0.39	0.5275	0.3925	0.27875	0.47	0.33875	0.28125	0.4525	0.3625	0.4025	0.36375	0.53875	0.29	0.345	0.605	0.5575	0.17125	0.34375	0.3775	-3.9	-3.63333	-1.88	-0.2	0.177778	0.5058	0.459633	0.35212	0.303286	0.285389
0.27	0.27	0.73	0.99	0.05	0.73	0.88	0.27	0.27	0.01	0.02	0.27	0.02	0.05	0.73	0.5	0.5	0	0.12	0.05	0.30875	0.25375	0.41	0.34	0.4675	0.3525	0.26375	0.245	0.44625	0.4675	0.5275	0.40875	0.58875	0.40625	0.315	0.4975	0.5575	0.2325	0.2875	0.4525	-3.5	-2.6	-1.42	-0.2	0.766667	0.6029	0.457033	0.36946	0.302943	0.265989
0.27	0.27	0.73	0.73	0.5	0.27	0.5	0.95	0.12	0.27	0.02	0.5	0.12	0.12	0.02	0.88	0.95	0.01	0.05	0.12	0.35625	0.15	0.41	0.345	0.44	0.39125	0.31125	0.16	0.43625	0.3875	0.575	0.36125	0.5	0.4825	0.40375	0.45	0.50125	0.17125	0.2775	0.44375	-0.4	0.1	0.04	0.171429	0.255556	0.2624	0.3571	0.34622	0.3026	0.273256
0.12	0.27	0.5	0.05	0.02	0.27	0.12	0.27	0.12	0.95	0.88	0.73	0.95	0.12	0.5	0.12	0.73	0.27	0.05	0.73	0.40375	0.1625	0.52375	0.515	0.60875	0.39125	0.44375	0.2175	0.35125	0.24625	0.43625	0.33625	0.27625	0.42625	0.40125	0.51625	0.61375	0.135	0.26375	0.32	4.2	2.53333	1.72	0.557143	-0.344444	0.206	0.207467	0.26844	0.295686	0.300156
0.27	0.12	0.27	0.05	0.5	0.5	0.12	0.05	0.73	0.5	0.98	0.12	0.73	0.27	0.12	0.5	0.73	0.02	0.12	0.5	0.385	0.14875	0.5525	0.45875	0.48625	0.3625	0.415	0.335	0.25625	0.2875	0.36375	0.3275	0.36	0.465	0.54375	0.44	0.56625	0.16375	0.2275	0.3175	3.8	4.16667	2.26	0.614286	-6.16791e-17	0.154	0.158967	0.19222	0.275057	0.314556
0.27	0.01	0.02	0.12	0.95	0.01	0.05	0.01	0.12	0.88	0.95	0.02	0.88	0.98	0.27	0.02	0.73	0.98	0.5	0.5	0.41375	0.23875	0.64125	0.47875	0.3825	0.4425	0.42375	0.4	0.30125	0.2525	0.3675	0.32125	0.37	0.3575	0.42125	0.52875	0.56625	0.04875	0.2075	0.29875	4.5	2.5	1.64	1.05714	0.0444444	0.1169	0.164233	0.21202	0.246043	0.3105
0.88	0.12	0.27	0.05	0.5	0.12	0.27	0.12	0.27	0.12	0.88	0.12	0.12	0.95	0.27	0.73	0.27	0.02	0.12	0.73	0.395	0.20625	0.5525	0.3975	0.46625	0.37125	0.32	0.415	0.2825	0.38	0.48375	0.30875	0.5725	0.38875	0.42125	0.44	0.62375	0.23125	0.3025	0.32625	-0.8	0.0666667	0.72	0.614286	0.388889	0.2218	0.233367	0.25078	0.2756	0.283589
0.5	0.12	0.95	0.73	0.99	0.5	0.73	0.05	0.05	0.05	0.02	0.05	0.02	0.5	0.73	0.5	0.73	0.02	0.88	0.12	0.4425	0.17875	0.43875	0.33125	0.345	0.305	0.23375	0.32	0.405	0.44625	0.65125	0.27	0.66125	0.54875	0.37625	0.45	0.48125	0.26375	0.32	0.47875	-3.5	-1.56667	-0.74	-0.0428571	0.744444	0.3614	0.327667	0.31384	0.2977	0.277067
0.27	0.01	0.95	0.5	0	0.27	0.27	0.99	0.12	0	0.02	0.05	0.5	0.73	0.88	0.27	0.12	0	0.05	0.02	0.49	0.1925	0.43875	0.41625	0.4725	0.3625	0.31	0.18375	0.44375	0.425	0.65125	0.2125	0.57375	0.53875	0.38625	0.47875	0.52875	0.23875	0.48	0.4625	-0.4	-2.46667	-1.72	-0.185714	0.488889	0.3998	0.410167	0.3626	0.3048	0.286933
0.73	0.73	0.73	0.73	0.5	0.88	0.5	0.5	0.73	0.12	0.12	0.73	0.5	0.12	0.12	0.73	0.5	0.05	0.27	0.12	0.4325	0.1975	0.52375	0.44375	0.41	0.2575	0.28125	0.2725	0.38625	0.38125	0.55	0.20375	0.545	0.5875	0.5575	0.45	0.48125	0.2325	0.5	0.45	-3.5	-1.43333	-1	-0.557143	-0.0111111	0.4693	0.409933	0.35898	0.330214	0.306667
0.73	0.12	0.27	0.27	0.27	0.27	0.27	0.5	0.27	0.27	0.88	0.27	0.88	0.27	0.73	0.5	0.5	0.5	0.5	0.5	0.4325	0.39125	0.6125	0.5775	0.3225	0.42375	0.36625	0.305	0.4625	0.315	0.39875	0.2925	0.47875	0.50875	0.51	0.53875	0.4525	0.06	0.5	0.4025	-0.4	-0.366667	0.08	-0.542857	-1.01111	0.3607	0.344567	0.34566	0.3459	0.346522
0.27	0.05	0.5	0.88	0.02	0.12	0.27	0.12	0.88	0.73	0.5	0.12	0.73	0.95	0.12	0.73	0.27	0.27	0.95	0.73	0.4425	0.4475	0.66875	0.605	0.35375	0.5375	0.45125	0.3525	0.44375	0.24375	0.35125	0.35875	0.4975	0.30625	0.64375	0.48125	0.51	0.0875	0.43125	0.285	2.8	1.43333	0.02	-0.685714	-1.31111	0.2037	0.2864	0.33202	0.362214	0.3831
0.27	0.27	0.5	0.5	0.05	0.5	0.27	0.12	0.5	0.73	0.88	0.27	0.73	0.27	0.73	0.12	0.5	0.05	0.5	0.5	0.395	0.4675	0.565	0.57625	0.345	0.54625	0.47	0.38	0.57625	0.3	0.36375	0.3675	0.58625	0.42	0.51	0.52875	0.42375	0.115	0.41125	0.36125	1.9	1.33333	-0.18	-1.12857	-0.611111	0.2948	0.2767	0.33328	0.383814	0.384911
0.27	0.88	0.73	0.5	0.5	0.27	0.12	0.27	0.88	0.27	0.27	0.73	0.5	0.05	0.73	0.73	0.73	0.02	0.5	0.5	0.42375	0.42375	0.48	0.57625	0.38	0.6325	0.5175	0.3	0.605	0.42	0.52875	0.31875	0.64375	0.41875	0.49125	0.48125	0.41375	0.125	0.4675	0.3925	-0.7	-1.1	-0.8	-0.228571	-0.144444	0.3316	0.367333	0.37134	0.370729	0.393389
0.27	0.95	0.27	0.73	0.02	0.73	0.5	0.27	0.27	0.5	0.5	0.27	0.73	0.5	0.5	0.5	0.5	0.05	0.73	0.5	0.36625	0.43375	0.48	0.56625	0.3925	0.55625	0.44125	0.2525	0.7	0.3825	0.49125	0.4075	0.5675	0.35375	0.59625	0.48125	0.41375	0.1175	0.4675	0.3925	-4.5	-2.9	-0.8	0.371429	-0.188889	0.4756	0.452733	0.40614	0.387214	0.402322
0.5	0.5	0.95	0.88	0.5	0.88	0.95	0.12	0.73	0.01	0.12	0.5	0.12	0.01	0.73	0.5	0.5	0.01	0.02	0.02	0.3375	0.5375	0.4525	0.57625	0.4175	0.56625	0.41375	0.22375	0.71875	0.44375	0.4625	0.37875	0.65625	0.39625	0.53875	0.51	0.385	0.0625	0.50875	0.42375	-3.5	-1.73333	-0.42	-0.585714	-0.233333	0.551	0.4681	0.4424	0.436643	0.413156
0.12	0.5	0.12	0.12	0.95	0.95	0.88	0.27	0.73	0.5	0.5	0.27	0.73	0.73	0.27	0.27	0.27	0.02	0.27	0.5	0.41375	0.6225	0.50875	0.57625	0.3925	0.605	0.45125	0.22375	0.71875	0.3825	0.44375	0.42625	0.55125	0.25	0.615	0.51	0.4425	0.03375	0.3925	0.36375	2.8	1.03333	-1.06	-0.971429	-0.122222	0.3777	0.468267	0.48602	0.459986	0.438367
0.5	0.27	0.5	0.5	0.73	0.73	0.5	0.5	0.73	0.5	0.73	0.12	0.73	0.5	0.73	0.5	0.27	0.05	0.5	0.27	0.395	0.70875	0.49	0.52875	0.42	0.66125	0.575	0.21375	0.71875	0.30625	0.3675	0.445	0.49375	0.26	0.52875	0.52875	0.4425	0.03	0.31625	0.3925	3.8	0.9	-0.32	-0.328571	-0.833333	0.4761	0.467833	0.48254	0.474129	0.468211
0.27	0.88	0.27	0.88	0.12	0.73	0.27	0.12	0.88	0.05	0.05	0.98	0.12	0.05	0.73	0.5	0.27	0.02	0.5	0.12	0.5	0.61375	0.46125	0.52875	0.4675	0.69	0.68	0.31875	0.605	0.335	0.43375	0.30875	0.5225	0.31625	0.52875	0.52875	0.385	0.0375	0.26875	0.3825	-3.9	-0.3	1.14	-0.328571	-1.18889	0.5497	0.494667	0.45846	0.486671	0.488922
0.73	0.5	0.73	0.5	0.95	0.5	0.5	0.12	0.88	0.27	0.27	0.27	0.98	0.12	0.5	0.73	0.27	0.02	0.12	0.27	0.47125	0.605	0.37625	0.51875	0.37625	0.6425	0.6225	0.4075	0.63375	0.27875	0.3775	0.3975	0.3575	0.3075	0.58625	0.47125	0.3375	0.04625	0.24	0.335	-0.8	-0.3	-0.32	-0.385714	-0.866667	0.4582	0.4795	0.4956	0.481957	0.482656
0.5	0.73	0.12	0.12	0.27	0.5	0.5	0.27	0.88	0.73	0.73	0.27	0.5	0.5	0.27	0.5	0.5	0.05	0.27	0.73	0.47125	0.52	0.3675	0.47125	0.46125	0.56625	0.51875	0.38875	0.605	0.31125	0.39625	0.34125	0.525	0.38125	0.53	0.47125	0.26125	0.0475	0.31	0.36625	3.8	-0.5	-1.86	-1.01429	-0.166667	0.4306	0.484067	0.50398	0.487886	0.452811
0.5	0.73	0.73	0.5	0.05	0.73	0.88	0.27	0.5	0.12	0.5	0.27	0.27	0.12	0.5	0.5	0.5	0.05	0.12	0.5	0.51875	0.49125	0.33875	0.4425	0.48	0.51	0.395	0.47375	0.6525	0.33125	0.39625	0.37	0.58125	0.3525	0.47375	0.5	0.29	0.0475	0.38625	0.36625	-4.5	-1.53333	-1.4	-1.15714	-0.522222	0.5634	0.504	0.47788	0.460214	0.448911
0.88	0.73	0.27	0.88	0.27	0.5	0.73	0.73	0.12	0.05	0.12	0.5	0.12	0.05	0.73	0.73	0.27	0.05	0.12	0.27	0.47125	0.54875	0.39625	0.45125	0.3625	0.51	0.47375	0.36	0.6425	0.28	0.355	0.36	0.51125	0.30125	0.41625	0.47125	0.3	0.0425	0.3575	0.395	-3.9	-3.33333	-0.68	-0.657143	-1.33333	0.518	0.5002	0.44272	0.430629	0.457822
0.5	0.5	0.05	0.27	0.12	0.12	0.27	0.98	0.5	0.27	0.27	0.27	0.27	0.5	0.73	0.27	0.12	0.12	0.12	0.27	0.49125	0.47	0.39625	0.41875	0.42875	0.5575	0.5	0.315	0.5475	0.365	0.44875	0.2725	0.51125	0.34875	0.33125	0.4725	0.29125	0.15375	0.32875	0.49	-1.6	-0.9	-1.52	-1.04286	-0.588889	0.4192	0.406533	0.42512	0.444643	0.405378
0.27	0.05	0.27	0.12	0.5	0.27	0.12	0.12	0.5	0.73	0.73	0.05	0.98	0.98	0.05	0.27	0.12	0.05	0.73	0.73	0.44375	0.46625	0.28375	0.37625	0.38125	0.4825	0.45875	0.41375	0.44	0.3925	0.44875	0.26875	0.4225	0.3925	0.355	0.39625	0.29125	0.1625	0.3	0.50875	2.8	0.266667	-1.32	-1.18571	-0.288889	0.2824	0.348067	0.4237	0.394229	0.362278
0.5	0.27	0.5	0.27	0.88	0.73	0.27	0.95	0.73	0.05	0.27	0.5	0.95	0.12	0.05	0.5	0.5	0.02	0.73	0.27	0.355	0.43875	0.33125	0.465	0.3	0.4725	0.5	0.2775	0.335	0.38875	0.43	0.2125	0.365	0.4375	0.3275	0.3675	0.215	0.16	0.2675	0.48125	-0.4	-0.366667	0.02	-0.271429	-1.1	0.3426	0.393767	0.33564	0.323786	0.3666
0.5	0.73	0.5	0.95	0.01	0.5	0.98	0.05	0.27	0.02	0.02	0.27	0.02	0.02	0.5	0.5	0.12	0.01	0.27	0.27	0.38375	0.4	0.27375	0.35125	0.40875	0.44375	0.36375	0.39	0.44875	0.41125	0.46125	0.24125	0.56625	0.45	0.31875	0.39625	0.23375	0.24625	0.325	0.43375	-3.5	-0.366667	0.72	-0.214286	-0.777778	0.5563	0.325533	0.26586	0.316857	0.338178
0.05	0.02	0.05	0.01	0.5	0.73	0.02	0.01	0.5	0.95	0.95	0.05	0.27	0.88	0.05	0.05	0.05	0.98	0.27	0.88	0.36375	0.4	0.2975	0.36	0.31625	0.3675	0.395	0.305	0.43875	0.4075	0.44875	0.24	0.64375	0.39875	0.285	0.36375	0.22375	0.1525	0.34375	0.415	2.8	0.4	-0.54	-0.214286	-0.777778	0.0777	0.234767	0.30328	0.300914	0.286422
0.12	0.02	0.05	0.01	0.95	0.05	0.02	0.05	0.02	0.95	0.73	0.02	0.98	0.95	0.01	0.12	0.27	0.02	0.5	0.88	0.29875	0.4	0.35375	0.38875	0.2475	0.55625	0.3675	0.18	0.49875	0.465	0.56125	0.24375	0.58375	0.45	0.20125	0.33625	0.1875	0.32	0.315	0.415	1.9	0.4	-0.78	-1.17143	-0.288889	0.0703	0.205833	0.29628	0.268029	0.2504
0.02	0.73	0.73	0.98	0	0.88	0.98	0.01	0.27	0.02	0.12	0.27	0.01	0	0.05	0.5	0.27	0	0.01	0.05	0.36875	0.33875	0.32625	0.3625	0.3375	0.52875	0.355	0.17625	0.52375	0.49125	0.5475	0.2975	0.585	0.46125	0.1925	0.28875	0.235	0.3175	0.3475	0.43	-3.5	-1.06667	-0.86	-0.714286	-0.988889	0.4695	0.282467	0.19546	0.232657	0.278667
0.73	0.88	0.27	0.27	0.05	0.27	0.5	0.27	0.95	0.27	0.5	0.27	0.95	0.12	0.88	0.73	0.27	0.73	0.12	0.12	0.2325	0.2875	0.3225	0.4175	0.28375	0.52	0.3825	0.0275	0.34875	0.545	0.585	0.2375	0.36375	0.55625	0.08375	0.19875	0.26375	0.2575	0.27625	0.45	-1.6	-3	-0.86	-0.714286	-0.633333	0.3076	0.276433	0.19892	0.229871	0.2455
0.27	0.02	0.01	0.01	0.02	0.12	0.02	0.01	0.27	0.95	0.95	0.27	0.99	0.5	0.01	0.02	0.12	0.27	0.27	0.73	0.3375	0.30625	0.29875	0.33375	0.405	0.5675	0.32625	0.0875	0.49125	0.52	0.58875	0.21	0.37125	0.54	0.16375	0.335	0.33	0.31625	0.2575	0.45875	-3.9	-0.9	-1.94	-0.714286	-0.0444444	0.0522	0.1516	0.29222	0.225071	0.186211
0.05	0.5	0.5	0.5	0.02	0.95	0.05	0.02	0.5	0.73	0.95	0.27	0.5	0.98	0.02	0.12	0.05	0.5	0.12	0.27	0.42125	0.35375	0.34125	0.305	0.37625	0.46375	0.3825	0.1	0.49125	0.49125	0.50375	0.295	0.46125	0.385	0.1625	0.4075	0.42375	0.19875	0.27625	0.44	2.8	-1.53333	-0.68	-0.728571	0.111111	0.095	0.228	0.20714	0.218271	0.223911
0.73	0.27	0.73	0.88	0.27	0.88	0.98	0.05	0.95	0.01	0.01	0.73	0.02	0.12	0.02	0.27	0.5	0.01	0.5	0.02	0.3275	0.49875	0.34	0.27125	0.28875	0.57625	0.355	0.105	0.495	0.46375	0.53125	0.35375	0.41375	0.37625	0.27125	0.48375	0.425	0.2575	0.1675	0.37625	-3.5	0.7	4.44089e-17	0.371429	-0.533333	0.5368	0.2253	0.15016	0.210771	0.255344
0.12	0.01	0.01	0	0.5	0.05	0.01	0.02	0.01	0.73	0.95	0.02	0.12	1	0.01	0.01	0.73	0.27	0.27	0.5	0.40125	0.44	0.33875	0.25875	0.35125	0.57	0.35375	0.1075	0.57875	0.43375	0.52125	0.40875	0.525	0.39125	0.2675	0.45625	0.365	0.22625	0.2575	0.34375	2.8	0.366667	1.62	0.0428571	0.166667	0.0441	0.2012	0.22312	0.217286	0.209111
0.88	0.02	0.05	0.02	0.95	0.73	0.05	0.27	0.73	0.5	0.5	0.05	0.12	0.27	0.27	0.88	0.5	0.02	0.27	0.95	0.23	0.4525	0.39125	0.2375	0.35125	0.5425	0.2925	0.0575	0.48	0.44375	0.52125	0.48125	0.40875	0.4825	0.12625	0.31875	0.3625	0.285	0.305	0.335	1.8	2.93333	0.28	1	-0.0444444	0.0227	0.161267	0.27476	0.217457	0.218867
0.5	0.88	0.88	0.27	0.27	0.73	0.5	0.12	0.73	0.5	0.27	0.73	0.5	0.12	0.05	0.73	0.73	0.27	0.27	0.27	0.335	0.4525	0.34875	0.23875	0.44875	0.61875	0.34375	0.08125	0.5375	0.32625	0.4325	0.4725	0.3	0.445	0.18625	0.45375	0.3525	0.2825	0.27375	0.33125	4.2	0.7	1.54	0.1	0.588889	0.417	0.2643	0.17808	0.260371	0.285556
0.05	0.95	0.27	0.12	0.5	0.88	0.73	0.12	0.5	0.01	0.01	0.95	0.12	0.02	0.88	0.88	0.73	0	0.01	0.12	0.38625	0.38125	0.3625	0.195	0.41875	0.48125	0.30875	0.07875	0.51875	0.35875	0.47125	0.41125	0.40875	0.42625	0.08	0.42	0.3475	0.31625	0.30625	0.3225	-3.9	1.03333	0.28	0.857143	0.7	0.3532	0.274533	0.24834	0.276886	0.287667
0	0	0	0	0.73	0	0	0	0	0.5	0.98	0	1	1	0.01	0.02	0.02	0.01	0.5	0.27	0.31625	0.5575	0.42375	0.1625	0.4475	0.605	0.36875	0.12125	0.5725	0.29625	0.34875	0.5575	0.3025	0.28875	0.1875	0.50875	0.38	0.31375	0.18375	0.3025	2.8	-1.53333	0.28	1	0.7	0.0534	0.267333	0.37428	0.286871	0.307133
0.12	0.99	0.73	0.12	0.5	0.73	0.05	0.12	0.88	0.12	0.05	0.88	0.02	0.12	0.01	0.5	0.02	0.95	0.5	0.5	0.2875	0.4325	0.33125	0.1475	0.4475	0.50875	0.36125	0.10375	0.46125	0.37125	0.46875	0.445	0.53375	0.365	0.18875	0.4475	0.295	0.19625	0.1525	0.33	-3.5	0.366667	0.2	0.242857	0.811111	0.3954	0.367067	0.31368	0.385343	0.3137
0.73	0.88	0.5	0.27	0.12	0.73	0.88	0.05	0.73	0.01	0.01	0.88	0.5	0.05	0.27	0.95	0.27	0.5	0.02	0.02	0.1025	0.4775	0.41625	0.25125	0.37625	0.5275	0.285	0.085	0.49875	0.3225	0.41125	0.4725	0.45875	0.34	0.12375	0.39125	0.31125	0.25	0.17875	0.27125	1.8	0.7	0.28	0.185714	0.222222	0.6524	0.387267	0.38544	0.340514	0.343489
0.01	0	0	0	0.01	0	0	0	0.12	0.5	1	0	0.99	0.73	0	0	0.01	0.5	0.12	0.05	0.16375	0.54	0.47875	0.37	0.3575	0.61875	0.4425	0.11	0.575	0.21375	0.26	0.55375	0.36875	0.255	0.2425	0.4525	0.28625	0.2175	0.195	0.24875	3.8	0.7	0.48	0.242857	-0.633333	0.114	0.4928	0.3954	0.3316	0.340078
0.12	0.73	0.95	0.5	0.73	0.99	0.73	0.27	0.88	0	0	0.95	0.05	0	0.01	0.12	0.05	0	0.01	0.01	0.235	0.36375	0.4175	0.355	0.20625	0.47625	0.37875	0.07625	0.4325	0.30875	0.38625	0.4075	0.48625	0.35	0.19375	0.39	0.3	0.28125	0.24125	0.2725	-3.5	1.36667	0.48	-0.657143	-0.288889	0.712	0.309733	0.37448	0.379157	0.324578
0.01	0	0	0	0.27	0.01	0	0	0	0.95	0.98	0	0.99	0.73	0.02	0	0.05	0.27	0.02	0.95	0.26375	0.455	0.5375	0.50875	0.1725	0.61375	0.595	0.11	0.57625	0.13	0.14125	0.5275	0.24375	0.13375	0.19125	0.405	0.3	0.24625	0.1775	0.12125	3.8	-1.06667	-0.58	-0.271429	-0.988889	0.1032	0.368667	0.32126	0.3532	0.3212
0.01	0.27	0.5	1	0	0.88	0.27	0.05	0.88	0	0	0.27	0	0	0.01	0.88	0.88	0	0	0	0.24875	0.2975	0.38375	0.36875	0.15	0.41375	0.555	0.08875	0.46625	0.34375	0.32	0.38375	0.4275	0.335	0.19125	0.2325	0.20875	0.1675	0.2425	0.1925	-3.5	-1.06667	-1.5	-1.02857	-0.177778	0.2908	0.2601	0.3412	0.263286	0.282944
0.27	0.5	0.88	0.95	0.01	0.73	0.88	0.27	0.73	0.12	0.05	0.5	0.27	0.12	0.73	0.27	0.27	0.01	0.5	0.12	0.2475	0.16	0.275	0.3425	0.1675	0.3425	0.375	0.1175	0.395	0.36125	0.40375	0.24625	0.365	0.315	0.06875	0.28125	0.26625	0.10375	0.18375	0.2975	-3.5	-2.6	-1.5	-1.02857	-0.177778	0.3863	0.296933	0.2034	0.2543	0.213633
0.73	0.27	0.73	0.5	0.01	0.73	0.95	0.12	0.12	0.27	0.02	0.73	0.12	0.05	0.5	0.5	0.88	0.01	0.27	0.27	0.25125	0.18875	0.29375	0.39875	0.29125	0.3425	0.36625	0.13625	0.45625	0.3425	0.405	0.2175	0.3225	0.23875	0.09875	0.25375	0.195	0.04125	0.3075	0.27875	-0.8	-2.6	-1.5	-0.271429	-0.1	0.2137	0.207667	0.19298	0.156671	0.202967
0.12	0	0.01	0.73	0	0.12	1	0	0.27	0.02	0	0.01	0	0	0	0.02	0.02	0	0	0	0.315	0.13125	0.265	0.3075	0.20125	0.295	0.26875	0.1175	0.3275	0.43625	0.53125	0.18875	0.455	0.36375	0.1625	0.29875	0.2975	0.04375	0.4025	0.345	-3.5	-0.166667	-0.44	-0.171429	0.6	0.023	0.0959333	0.14054	0.1445	0.125033
0	0	0	0	0.05	0	0	0	0.88	0.88	0.5	0	0.5	1	0	0	0.12	0.05	1	0.12	0.34375	0.2225	0.2725	0.4	0.27125	0.4	0.4	0.11875	0.2525	0.2725	0.34875	0.315	0.33125	0.1475	0.16125	0.3925	0.34125	0.00375	0.275	0.22625	3.8	0.7	1.16	0.728571	0.677778	0.0511	0.0342333	0.06688	0.104471	0.119022
0.98	0.01	0.01	0.01	0.27	0.01	0.05	0.5	0.01	0.27	0.73	0.01	0.27	0.01	0.01	0.73	0.12	0	0.05	0.98	0.345	0.1875	0.20875	0.27375	0.335	0.29	0.36125	0.08375	0.25125	0.355	0.3225	0.28125	0.36125	0.3625	0.16	0.225	0.24625	0.01	0.395	0.21	1.8	3.36667	1.88	1.87143	1.26667	0.0286	0.0325667	0.02626	0.0563	0.0882556
0.5	0	0	0	1	0	0	0	0	0.5	0.98	0	0.5	0.05	0.01	0.01	0.05	0	0.88	0.05	0.405	0.12625	0.1	0.15625	0.2575	0.2	0.2575	0.1125	0.16125	0.43625	0.40375	0.22	0.4175	0.34875	0.06875	0.28375	0.28375	0.00875	0.235	0.37375	4.5	3.03333	3.48	2.24286	2.12222	0.018	0.0190667	0.03148	0.0277571	0.0509333
0.02	0	0	0	0	0	0	0	0	0.5	0.99	0	0.99	0.95	0.02	0	0.01	0.01	0.5	0.27	0.465	0.09375	0.0425	0.09375	0.5	0.115	0.14	0.0975	0.14625	0.525	0.51	0.13	0.40375	0.23625	0.00625	0.25625	0.2125	0.00625	0.25125	0.435	2.8	3.93333	3.08	3.34286	2.71111	0.0106	0.0259	0.02404	0.0316714	0.0297889
0.12	0.73	0.05	0.01	0.88	0.73	0.05	0.01	0.01	0.5	0.02	1	0.5	0	0.01	0.73	0.5	0	0	0.12	0.44	0.0025	0.035	0.00125	0.405	0.00875	0.00875	0.09625	0.1175	0.64125	0.75625	0.00375	0.49875	0.47375	0.0075	0.1625	0.155	0.00875	0.31625	0.46875	4.5	3.03333	3.56	3.44286	3.6	0.0491	0.0245333	0.0284	0.0277143	0.0283111
1	0	0	0	0.73	0.01	0.01	0.27	0	0.05	0.02	0.01	0.01	0.73	0.01	0.27	0.12	0	0.01	0.73	0.33625	0.09375	0.04125	0.0025	0.5275	0.09875	0.01375	0.06375	0.00875	0.67875	0.81625	0.1275	0.58875	0.3825	0.0075	0.22	0.18875	0.005	0.22375	0.41125	1.8	3.5	3.56	3.82857	3.6	0.0139	0.0378	0.02948	0.0250143	0.0265
0.27	0	0	0	0.12	0	0	0	0	1	0.95	0	0.95	0.05	0	0.02	0.5	0	0.05	0.5	0.32	0.09875	0.165	0.06375	0.68875	0.11375	0.01125	0.03625	0.07	0.52625	0.60875	0.1425	0.4375	0.46625	0.01375	0.2825	0.23625	0.0675	0.2125	0.3175	4.2	3.5	3.9	3.72857	3.31111	0.0504	0.0292333	0.0293	0.0274143	0.0394444
0.73	0.01	0.27	0	0.95	0.05	0.01	0	0	0.98	0.88	0.01	0.5	0.05	0.01	0.27	0.27	0	0.02	0.98	0.2625	0.1	0.13375	0.07	0.46125	0.14125	0.0125	0.09875	0.07125	0.4675	0.50125	0.1475	0.43375	0.46125	0.13625	0.36875	0.35	0.06875	0.1075	0.2575	4.5	4.4	3.76	3.21429	2.76667	0.0234	0.0278333	0.02644	0.0466286	0.0658667
0.02	0	0	0	0.12	0	0	0	0.05	0.95	1	0	0.27	0.95	0	0	0.05	0.01	0.02	0.12	0.3825	0.1025	0.25875	0.195	0.565	0.15375	0.1325	0.1325	0.1275	0.40875	0.365	0.15125	0.33875	0.23	0.16875	0.4175	0.37875	0.06625	0.045	0.33375	4.5	4.26667	3.24	2.51429	2.06667	0.0097	0.0226333	0.05268	0.0761571	0.135089
0.05	0	0	0	0.88	0	0	0	0	0.73	0.98	0	0.73	1	0	0	0.01	0.02	0.27	0.27	0.47375	0.135	0.25875	0.19625	0.375	0.09625	0.14125	0.13375	0.195	0.465	0.39875	0.08875	0.28125	0.22625	0.17	0.36	0.38375	0.0675	0.02875	0.41	3.8	2.5	2.32	1.75714	1.06667	0.0348	0.0632	0.09376	0.164686	0.151989
0.12	0.05	1	0.5	0.95	0.12	0.02	0.01	0.5	0	0	0.12	0	0	0.05	0.98	0.88	0.5	0	0	0.355	0.23875	0.14875	0.14875	0.385	0.17125	0.2	0.10125	0.2425	0.55625	0.525	0.1825	0.43375	0.2625	0.28625	0.295	0.3225	0.00875	0.06375	0.35875	-0.8	0.866667	0.72	0.514286	0.688889	0.1451	0.145233	0.2158	0.186229	0.231967
0.5	0.02	0.02	0.05	0.01	0.27	0.02	0.5	0.01	0.01	0.05	0.05	0.02	0.01	1	0.95	0.73	0.01	0.01	0.05	0.28	0.24875	0.3625	0.29625	0.4875	0.155	0.23375	0.165	0.31875	0.4325	0.4025	0.19375	0.31375	0.28875	0.1825	0.35875	0.28125	0.10375	0.07125	0.29	-0.4	-1.56667	-1.08	-0.357143	0.177778	0.2558	0.344833	0.2541	0.2877	0.294889
0.27	0.01	0.73	1	0	0.05	0.95	0.27	0.5	0	0.02	0.02	0	0	0.27	0.12	0.02	0	0	0.02	0.22375	0.24875	0.24	0.1775	0.37125	0.1775	0.11625	0.19375	0.2575	0.42125	0.42125	0.19625	0.2875	0.3175	0.2725	0.44375	0.35125	0.10625	0.0725	0.28125	-3.5	-2.8	-2.16	-1.05714	0.1	0.6336	0.363533	0.39388	0.374414	0.305044
0.88	0.99	0.05	0.02	0.12	0.27	0.12	0.02	0.5	0.73	0.27	0.5	0.5	0.02	0.02	0.27	0.5	0.02	0.12	0.88	0.16	0.23625	0.35875	0.33375	0.35625	0.26	0.33875	0.2275	0.285	0.245	0.28	0.24625	0.25375	0.19875	0.30625	0.535	0.37625	0.10375	0.0575	0.17375	-4.5	-3.2	-2.08	-1.05714	0.0222222	0.2012	0.522833	0.4882	0.385843	0.376256
0.12	0.88	0.12	0.12	0.88	0.73	0.5	0.02	0.88	0.05	0.05	0.88	0.5	0.02	0.99	0.73	0.5	0.01	0.02	0.05	0.2825	0.25625	0.4725	0.44	0.26125	0.29375	0.41	0.2425	0.27125	0.24	0.18625	0.21375	0.16375	0.07375	0.1875	0.5875	0.39	0.1025	0.0375	0.24625	-1.6	-2.16667	-1.24	-0.4	-0.788889	0.7337	0.5172	0.46	0.458057	0.418767
0.05	0.05	0.73	0.73	0	0.02	0.27	1	0.12	0.02	0.02	0.02	0.01	0.27	0.12	0.5	0.02	0.27	0.12	0	0.3675	0.445	0.33375	0.3075	0.255	0.4775	0.45125	0.125	0.41375	0.25875	0.205	0.3975	0.24	0.07625	0.40875	0.55625	0.37375	0.00875	0.04	0.34375	-0.4	0.6	0.22	-0.842857	-0.233333	0.6167	0.4884	0.4634	0.481143	0.445989
0.05	0	0	0	0.01	0.01	0	0	0	0.88	1	0	0.27	0.27	0	0.12	0.12	0.01	0.02	0.88	0.39625	0.51125	0.4375	0.48375	0.28625	0.53625	0.60125	0.22125	0.49	0.15625	0.0825	0.50375	0.21125	0.08125	0.36125	0.595	0.3325	0.04125	0.05375	0.26125	3.8	2.4	0.42	0.257143	-0.622222	0.1148	0.4607	0.50664	0.446357	0.497544
0.12	0.88	0.27	0.27	0.12	0.88	0.95	0.02	0.27	0.27	0.12	0.88	0.5	0.02	0.02	0.88	0.73	0.01	0.02	0.12	0.41625	0.51	0.31875	0.34	0.30625	0.5125	0.47375	0.19125	0.51625	0.26625	0.28125	0.50125	0.245	0.11875	0.34	0.51875	0.26875	0.04375	0.11625	0.3875	3.8	1.36667	1.58	0.342857	-0.411111	0.6506	0.394267	0.43792	0.520443	0.466922
0.27	0.05	0.98	0.95	0.88	0.73	0.95	0.12	0.27	0.01	0.01	0.12	0.01	0	0.02	0.88	0.12	0	0.01	0.02	0.29375	0.49	0.225	0.2525	0.1975	0.4975	0.45875	0.1775	0.45375	0.33125	0.32375	0.53375	0.25	0.22875	0.3375	0.48625	0.285	0.0425	0.105	0.41375	-3.5	1.5	0.88	0.342857	0.588889	0.4174	0.486033	0.45854	0.466771	0.445867
0.73	0.73	0.5	0.05	0.02	0.88	0.12	0.05	0.88	0.12	0.12	0.73	0.12	0.27	0.95	0.5	0.27	0.01	0.12	0.73	0.255	0.38625	0.285	0.46	0.195	0.4975	0.62375	0.19875	0.3775	0.3125	0.31	0.43875	0.175	0.195	0.1	0.47625	0.21875	0.04	0.09	0.325	4.2	-1.06667	-0.2	1.04286	0.377778	0.3901	0.5091	0.50718	0.380343	0.413778
0.73	0.5	0.12	0.73	0.27	0.73	0.95	0.27	0.5	0.05	0.05	0.88	0.05	0.05	0.5	0.88	0.5	0.01	0.02	0.27	0.34	0.51875	0.30375	0.34625	0.22625	0.62375	0.605	0.08	0.52	0.325	0.3225	0.5275	0.21625	0.19	0.1475	0.42875	0.22125	0.0075	0.09	0.38875	-3.9	-0.433333	-0.06	0	0.0333333	0.7198	0.4893	0.3794	0.4275	0.409656
0.5	0.88	0.05	0.12	0.27	0.73	0.88	0.05	0.98	0.27	0.73	0.88	0.5	0.05	0.12	0.27	0.12	0.02	0.5	0.27	0.39625	0.4725	0.31375	0.42375	0.31625	0.625	0.6475	0.1225	0.46125	0.2975	0.235	0.52875	0.24875	0.21875	0.19625	0.4925	0.26875	0.00625	0.0425	0.37	-1.6	-0.333333	-0.06	-1.04286	0.111111	0.358	0.363167	0.3849	0.417357	0.407267
0.05	0	0.01	0	0.01	0	0	0.01	0	0.99	0.5	0	0.05	0.88	0	0.01	0.02	0	0.02	0.99	0.43875	0.59625	0.31875	0.40625	0.34	0.73125	0.645	0.12625	0.66	0.17375	0.2825	0.535	0.24875	0.1275	0.20875	0.4175	0.1925	0.0075	0.115	0.265	4.5	-0.2	-1.6	0.1	-0.7	0.0117	0.271533	0.4228	0.371057	0.357011
0.27	0.73	0.12	0.88	0	0.88	0.99	0.12	0.88	0.01	0.05	0.73	0.01	0.02	0.02	0.27	0.12	0	0.01	0.05	0.3925	0.5325	0.30125	0.29625	0.23125	0.62125	0.525	0.1	0.55	0.29625	0.34375	0.49125	0.3625	0.25	0.20625	0.3375	0.18	0.09875	0.14875	0.38625	-3.5	-0.833333	0.08	-1	-0.7	0.4449	0.3454	0.2975	0.343657	0.369744
0.73	0.88	0.5	0.5	0.5	0.88	0.95	0.27	0.88	0.05	0.05	0.88	0.27	0.01	0.05	0.5	0.27	0.01	0.02	0.05	0.30625	0.54125	0.2825	0.3525	0.1675	0.62125	0.60625	0.09	0.47375	0.27875	0.335	0.50375	0.3775	0.22	0.1175	0.28	0.21875	0.0975	0.195	0.31	-3.5	-0.833333	-0.3	-0.942857	-1.55556	0.5796	0.3726	0.26556	0.316829	0.366544
0.27	0.01	0.01	0.01	0.73	0.02	0.27	0.12	0.01	0.88	0.98	0.01	0.98	0.5	0.01	0.02	0.12	0.01	0.12	0.73	0.36375	0.58875	0.33125	0.3225	0.1075	0.63875	0.57375	0.07625	0.5225	0.2875	0.3225	0.50375	0.37375	0.215	0.06125	0.26375	0.20875	0.1025	0.305	0.30125	4.5	-0.833333	-1.9	-1.21429	-0.7	0.0933	0.2904	0.36962	0.3173	0.288578
0.01	0.99	0.27	0.01	0.05	1	0.05	0.01	0.88	0	0.27	0.05	0.05	0.12	0	0.02	0.02	0	0.12	0	0.3675	0.37125	0.32625	0.31	0.17375	0.535	0.50625	0.08625	0.40125	0.47375	0.43	0.40375	0.49	0.31875	0.05	0.245	0.2975	0.22	0.33375	0.45	-3.5	-0.833333	-1.9	-1.31429	-0.1	0.1983	0.274533	0.3529	0.318214	0.274333
0.12	0.27	0.95	0.95	0	0.73	0.98	0.02	0.27	0.01	0.05	0.5	0.88	0.12	0.02	0.5	0.12	0.73	0.27	0.05	0.41	0.5525	0.33125	0.3025	0.24125	0.66	0.48125	0.1175	0.54	0.36375	0.4575	0.43875	0.41375	0.22375	0.05375	0.24625	0.31625	0.22	0.375	0.35375	-3.5	-3.5	-0.44	-0.271429	-0.988889	0.532	0.363867	0.2406	0.287486	0.330144
0.5	0.95	0.73	0.12	0.01	0.88	0.73	0.12	0.27	0.02	0.05	0.98	0.5	0.02	0.27	0.27	0.73	0.01	0.5	0.12	0.45125	0.37875	0.35875	0.29875	0.3625	0.53375	0.48	0.09625	0.43125	0.42375	0.46625	0.29	0.57	0.235	0.0225	0.30375	0.335	0.31	0.34625	0.40125	-3.5	-1.06667	-0.58	-0.271429	-0.4	0.3613	0.3038	0.2679	0.278114	0.289033
0.73	0.01	0.02	0	0.02	0.01	0.01	0.01	0.02	0.95	0.88	0.01	0.73	0.5	0.01	0.27	0.27	0.05	1	0.88	0.33125	0.38625	0.385	0.25125	0.39	0.5325	0.45125	0.07625	0.3525	0.31625	0.48125	0.30125	0.57	0.28375	0.04875	0.24125	0.35875	0.30375	0.2825	0.3025	3.8	1.36667	-0.58	-0.657143	0.411111	0.0181	0.203067	0.33104	0.275486	0.225544
0.27	0.12	0.27	0.02	0.12	0.88	0.12	0.02	0.88	0.88	0.88	0.12	0.5	0.5	0.02	0.12	0.73	0.95	0.73	0.73	0.36125	0.49	0.38625	0.31	0.34875	0.54	0.51375	0.075	0.335	0.24875	0.42125	0.3775	0.49125	0.3125	0.04875	0.29125	0.30125	0.1925	0.36375	0.26375	3.8	1.36667	0.48	0.385714	-0.477778	0.2298	0.253967	0.23962	0.248329	0.263144
0.5	0.73	0.73	0.88	0.5	0.73	0.73	0.27	0.5	0.12	0.5	0.73	0.27	0.12	0.05	0.5	0.27	0.73	0.5	0.27	0.39375	0.38125	0.3575	0.32	0.2975	0.49625	0.54125	0.04875	0.39125	0.3775	0.45	0.38625	0.52	0.37875	0.05125	0.30375	0.41875	0.33	0.41125	0.33625	-3.5	0.7	1.94	0.385714	0.333333	0.514	0.2729	0.169	0.234	0.278756
0.98	0.02	0.12	0.02	0.98	0.02	0.73	0.05	0.01	0.5	0.12	0.02	0.88	0.01	0.02	0.5	0.88	0	0.01	0.5	0.3525	0.43875	0.31625	0.30875	0.27125	0.5275	0.425	0.07375	0.54375	0.3625	0.525	0.41375	0.39625	0.44	0.0525	0.24375	0.33	0.33625	0.56375	0.3925	1.8	0.7	0.48	1.42857	0.333333	0.0749	0.199033	0.25172	0.230786	0.233622
0	0	0	0	0.73	0	0	0	0	0.12	1	0	0.5	0.88	0	0	0	0	0.01	0.02	0.41875	0.32375	0.24125	0.29625	0.42375	0.4225	0.43125	0.07125	0.51125	0.53125	0.5	0.3	0.49125	0.33125	0.0225	0.2875	0.44	0.33625	0.51625	0.5475	3.8	0.7	0.48	0.385714	1.14444	0.0082	0.1716	0.27352	0.246171	0.197989
0.05	0.95	0.27	0.5	0.5	0.95	0.88	0.12	0.73	0.27	0.5	0.73	0.12	0.73	0.02	0.27	0.12	0.02	0.5	0.27	0.38375	0.31375	0.29625	0.2675	0.48375	0.39375	0.41125	0.08875	0.48	0.40875	0.515	0.3175	0.51	0.29	0.03375	0.31125	0.4825	0.33	0.33625	0.44	-3.5	1.36667	0.48	0.385714	0.288889	0.4317	0.259567	0.19588	0.219143	0.2529
0.5	0.73	0.5	0.95	0.02	0.5	0.88	0.05	0.95	0.27	0.12	0.73	0.05	0.27	0.05	0.5	0.5	0.88	0.27	0.12	0.35625	0.38875	0.29625	0.27125	0.6475	0.43125	0.43	0.11	0.405	0.3325	0.48625	0.4125	0.5475	0.31875	0.06125	0.33	0.40625	0.11	0.365	0.3825	3.8	-1.06667	0.88	0.328571	0.288889	0.3388	0.298767	0.18902	0.2189	0.282256
0.27	0.02	0.01	0	0.27	0.27	0.05	0	1	0.27	0.27	0.01	0.5	0.5	0	0.02	0.02	0.05	1	0.73	0.3375	0.505	0.385	0.28625	0.66375	0.47875	0.47625	0.11625	0.455	0.31875	0.41125	0.5025	0.4725	0.27625	0.06375	0.41875	0.52375	0.21375	0.2175	0.2875	-3.5	1.36667	-0.66	0.614286	0.288889	0.1258	0.1684	0.28984	0.278771	0.270067
0.05	0.01	0.01	0	0.98	0.02	0.05	0.05	0	0.99	0.73	0.05	0.88	0.02	0.01	0.12	0.73	0.01	0.12	0.88	0.2575	0.6225	0.40375	0.29	0.45875	0.6175	0.41875	0.195	0.70375	0.16875	0.34125	0.52875	0.32125	0.36875	0.06625	0.40625	0.33125	0.22125	0.45	0.2075	3.8	-1.2	0.8	-0.428571	-0.266667	0.0406	0.226233	0.3023	0.335357	0.293822
0.5	0.88	0.73	0.27	0.27	0.73	0.73	0.27	0.5	0.12	0.5	0.88	0.5	0.02	0.12	0.73	0.73	0.02	0.05	0.27	0.235	0.57625	0.32875	0.2625	0.5475	0.63875	0.34875	0.25875	0.75125	0.2775	0.25125	0.43125	0.36875	0.26125	0.1775	0.33625	0.34625	0.22125	0.52	0.2825	-3.9	1.23333	-0.66	-0.385714	-0.866667	0.5123	0.348967	0.3154	0.314929	0.360056
0.5	0.5	0.5	0.5	0.95	0.73	0.27	0.12	0.5	0.27	0.27	0.88	0.73	0.27	0.27	0.5	0.5	0.05	0.73	0.12	0.24375	0.53875	0.4425	0.29	0.40125	0.6425	0.40625	0.325	0.77875	0.22625	0.22	0.37375	0.3275	0.14	0.21875	0.39375	0.4225	0.21625	0.37875	0.26875	3.8	-1.2	-0.6	-1.15714	-0.866667	0.494	0.4702	0.34798	0.352857	0.404511
0.12	0.95	0.95	0.05	0.88	0.88	0.27	0.27	0.95	0.01	0.05	0.73	0.12	0.01	0.02	0.73	0.73	0.73	0.05	0.12	0.29125	0.425	0.38625	0.3375	0.47	0.68375	0.3875	0.3625	0.61	0.24	0.23375	0.335	0.4125	0.14	0.30625	0.4125	0.34625	0.0225	0.445	0.26	-3.5	-0.966667	-1.68	-1.15714	-1.37778	0.4043	0.395667	0.46072	0.453714	0.400267
0.12	0.95	0.27	0.05	0.05	0.88	0.27	0.73	1	0.02	0.02	0.27	0.05	0.27	0.05	0.5	0.05	0.02	0.99	0.01	0.32	0.5325	0.485	0.34375	0.57375	0.76	0.39625	0.33875	0.57	0.2075	0.21	0.3975	0.37375	0.04625	0.42625	0.54875	0.52	0.13875	0.2175	0.1975	-3.2	-2.76667	-1.6	-1.81429	-1.07778	0.2887	0.432433	0.52462	0.490857	0.4687
0.27	0.5	0.12	0.05	0.73	0.88	0.12	0.73	0.88	0.12	0.05	0.05	0.5	0.02	1	0.05	0.12	0.01	0.5	0.01	0.32875	0.67875	0.59375	0.435	0.42875	0.8675	0.47125	0.42375	0.695	0.08625	0.14875	0.4525	0.27	0.1375	0.3125	0.6525	0.51125	0.1725	0.2975	0.12125	-1.6	-2.76667	-2.52	-1.37143	-1.88889	0.6043	0.574933	0.48594	0.523629	0.5359
0.12	0.27	0.95	0.95	0.01	0.98	0.88	0.5	0.95	0.01	0.02	0.27	0.02	0.01	0.5	0.5	0.5	0.01	0.05	0.01	0.3	0.7225	0.41375	0.29	0.57625	0.77875	0.29125	0.41875	0.63875	0.1	0.1525	0.40625	0.33	0.2275	0.36	0.52	0.37875	0.17125	0.3625	0.1025	-3.5	-1.96667	-1.98	-2.41429	-1.03333	0.8318	0.5789	0.55342	0.545257	0.486911
0.5	0.27	0.5	0.88	0.5	0.98	0.73	0.5	0.05	0.12	0.01	0.27	0.12	0.01	0.5	0.88	0.12	0.01	0.12	0.05	0.19625	0.66	0.4075	0.23625	0.3975	0.72125	0.27625	0.40375	0.69125	0.08625	0.23	0.29625	0.24125	0.31875	0.32625	0.41625	0.36625	0.2875	0.385	0.08875	-0.8	-1.7	-2.04	-1.37143	-1.14444	0.3006	0.6247	0.62476	0.4977	0.451178
0.5	0.88	0.12	0.05	0.27	0.88	0.12	0.27	0.73	0.02	0.05	0.05	0.12	0.01	0.99	0.88	0.73	0.27	0.12	0.12	0.30375	0.48	0.35125	0.34875	0.33125	0.6575	0.32125	0.5175	0.49	0.10375	0.22125	0.2475	0.22875	0.3325	0.38125	0.41625	0.26125	0.165	0.44125	0.0675	-0.8	-1.7	-0.96	-0.514286	-0.555556	0.7417	0.562567	0.51818	0.481086	0.461911
0.27	0.73	0.73	0.73	0.5	0.88	0.5	0.73	0.88	0.12	0.27	0.27	0.5	0.5	0.05	0.5	0.73	0.27	0.27	0.27	0.3325	0.49	0.35125	0.32	0.31125	0.66625	0.33125	0.37125	0.45625	0.08875	0.1925	0.31	0.1775	0.2375	0.495	0.41625	0.28875	0.1625	0.3	0.05	-3.5	-0.166667	0.3	-0.0285714	-0.633333	0.6454	0.486167	0.3863	0.466314	0.475767
0.12	1	0.12	0.01	0.73	0.12	0.05	0	0.12	0.12	0.5	0.73	0.5	0.73	0	0.12	0.05	0.01	0.12	0.12	0.31875	0.39375	0.4125	0.40375	0.1925	0.65375	0.3725	0.37125	0.44125	0.18375	0.2825	0.24625	0.23375	0.24	0.37625	0.4575	0.36	0.195	0.2575	0.10125	3.8	1.03333	0.82	-0.0857143	-0.0333333	0.0714	0.2964	0.42636	0.406543	0.410022
0.05	0	0	0	0.01	0.27	0	0	0.02	0.27	0.88	0	0.12	1	0	0.05	0.02	0.98	0.98	0.05	0.315	0.485	0.32375	0.28625	0.2825	0.51375	0.27	0.30875	0.335	0.255	0.3575	0.30375	0.40125	0.22	0.32	0.40375	0.335	0.07375	0.145	0.1425	2.8	2.8	0.2	0.571429	0.777778	0.1724	0.248233	0.3607	0.3654	0.352822
0.98	0.12	0.12	0.12	0.12	0.27	0.02	0.95	0.02	0.05	0.02	0.12	0.02	0.12	0.95	0.73	0.5	0.01	0.5	0.02	0.19875	0.45125	0.28	0.22375	0.22125	0.4825	0.1825	0.21875	0.34375	0.30125	0.5825	0.3175	0.5225	0.34375	0.145	0.27125	0.275	0.19625	0.1925	0.17375	1.8	0.233333	1.66	1.22857	0.477778	0.5009	0.362233	0.23414	0.304729	0.382378
0.12	0.88	0.88	0.5	0.12	0.95	0.73	0.02	0.88	0	0.01	0.99	0.02	0	0.02	0.12	0.27	0	0.01	0.02	0.2775	0.35625	0.185	0.1725	0.30625	0.32125	0.085	0.3025	0.16	0.39625	0.6875	0.32125	0.6175	0.36375	0.14	0.27125	0.24625	0.1975	0.24125	0.1925	-3.9	0.566667	1.66	1.22857	0.133333	0.4134	0.308967	0.28326	0.293471	0.312056
0.01	0	0	0	0.01	0.02	0	0	0	0.88	1	0	0.95	0.27	0	0	0.01	0.01	0.01	0.27	0.2725	0.375	0.20375	0.14375	0.25875	0.32875	0.115	0.215	0.16	0.38125	0.65375	0.41125	0.56125	0.30125	0.13625	0.22375	0.19375	0.16375	0.21	0.19	3.8	1.23333	0.4	0.128571	0.733333	0.0126	0.247667	0.3621	0.298814	0.253733
0.02	0	0.12	0	0.01	0.01	0.01	0	0	0.73	1	0	0.98	0.12	0.05	0	0.27	0.01	0.01	0.27	0.3475	0.2525	0.18	0.17625	0.16875	0.32125	0.11	0.22125	0.255	0.38625	0.59375	0.3225	0.49625	0.2625	0.255	0.31875	0.265	0.1625	0.19625	0.20875	3.8	1.36667	-0.74	0	0.233333	0.317	0.298733	0.28368	0.2914	0.302511
0.5	0.12	0.27	0.5	0.12	0.73	0.05	0.73	0.12	0.27	0.95	0.5	0.99	0.12	0.05	0.5	0.12	0.02	0.02	0.27	0.34375	0.24375	0.195	0.2325	0.155	0.23125	0.22375	0.145	0.36	0.4125	0.52375	0.275	0.4825	0.14	0.28875	0.34125	0.3725	0.04	0.0875	0.2175	-3.5	-1.2	0.42	-0.357143	-0.466667	0.5666	0.3308	0.2251	0.292757	0.324656
0.27	0.88	0.12	0.02	0.95	0.27	0.05	0.01	0.12	0.73	0.88	0.95	0.88	0.05	0.02	0.27	0.27	0.27	0.02	0.27	0.25125	0.13375	0.19875	0.2775	0.0375	0.25625	0.22125	0.11625	0.3575	0.4675	0.65375	0.20375	0.60375	0.19625	0.17375	0.27875	0.29375	0.00875	0.0275	0.325	-3.9	-1.83333	-0.48	-0.3	-0.244444	0.1088	0.2653	0.32466	0.2868	0.270111
0.12	0	0	0	0.01	0.01	0.01	0.01	0	0.88	0.99	0	0.98	0.27	0	0	0.05	0.01	0.02	0.5	0.26125	0.25875	0.11875	0.22	0.14	0.28875	0.16875	0.11625	0.38125	0.45125	0.64	0.2325	0.59125	0.16875	0.175	0.33125	0.32125	0.04125	0.0275	0.3	1.9	-0.9	-1.94	-0.3	-0.311111	0.1205	0.246567	0.3356	0.286429	0.263467
0.73	0.02	0.05	0.27	0.01	0.05	0.02	0.05	0.88	0.01	0.02	0.02	0.01	0.27	1	0.88	0.88	0	0.01	0.27	0.24625	0.31875	0.175	0.22	0.15375	0.3725	0.23	0.12625	0.39375	0.45625	0.6425	0.26375	0.65625	0.1975	0.065	0.34	0.32625	0.04375	0.09	0.30125	-0.7	-0.766667	-0.48	-1.48571	-1.12222	0.5104	0.3342	0.22428	0.291657	0.318833
0.5	0.05	0.27	0.95	0.01	0.27	0.95	0.12	0.98	0.02	0.27	0.12	0.02	0.02	0.27	0.73	0.73	0.01	0.12	0.12	0.30625	0.31625	0.13375	0.135	0.155	0.35	0.11375	0.1175	0.39625	0.4875	0.605	0.2525	0.655	0.2475	0.15125	0.365	0.345	0.0425	0.0775	0.39625	-3.5	-0.133333	-0.6	-1.48571	-1.04444	0.3717	0.297367	0.27324	0.2837	0.287711
0.01	0	0	0	0.01	0.01	0	0	0	0.95	0.99	0	0.88	0.5	0	0	0.02	0.01	0.02	0.88	0.39625	0.31375	0.2525	0.25375	0.2625	0.30625	0.2325	0.1325	0.50625	0.34	0.3975	0.22	0.42625	0.17375	0.18125	0.51625	0.48125	0.04	0.1025	0.35875	3.8	-1.4	-1.68	-0.285714	-0.188889	0.01	0.2451	0.35132	0.273429	0.2369
0.05	1	0.12	0.02	0	0.95	0.27	0.02	0.95	0.02	0.01	0.27	0.02	0	0.01	0.27	0.27	0	0.01	0.05	0.44875	0.1125	0.34125	0.2825	0.15125	0.2175	0.255	0.19125	0.435	0.38	0.44375	0.10125	0.48625	0.23625	0.21125	0.54	0.52625	0.1175	0.11625	0.49125	-4.5	-1.4	-0.64	0.0428571	0.166667	0.3536	0.2915	0.25662	0.271829	0.290944
0.5	0.5	0.5	0.27	0.12	0.73	0.5	0.12	0.98	0.05	0.05	0.27	0.5	0.5	0.12	0.95	0.88	0.02	0.5	0.05	0.41125	0.20875	0.35625	0.3425	0.22625	0.3625	0.335	0.18375	0.465	0.2725	0.40625	0.22	0.36625	0.17375	0.20375	0.5175	0.45875	0.11625	0.05875	0.435	-3.5	-1.16667	0.9	0.0428571	-0.433333	0.5109	0.300467	0.20414	0.283943	0.316567
0.27	0.01	0.01	0	0.02	0.05	0.01	0	0.12	0.99	0.95	0.01	0.98	0.27	0.01	0.05	0.27	0.01	0.02	0.88	0.3825	0.2825	0.5025	0.345	0.24	0.475	0.4	0.3025	0.5875	0.1875	0.35375	0.25625	0.4275	0.17125	0.095	0.535	0.45875	0.12	0.18	0.36	4.5	1.73333	4.44089e-17	0.0428571	-0.711111	0.0369	0.219033	0.32118	0.281	0.269256
0.73	0.05	0.95	0.5	0.98	0.12	0.05	0.73	0.02	0.02	0.01	0.12	0.02	0.01	0.02	0.98	0.5	0	0.12	0.73	0.35375	0.2775	0.385	0.16625	0.125	0.4475	0.2825	0.21125	0.48	0.41625	0.5475	0.29	0.6675	0.235	0.0625	0.41875	0.40125	0.1225	0.15875	0.455	4.2	2.66667	0.2	-0.957143	0.144444	0.1093	0.247133	0.32068	0.291657	0.256178
0.73	0.27	0.95	0.27	0.05	0.5	0.5	0.5	0.5	0.12	0.27	0.27	0.5	0.05	0.27	0.73	0.88	0.88	0.12	0.5	0.3675	0.25625	0.4475	0.28625	0.24	0.5175	0.35125	0.2425	0.45375	0.28625	0.3975	0.33375	0.5	0.23	0.03375	0.48375	0.36625	0.0125	0.26625	0.375	-0.7	0	0.26	0.285714	-0.666667	0.5952	0.351867	0.23542	0.277429	0.321622
0.27	0.27	0.5	0.73	0.73	0.95	0.88	0.05	0.27	0.05	0.73	0.95	0.5	0.27	0.05	0.5	0.12	0.02	0.05	0.05	0.4525	0.24125	0.50375	0.26	0.24625	0.46125	0.36125	0.31125	0.4875	0.3075	0.40125	0.2775	0.6075	0.3125	0.0625	0.49375	0.43375	0.1225	0.365	0.44	-3.5	-2.46667	0.2	0.285714	0.255556	0.3511	0.343633	0.27884	0.290014	0.301044
0.27	0.12	0.73	0.02	0.02	0.27	0.05	0.88	1	0.27	0.5	0.05	0.98	0.02	0.02	0.12	0.27	0.02	0.5	0.5	0.39625	0.2	0.4125	0.3175	0.4425	0.45625	0.4025	0.1925	0.275	0.38375	0.54625	0.3575	0.57625	0.4	0.05125	0.42375	0.31125	0.1225	0.35625	0.46875	-3.2	-0.833333	-1.34	0.185714	1.06667	0.0846	0.2299	0.37678	0.3088	0.249511
0.73	0.05	0.27	0.02	0.05	0.12	0.05	0.12	0.02	0.88	0.88	0.5	0.98	0.27	0.02	0.73	0.5	0.02	0.05	0.73	0.31125	0.27	0.5025	0.3325	0.47	0.5875	0.41625	0.28875	0.4925	0.24625	0.47125	0.33375	0.545	0.45875	0.05625	0.35625	0.255	0.1275	0.52875	0.345	4.2	-0.833333	-0.44	0.128571	0.177778	0.254	0.312533	0.29142	0.299914	0.293956
0.12	0.05	0.5	0.73	0	0.95	1	0.02	0.27	0.01	0.05	0.5	0.02	0.5	0.02	0.27	0.12	0.01	0.88	0.01	0.33	0.32625	0.4175	0.1875	0.445	0.48375	0.30625	0.225	0.56875	0.415	0.63625	0.3525	0.6775	0.53875	0.06	0.3825	0.3025	0.19125	0.52875	0.435	-3.5	1.5	1.02	-0.271429	0.177778	0.599	0.340467	0.23062	0.2773	0.330178
0.27	0.88	0.12	0.27	0.73	0.95	0.73	0.12	0.99	0.12	0.5	0.5	0.88	0.88	0.02	0.12	0.05	0.02	0.73	0.12	0.22625	0.195	0.3475	0.21125	0.38125	0.42375	0.28	0.15	0.4225	0.49625	0.65625	0.32	0.63125	0.60875	0.0275	0.3125	0.2925	0.1425	0.56625	0.42125	3.8	1.36667	0.96	0.828571	0.755556	0.1684	0.2715	0.30108	0.289329	0.268978
0.05	0.02	0	0.02	0.98	0.01	0	0	0.01	0.88	0.98	0.01	0.73	0.95	0	0.01	0.05	0.02	0.88	0.73	0.235	0.3875	0.33375	0.16625	0.25875	0.5325	0.2675	0.1925	0.545	0.40125	0.51125	0.38625	0.59	0.6	0.02625	0.2975	0.28	0.14125	0.60375	0.34125	3.8	1.36667	0.96	1.92857	0.711111	0.0471	0.217467	0.33734	0.283586	0.266967
0.05	0.5	0.27	0.12	0.27	0.95	0.12	0.01	0.88	0.5	0.73	0.27	0.73	0.99	0.05	0.12	0.05	0.05	0.95	0.12	0.235	0.40375	0.2425	0.2425	0.36	0.4725	0.30875	0.115	0.42125	0.44875	0.57125	0.43875	0.5775	0.6075	0.08	0.3025	0.28	0.14125	0.5475	0.4175	-3.5	1.5	2.56	0.771429	0.633333	0.4369	0.306433	0.22642	0.294871	0.338722
0.27	0.5	0.5	0.05	0.73	0.12	0.12	0.12	0.88	0.5	0.5	0.27	0.12	0.88	0.05	0.73	0.5	0.5	0.95	0.73	0.15	0.43125	0.27125	0.26375	0.415	0.62375	0.365	0.0925	0.425	0.43	0.6	0.41	0.565	0.65	0.11125	0.1975	0.27125	0.145	0.55625	0.3125	4.2	1.73333	1.02	0.714286	0.0888889	0.4353	0.305533	0.25934	0.313643	0.366167
0.05	0.05	0.01	0	0.27	0.02	0.02	0	0.05	0.88	0.88	0.01	0.99	0.99	0.01	0.02	0.73	0.5	0.27	0.5	0.19625	0.54375	0.36125	0.2125	0.535	0.58	0.3625	0.13875	0.61375	0.44375	0.56125	0.47125	0.51625	0.63625	0.17625	0.315	0.26125	0.1775	0.59375	0.355	4.5	1.6	-0.52	0.0714286	0.0888889	0.0444	0.2709	0.396	0.361157	0.330244
0.12	0.95	0.27	0.12	0	0.88	0.05	0.27	0.27	0.05	0.05	0.99	0.02	0.27	0.02	0.27	0.02	0.01	0.5	0.02	0.1875	0.33625	0.42375	0.22625	0.51125	0.41625	0.2825	0.20875	0.525	0.62375	0.6175	0.34875	0.59	0.6225	0.2825	0.33125	0.40625	0.23875	0.48	0.43375	-3.9	-1.1	0.04	-0.971429	-0.411111	0.333	0.369267	0.40882	0.393814	0.392367
0.27	0.73	0.27	0.73	0.12	0.73	0.5	0.27	0.88	0.27	0.73	0.73	0.88	0.12	0.5	0.27	0.27	0.05	0.12	0.5	0.225	0.395	0.53375	0.26625	0.38	0.49625	0.3175	0.22375	0.4625	0.50125	0.44375	0.47125	0.4825	0.585	0.285	0.42125	0.43125	0.2375	0.42375	0.345	-3.9	-2.83333	-1.5	-0.571429	-1.22222	0.7304	0.521467	0.3769	0.435329	0.451833
0.27	0.27	0.73	0.12	0.95	0.5	0.5	0.05	0.05	0.73	0.88	0.27	0.27	0.5	0.27	0.5	0.88	0.5	0.12	0.5	0.31	0.42375	0.4575	0.33	0.24875	0.42125	0.3175	0.265	0.5475	0.4725	0.39625	0.51	0.5775	0.42	0.31	0.41125	0.44	0.1775	0.32	0.4525	-0.7	-2.7	-2.54	-1.67143	-0.622222	0.501	0.502367	0.51352	0.456329	0.431711
0.27	0.5	0.73	0.27	0.5	0.5	0.88	0.27	0.95	0.5	0.12	0.73	0.5	0.5	0.5	0.5	0.27	0.27	0.5	0.12	0.33875	0.36625	0.42875	0.3675	0.22	0.4975	0.34625	0.22875	0.35875	0.445	0.49125	0.52875	0.54	0.34375	0.39875	0.3825	0.4875	0.14625	0.16	0.415	-3.5	-1.63333	-2.46	-2.04286	-1.17778	0.2757	0.5014	0.56338	0.486529	0.4498
0.27	0.12	0.88	0.5	0.27	0.5	0.12	0.95	0.5	0.73	0.12	0.5	0.5	0.05	0.88	0.5	0.5	0.02	0.05	0.27	0.33875	0.4225	0.41125	0.34	0.2775	0.4975	0.445	0.15	0.41125	0.41625	0.5	0.55875	0.53875	0.39875	0.38375	0.38625	0.3825	0.12125	0.21625	0.39625	-0.7	-2.56667	-1.3	-1.6	-1.25556	0.7275	0.5285	0.46846	0.5244	0.461144
0.5	0.27	0.88	0.95	0.05	0.5	0.73	0.12	0.12	0.12	0.27	0.73	0.73	0.5	0.5	0.73	0.5	0.05	0.05	0.5	0.30125	0.2875	0.44	0.37875	0.30625	0.4025	0.425	0.22625	0.5475	0.4925	0.4775	0.42125	0.6175	0.31125	0.5525	0.33	0.47125	0.11875	0.2725	0.37125	-3.5	-0.766667	-1.32	-0.5	-1.17778	0.5823	0.521867	0.48788	0.440986	0.455644
0.73	0.27	0.12	0.02	0.05	0.12	0.12	0.12	0.73	0.73	0.5	0.12	0.88	0.05	0.02	0.27	0.73	0.02	0.12	0.98	0.2725	0.25875	0.5925	0.5225	0.2925	0.365	0.5575	0.195	0.42375	0.38375	0.35875	0.46875	0.49	0.3525	0.67375	0.3875	0.4425	0.11625	0.25	0.25	1.9	-0.8	0.14	-0.857143	-0.922222	0.2558	0.478733	0.46204	0.409914	0.445278
0.5	0.27	0.27	0.5	0.05	0.73	0.73	0.05	0.27	0.05	0.5	0.88	0.05	0.27	0.99	0.5	0.27	0.02	0.05	0.05	0.26875	0.225	0.4825	0.4475	0.175	0.2275	0.41875	0.1975	0.475	0.44	0.37375	0.34	0.685	0.35375	0.51875	0.29625	0.39125	0.0875	0.24625	0.36625	-0.8	1.63333	-0.36	-0.585714	-0.422222	0.5981	0.333467	0.37324	0.461543	0.421967
0.05	0.12	0.02	0.01	0.5	0.02	0.05	0.05	0.02	0.88	0.95	0.02	0.98	0.98	0.27	0.05	0.12	0.05	0.27	0.5	0.29375	0.1875	0.4225	0.475	0.05875	0.255	0.395	0.16375	0.38875	0.38375	0.42625	0.3575	0.62875	0.3125	0.54625	0.2925	0.37875	0.0525	0.2475	0.38625	3.8	-0.0666667	0.02	0.0571429	0.388889	0.1465	0.3427	0.3842	0.399214	0.394233
0.05	0.02	0.5	0.88	0.01	0.12	0.5	0.05	0.98	0.05	0.02	0.12	0.88	0.02	0.99	0.05	0.73	0.02	0.95	0.05	0.3225	0.27625	0.2675	0.3375	0.1775	0.29875	0.415	0.05125	0.2125	0.45875	0.6375	0.37375	0.6125	0.4325	0.38	0.2925	0.27375	0.11625	0.1625	0.47125	-3.2	-0.333333	0.4	1.1	0.0777778	0.2835	0.3557	0.39128	0.319757	0.348089
0.27	0.5	0.73	0.95	0.01	0.05	0.95	0.02	0.5	0.01	0.01	0.5	0.01	0	0.99	0.27	0.27	0	0.01	0.01	0.26625	0.185	0.14375	0.32	0.17125	0.3075	0.3925	0.04125	0.26	0.44875	0.605	0.26875	0.63	0.3725	0.31875	0.17625	0.27125	0.1125	0.27375	0.41375	-1.6	-0.333333	1.32	0.328571	0.0777778	0.6371	0.403933	0.27688	0.327814	0.347722
0.01	0	0	0	0.01	0.01	0	0	0	0.5	1	0	1	0.73	0	0	0.01	0.27	0.02	0.5	0.21	0.215	0.22	0.43625	0.1675	0.3	0.4975	0.02875	0.2325	0.41875	0.52875	0.3175	0.52125	0.28125	0.455	0.1775	0.2275	0.0775	0.26	0.32125	3.8	2	-0.14	-0.0571429	0.366667	0.2912	0.318133	0.31002	0.325086	0.330578
0.02	0.05	0	0	0.02	0.01	0.01	0	0.01	0.88	0.99	0.01	0.98	0.88	0	0.02	0.02	0.02	0.73	0.73	0.14875	0.1775	0.1875	0.375	0.1625	0.21125	0.40625	0.02375	0.3075	0.475	0.5775	0.2075	0.5325	0.35375	0.3325	0.115	0.195	0.23125	0.2875	0.30125	3.8	1.36667	-0.2	0.0428571	0.311111	0.0261	0.209833	0.36912	0.318657	0.275244
0.5	0.73	0.12	0.27	0.73	0.95	0.73	0.05	0.05	0.5	0.88	0.73	0.27	0.05	0.27	0.5	0.27	0.5	0.05	0.5	0.11625	0.16875	0.20375	0.37375	0.0175	0.20125	0.42	0.1025	0.315	0.4275	0.50625	0.225	0.56125	0.36875	0.28	0.15875	0.24	0.17125	0.35375	0.2825	-3.5	-1.06667	1.02	0.314286	-0.544444	0.3122	0.305767	0.262	0.292457	0.322456
0.27	0.02	0.12	0.88	0	0.5	1	0.01	0.02	0	0	0.27	0	0	0.01	0.02	0.02	0	0	0	0.15375	0.26125	0.26375	0.3125	0.11	0.2575	0.415	0.1075	0.21125	0.48625	0.615	0.2825	0.4875	0.37375	0.195	0.24625	0.2425	0.2325	0.24375	0.34125	-3.5	-0.833333	-4.44089e-17	-0.0142857	-0.577778	0.579	0.3309	0.22378	0.283071	0.351822
0.02	0.01	0	0	0.02	0.02	0.01	0	0.01	0.98	0.88	0.01	1	0.05	0.12	0.01	0.12	0.01	0.02	0.73	0.2425	0.215	0.2025	0.3375	0.12125	0.345	0.4825	0.12125	0.165	0.45375	0.595	0.2675	0.48	0.40125	0.0725	0.27625	0.25875	0.2375	0.255	0.34	4.5	-0.1	-1.54	-1.05714	0.0222222	0.1015	0.2602	0.33284	0.319729	0.297244
0.02	0.02	0.01	0.01	0.02	0.02	0.01	0.01	0.88	0.88	0.88	0.01	0.12	1	0.01	0.02	0.02	1	0.98	0.12	0.25625	0.22875	0.21625	0.3425	0.1225	0.35875	0.51625	0.1225	0.18125	0.41875	0.485	0.2825	0.48	0.31375	0.1775	0.30875	0.30375	0.11375	0.25625	0.3875	-1.3	-0.233333	-1.54	-1.05714	-0.544444	0.1001	0.257667	0.37996	0.336843	0.291244
0.27	0.73	0.27	0.27	0.05	0.88	0.88	0.73	0.12	0.12	0.27	0.88	0.5	0.27	0.12	0.88	0.73	0.05	0.12	0.12	0.285	0.24375	0.2175	0.40125	0.1225	0.3125	0.52875	0.06625	0.30875	0.4375	0.44375	0.235	0.325	0.30125	0.255	0.26125	0.24625	0.2325	0.27875	0.31125	-3.9	-2.9	-0.08	-0.742857	-1.35556	0.5714	0.406433	0.29334	0.326129	0.346033
0.12	0.05	0.98	1	0.02	0.12	0.73	0.05	0.12	0.02	0.01	0.12	0.02	0.01	0.05	0.27	0.5	0.01	0.02	0.02	0.275	0.3	0.12875	0.31	0.05	0.38	0.49	0.17875	0.3175	0.4975	0.485	0.2725	0.46125	0.36125	0.23625	0.3375	0.275	0.18125	0.3	0.32375	-3.5	-1.2	-1.24	-0.742857	-1.46667	0.5478	0.4217	0.32048	0.317586	0.353167
0.73	0.12	0.12	0.27	0.12	0.27	0.5	0.12	0.12	0.73	0.73	0.12	0.95	0.27	0.12	0.5	0.5	0.05	0.12	0.73	0.18	0.30375	0.28375	0.41	0.04	0.36125	0.4275	0.175	0.44	0.41125	0.3975	0.25375	0.35125	0.335	0.345	0.32125	0.2875	0.17875	0.35	0.2375	3.8	-0.333333	-1.68	-2.02857	-1.43333	0.1459	0.3103	0.4043	0.356857	0.357278
0.12	0.12	0.12	0.05	0.02	0.12	0.27	0.02	1	0.12	0.12	0.12	0.12	0.98	0.73	0.27	0.27	0.27	0.99	0.27	0.345	0.39375	0.34625	0.47125	0.065	0.44	0.54625	0.22125	0.39125	0.37125	0.37	0.34375	0.345	0.24625	0.345	0.4675	0.3925	0.15625	0.25375	0.21875	-1.3	-0.333333	-1.8	-2.3	-2.36667	0.2372	0.300767	0.3653	0.430557	0.407956
0.5	0.88	0.27	0.73	0.05	0.5	0.98	0.27	0.27	0.27	0.05	0.5	0.12	0.05	0.73	0.5	0.27	0.02	0.05	0.12	0.32875	0.31125	0.34125	0.4	0.07375	0.405	0.47125	0.25125	0.37875	0.305	0.3025	0.31	0.36375	0.24375	0.46875	0.5275	0.42375	0.065	0.255	0.31375	-3.5	-3.1	-1.74	-2.3	-1.72222	0.5192	0.3776	0.37894	0.428586	0.445211
0.27	0.5	0.12	0.27	0.12	0.73	0.27	0.27	0.12	0.88	0.95	0.27	0.88	0.27	0.05	0.5	0.27	0.05	0.12	0.5	0.38625	0.27375	0.3325	0.43	0.0925	0.28125	0.45625	0.16625	0.38875	0.32375	0.275	0.24375	0.2975	0.245	0.545	0.4325	0.395	0.07	0.24625	0.36125	-4.5	-3.73333	-3.28	-1.15714	-0.866667	0.3764	0.503867	0.46128	0.412529	0.398556
0.12	0.12	0.5	0.95	0.02	0.5	0.27	0.05	1	0.02	0.02	0.12	0.05	0.05	0.95	0.12	0.12	0.02	0.5	0.02	0.48125	0.3775	0.25375	0.25375	0.1175	0.405	0.4275	0.22125	0.38625	0.435	0.39625	0.3575	0.4325	0.2775	0.46	0.55625	0.41375	0.07875	0.23	0.43375	-3.2	-3.86667	-2.12	-1.15714	-0.833333	0.616	0.516667	0.50092	0.413329	0.382244
0.73	0.73	0.5	0.27	0.12	0.5	0.73	0.27	0.5	0.05	0.05	0.73	0.12	0.05	0.73	0.95	0.73	0.05	0.12	0.12	0.3475	0.40875	0.30125	0.33875	0.09625	0.49	0.37	0.19375	0.49625	0.34625	0.3075	0.385	0.33875	0.25	0.4875	0.48125	0.3375	0.075	0.2775	0.345	-3.9	-0.866667	-0.66	-1.42857	-1.75556	0.5576	0.536333	0.42738	0.436729	0.4283
0.27	0.12	0.12	0.12	0.12	0.12	0.12	0.5	0.05	0.5	0.27	0.12	0.27	0.05	1	0.73	0.27	0.02	0.05	0.73	0.42375	0.50375	0.39625	0.385	0.10875	0.585	0.44625	0.1775	0.5525	0.30875	0.35625	0.48	0.3675	0.16125	0.39625	0.50875	0.395	0.06	0.25375	0.26875	4.5	1.46667	-0.4	-1.57143	-1.18889	0.4354	0.3815	0.4323	0.442614	0.425744
0.5	0.05	0.05	0.05	0.27	0.12	0.05	0.05	0.05	0.88	0.95	0.12	0.73	0.5	0.05	0.12	0.5	0.12	0.12	0.88	0.36625	0.4175	0.38625	0.3175	0.1175	0.5375	0.3475	0.215	0.53375	0.3375	0.38375	0.4325	0.38625	0.16125	0.43875	0.5375	0.36625	0.07875	0.2725	0.32625	3.8	1.7	-0.66	-0.385714	-0.377778	0.1515	0.3293	0.42118	0.419443	0.389378
0.73	0.5	0.73	0.27	0.12	0.88	0.5	0.27	0.98	0.05	0.05	0.88	0.27	0.05	0.27	0.88	0.5	0.05	0.27	0.12	0.3375	0.36125	0.34875	0.29	0.13625	0.47375	0.34875	0.1875	0.465	0.34625	0.3925	0.36625	0.3675	0.19875	0.5275	0.4425	0.36625	0.09625	0.2725	0.37375	-3.2	-1.3	0.88	0.614286	-0.266667	0.401	0.370967	0.3525	0.358857	0.413556
0.27	0.98	0.5	0.27	0.05	0.95	0.5	0.12	0.5	0.05	0.05	0.95	0.27	0.05	0.12	0.73	0.5	0.05	0.12	0.12	0.41375	0.34875	0.43375	0.2625	0.1575	0.49375	0.43375	0.23375	0.4625	0.35875	0.405	0.405	0.395	0.2075	0.46125	0.50875	0.41375	0.10875	0.2625	0.38625	-4.5	-1.3	0.74	0.671429	-0.3	0.5604	0.391867	0.3038	0.364057	0.410844
0.27	0.27	0.5	0.27	0.12	0.5	0.27	0.12	1	0.27	0.73	0.27	0.5	0.27	0.27	0.27	0.27	0.12	0.73	0.27	0.385	0.3525	0.405	0.2625	0.14	0.5025	0.38625	0.325	0.3525	0.3275	0.31625	0.41375	0.3575	0.18	0.36625	0.51	0.36625	0.1	0.1775	0.35875	3.8	1.03333	-0.72	-0.471429	0.0888889	0.2142	0.322167	0.3923	0.386371	0.4042
0.27	0.12	0.12	0.12	0.27	0.12	0.12	0.12	0.12	0.88	0.95	0.12	0.73	0.5	0.12	0.12	0.27	0.27	0.27	0.73	0.41375	0.39	0.52875	0.385	0.12125	0.5975	0.4525	0.29625	0.49	0.195	0.26125	0.48	0.31	0.15125	0.29375	0.55625	0.42375	0.085	0.24375	0.225	3.8	1.36667	-0.78	-1.07143	-0.5	0.1919	0.333367	0.43042	0.435843	0.4296
0.27	0.5	0.5	0.27	0.12	0.98	0.73	0.27	0.5	0.12	0.12	0.5	0.27	0.12	0.98	0.5	0.27	0.12	0.27	0.12	0.385	0.35125	0.50875	0.47875	0.1125	0.50875	0.4325	0.28625	0.45125	0.18625	0.2525	0.45125	0.2825	0.13875	0.305	0.5275	0.395	0.09125	0.235	0.1975	-3.5	-1.06667	0.04	-0.728571	-1.1	0.594	0.459167	0.4179	0.473414	0.497789
0.27	0.5	0.95	0.73	0.12	0.73	0.95	0.27	0.5	0.12	0.12	0.5	0.27	0.12	0.27	0.5	0.5	0.12	0.27	0.12	0.385	0.3225	0.4525	0.45	0.13125	0.4925	0.405	0.315	0.3625	0.18625	0.2525	0.40375	0.26375	0.13875	0.39375	0.54	0.395	0.09125	0.21625	0.1975	-3.5	-2.46667	-0.88	-0.314286	-0.833333	0.5916	0.561133	0.50786	0.502671	0.595167
