0.12	0.27	0.05	0.02	0.05	0.05	0.05	0.02	0.02	0.12	0.95	0.05	0.88	0.12	0.98	0.95	0.27	0.02	0.02	0.12	0.24875	0.29375	0.4225	0.44375	0.04375	0.53125	0.55125	0.0725	0.28375	0.28875	0.34125	0.395	0.3875	0.14625	0.625	0.47625	0.45375	0.1425	0.18	0.22875	-1.6	1.5	-0.5	-1.5	-1.05556	0.3335	0.257433	0.41152	0.456686	0.4589
0.27	0.02	0.02	0.02	0.05	0.05	0.02	0.02	0.02	0.99	0.73	0.05	0.5	0.27	0.88	0.12	0.5	0.02	0.5	0.95	0.21125	0.31625	0.3025	0.38125	0.0525	0.5	0.5225	0.0575	0.2225	0.3	0.485	0.36375	0.5475	0.14	0.6325	0.46375	0.34875	0.14125	0.12	0.2375	4.2	-0.3	-0.7	-0.357143	-0.244444	0.1508	0.355367	0.34624	0.3512	0.381067
0.27	0.27	0.95	0.88	0.02	0.5	0.95	0.05	0.5	0.02	0.02	0.27	0.02	0.02	0.98	0.73	0.73	0.01	0.12	0.02	0.25875	0.285	0.1575	0.255	0.05625	0.43125	0.40625	0.02625	0.14375	0.42125	0.605	0.33625	0.6075	0.175	0.535	0.435	0.33875	0.13	0.24375	0.3575	-3.5	-1.26667	-0.18	0.685714	-0.244444	0.5818	0.3699	0.29338	0.280571	0.355911
0.5	0.95	0.12	0.05	0.12	0.95	0.5	0.05	0.73	0.02	0.02	0.95	0.5	0.02	0.73	0.5	0.88	0.02	0.05	0.12	0.31875	0.19125	0.205	0.24625	0.05625	0.34625	0.43125	0.02625	0.13375	0.43375	0.66125	0.195	0.6325	0.175	0.48125	0.46375	0.34875	0.12875	0.2525	0.40125	-4.5	-1.16667	0.9	-0.0857143	0.344444	0.3771	0.327533	0.2685	0.315957	0.292533
0.02	0.02	0.01	0	0.02	0.02	0.01	0	0.01	0.95	0.99	0.5	0.95	0.5	0.02	0.01	0.05	0.02	0.05	0.5	0.37875	0.29875	0.215	0.225	0.06375	0.45	0.52375	0.03125	0.3275	0.34625	0.54875	0.2425	0.545	0.14375	0.4625	0.50625	0.44375	0.125	0.2525	0.35375	4.5	1.26667	-0.64	0.4	-0.255556	0.0237	0.2033	0.34548	0.287329	0.279356
0.12	0.05	0.01	0	0.12	0.02	0.01	0	0.01	0.98	0.95	0.02	0.95	0.12	0.01	0.02	0.12	0.01	0.05	0.95	0.41375	0.295	0.215	0.2375	0.05125	0.535	0.58	0.0625	0.33125	0.36125	0.55375	0.31125	0.52625	0.19125	0.375	0.40125	0.46375	0.215	0.265	0.3925	3.8	1.6	0.42	-0.7	0.344444	0.2091	0.256167	0.25574	0.289986	0.296122
0.5	0.73	0.5	0.73	0.02	0.88	0.95	0.05	0.12	0.02	0.27	0.5	0.05	0.05	0.05	0.88	0.27	0.88	0.73	0.05	0.395	0.29875	0.185	0.25375	0.06375	0.5125	0.55125	0.11625	0.33	0.3725	0.61	0.3075	0.61	0.1725	0.35125	0.37	0.41625	0.10625	0.12375	0.44875	-3.5	0.7	0.62	0.342857	0.0777778	0.5357	0.292633	0.2142	0.276071	0.341156
0.98	0.05	0.05	0.05	0.12	0.27	0.73	0.05	0.27	0.12	0.5	0.05	0.73	0.05	0.05	0.73	0.73	0.02	0.5	0.5	0.41125	0.38375	0.1375	0.2625	0.14	0.58875	0.49375	0.14375	0.26375	0.4675	0.64125	0.345	0.585	0.20375	0.29125	0.38875	0.33	0.21875	0.2	0.48125	1.8	-1.73333	0.48	1.24286	0.933333	0.1331	0.2794	0.30634	0.301643	0.308911
0.27	0.05	0.02	0.05	0.01	0.88	0.98	0.01	0.95	0.5	0.95	0.05	0.73	0.5	0.02	0.12	0.05	0.02	0.05	0.12	0.5	0.3275	0.18875	0.3475	0.20125	0.50375	0.52375	0.1575	0.12125	0.42375	0.58875	0.26	0.525	0.15125	0.2375	0.43625	0.33875	0.25	0.2525	0.52875	-3.5	0.7	0.08	1.2	1.04444	0.1694	0.2623	0.37574	0.339914	0.307378
0.5	0.27	0.05	0.12	0.05	0.73	0.5	0.27	0.05	0.27	0.95	0.12	0.73	0.12	0.27	0.12	0.5	0.73	0.12	0.88	0.47125	0.3125	0.18625	0.44875	0.2275	0.63	0.61625	0.14	0.295	0.39625	0.48	0.20375	0.40875	0.1375	0.32875	0.46875	0.2825	0.15875	0.23875	0.37375	3.8	0.7	1.62	0.157143	0.366667	0.4844	0.4033	0.32692	0.361943	0.343633
0.5	0.73	0.27	0.88	0.05	0.73	0.73	0.5	0.12	0.12	0.5	0.5	0.27	0.05	0.73	0.73	0.27	0.02	0.05	0.5	0.49	0.35875	0.1725	0.445	0.21875	0.69	0.64875	0.17375	0.3	0.32625	0.45125	0.245	0.38125	0.1375	0.38875	0.4525	0.31125	0.2525	0.25625	0.365	1.8	3.26667	0.56	0.428571	-0.488889	0.5561	0.444033	0.37296	0.335414	0.377733
0.88	0.27	0.12	0.27	0.73	0.5	0.27	0.27	0.12	0.88	0.5	0.12	0.5	0.27	0.5	0.73	0.5	0.05	0.5	0.73	0.47125	0.41625	0.1625	0.52125	0.2225	0.62375	0.62125	0.2025	0.29125	0.24375	0.48	0.26375	0.40875	0.11	0.52125	0.43375	0.3675	0.14125	0.115	0.36375	4.2	0.833333	0.94	-0.385714	-0.177778	0.2916	0.403667	0.40908	0.390114	0.368311
0.5	0.5	0.5	0.73	0.5	0.88	0.99	0.12	0.27	0.05	0.05	0.27	0.02	0.05	0.27	0.27	0.27	0.27	0.02	0.12	0.43	0.44375	0.115	0.52	0.23875	0.5575	0.5625	0.23	0.33	0.3475	0.5075	0.2725	0.38375	0.13375	0.6625	0.4625	0.3675	0.11375	0.175	0.41125	-3.5	-0.3	-0.6	0.0142857	-0.766667	0.3633	0.334967	0.4154	0.430329	0.423256
0.02	0.12	0.02	0.88	0.27	0.88	0.27	0.12	0.5	0.5	0.12	0.12	0.02	0.01	1	0.27	0.05	0	0.01	0.02	0.47125	0.51875	0.1875	0.58625	0.3	0.51	0.62125	0.235	0.18875	0.29125	0.4425	0.3475	0.32625	0.0825	0.67875	0.53875	0.45125	0.26875	0.185	0.5	-1.6	-3	-1.1	-1.02857	-0.455556	0.35	0.409767	0.39436	0.450786	0.4613
0.27	0.88	0.12	0.73	0.05	0.5	0.5	0.5	0.12	0.27	0.27	0.73	0.27	0.05	0.95	0.5	0.12	0.05	0.12	0.5	0.3925	0.42375	0.23125	0.59625	0.3275	0.5575	0.56375	0.16875	0.2925	0.39625	0.39625	0.27125	0.26625	0.15375	0.65375	0.51	0.41375	0.29375	0.27875	0.44	-3.9	-2.06667	-2.64	-1.38571	-1.02222	0.516	0.438967	0.46156	0.444457	0.439489
0.73	0.73	0.27	0.73	0.73	0.12	0.27	0.05	0.05	0.12	0.5	0.27	0.5	0.05	0.88	0.73	0.95	0.02	0.05	0.27	0.335	0.385	0.24125	0.5775	0.27	0.605	0.51625	0.19625	0.34875	0.49125	0.33875	0.3	0.26625	0.21	0.6625	0.4525	0.33875	0.31	0.4	0.46875	-0.7	-2.7	-2.08	-2.17143	-0.755556	0.4509	0.5315	0.49126	0.443957	0.411522
0.27	0.5	0.05	0.5	0.02	0.12	0.98	0.12	0.73	0.12	0.27	0.27	0.05	0.02	0.95	0.5	0.5	0.02	0.5	0.27	0.37375	0.395	0.26875	0.60625	0.3775	0.605	0.45625	0.16875	0.34	0.44375	0.3675	0.31875	0.37	0.21375	0.6825	0.48125	0.42375	0.31	0.34375	0.41125	-3.5	-1.63333	-2.02	-1.07143	-1.61111	0.6276	0.5301	0.47888	0.435543	0.437444
0.12	0.27	0.12	0.73	0.27	0.5	0.73	0.05	0.05	0.5	0.5	0.5	0.27	0.05	0.88	0.73	0.5	0.99	0.12	0.73	0.42125	0.395	0.2125	0.52	0.29875	0.48125	0.42625	0.25375	0.425	0.405	0.395	0.3475	0.43125	0.2375	0.7675	0.51	0.42375	0.24625	0.4225	0.35375	-0.7	-1.83333	-0.4	-1.34286	-1.02222	0.5118	0.475833	0.43656	0.460529	0.452633
0.12	0.27	0.5	0.05	0.05	0.73	0.27	0.12	0.5	0.88	0.73	0.12	0.5	0.73	0.02	0.12	0.27	0.98	0.98	0.88	0.4525	0.49	0.2725	0.52875	0.355	0.405	0.48375	0.26375	0.3975	0.31	0.3575	0.4425	0.43375	0.21375	0.86	0.64375	0.5375	0.25375	0.42375	0.36625	-1.3	0.733333	-0.96	-0.528571	-1.23333	0.2881	0.3681	0.45136	0.458243	0.471111
0.5	0.27	0.5	0.73	0.27	0.73	0.12	0.27	0.5	0.73	0.27	0.27	0.5	0.5	0.73	0.5	0.5	0.12	0.95	0.5	0.43375	0.47125	0.29125	0.4625	0.355	0.405	0.47375	0.245	0.4925	0.32875	0.44375	0.3475	0.51	0.27	0.68625	0.59625	0.55625	0.36125	0.50375	0.385	4.2	-0.2	0.1	-0.928571	-0.588889	0.3044	0.372467	0.42584	0.467586	0.463189
0.73	0.12	0.12	0.27	0.88	0.5	0.5	0.12	0.73	0.5	0.5	0.27	0.88	0.27	0.73	0.73	0.73	0.05	0.5	0.27	0.37625	0.46125	0.39625	0.49125	0.19375	0.48125	0.48375	0.3675	0.49125	0.34875	0.38625	0.405	0.415	0.3075	0.68625	0.5675	0.4425	0.37	0.56875	0.395	-3.5	0.833333	-0.46	-0.157143	-0.555556	0.5249	0.4431	0.42674	0.441457	0.466878
0.73	0.27	0.12	0.27	0.12	0.27	0.5	0.73	0.27	0.12	0.5	0.73	0.73	0.27	0.88	0.73	0.27	0.73	0.27	0.12	0.405	0.395	0.48125	0.4625	0.30125	0.5575	0.42375	0.29125	0.5675	0.4725	0.44375	0.3475	0.49	0.39625	0.64	0.5675	0.52875	0.2975	0.62625	0.4425	1.8	-1.73333	0.18	-0.114286	0.255556	0.5	0.513733	0.45806	0.4375	0.446767
0.27	0.88	0.88	0.27	0.5	0.5	0.27	0.27	0.73	0.12	0.05	0.5	0.27	0.5	0.88	0.73	0.73	0.05	0.88	0.27	0.48125	0.40375	0.4625	0.43375	0.33	0.5575	0.42375	0.37625	0.51875	0.425	0.4525	0.405	0.5475	0.42375	0.64	0.5675	0.47125	0.265	0.55	0.3475	-3.5	0.0666667	-0.74	0.614286	-0.0555556	0.5163	0.487	0.494	0.460143	0.442189
0.5	0.73	0.27	0.88	0.27	0.5	0.27	0.5	0.88	0.27	0.5	0.12	0.88	0.27	0.27	0.5	0.5	0.05	0.73	0.27	0.4525	0.4225	0.47875	0.385	0.415	0.48125	0.405	0.395	0.44	0.2975	0.32	0.5	0.4425	0.3625	0.83875	0.615	0.5	0.26125	0.46125	0.24375	1.9	-0.666667	0.72	-0.485714	-0.0888889	0.4447	0.4817	0.47834	0.483886	0.459556
0.5	0.5	0.73	0.5	0.05	0.5	0.73	0.88	0.27	0.05	0.27	0.73	0.12	0.12	0.88	0.73	0.27	0.02	0.12	0.12	0.42375	0.45125	0.45	0.45125	0.47125	0.48125	0.42375	0.32875	0.46875	0.2675	0.3775	0.48125	0.585	0.38125	0.6775	0.58625	0.5	0.25625	0.51	0.2625	-0.4	1.76667	-0.34	-0.214286	-0.644444	0.4841	0.458467	0.47246	0.472386	0.485478
0.5	0.12	0.73	0.27	0.12	0.5	0.5	0.12	0.88	0.73	0.73	0.27	0.5	0.73	0.73	0.5	0.73	0.12	0.73	0.5	0.42375	0.54625	0.4975	0.46125	0.355	0.51	0.48125	0.47125	0.3075	0.12625	0.26375	0.59625	0.4425	0.2775	0.715	0.63375	0.46125	0.24	0.3775	0.19625	3.8	-0.0333333	0.04	-0.585714	-0.344444	0.4466	0.4671	0.45808	0.477771	0.489733
0.27	0.95	0.73	0.5	0.88	0.73	0.5	0.27	0.12	0.12	0.12	0.73	0.27	0.5	0.88	0.73	0.5	0.05	0.12	0.12	0.395	0.4425	0.51625	0.46125	0.2475	0.5575	0.52875	0.37625	0.46	0.22125	0.31125	0.48125	0.47125	0.2875	0.70875	0.57625	0.5475	0.19125	0.4825	0.235	-3.5	-0.433333	-0.5	-0.2	-0.722222	0.4706	0.453867	0.47668	0.484471	0.4951
0.12	0.27	0.02	0.27	0.5	0.12	0.12	0.5	0.02	0.01	0.12	0.5	0.27	0.01	1	0.27	0.27	0.95	0.12	0.05	0.47125	0.50875	0.58625	0.51875	0.32375	0.63375	0.63375	0.32875	0.415	0.25375	0.3675	0.53875	0.47125	0.32	0.59875	0.63375	0.5475	0.16375	0.435	0.24375	-1.6	-1.96667	-0.58	-0.7	-0.722222	0.4444	0.484233	0.4925	0.499271	0.484422
0.27	0.27	0.73	0.88	0.5	0.73	0.73	0.12	0.12	0.27	0.5	0.73	0.88	0.5	0.05	0.5	0.27	0.05	0.73	0.5	0.4525	0.5275	0.57375	0.4425	0.2925	0.58625	0.615	0.32875	0.38375	0.19375	0.29125	0.52875	0.3475	0.23125	0.74625	0.63375	0.5475	0.2725	0.27375	0.1875	-0.8	-1.06667	-1.66	-1.14286	-1.32222	0.5377	0.5151	0.51284	0.490143	0.489644
0.73	0.5	0.5	0.12	0.02	0.73	0.73	0.5	0.05	0.05	0.05	0.73	0.12	0.05	0.88	0.88	0.88	0.02	0.05	0.12	0.42375	0.5275	0.545	0.50875	0.38	0.53875	0.53875	0.18625	0.42125	0.2775	0.405	0.5	0.5375	0.30625	0.655	0.52875	0.5	0.28	0.35875	0.25375	-0.8	-1.06667	-1.66	-2.18571	-1.45556	0.5632	0.549733	0.50276	0.496586	0.461167
0.27	0.27	0.27	0.5	0.02	0.88	0.88	0.12	0.73	0.27	0.27	0.27	0.73	0.12	0.98	0.5	0.73	0.27	0.5	0.05	0.4525	0.575	0.48875	0.4425	0.4275	0.49125	0.4725	0.22125	0.2325	0.26875	0.39625	0.53	0.52125	0.325	0.55375	0.5475	0.46125	0.24	0.22625	0.31	-1.6	-1.96667	-2.04	-1.91429	-1.41111	0.5483	0.510567	0.51222	0.4619	0.426556
0.73	0.73	0.73	0.5	0.73	0.5	0.73	0.12	0.27	0.27	0.5	0.73	0.27	0.27	0.12	0.73	0.5	0.73	0.5	0.27	0.42375	0.46125	0.4025	0.4425	0.24375	0.53875	0.52	0.2025	0.385	0.31625	0.3675	0.44375	0.6075	0.30625	0.61375	0.51875	0.5375	0.2675	0.27375	0.30125	-3.5	-2.86667	-2.2	-1.08571	-1.1	0.4202	0.486733	0.45024	0.417714	0.416411
0.5	0.88	0.88	0.88	0.02	0.73	0.73	0.12	0.73	0.05	0.27	0.27	0.5	0.05	0.5	0.73	0.5	0.02	0.05	0.27	0.4525	0.4425	0.49125	0.4525	0.2725	0.58625	0.59625	0.14625	0.44875	0.34875	0.44375	0.4725	0.56	0.33875	0.50375	0.595	0.56625	0.24	0.40625	0.30125	-3.5	-2.86667	-1.2	-1.07143	-1.31111	0.4917	0.3799	0.36462	0.395086	0.390733
0.73	0.73	0.27	0.27	0.27	0.12	0.12	0.12	0.5	0.5	0.73	0.5	0.88	0.27	0.98	0.27	0.5	0.05	0.12	0.27	0.39625	0.43375	0.4775	0.42	0.28875	0.57375	0.5875	0.1325	0.465	0.3775	0.4425	0.3675	0.5125	0.37125	0.43875	0.59625	0.56625	0.34875	0.32125	0.33	-1.6	-0.3	-1.02	-1.45714	-0.722222	0.2278	0.284867	0.33082	0.3451	0.347211
0.27	0.27	0.05	0.12	0.5	0.27	0.12	0.02	0.05	0.88	0.88	0.05	0.98	0.95	0.02	0.27	0.27	0.05	0.12	0.88	0.425	0.43125	0.53375	0.42625	0.3825	0.47875	0.49875	0.11625	0.54875	0.32625	0.42375	0.3475	0.4875	0.2825	0.45125	0.5775	0.60375	0.34875	0.40625	0.245	4.2	0.633333	-1.02	-0.585714	-0.355556	0.1351	0.2474	0.28944	0.287629	0.292389
0.5	0.5	0.5	0.5	0.12	0.73	0.73	0.12	0.88	0.5	0.12	0.5	0.5	0.5	0.5	0.73	0.88	0.73	0.5	0.27	0.3775	0.47875	0.55375	0.42625	0.43	0.43	0.435	0.10375	0.41625	0.3425	0.4875	0.3675	0.49	0.32625	0.275	0.49125	0.45125	0.2325	0.31125	0.33	-0.7	0	0.58	0.271429	-0.566667	0.3793	0.242567	0.2203	0.237571	0.283056
0.12	0.27	0.88	0.73	0.02	0.73	0.73	0.05	0.99	0.05	0.5	0.27	0.12	0.05	0.5	0.88	0.5	0.02	0.73	0.05	0.39625	0.43125	0.42125	0.34125	0.46125	0.37375	0.35875	0.1125	0.375	0.48375	0.49625	0.31125	0.61375	0.41125	0.26625	0.44375	0.47	0.32125	0.2825	0.415	-3.5	0.1	1.4	0.271429	0.0222222	0.2133	0.2462	0.1887	0.233657	0.249433
0.05	0.05	0.01	0.01	0.88	0.02	0.05	0.01	0.02	0.95	0.95	0.12	0.88	0.98	0.01	0.05	0.27	0.95	0.12	0.73	0.465	0.36375	0.45375	0.3275	0.385	0.3775	0.35875	0.19375	0.41125	0.4275	0.46875	0.3025	0.56625	0.30375	0.27125	0.5475	0.5275	0.205	0.38625	0.3875	4.5	1.16667	-0.14	0.757143	0.611111	0.146	0.143033	0.25454	0.217914	0.207544
0.5	0.02	0.73	0.02	1	0.12	0.02	0.27	0.27	0.02	0.05	0.12	0.02	0.02	0.02	0.73	0.95	0.02	0.73	0.05	0.38	0.29125	0.3925	0.41125	0.3425	0.4125	0.43875	0.18	0.4275	0.515	0.505	0.27375	0.57	0.42375	0.15375	0.53875	0.49	0.3175	0.31	0.445	2.5	1.16667	0.36	0.414286	0.4	0.0698	0.2267	0.2022	0.215	0.208456
0.12	0.88	0.88	0.88	0.02	0.95	0.98	0.12	0.5	0.02	0.02	0.88	0.27	0.02	0.05	0.27	0.12	0.02	0.12	0.12	0.4275	0.27375	0.40125	0.30375	0.405	0.385	0.395	0.21125	0.48375	0.41125	0.405	0.2825	0.47875	0.32	0.18125	0.59625	0.59375	0.31375	0.43375	0.36	-3.5	0.266667	1.42	0.0142857	-0.5	0.4643	0.217233	0.18248	0.194529	0.233844
0.5	0.12	0.05	0.05	0.88	0.05	0.12	0.12	0.05	0.95	0.95	0.05	0.88	0.5	0.05	0.5	0.27	0.73	0.5	0.73	0.38	0.36875	0.505	0.4075	0.31625	0.525	0.52125	0.21125	0.52125	0.295	0.33625	0.3575	0.43125	0.20375	0.125	0.5675	0.5275	0.13625	0.33	0.28375	1.8	0.0333333	-0.18	-0.0428571	-0.811111	0.1176	0.2322	0.20048	0.216	0.207956
0.98	0.12	0.27	0.05	0.27	0.05	0.05	0.73	0.05	0.5	0.5	0.05	0.88	0.12	0.05	0.73	0.73	0.02	0.27	0.73	0.31125	0.3375	0.36875	0.3225	0.3925	0.44875	0.44	0.13	0.39875	0.46375	0.4525	0.32625	0.5075	0.355	0.06375	0.43125	0.44125	0.285	0.30125	0.3875	1.8	0.0333333	-1.46	-1.18571	-4.93432e-17	0.1147	0.1561	0.25924	0.216043	0.188011
0.5	0.12	0.5	0.95	0.05	0.5	0.73	0.27	0.88	0.27	0.12	0.27	0.05	0.27	0.05	0.88	0.88	0.02	0.12	0.05	0.38	0.39375	0.35375	0.22375	0.31625	0.48125	0.36375	0.1925	0.355	0.465	0.4725	0.29875	0.535	0.33625	0.065	0.42125	0.45125	0.1725	0.3675	0.49125	-3.5	-1.86667	-1.46	-1	-0.188889	0.236	0.2381	0.19564	0.2109	0.221978
0.27	0.99	0.27	0.12	0.02	0.88	0.73	0.12	0.73	0.05	0.05	0.88	0.5	0.12	0.27	0.27	0.27	0.02	0.5	0.27	0.40875	0.37375	0.30625	0.34	0.21	0.51	0.395	0.21125	0.43125	0.52375	0.585	0.29875	0.58625	0.38625	0.04125	0.46875	0.47125	0.17625	0.2625	0.52	-3.9	-3.63333	-1.06	-0.1	-0.544444	0.3636	0.248633	0.17888	0.2091	0.244922
0.5	0.5	0.5	0.5	0.27	0.95	0.88	0.12	0.73	0.5	0.5	0.27	0.73	0.05	0.05	0.73	0.5	0.02	0.05	0.27	0.4275	0.33125	0.1825	0.185	0.23875	0.445	0.26875	0.19875	0.37125	0.58375	0.6175	0.27125	0.64625	0.455	0.065	0.44	0.5375	0.17625	0.31	0.615	-3.5	-1.2	-0.86	-0.457143	0.266667	0.1463	0.181233	0.24628	0.231771	0.198056
0.05	0.02	0.01	0.05	0.02	0.12	0.01	0.01	0.01	0.95	0.98	0.02	0.73	0.88	0.01	0.02	0.27	0.5	0.27	0.88	0.43625	0.39125	0.23875	0.23625	0.16625	0.545	0.36375	0.19875	0.45625	0.53125	0.53	0.3025	0.6275	0.35125	0.065	0.4725	0.56625	0.0275	0.25375	0.57125	3.8	1.03333	-0.3	-0.171429	0.533333	0.0338	0.2106	0.25434	0.221457	0.212556
0.12	0.5	0.12	0.12	0.05	0.73	0.12	0.05	0.5	0.73	0.73	0.12	0.27	0.98	0.02	0.12	0.5	0.05	0.5	0.88	0.32	0.35	0.25375	0.34375	0.13	0.49625	0.46625	0.13625	0.5075	0.5025	0.50125	0.375	0.5775	0.325	0.06	0.4025	0.46125	0.0825	0.20625	0.48625	2.8	1.96667	1.24	0.928571	-0.0555556	0.4517	0.253933	0.19012	0.223186	0.249733
0.5	0.73	0.12	0.12	0.12	0.73	0.27	0.27	0.73	0.27	0.88	0.73	0.88	0.27	0.05	0.5	0.5	0.05	0.27	0.5	0.2125	0.30625	0.19125	0.225	0.115	0.43375	0.35625	0.075	0.37	0.5325	0.46875	0.265	0.52875	0.505	0.05	0.2475	0.35375	0.205	0.3425	0.53	-0.7	1.96667	2.78	0.985714	0.233333	0.2763	0.256833	0.21048	0.235429	0.2285
0.5	0.05	0.12	0.02	0.5	0.5	0.12	0.02	0.02	0.95	0.73	0.05	0.98	0.5	0.02	0.5	0.88	0.02	0.05	0.88	0.3025	0.26875	0.16	0.22375	0.175	0.355	0.28625	0.10625	0.36875	0.5325	0.54375	0.2425	0.51625	0.47625	0.0225	0.27625	0.335	0.2075	0.31	0.51125	3.8	2.43333	1.32	1.35714	0.866667	0.0425	0.188967	0.29358	0.220943	0.1887
0.12	0.12	0.01	0.01	0.05	0.02	0.01	0.01	0.01	0.98	0.73	0.05	0.73	0.5	0.01	0.05	0.27	0.02	0.27	0.99	0.29	0.31625	0.17375	0.16875	0.23125	0.31125	0.28125	0.09875	0.3125	0.46625	0.4825	0.33375	0.4575	0.47	0.01875	0.25625	0.36375	0.205	0.2775	0.46375	4.2	1.5	0.58	1.07143	0.822222	0.2481	0.246633	0.21222	0.216886	0.2311
0.12	0.27	0.5	0.98	0.01	0.27	0.98	0.27	0.95	0.05	0.02	0.73	0.02	0.01	0.02	0.27	0.12	0.01	0.12	0.05	0.3175	0.405	0.2025	0.10375	0.29625	0.35625	0.17375	0.09875	0.25625	0.47875	0.46375	0.365	0.565	0.4275	0.0225	0.33625	0.44	0.14625	0.325	0.505	-3.5	-0.0666667	1.08	0.114286	-0.1	0.4493	0.247433	0.15804	0.227771	0.278333
0.02	0	0	0	0	0	0	0	0.01	0.05	0.01	0	0.27	1	0	0.02	0.02	1	0.98	0.02	0.32125	0.3775	0.25125	0.21375	0.35375	0.305	0.2825	0.12625	0.3125	0.51	0.49625	0.4425	0.61	0.3	0.02375	0.3675	0.405	0.07875	0.18875	0.49	-0.9	-0.866667	-0.46	-0.428571	0.0888889	0.0449	0.166533	0.25512	0.253857	0.233722
0.99	0.01	0.02	0.01	0.88	0.02	0.02	0.12	0.01	0.73	0.5	0.02	0.5	0.12	0.02	0.5	0.5	0.01	0.02	0.5	0.14	0.3475	0.24	0.26	0.22875	0.22625	0.30875	0.0775	0.23625	0.39375	0.325	0.355	0.4775	0.37625	0.14	0.26	0.2975	0.19625	0.275	0.37375	1.8	-1	-2.2	-0.328571	-0.0111111	0.0054	0.192733	0.29728	0.254957	0.249156
0.02	0.95	0.5	0.05	0.27	0.12	0.73	0.05	0.27	0	0.01	1	0.01	0	0.01	0.12	0.12	0	0.01	0	0.26125	0.22625	0.17125	0.2675	0.305	0.21375	0.2675	0.20625	0.2925	0.4	0.32875	0.2325	0.47875	0.45125	0.1725	0.27875	0.24125	0.1975	0.30375	0.38875	-3.9	-2.2	-0.6	-1.15714	-0.788889	0.5279	0.330733	0.21746	0.278829	0.280756
0.27	0.88	0.73	0.5	0.5	0.73	0.12	0.27	0.5	0.12	0.12	0.95	0.88	0.05	0.05	0.88	0.73	0.02	0.5	0.27	0.2175	0.22	0.14125	0.21	0.3325	0.135	0.3425	0.1775	0.26375	0.325	0.23875	0.2325	0.3125	0.5075	0.16625	0.1925	0.1375	0.19875	0.3275	0.2375	-4.5	-1.3	-0.74	-1.11429	-0.944444	0.4589	0.345667	0.29152	0.261343	0.256256
0.05	0.01	0.01	0.02	0.5	0.05	0.01	0	0.01	0.98	0.98	0.01	0.88	0.95	0.01	0.12	0.12	0.5	0.27	0.73	0.2925	0.405	0.23125	0.21	0.44125	0.29625	0.29625	0.21125	0.24	0.22625	0.14375	0.35	0.3725	0.4	0.23125	0.345	0.26125	0.1525	0.3475	0.2075	4.5	-0.533333	-1.74	-0.585714	-0.644444	0.0502	0.3081	0.35582	0.258871	0.2679
0.02	0.5	0.05	0.5	0	0.12	0.5	0	0.12	0.02	0	0.05	0.05	0	1	0.12	0.12	0	0	0.05	0.35625	0.3775	0.33625	0.26875	0.505	0.3975	0.35375	0.2175	0.2875	0.34625	0.28	0.4075	0.44875	0.40875	0.11	0.43375	0.32125	0.09125	0.265	0.305	-1.6	-0.1	-0.4	-0.957143	-0.933333	0.4152	0.2641	0.25576	0.337257	0.347144
0.5	0.02	0.05	0.12	0.5	0.5	0.5	0.98	0.73	0.27	0.27	0.05	0.5	0.98	0.27	0.27	0.05	0.02	0.27	0.5	0.17375	0.43625	0.33375	0.315	0.33375	0.3475	0.35125	0.08	0.21	0.315	0.30875	0.405	0.44875	0.305	0.19875	0.3525	0.26875	0.08875	0.23	0.24875	-3.2	-0.666667	0.34	-0.9	-0.711111	0.3269	0.256567	0.2748	0.370143	0.3555
0.02	0	0	0	0.5	0	0	0	0.01	0.5	0.12	0	0.27	1	0	0.12	0.05	0.05	0.95	0.05	0.24625	0.35375	0.36875	0.43375	0.39125	0.4575	0.35625	0.23	0.385	0.2925	0.34125	0.30125	0.47875	0.3175	0.35375	0.475	0.345	0.08625	0.15875	0.3075	2.8	-0.4	-1.26	0.285714	-0.455556	0.0276	0.302867	0.41638	0.3161	0.342567
0.5	0.88	0.5	0.5	0.88	0.88	0.5	0.27	0.27	0.12	0.12	0.73	0.5	0.05	0.5	0.73	0.5	0.12	0.05	0.27	0.18625	0.14875	0.23	0.32375	0.34375	0.36625	0.29375	0.16875	0.32375	0.435	0.43625	0.125	0.43125	0.46375	0.37625	0.3225	0.23125	0.0775	0.2425	0.3375	-0.8	-0.5	-0.18	-0.585714	0.466667	0.5541	0.4466	0.34946	0.367714	0.364478
0.5	0.27	0.88	0.95	0.01	0.88	0.95	0.05	0.5	0.05	0.12	0.5	0.05	0.12	0.02	0.73	0.5	0.01	0.05	0.12	0.27125	0.23875	0.29125	0.3875	0.39125	0.4225	0.35875	0.2025	0.40375	0.3275	0.31625	0.18625	0.38375	0.35125	0.45	0.39875	0.25	0.03	0.215	0.27125	-3.5	-0.166667	0.14	0.185714	-0.422222	0.7581	0.464267	0.36638	0.402129	0.422433
0.01	0	0	0	0.01	0	0	0	0	0.73	1	0	0.95	0.27	0	0	0.01	0.01	0.01	0.5	0.3325	0.21125	0.41	0.56875	0.40625	0.55125	0.50625	0.21	0.4575	0.2425	0.20625	0.245	0.265	0.3325	0.32875	0.50875	0.35875	0.03	0.22	0.2175	3.8	-0.433333	0.34	0.142857	-0.633333	0.0806	0.416733	0.49208	0.437114	0.378289
0.12	0.27	0.73	0.88	0.73	0.5	0.27	0.27	0.95	0.05	0.12	0.12	0.02	0.12	0.98	0.95	0.73	0.01	0.12	0.02	0.2575	0.26625	0.3275	0.44625	0.26875	0.55125	0.41625	0.05375	0.33875	0.29375	0.2825	0.34625	0.3525	0.24375	0.17375	0.37125	0.26375	0.0275	0.20625	0.215	-1.6	2	-0.2	-0.757143	-0.666667	0.4115	0.382733	0.49562	0.435729	0.356567
0.27	0.12	0.12	0.12	0.5	0.88	0.12	0.05	0.27	0.88	0.88	0.27	0.73	0.27	0.73	0.27	0.27	0.02	0.27	0.73	0.27	0.31875	0.4375	0.55625	0.24125	0.51875	0.4975	0.0825	0.425	0.25	0.235	0.36125	0.34875	0.13375	0.2075	0.475	0.40625	0.0225	0.075	0.23875	3.8	-0.433333	-0.2	-1.14286	-0.511111	0.6561	0.546467	0.34758	0.375343	0.3947
0.73	0.12	0.88	0.98	0.01	0.5	0.98	0.05	0.88	0.05	0.02	0.27	0.05	0.12	0.12	0.73	0.27	0.01	0.05	0.05	0.24125	0.27125	0.295	0.3925	0.255	0.49	0.3425	0.06375	0.40625	0.44875	0.41875	0.3325	0.43375	0.18	0.2275	0.4175	0.45375	0.01125	0.1025	0.38125	-3.5	-1.06667	-1.66	-0.0428571	0.0777778	0.5718	0.415267	0.35774	0.320014	0.358067
0.02	0.01	0.12	1	0.12	0.27	0.73	0.01	0.05	0.02	0	0.02	0	0	0.01	0.27	0.5	0	0	0	0.26875	0.25125	0.28	0.27125	0.3025	0.40875	0.255	0.0625	0.4475	0.50875	0.53125	0.30125	0.49625	0.2425	0.23875	0.38375	0.36375	0.0125	0.10375	0.40625	-3.5	-3.5	-0.5	0.0571429	0.888889	0.0179	0.240367	0.3496	0.340557	0.275144
0.01	0.73	0.12	0.02	0.12	1	0.05	0	0.73	0	0	0.98	0.27	0.12	0.01	0.12	0.01	0	0.27	0	0.3025	0.1625	0.28	0.39375	0.30375	0.31875	0.34	0.06375	0.36375	0.53	0.53	0.1825	0.45375	0.30375	0.23875	0.40375	0.42625	0.01375	0.16	0.435	-3.5	-0.933333	-0.36	0.828571	0.888889	0.1314	0.173367	0.26326	0.283457	0.276322
0.27	0.27	0.27	0.12	0.05	0.12	0.5	0.01	0.02	0.98	0.5	0.27	0.95	0.27	0.02	0.27	0.73	0.02	0.05	0.95	0.27	0.30875	0.17625	0.27375	0.22125	0.485	0.34125	0.035	0.33625	0.40375	0.4525	0.38125	0.36875	0.27	0.1175	0.3	0.26	0.01	0.17375	0.315	4.2	1.73333	1.1	0.828571	0.566667	0.3708	0.2422	0.15126	0.202757	0.272844
0.73	0.5	0.12	0.05	0.5	0.27	0.12	0.12	0.73	0.88	0.73	0.5	0.5	0.27	0.05	0.73	0.88	0.02	0.05	0.73	0.27	0.3275	0.29	0.30125	0.19375	0.39	0.4075	0.0775	0.32375	0.30875	0.32875	0.3525	0.34875	0.27	0.02875	0.31875	0.24125	0.01375	0.25875	0.2575	4.5	4.16667	2.56	0.685714	0.344444	0.2244	0.202333	0.16592	0.175386	0.235611
0.01	0	0	0	0.5	0	0	0	0	0.5	1	0	0.5	0.5	0	0	0.01	0.01	0.01	0.27	0.37875	0.40875	0.22875	0.1875	0.31625	0.3675	0.30625	0.19625	0.3675	0.365	0.295	0.415	0.34875	0.3175	0.0225	0.4375	0.37875	0.01625	0.32	0.3425	3.8	4.03333	2.36	1.44286	0.688889	0.0118	0.109133	0.21568	0.218686	0.174656
0.27	0.01	0	0	0.02	0.01	0	0	0.01	0.88	0.99	0.01	0.88	0.88	0	0.01	0.02	0.02	0.73	0.73	0.45375	0.4125	0.215	0.0625	0.48	0.33375	0.21625	0.19625	0.36125	0.34875	0.31125	0.4125	0.30375	0.36125	0.02125	0.465	0.3775	0.14	0.2925	0.37625	3.8	1.03333	1.88	1.88571	0.977778	0.0912	0.161067	0.20572	0.203229	0.176622
0.12	0.98	0.05	0.02	0	0.95	0.73	0.05	0.02	0.02	0	1	0.02	0	0.02	0.27	0.12	0	0.01	0.01	0.53375	0.215	0.25625	0.06375	0.53	0.125	0.125	0.22375	0.37875	0.5475	0.545	0.18125	0.49625	0.56625	0.0325	0.50875	0.3975	0.14875	0.41125	0.52875	-4.5	0.366667	0.9	1.15714	0.977778	0.3802	0.264133	0.16548	0.155343	0.171322
0.73	0.5	0.88	0.27	0.73	0.27	0.27	0.5	0.88	0.02	0.12	0.27	0.12	0.27	0.05	0.88	0.27	0.05	0.95	0.05	0.4575	0.30375	0.125	0.08	0.495	0.28625	0.24375	0.16875	0.3025	0.44	0.47375	0.2725	0.38	0.5325	0.13625	0.4325	0.32125	0.14125	0.3025	0.43875	1.8	-1.03333	-0.04	0.0142857	0.122222	0.321	0.241467	0.17024	0.135243	0.138378
0.88	0.27	0.27	0.02	0.99	0.05	0.05	0.88	0.5	0.12	0.02	0.27	0.05	0.73	0.02	0.95	0.5	0.02	0.5	0.27	0.41	0.2725	0.18875	0.12	0.51	0.295	0.25875	0.1075	0.3775	0.4275	0.51375	0.21625	0.4175	0.5325	0.135	0.33875	0.18875	0.145	0.415	0.43	-0.4	0.166667	-1.5	-1.02857	0.0444444	0.0232	0.1266	0.16874	0.144171	0.118244
0.88	0.05	0.01	0	0.95	0.01	0.01	0.01	0.01	0.27	0.12	0.01	0.02	0.73	0	0.5	0.5	1	0.5	0.73	0.4425	0.3025	0.23625	0.125	0.5625	0.30625	0.26625	0.27875	0.50125	0.45625	0.495	0.255	0.48125	0.58875	0.1525	0.42875	0.22125	0.13125	0.4475	0.40125	-0.9	-1.6	-1.3	-1.02857	0.0444444	0.0356	0.0475	0.10756	0.137314	0.129744
0.5	0.12	0.5	0.05	0.5	0.27	0.05	0.27	0.88	0.73	0.88	0.12	0.95	0.88	0.12	0.73	0.27	0.05	0.5	0.5	0.49	0.295	0.20875	0.12125	0.67875	0.2875	0.26375	0.2475	0.4825	0.4075	0.38625	0.2425	0.3775	0.55125	0.14	0.49	0.2625	0.37	0.39	0.44875	-3.5	-2.63333	-0.9	0.157143	0.122222	0.0837	0.0645333	0.052	0.0994714	0.126589
0.27	0.5	0.05	0.5	0.5	0.73	0.99	0.02	0.27	0.12	0.05	0.27	0.12	0.27	0.88	0.27	0.27	0.01	0.12	0.27	0.5375	0.12625	0.25875	0.0625	0.74125	0.1125	0.05625	0.2725	0.5575	0.5725	0.61375	0.1	0.58875	0.7375	0.04375	0.51625	0.31	0.3775	0.4425	0.5675	-3.5	-1.06667	-0.06	0.542857	0.822222	0.0743	0.0670667	0.07042	0.0625857	0.0869444
0.5	0.02	0.02	0.12	0.88	0.12	0.02	0.01	0.95	0.88	0.95	0.05	0.73	0.73	0.01	0.05	0.05	0.02	0.5	0.88	0.48	0.2425	0.24375	0.1675	0.69375	0.18875	0.20625	0.3025	0.39625	0.49	0.4925	0.10875	0.58875	0.66125	0.1525	0.525	0.3375	0.48	0.2825	0.51875	3.8	1.36667	1.02	0.857143	0.533333	0.0432	0.0776	0.07586	0.0626143	0.0662
0.27	0.02	0.12	0.02	0.88	0.05	0.02	0.5	0.5	0.88	0.95	0.05	0.98	0.95	0.12	0.27	0.27	0.88	0.27	0.5	0.46125	0.22375	0.26	0.18375	0.68	0.20625	0.20625	0.14625	0.50875	0.56625	0.6	0.09	0.6425	0.6525	0.17	0.4125	0.28125	0.37625	0.31125	0.595	3.8	4.03333	2.08	0.871429	0.888889	0.1153	0.0737667	0.0638	0.0767143	0.0752778
0.27	0.02	0.27	0.02	0.5	0.12	0.02	0.01	0.73	0.95	0.88	0.02	0.98	0.73	0.02	0.73	0.12	0.98	0.27	0.88	0.47375	0.22	0.3025	0.19	0.7275	0.2025	0.21125	0.26875	0.485	0.615	0.6275	0.09875	0.7025	0.6225	0.18875	0.4025	0.3	0.24125	0.2825	0.51875	4.5	3.36667	2.62	1.77143	0.9	0.0628	0.0671667	0.0758	0.0797429	0.0733889
0.27	0.01	0	0	0.5	0.01	0.01	0	0.01	0.73	0.99	0.01	0.88	0.88	0.01	0.02	0.5	0.02	0.05	0.73	0.42625	0.26875	0.365	0.1925	0.7275	0.2925	0.22125	0.2425	0.58375	0.56625	0.51	0.11875	0.6875	0.585	0.1775	0.43375	0.28125	0.48	0.37125	0.5375	1.8	1.83333	2.42	2.15714	0.933333	0.0234	0.0735	0.08814	0.0717857	0.0891889
0.5	0.95	0.73	0.73	0.73	0.27	0.5	0.73	0.27	0.12	0.05	0.12	0.73	0.12	0.05	0.73	0.27	0.88	0.05	0.27	0.3975	0.2125	0.30125	0.05375	0.7275	0.26	0.07	0.15125	0.58	0.6425	0.63625	0.13375	0.7825	0.68	0.065	0.345	0.33875	0.4625	0.46625	0.5675	-0.8	1.26667	1.5	1.15714	0.822222	0.1343	0.0875333	0.0688	0.0978857	0.0996889
0.5	0.12	0.5	0.05	0.88	0.12	0.05	0.12	0.95	0.73	0.88	0.12	0.73	0.88	0.27	0.27	0.27	0.05	0.5	0.5	0.42625	0.32875	0.33375	0.125	0.66125	0.2975	0.12625	0.22875	0.39125	0.4575	0.42	0.13	0.70625	0.585	0.07	0.52	0.4425	0.5975	0.4575	0.435	2.8	0.4	-0.04	-0.0285714	0.311111	0.1049	0.0859333	0.10142	0.105529	0.1049
0.98	0.02	0.5	0.05	0.95	0.05	0.05	0.5	0.05	0.73	0.27	0.05	0.5	0.27	0.05	0.88	0.5	0.02	0.27	0.5	0.36625	0.345	0.38125	0.21375	0.57625	0.3625	0.12625	0.125	0.4475	0.4575	0.44	0.16625	0.735	0.66125	0.0975	0.41625	0.41375	0.4975	0.575	0.46375	-0.8	-0.4	-1.3	-0.785714	0.388889	0.0186	0.116467	0.1305	0.109429	0.1132
0.12	0.5	0.73	0.05	0.5	0.88	0.12	0.05	0.95	0.12	0.05	0.27	0.73	0.73	0.02	0.27	0.5	1	0.99	0.5	0.5025	0.31625	0.38125	0.27375	0.6325	0.335	0.1775	0.195	0.35375	0.43	0.3725	0.2275	0.675	0.5275	0.2175	0.46375	0.46125	0.25375	0.4575	0.41625	-3.2	-2.83333	-1.3	-0.4	0.0888889	0.2259	0.137767	0.12166	0.133229	0.159756
0.27	0.99	0.27	0.12	0.73	0.73	0.27	0.02	0.5	0.12	0.12	0.5	0.73	0.27	0.02	0.27	0.5	0.73	0.88	0.05	0.48375	0.26875	0.54875	0.3275	0.55625	0.415	0.22	0.2325	0.5275	0.40125	0.33125	0.23125	0.675	0.5375	0.23125	0.495	0.46125	0.29125	0.55625	0.44375	-4.5	-2.83333	-0.96	-0.0285714	0.355556	0.1688	0.1616	0.13868	0.182871	0.223456
0.73	0.12	0.05	0.01	0.5	0.27	0.02	0.02	0.12	0.01	0.05	0.02	0.12	0.73	0.27	0.99	0.88	0.27	0.88	0.05	0.37875	0.27375	0.57625	0.36	0.585	0.50125	0.29875	0.14375	0.65125	0.4025	0.34	0.395	0.6625	0.48	0.3125	0.405	0.4425	0.24	0.55625	0.425	-0.8	-0.266667	-0.44	0.171429	0.0111111	0.0901	0.149633	0.23132	0.253129	0.273089
0.27	0.05	0.5	0.73	0.27	0.5	0.02	0.05	0.05	0.88	0.5	0.27	0.98	0.95	0.12	0.05	0.27	0.05	0.98	0.73	0.38875	0.30125	0.5675	0.3875	0.51875	0.49125	0.4025	0.21625	0.575	0.20375	0.17625	0.36375	0.465	0.3425	0.30375	0.55125	0.5475	0.26125	0.4825	0.31125	4.5	1.83333	1.04	-0.271429	-0.688889	0.19	0.253967	0.30548	0.333471	0.307711
0.5	0.27	0.5	0.5	0.5	0.73	0.5	0.12	0.88	0.12	0.12	0.73	0.73	0.12	0.95	0.5	0.5	0.01	0.05	0.5	0.3	0.33375	0.53875	0.4725	0.43375	0.51875	0.39875	0.255	0.48	0.24125	0.19625	0.39125	0.525	0.41875	0.2275	0.47625	0.56625	0.26625	0.5675	0.31125	1.8	3.5	1.16	-0.314286	-0.644444	0.4818	0.422833	0.38792	0.3607	0.324611
0.27	0.12	0.88	0.5	0.12	0.5	0.5	0.27	0.95	0.5	0.73	0.27	0.88	0.5	0.12	0.27	0.5	0.05	0.73	0.5	0.32	0.29625	0.4625	0.46875	0.51	0.5	0.39875	0.23625	0.355	0.2975	0.2325	0.42125	0.53375	0.31375	0.39125	0.53375	0.595	0.19875	0.36125	0.34	4.2	0.7	0.62	0.271429	0.211111	0.5967	0.553167	0.4532	0.360971	0.305422
0.12	0.12	0.73	0.88	0.73	0.5	0.88	0.02	0.88	0.02	0.05	0.95	0.02	0.12	0.95	0.73	0.5	0.01	0.05	0.12	0.33875	0.17875	0.4625	0.4075	0.46125	0.415	0.32375	0.26625	0.3025	0.46125	0.42125	0.28	0.66	0.41875	0.2875	0.44875	0.62375	0.23125	0.37	0.4725	-3.9	-1.06667	-0.36	1.02857	1.13333	0.581	0.5314	0.44934	0.3557	0.301156
0.12	0.27	0.88	0.99	0.12	0.27	0.88	0.73	0.27	0.01	0.02	0.12	0.01	0	0.05	0.5	0.5	0	0.01	0.27	0.24875	0.145	0.44	0.39875	0.50875	0.41	0.32125	0.175	0.3975	0.495	0.54125	0.38125	0.7375	0.46625	0.38125	0.36875	0.5475	0.29	0.375	0.48125	-3.5	-2.6	0.18	0.928571	1.64444	0.4165	0.3894	0.36362	0.347186	0.303256
0.5	0.5	0.27	0.5	0.5	0.5	0.5	0.88	0.12	0.27	0.05	0.73	0.73	0.05	0.27	0.73	0.88	0.02	0.02	0.27	0.28625	0.11625	0.51625	0.38375	0.55125	0.33375	0.4	0.18375	0.44375	0.355	0.49	0.28625	0.54	0.375	0.43	0.425	0.52875	0.2825	0.26625	0.48125	-0.4	0.2	0.1	1.21429	1.34444	0.1707	0.213467	0.27036	0.293929	0.308833
0.05	0.05	0.5	0.02	0.73	0.5	0.12	0.05	0.02	0.95	0.95	0.05	0.95	0.27	0.5	0.5	0.73	0.5	0.02	0.73	0.31375	0.14125	0.54875	0.4725	0.5225	0.33375	0.4475	0.36375	0.38	0.255	0.36375	0.31375	0.4225	0.3475	0.40125	0.45375	0.57625	0.22125	0.29375	0.3675	4.5	2.63333	1.64	0.871429	1.06667	0.0532	0.1181	0.17596	0.243	0.301133
0.27	0.05	0.12	0.01	0.95	0.05	0.05	0.01	0.01	0.95	0.95	0.05	0.88	0.73	0.02	0.05	0.73	0.95	0.27	0.73	0.2675	0.12875	0.59625	0.53375	0.48	0.32875	0.4275	0.45875	0.35375	0.2075	0.275	0.28125	0.355	0.29	0.50875	0.51	0.52	0.22125	0.1775	0.3075	3.8	4.03333	2.7	1.32857	0.555556	0.1304	0.0975333	0.1407	0.218929	0.292778
0.01	0	0.02	0.05	0.27	0	0	0	0.27	0.27	0.98	0	0.73	0.99	0.12	0.12	0.27	0.73	0.88	0.27	0.31875	0.1825	0.5325	0.43375	0.48875	0.3825	0.38625	0.49125	0.27375	0.32375	0.375	0.23125	0.48125	0.305	0.41125	0.4725	0.5775	0.25	0.18625	0.4125	3.8	3.13333	2.64	1.77143	1.41111	0.109	0.159867	0.18906	0.233929	0.253656
0.95	0.05	0.5	0.12	0.99	0.12	0.27	0.27	0.27	0.02	0.12	0.12	0.12	0.27	0.73	0.73	0.5	0.01	0.12	0.73	0.22	0.17625	0.425	0.335	0.44625	0.3675	0.27625	0.38125	0.35	0.445	0.5425	0.26375	0.61875	0.505	0.33125	0.3675	0.54875	0.4025	0.39	0.4125	1.8	1.63333	1.66	2.37143	1.44444	0.2402	0.2539	0.28272	0.242243	0.241778
0.27	0.02	0.99	0.73	0.5	0.73	0.5	0.73	0.27	0	0.01	0.27	0.01	0.12	0.95	0.5	0.73	0	0.27	0.05	0.27625	0.11875	0.33625	0.1975	0.47875	0.235	0.19125	0.22	0.42625	0.52375	0.66	0.155	0.65125	0.63625	0.27625	0.33875	0.4725	0.40375	0.4875	0.57375	-0.7	0.233333	1.66	1.27143	1.95556	0.4125	0.3914	0.30242	0.278871	0.232244
0.12	0.02	0.88	0.98	0	0.01	0.27	0.99	0.73	0.12	0.02	0.01	0.27	0.5	0.5	0.27	0.05	0.5	0.05	0.02	0.30375	0.14625	0.3975	0.27375	0.465	0.2775	0.2675	0.215	0.47625	0.405	0.57375	0.24375	0.5625	0.57	0.38875	0.3675	0.5575	0.28	0.575	0.50125	-0.4	0.9	0.26	1.32857	1.1	0.5215	0.387633	0.34254	0.272371	0.266622
0.27	0.5	0.12	0.12	0.12	0.88	0.5	0.27	0.5	0.27	0.88	0.5	0.88	0.5	0.27	0.5	0.5	0.02	0.73	0.5	0.285	0.2025	0.4925	0.395	0.44125	0.19625	0.32375	0.31	0.5375	0.30125	0.38125	0.23875	0.4675	0.48125	0.50625	0.36625	0.4725	0.2225	0.51875	0.38375	3.8	0.0666667	0.74	0.328571	0.177778	0.2289	0.353333	0.31148	0.3086	0.291711
0.27	0.27	0.5	0.27	0.5	0.27	0.27	0.12	0.88	0.73	0.5	0.5	0.5	0.88	0.02	0.27	0.5	0.5	0.88	0.73	0.29875	0.3225	0.56125	0.48	0.36125	0.3825	0.47125	0.34375	0.49	0.2125	0.34	0.25375	0.53375	0.31625	0.585	0.47125	0.4725	0.0725	0.39625	0.33625	-3.2	1.6	0.24	-0.571429	-0.633333	0.3096	0.2078	0.3015	0.325171	0.342878
0.27	0.01	0.05	0.01	0.27	0.05	0.05	0.05	0.73	0.88	0.88	0.01	0.88	0.95	0.05	0.27	0.5	0.02	0.95	0.88	0.21375	0.44	0.64625	0.58875	0.32875	0.505	0.58375	0.33375	0.5375	0.1925	0.2925	0.3625	0.505	0.28875	0.505	0.49	0.44375	0.1325	0.375	0.24125	4.2	-0.733333	-0.58	-0.971429	-0.922222	0.0849	0.252367	0.26844	0.3476	0.348956
0.12	0.27	0.88	0.88	0.12	0.12	0.5	0.27	0.88	0.12	0.27	0.5	0.5	0.12	0.95	0.5	0.73	0.01	0.5	0.12	0.29	0.41125	0.43375	0.4225	0.395	0.43875	0.49875	0.30625	0.49125	0.35	0.45875	0.2825	0.67	0.4875	0.3075	0.46125	0.38625	0.1675	0.43125	0.3925	-3.2	-1.16667	-2.04	-1.02857	-0.644444	0.3626	0.2679	0.33656	0.315229	0.3228
0.27	0.98	0.12	0.12	0.88	0.27	0.73	0.05	0.27	0.27	0.27	0.5	0.73	0.02	0.73	0.27	0.5	0.01	0.5	0.27	0.31875	0.41125	0.4525	0.48625	0.3625	0.51	0.5275	0.225	0.59875	0.33125	0.49	0.39125	0.61375	0.4525	0.36375	0.49	0.47125	0.1075	0.45875	0.405	-4.5	-3.73333	-1.56	-1.31429	-0.955556	0.3562	0.429433	0.33362	0.307829	0.321756
0.12	0.73	0.95	0.88	0.01	0.88	0.95	0.12	0.27	0.02	0.27	0.12	0.88	0.05	0.5	0.73	0.27	0.01	0.05	0.12	0.36625	0.47125	0.44375	0.39125	0.575	0.415	0.5	0.18875	0.64625	0.3625	0.4425	0.4675	0.57625	0.40125	0.3925	0.4325	0.5	0.1075	0.4575	0.395	-3.5	-2.93333	-2.04	-1.31429	-1.46667	0.5695	0.406867	0.35206	0.336757	0.3501
0.27	0.73	0.73	0.73	0.5	0.88	0.95	0.12	0.5	0.01	0.12	0.5	0.27	0.12	0.12	0.88	0.27	0.01	0.02	0.12	0.405	0.52875	0.47125	0.41	0.45375	0.415	0.48125	0.28375	0.5225	0.2875	0.46125	0.3725	0.6525	0.2975	0.52875	0.49	0.47125	0.04625	0.35375	0.395	-0.8	-0.833333	-2.04	-2.02857	-0.911111	0.2949	0.347167	0.38196	0.393771	0.348789
0.73	0.05	0.12	0.27	0.88	0.27	0.27	0.73	0.05	0.5	0.73	0.12	0.95	0.88	0.27	0.5	0.5	0.27	0.27	0.5	0.37625	0.6275	0.575	0.52875	0.40625	0.5475	0.65125	0.32375	0.5025	0.11875	0.29	0.51	0.49125	0.09	0.51875	0.56625	0.41375	0.02625	0.21875	0.2525	1.8	-0.733333	-1.3	-1.31429	-1.42222	0.1771	0.328033	0.40752	0.384514	0.395156
0.5	0.73	0.27	0.73	0.5	0.73	0.73	0.12	0.98	0.12	0.27	0.88	0.05	0.12	0.73	0.27	0.5	0.02	0.27	0.27	0.4525	0.5425	0.46125	0.395	0.53	0.49	0.54625	0.38125	0.3675	0.26125	0.42375	0.3675	0.66	0.28875	0.3575	0.5475	0.3375	0.11875	0.21875	0.3575	-3.2	-0.733333	-0.24	-0.728571	-0.6	0.5121	0.391067	0.35318	0.405371	0.386167
0.5	0.73	0.88	0.12	0.95	0.73	0.5	0.05	0.88	0.27	0.5	0.73	0.73	0.12	0.27	0.5	0.5	0.02	0.27	0.27	0.51	0.4825	0.40375	0.47125	0.37	0.51875	0.54625	0.49375	0.3525	0.22375	0.37625	0.38625	0.5175	0.34875	0.38625	0.595	0.3375	0.12375	0.2475	0.3575	-0.8	-0.733333	-0.16	0.371429	-0.144444	0.484	0.4313	0.39464	0.364257	0.397622
0.73	0.73	0.5	0.27	0.02	0.27	0.12	0.88	0.12	0.12	0.5	0.12	0.5	0.12	0.73	0.88	0.27	0.01	0.02	0.73	0.52875	0.4825	0.3475	0.43375	0.5	0.5575	0.59375	0.39	0.47625	0.24625	0.37625	0.51	0.5275	0.345	0.37625	0.51875	0.36625	0.125	0.30625	0.31875	1.8	0.2	0.32	0.428571	0.444444	0.2978	0.428	0.41556	0.387743	0.395267
0.5	0.12	0.27	0.5	0.27	0.5	0.73	0.98	0.12	0.02	0.12	0.73	0.27	0.05	0.12	0.5	0.27	0.12	0.12	0.12	0.5575	0.47375	0.31875	0.3475	0.46875	0.48125	0.49	0.365	0.42875	0.3675	0.51875	0.38625	0.61375	0.43	0.47125	0.47125	0.36625	0.22875	0.325	0.47125	-0.4	1.86667	0.88	0.428571	1.03333	0.5022	0.360567	0.405	0.440771	0.3957
0.5	0.27	0.12	0.27	0.73	0.12	0.12	0.12	0.73	0.88	0.88	0.12	0.95	0.95	0.12	0.12	0.12	0.5	0.5	0.73	0.5	0.45125	0.32875	0.345	0.42	0.51	0.53875	0.3875	0.45625	0.3075	0.42375	0.48125	0.50125	0.33	0.44375	0.51875	0.35625	0.15375	0.335	0.395	4.2	1.13333	1.4	1.52857	1.14444	0.2817	0.4144	0.41786	0.4103	0.396289
0.73	0.5	0.27	0.12	0.05	0.5	0.5	0.88	0.05	0.12	0.12	0.5	0.27	0.5	0.5	0.88	0.5	0.05	0.73	0.27	0.4425	0.34625	0.3675	0.395	0.505	0.4625	0.49125	0.28375	0.43375	0.45	0.5475	0.3575	0.67125	0.38625	0.32	0.4525	0.30875	0.21	0.27875	0.48125	-0.4	1.86667	1.94	2.04286	1.11111	0.4593	0.429767	0.41806	0.367214	0.3772
0.5	0.73	0.12	0.73	0.12	0.73	0.95	0.12	0.5	0.05	0.27	0.5	0.73	0.02	0.88	0.5	0.27	0.01	0.27	0.27	0.47125	0.34875	0.31	0.395	0.3925	0.4525	0.4825	0.37875	0.3775	0.43125	0.5	0.32875	0.64125	0.4375	0.24125	0.5	0.29	0.21375	0.3175	0.45	1.8	1.96667	2.58	1.28571	0.7	0.5483	0.435467	0.3541	0.373286	0.372789
0.27	0.05	0.27	0.27	0.5	0.5	0.73	0.02	0.12	0.88	0.88	0.12	0.73	0.73	0.27	0.12	0.27	0.95	0.27	0.73	0.47125	0.34875	0.23125	0.42125	0.37625	0.4625	0.4975	0.29625	0.425	0.43125	0.47125	0.37625	0.68875	0.425	0.33625	0.47125	0.29	0.18625	0.3775	0.41125	4.5	3.03333	1.04	0.7	0.966667	0.2988	0.343167	0.36582	0.365014	0.357811
0.27	0.02	0.05	0.02	0.95	0.12	0.05	0.05	0.88	0.88	0.73	0.27	0.73	0.98	0.05	0.5	0.27	0.05	0.73	0.5	0.41125	0.34375	0.225	0.39	0.2875	0.45375	0.49125	0.17	0.32125	0.5475	0.5975	0.3	0.77875	0.50625	0.34875	0.36375	0.2625	0.39375	0.32	0.44	2.8	1.26667	0.22	0.7	1.43333	0.1824	0.273833	0.36282	0.348057	0.306856
0.27	0.12	0.73	0.98	0.5	0.73	0.73	0.05	0.12	0.5	0.5	0.27	0.73	0.12	0.12	0.5	0.5	0.02	0.05	0.5	0.41125	0.36	0.21625	0.3275	0.315	0.48125	0.45375	0.17	0.3875	0.5475	0.55	0.3475	0.69375	0.605	0.33125	0.3825	0.28125	0.36875	0.3575	0.3825	-3.5	-1.73333	0.7	1.3	0.888889	0.3403	0.322333	0.28576	0.288671	0.3074
0.5	0.98	0.27	0.73	0.12	0.88	0.88	0.05	0.88	0.05	0.27	0.5	0.95	0.05	0.02	0.5	0.12	0.01	0.12	0.02	0.30625	0.2525	0.33125	0.45375	0.39	0.51875	0.495	0.075	0.405	0.595	0.56625	0.31875	0.635	0.5575	0.28375	0.30625	0.32875	0.365	0.32	0.41125	-4.5	-1.26667	0.56	0.942857	0.544444	0.4443	0.315867	0.23472	0.251286	0.310167
0.5	0.05	0.02	0.02	0.27	0.12	0.02	0.12	0.12	0.95	0.88	0.12	0.88	0.73	0.88	0.27	0.27	0.73	0.5	0.88	0.25	0.27875	0.34875	0.45125	0.4475	0.585	0.485	0.05125	0.43875	0.5675	0.575	0.30625	0.5675	0.595	0.06875	0.275	0.31	0.27625	0.25375	0.38	4.2	1.16667	-0.14	-0.2	0.766667	0.163	0.216967	0.25556	0.277771	0.2552
0.02	0.05	0	0	0.01	0.05	0	0	0.05	0.95	0.98	0.27	0.99	0.95	0	0.02	0.05	0.88	0.12	0.12	0.38625	0.275	0.32375	0.42625	0.53625	0.59375	0.4025	0.07875	0.495	0.54875	0.515	0.27875	0.55375	0.53875	0.16	0.40125	0.36625	0.14125	0.30125	0.5025	3.8	2.43333	-0.14	-0.0571429	0.733333	0.0436	0.1644	0.28434	0.259371	0.226922
0.5	0.5	0.73	0.73	0.5	0.95	0.5	0.12	0.5	0.5	0.27	0.5	0.27	0.88	0.05	0.27	0.5	0.27	0.12	0.27	0.355	0.32625	0.3175	0.395	0.37125	0.5575	0.425	0.0725	0.39125	0.5575	0.54625	0.3075	0.615	0.44	0.15375	0.39875	0.33875	0.22625	0.225	0.48375	-0.7	-0.133333	1.52	1.04286	0.333333	0.2866	0.271467	0.2062	0.217086	0.253567
0.12	0.5	0.73	0.88	0.27	0.95	0.98	0.12	0.95	0.05	0.02	0.5	0.02	0.05	0.02	0.27	0.5	0.01	0.5	0.02	0.375	0.43	0.26	0.25625	0.37125	0.5575	0.33625	0.08125	0.35375	0.5525	0.51625	0.3925	0.6175	0.53125	0.26125	0.44625	0.33875	0.25625	0.1725	0.45875	-3.5	-0.133333	1.52	1.57143	0.288889	0.4842	0.2748	0.18246	0.213929	0.258756
0.05	0.01	0.01	0	0.73	0.5	0.01	0	0.01	0.73	0.95	0.02	0.12	1	0.02	0.02	0.27	0.02	0.12	0.88	0.3225	0.36875	0.31625	0.275	0.39	0.50375	0.3475	0.09	0.36125	0.52375	0.48875	0.39	0.61125	0.53125	0.26	0.41625	0.355	0.31625	0.2675	0.36375	3.8	1.5	0.6	0.414286	1	0.0536	0.194033	0.25818	0.245929	0.213578
0.88	0.02	0.05	0.05	0.95	0.5	0.05	0.12	0.5	0.73	0.5	0.05	0.73	0.5	0.12	0.88	0.5	0.02	0.27	0.95	0.19	0.48375	0.4	0.26875	0.39125	0.58	0.355	0.09375	0.395	0.42	0.45	0.48125	0.4875	0.50875	0.14	0.3375	0.29875	0.34375	0.22	0.3075	4.2	2.4	-0.04	0.142857	0.0333333	0.0443	0.173367	0.27826	0.245086	0.235722
0.5	0.88	0.73	0.5	0.12	0.73	0.73	0.12	0.5	0.5	0.27	0.73	0.5	0.12	0.05	0.73	0.5	0.12	0.12	0.5	0.32625	0.48875	0.3775	0.24625	0.50875	0.655	0.38	0.1	0.45125	0.33125	0.35875	0.4725	0.42625	0.44375	0.1825	0.46375	0.3075	0.28375	0.22625	0.355	-0.8	-0.166667	1.04	-0.4	-0.777778	0.4222	0.2845	0.18896	0.2559	0.304667
0.05	0.95	0.27	0.02	0.27	0.73	0.5	0.12	0.27	0.01	0.01	0.95	0.5	0.02	0.95	0.88	0.5	0	0.01	0.05	0.32125	0.4175	0.34625	0.215	0.42875	0.53875	0.3525	0.085	0.42375	0.36375	0.4825	0.3825	0.51625	0.40875	0.06375	0.41125	0.24625	0.26625	0.24	0.38375	-3.9	-0.933333	-0.62	-0.4	-0.488889	0.387	0.2823	0.2507	0.2816	0.285344
0.01	0	0	0	0.73	0	0	0	0	0.5	0.98	0	1	1	0.01	0.01	0.02	0.5	0.5	0.12	0.32625	0.53625	0.41125	0.17	0.4	0.63375	0.4025	0.11875	0.43	0.29625	0.36	0.5575	0.4575	0.28	0.18	0.4925	0.25	0.2025	0.1175	0.37375	1.9	-2.16667	-2.16	-0.671429	-0.488889	0.0377	0.262333	0.37466	0.290043	0.3087
0.27	0.98	0.73	0.02	0.5	0.73	0.12	0.27	0.88	0.12	0.12	0.88	0.5	0.05	0.02	0.5	0.05	0.95	0.27	0.5	0.28875	0.4125	0.31875	0.1675	0.33875	0.48	0.38625	0.085	0.31875	0.37125	0.47125	0.445	0.62875	0.365	0.17875	0.42875	0.215	0.14375	0.13375	0.335	-4.5	-2.03333	-1.62	-1.77143	-0.7	0.3623	0.3547	0.31276	0.382914	0.314756
0.73	0.95	0.5	0.27	0.12	0.88	0.88	0.05	0.5	0.01	0.02	0.88	0.27	0.05	0.27	0.88	0.12	0.5	0.02	0.05	0.12375	0.47625	0.40375	0.255	0.2675	0.49	0.31875	0.10375	0.395	0.29375	0.42125	0.50125	0.56625	0.3025	0.13375	0.38125	0.25375	0.1975	0.13125	0.2725	-3.5	-2.03333	-1.54	-1.38571	-1.55556	0.6641	0.3797	0.37424	0.338043	0.342722
0.01	0	0.02	0	0.01	0.02	0.05	0	0.05	0.27	1	0	0.99	0.5	0	0	0.01	0.01	0.12	0.05	0.185	0.5475	0.4825	0.345	0.2675	0.5975	0.45	0.11	0.48	0.21375	0.27125	0.5825	0.4475	0.265	0.2525	0.43375	0.23875	0.24625	0.16625	0.225	1.9	-1.7	-1.54	-1.32857	-1.9	0.1127	0.4904	0.38832	0.325043	0.338822
0.12	0.5	0.98	0.5	0.5	0.98	0.88	0.27	0.73	0	0.01	0.95	0.05	0	0.01	0.05	0.05	0	0.01	0.01	0.2275	0.4	0.39125	0.31375	0.17375	0.4775	0.40625	0.0675	0.3675	0.28	0.39625	0.43625	0.5175	0.34	0.195	0.40875	0.28125	0.24875	0.2125	0.2575	-3.5	0.1	-1.34	-2.15714	-1.54444	0.6944	0.305067	0.37506	0.374957	0.320456
0.01	0	0	0	0.01	0	0	0	0	0.95	0.98	0	0.99	0.73	0.02	0	0.02	0	0.02	0.95	0.255	0.46375	0.515	0.4675	0.14375	0.615	0.64125	0.10125	0.4925	0.10125	0.1525	0.5575	0.275	0.12375	0.1925	0.41625	0.28875	0.18625	0.14875	0.125	1.9	-1.7	-1.42	-1.61429	-2.14444	0.1081	0.366167	0.31966	0.354871	0.3192
0.02	0.5	0.5	1	0	0.73	0.27	0.05	0.73	0	0	0.5	0	0	0.01	0.88	0.88	0	0	0	0.22	0.28125	0.36125	0.34	0.085	0.4325	0.5925	0.06125	0.40125	0.315	0.3225	0.385	0.39875	0.33375	0.19125	0.24375	0.18125	0.07375	0.2425	0.215	-3.5	-1.83333	-1.94	-1.61429	-1.22222	0.296	0.263733	0.34146	0.263771	0.284122
0.27	0.5	0.88	0.95	0.01	0.73	0.95	0.12	0.73	0.12	0.05	0.5	0.27	0.27	0.73	0.27	0.27	0.02	0.5	0.12	0.22	0.16375	0.2525	0.31375	0.13125	0.325	0.40375	0.10875	0.34	0.36125	0.405	0.27625	0.365	0.3275	0.06875	0.2725	0.2575	0.01	0.18375	0.31625	-3.9	-2.7	-1.94	-1.34286	-0.877778	0.3871	0.3016	0.20786	0.254329	0.214622
0.5	0.27	0.5	0.27	0.01	0.73	0.98	0.05	0.05	0.27	0.02	0.73	0.12	0.12	0.5	0.73	0.88	0.01	0.27	0.27	0.2525	0.1925	0.2975	0.39875	0.255	0.3225	0.39375	0.1175	0.41875	0.37125	0.40625	0.2475	0.275	0.29875	0.09875	0.21625	0.195	0.01	0.3075	0.30625	-0.7	-2.7	-1.56	-0.9	-0.811111	0.2217	0.211733	0.19556	0.160643	0.204278
0.12	0.01	0.01	0.73	0	0.12	1	0	0.27	0.02	0	0.02	0	0	0	0.02	0.05	0	0	0	0.28625	0.1625	0.23625	0.27875	0.19375	0.27625	0.28125	0.09125	0.3	0.465	0.53125	0.2175	0.4075	0.4325	0.16125	0.29875	0.29375	0.0125	0.4025	0.35375	-3.5	-0.133333	-0.94	-0.814286	0	0.0264	0.0982333	0.14408	0.148	0.128778
0	0.02	0	0	0.02	0	0	0	0.88	0.88	0.5	0	0.5	1	0	0	0.05	0.05	1	0.27	0.33375	0.22375	0.27125	0.37125	0.3	0.3825	0.4125	0.0925	0.23875	0.30125	0.34875	0.345	0.3125	0.21625	0.16	0.36375	0.325	0.00625	0.27625	0.235	3.8	-0.0333333	0.34	0.228571	-0.711111	0.0466	0.0372	0.07058	0.107843	0.124244
0.98	0.01	0.01	0.01	0.5	0.02	0.05	0.5	0.01	0.5	0.73	0.01	0.27	0.27	0.01	0.5	0.12	0.01	0.05	0.98	0.33375	0.1625	0.2075	0.245	0.3025	0.29	0.37375	0.0575	0.25625	0.355	0.32625	0.2825	0.4325	0.37	0.15875	0.25375	0.22125	0.01125	0.39625	0.20875	-0.4	1.96667	1.24	0.142857	-0.122222	0.0386	0.0349333	0.02922	0.0621571	0.0941111
0.5	0	0	0	1	0	0	0	0	0.5	0.98	0	0.12	0.12	0.01	0.01	0.12	0	0.88	0.12	0.39375	0.10125	0.09875	0.1275	0.25375	0.20125	0.26125	0.105	0.16625	0.465	0.4075	0.22125	0.53625	0.36125	0.0675	0.2825	0.22125	0.01	0.23625	0.3925	2.5	1.96667	1.04	0.5	0.811111	0.0196	0.0243667	0.0374	0.0340286	0.0562111
0.01	0	0	0	0	0	0	0.01	0	0.5	0.99	0	0.99	0.95	0.01	0	0.01	0.01	0.5	0.12	0.455	0.06875	0.05125	0.09375	0.5	0.11625	0.14	0.0975	0.16	0.55375	0.51375	0.13125	0.5225	0.2575	0.00625	0.22625	0.15875	0.0075	0.2525	0.48125	3.8	0.6	0.64	1.64286	1.35556	0.0149	0.0339333	0.03304	0.0368286	0.0353111
0.27	0.5	0.27	0.01	0.88	0.73	0.05	0.01	0.12	0.5	0.02	1	0.73	0	0.01	0.5	0.27	0	0.01	0.27	0.41375	0.005	0.01625	0.00125	0.42375	0.01	0.00875	0.0975	0.1175	0.67	0.75875	0.00375	0.58875	0.495	0.00625	0.16125	0.135	0.01	0.31625	0.49625	-4.5	0.366667	1.62	1.7	2.16667	0.0673	0.0356667	0.03452	0.0349714	0.0340667
1	0	0	0	0.5	0.01	0.01	0.27	0	0.05	0.05	0.01	0.73	0.5	0.01	0.5	0.12	0	0.01	0.5	0.32875	0.065	0.05	0.0025	0.59125	0.1	0.01375	0.065	0.0375	0.7075	0.81125	0.1275	0.6175	0.4325	0.00625	0.16125	0.15	0.12625	0.225	0.4675	1.8	0.6	1.96	2.3	2.05556	0.0248	0.0460333	0.03732	0.0316286	0.0325889
0.27	0	0	0	0.12	0	0	0	0	1	0.95	0	0.95	0.05	0	0.01	0.27	0	0.05	0.73	0.33125	0.07	0.17375	0.0925	0.695	0.1325	0.015	0.03875	0.1275	0.52625	0.6075	0.1425	0.5575	0.455	0.0075	0.2825	0.2075	0.1875	0.215	0.31625	4.5	3.5	1.96	2.34286	1.71111	0.046	0.0348	0.03738	0.0335857	0.0480222
0.5	0.01	0.12	0	0.98	0.05	0.01	0	0	0.98	0.88	0.01	0.88	0.12	0.01	0.27	0.27	0	0.02	0.98	0.3025	0.07125	0.16125	0.1075	0.465	0.18875	0.01625	0.10125	0.1425	0.46875	0.5	0.15625	0.55375	0.4325	0.13	0.3675	0.255	0.18875	0.115	0.27625	4.2	4.16667	3.42	1.3	1.25556	0.0336	0.0316	0.03058	0.0568143	0.0745889
0.05	0	0	0	0.27	0	0	0	0.05	0.95	0.99	0	0.27	0.95	0	0	0.12	0.01	0.02	0.27	0.39125	0.07375	0.2675	0.2325	0.55375	0.20125	0.1275	0.115	0.19875	0.44375	0.365	0.16	0.5075	0.21	0.145	0.4925	0.2875	0.18625	0.05375	0.38375	3.8	3.6	2.36	1.71429	0.444444	0.0152	0.0273667	0.06112	0.0841571	0.135911
0.05	0	0	0	0.98	0	0	0	0.12	0.73	0.95	0	0.73	1	0	0	0.02	0.98	0.27	0.27	0.44875	0.13375	0.23625	0.23375	0.38875	0.11625	0.1275	0.12	0.20875	0.47125	0.40125	0.05	0.46875	0.20625	0.235	0.46375	0.32875	0.0675	0.08375	0.46	2.8	1.03333	1.14	0.957143	0.855556	0.0333	0.0753333	0.10366	0.161586	0.152833
0.27	0.05	1	0.73	0.95	0.27	0.05	0.02	0.73	0	0	0.12	0.01	0	0.01	0.98	0.73	0.5	0.01	0	0.3025	0.21875	0.145	0.205	0.42125	0.14375	0.1825	0.08625	0.25125	0.5575	0.51625	0.1525	0.53	0.275	0.355	0.34125	0.2875	0.12875	0.1775	0.4375	-3.5	-0.766667	-0.4	0.2	0.222222	0.1775	0.1565	0.2103	0.186386	0.227967
0.5	0.02	0.02	0.12	0.02	0.5	0.02	0.5	0.12	0.02	0.05	0.12	0.02	0.01	1	0.95	0.5	0.01	0.05	0.05	0.24625	0.2375	0.35875	0.34375	0.5375	0.1175	0.20125	0.15125	0.3425	0.43125	0.39375	0.1675	0.41125	0.27375	0.265	0.40625	0.285	0.2525	0.22875	0.3425	-1.6	-2.86667	-1.32	-0.957143	-0.322222	0.2587	0.334333	0.25118	0.281729	0.291333
0.27	0.01	0.73	1	0	0.05	0.88	0.12	0.5	0.27	0.02	0.02	0.01	0	0.12	0.73	0.12	0	0.01	0.27	0.215	0.23875	0.255	0.23375	0.41875	0.16875	0.09875	0.19875	0.295	0.36875	0.4125	0.18	0.365	0.3225	0.38	0.40625	0.305	0.255	0.23375	0.3025	-3.5	-1.96667	-2.66	-1.55714	-0.366667	0.5668	0.348367	0.38472	0.3676	0.301256
0.73	0.98	0.02	0.02	0.27	0.05	0.05	0.05	0.27	0.5	0.27	0.12	0.88	0.02	0.73	0.27	0.5	0.02	0.5	0.88	0.185	0.20875	0.3775	0.39	0.36625	0.27875	0.3125	0.21	0.38	0.255	0.29125	0.2775	0.285	0.20375	0.31	0.5825	0.33375	0.2525	0.1725	0.22625	-0.8	-2.73333	-2.04	-1.41429	-0.877778	0.2196	0.4958	0.47248	0.3804	0.374211
0.05	0.73	0.27	0.5	0.73	0.5	0.5	0.02	0.95	0.01	0.02	0.95	0.5	0.05	0.98	0.5	0.5	0.01	0.5	0.05	0.2975	0.24625	0.46875	0.44875	0.305	0.31375	0.36625	0.2475	0.31375	0.2275	0.205	0.18	0.24375	0.07625	0.285	0.66375	0.365	0.1325	0.14	0.2975	-3.9	-1.7	-0.96	-1.02857	-1.57778	0.701	0.5123	0.44532	0.451014	0.416289
0.05	0.12	0.73	0.5	0.12	0.02	0.12	1	0.12	0.01	0.02	0.12	0.01	0.05	0.27	0.5	0.02	0.5	0.5	0.02	0.355	0.42625	0.3775	0.3725	0.2775	0.45	0.4225	0.12875	0.4175	0.2425	0.22	0.36	0.31875	0.09125	0.49125	0.6325	0.3675	0.01125	0.145	0.3925	-0.4	-0.166667	-0.42	-1.3	-1.36667	0.6163	0.480067	0.46632	0.472914	0.440089
0.02	0.01	0	0	0.01	0.01	0.05	0	0	0.73	1	0.01	0.5	0.5	0.05	0.05	0.05	0.01	0.02	0.88	0.3875	0.52875	0.48125	0.51125	0.3225	0.45125	0.53875	0.225	0.45125	0.15625	0.0975	0.46875	0.26125	0.04	0.485	0.66125	0.3925	0.0725	0.20125	0.3125	3.8	0.866667	-0.96	-1.02857	-0.988889	0.1229	0.470333	0.5048	0.4479	0.489967
0.27	0.73	0.27	0.27	0.12	0.88	0.88	0.02	0.5	0.27	0.27	0.88	0.5	0.02	0.05	0.95	0.73	0.01	0.02	0.27	0.385	0.5475	0.37125	0.35875	0.3425	0.44625	0.435	0.21375	0.44875	0.195	0.2775	0.4675	0.3225	0.10625	0.485	0.4725	0.3075	0.075	0.2625	0.38875	-0.8	-0.166667	-0.5	-0.657143	-0.988889	0.6718	0.402233	0.44294	0.517614	0.468156
0.27	0.05	0.98	0.95	0.95	0.73	0.88	0.27	0.27	0.02	0.01	0.05	0.02	0.01	0.05	0.88	0.27	0.01	0.01	0.01	0.3	0.51125	0.28	0.27375	0.2075	0.46125	0.435	0.1775	0.44375	0.2875	0.33875	0.5625	0.2875	0.215	0.395	0.45	0.30875	0.07375	0.20375	0.435	-3.5	-1.96667	-0.06	-0.6	-0.433333	0.412	0.491833	0.4612	0.4704	0.445244
0.73	0.88	0.73	0.12	0.12	0.88	0.12	0.05	0.73	0.12	0.12	0.73	0.12	0.12	0.95	0.73	0.27	0.02	0.05	0.73	0.29875	0.4075	0.28375	0.425	0.22	0.49	0.59125	0.20875	0.35875	0.275	0.3375	0.45	0.215	0.195	0.1625	0.46875	0.2525	0.07125	0.1375	0.345	-1.6	-1.1	-1.52	0.0571429	-0.388889	0.3917	0.503767	0.51072	0.384271	0.417511
0.73	0.73	0.12	0.73	0.27	0.5	0.88	0.27	0.27	0.05	0.05	0.88	0.05	0.05	0.73	0.73	0.73	0.01	0.02	0.27	0.38375	0.52125	0.33125	0.34875	0.2775	0.645	0.6	0.09	0.4925	0.28875	0.35	0.52625	0.25625	0.20375	0.1625	0.4975	0.22625	0.01125	0.08125	0.415	1.8	-1.1	-0.52	-0.985714	-0.144444	0.7076	0.489933	0.37904	0.4312	0.413533
0.5	0.88	0.12	0.05	0.27	0.88	0.88	0.05	0.98	0.12	0.73	0.88	0.5	0.05	0.12	0.12	0.12	0.02	0.5	0.27	0.4725	0.5075	0.3325	0.435	0.38625	0.61125	0.65625	0.12375	0.4375	0.29875	0.2625	0.5275	0.26	0.20375	0.23375	0.5825	0.3025	0.01125	0.0525	0.39625	-3.5	0.833333	-0.52	-0.614286	-0.144444	0.3705	0.363833	0.38692	0.418157	0.410222
0.05	0.01	0	0.02	0.02	0.02	0.05	0.01	0	0.99	0.5	0.05	0.12	0.88	0.01	0.02	0.05	0.01	0.02	0.99	0.4975	0.64875	0.3475	0.40625	0.405	0.73375	0.65625	0.1275	0.58875	0.15625	0.2725	0.5275	0.25125	0.13125	0.24125	0.4825	0.22125	0.01125	0.11625	0.2725	4.2	-0.933333	0.16	0.428571	-0.555556	0.0134	0.278433	0.42468	0.3726	0.357889
0.5	0.73	0.05	0.88	0	0.88	0.99	0.05	0.73	0.01	0.12	0.73	0.02	0	0.02	0.5	0.05	0	0.01	0.05	0.41375	0.615	0.3375	0.3025	0.29	0.645	0.55125	0.09125	0.4975	0.2775	0.32	0.47	0.37125	0.24625	0.23625	0.375	0.22125	0.1025	0.13125	0.40375	-3.5	0.833333	0.56	0.0142857	-0.555556	0.4514	0.348433	0.30178	0.345329	0.371311
0.73	0.88	0.5	0.5	0.73	0.88	0.95	0.27	0.73	0.05	0.05	0.88	0.27	0.05	0.05	0.73	0.27	0.01	0.02	0.12	0.3275	0.605	0.28125	0.35	0.18625	0.62625	0.60375	0.09125	0.44	0.26	0.32875	0.47875	0.41625	0.23125	0.1475	0.3175	0.25125	0.1325	0.1575	0.3375	1.8	0.7	0.36	-0.742857	-0.811111	0.5805	0.375	0.26784	0.320357	0.368622
0.5	0.05	0.01	0.01	0.88	0.12	0.5	0.05	0.27	0.88	0.98	0.02	0.98	0.5	0.01	0.12	0.05	0.02	0.27	0.73	0.35625	0.61875	0.33	0.32	0.13625	0.665	0.55125	0.08625	0.46625	0.26875	0.31625	0.4775	0.38375	0.26	0.0625	0.33625	0.2025	0.13625	0.24875	0.3375	3.8	0.366667	-1.18	-0.8	-0.544444	0.0931	0.291467	0.37172	0.319929	0.291967
0.02	0.99	0.27	0.01	0.02	1	0.05	0.01	0.73	0	0.12	0.05	0.05	0.27	0	0.05	0.01	0	0.05	0	0.41625	0.40625	0.31625	0.31625	0.2725	0.555	0.5125	0.0875	0.3775	0.47375	0.4425	0.3975	0.52875	0.345	0.05125	0.36375	0.255	0.24625	0.305	0.48625	-4.5	-1.4	-1.26	-0.8	-0.3	0.2008	0.275567	0.35494	0.320543	0.276967
0.05	0.5	0.95	0.98	0.01	0.88	0.98	0.02	0.27	0.01	0.01	0.27	0.88	0.05	0.02	0.5	0.27	0.73	0.12	0.12	0.46875	0.57625	0.34125	0.28375	0.305	0.65875	0.48125	0.11875	0.52625	0.36375	0.4275	0.455	0.44375	0.26875	0.05375	0.39625	0.25	0.21625	0.3275	0.38125	-3.5	-3.96667	-0.78	-0.485714	-0.566667	0.5328	0.367033	0.24238	0.2897	0.333089
0.27	0.95	0.73	0.12	0.02	0.73	0.5	0.27	0.27	0.02	0.12	0.95	0.73	0.05	0.27	0.5	0.73	0.27	0.27	0.27	0.50125	0.44375	0.3775	0.2875	0.4225	0.5825	0.50875	0.09625	0.4375	0.42375	0.4325	0.285	0.55125	0.28375	0.0225	0.39625	0.29625	0.275	0.31	0.41875	-3.9	-1.06667	-1.8	-0.485714	-0.266667	0.3675	0.306	0.27086	0.280843	0.291989
0.73	0.01	0.02	0	0.02	0.05	0.01	0.01	0.02	0.95	0.88	0.01	0.5	0.73	0.01	0.27	0.12	0.05	1	0.88	0.3525	0.45125	0.40375	0.24	0.4225	0.5575	0.45125	0.095	0.3775	0.31625	0.45625	0.2925	0.60875	0.28375	0.04875	0.33375	0.33875	0.335	0.2175	0.3425	4.2	-0.333333	-0.54	-1.14286	-0.0444444	0.0177	0.2069	0.3344	0.279186	0.228133
0.5	0.12	0.27	0.02	0.5	0.88	0.12	0.02	0.73	0.88	0.88	0.27	0.73	0.5	0.02	0.27	0.5	0.88	0.73	0.73	0.325	0.54125	0.43375	0.29875	0.315	0.5575	0.46625	0.09375	0.365	0.2775	0.39625	0.34875	0.4725	0.36	0.04875	0.3525	0.3	0.23125	0.28	0.285	-1.3	1.56667	4.44089e-17	0.0428571	-0.855556	0.2355	0.257233	0.24414	0.251329	0.2648
0.5	0.88	0.88	0.73	0.27	0.73	0.73	0.27	0.73	0.12	0.27	0.73	0.27	0.05	0.05	0.73	0.27	0.5	0.27	0.27	0.385	0.41375	0.38625	0.31875	0.34375	0.5425	0.49375	0.07625	0.39625	0.3875	0.4725	0.37625	0.53	0.3975	0.05125	0.38	0.39	0.29375	0.39375	0.3575	1.8	-0.1	1.54	0.0428571	-0.155556	0.5185	0.2785	0.1718	0.235657	0.281767
0.98	0.12	0.12	0.05	0.95	0.12	0.73	0.12	0.02	0.5	0.27	0.05	0.73	0.12	0.02	0.5	0.88	0.01	0.02	0.5	0.325	0.4525	0.36375	0.28125	0.32	0.52375	0.3775	0.0925	0.57625	0.40125	0.505	0.4275	0.45375	0.445	0.0525	0.3475	0.28125	0.27	0.535	0.405	-0.8	1.6	0	0.857143	0.0888889	0.0815	0.201933	0.25288	0.233657	0.236011
0	0	0	0	0.73	0	0	0	0	0.12	1	0	0.5	0.73	0	0	0	0.27	0.01	0.12	0.42875	0.35	0.29375	0.2725	0.46875	0.4625	0.4125	0.075	0.54625	0.56875	0.50875	0.31625	0.4825	0.36875	0.0225	0.35375	0.41	0.205	0.565	0.52875	3.8	-0.166667	0.62	0.0714286	0.8	0.0058	0.170133	0.27648	0.248414	0.1996
0.05	0.88	0.5	0.5	0.5	0.95	0.73	0.05	0.88	0.5	0.5	0.73	0.12	0.88	0.02	0.27	0.12	0.02	0.5	0.12	0.365	0.3575	0.32	0.2725	0.51	0.4475	0.43	0.10125	0.525	0.4175	0.52375	0.315	0.53	0.26125	0.0525	0.34875	0.41375	0.2325	0.385	0.43375	-3.5	0.7	0	0.614286	-0.1	0.4231	0.2608	0.19698	0.220457	0.2543
0.5	0.73	0.5	0.88	0.02	0.73	0.88	0.12	0.98	0.12	0.12	0.73	0.05	0.12	0.05	0.73	0.5	0.12	0.5	0.12	0.30875	0.4525	0.3775	0.285	0.6175	0.45625	0.43	0.105	0.5125	0.38875	0.52375	0.3725	0.53875	0.3275	0.08	0.34875	0.36625	0.11625	0.35625	0.3575	1.8	-1	0.66	-0.2	-0.311111	0.3535	0.2992	0.18864	0.219243	0.282489
0.05	0.05	0.01	0	0.5	0.12	0.05	0	1	0.5	0.27	0	0.73	0.5	0	0.01	0.01	0.05	1	0.73	0.3175	0.5375	0.45125	0.3375	0.53875	0.55125	0.47625	0.12	0.52875	0.32875	0.48625	0.435	0.435	0.275	0.11375	0.43875	0.485	0.15375	0.26625	0.25375	-1.3	1	-0.88	-0.542857	-0.944444	0.121	0.171433	0.28948	0.277486	0.269811
0.12	0.01	0.05	0	0.99	0.12	0.05	0.01	0.01	0.98	0.88	0.01	0.73	0.05	0.01	0.05	0.88	0.01	0.5	0.88	0.20125	0.61875	0.465	0.3375	0.365	0.6275	0.41875	0.11875	0.775	0.22125	0.39125	0.49	0.35875	0.37875	0.125	0.4625	0.28125	0.16	0.45	0.175	2.5	-0.9	-0.82	-1.64286	-1	0.0398	0.2236	0.3027	0.334429	0.294144
0.27	0.95	0.73	0.5	0.12	0.88	0.88	0.27	0.73	0.12	0.5	0.73	0.5	0.02	0.27	0.5	0.27	0.02	0.05	0.12	0.245	0.56375	0.395	0.29	0.38875	0.6425	0.34875	0.1775	0.795	0.315	0.32	0.415	0.34	0.29375	0.2175	0.4975	0.3725	0.125	0.53875	0.25625	-3.9	-1.53333	-1.96	-1.32857	-1.6	0.51	0.346333	0.31288	0.316914	0.362278
0.5	0.73	0.73	0.5	0.88	0.73	0.27	0.12	0.73	0.27	0.5	0.73	0.73	0.27	0.27	0.73	0.5	0.05	0.5	0.12	0.24375	0.54375	0.42375	0.34625	0.2325	0.665	0.44375	0.2525	0.795	0.235	0.26375	0.3575	0.29875	0.1525	0.24875	0.52625	0.39125	0.11875	0.4225	0.2425	-3.2	-3.66667	-1.96	-1.81429	-1.6	0.4892	0.467867	0.34878	0.354843	0.404911
0.12	0.88	0.98	0.27	0.12	0.88	0.27	0.27	0.88	0.02	0.12	0.5	0.12	0.01	0.27	0.73	0.73	0.73	0.05	0.05	0.29125	0.4675	0.3925	0.35625	0.41625	0.6775	0.39625	0.2525	0.6875	0.285	0.31125	0.32875	0.38375	0.17125	0.33375	0.545	0.33375	0.02	0.45	0.25125	-3.9	-2.8	-2.78	-2.12857	-2.18889	0.4044	0.398033	0.46462	0.452814	0.3973
0.12	0.73	0.27	0.05	0.05	0.73	0.27	0.12	1	0.12	0.12	0.5	0.12	0.5	0.12	0.73	0.12	0.02	0.99	0.02	0.3475	0.5425	0.51375	0.39	0.36375	0.79125	0.42375	0.305	0.63875	0.2125	0.28	0.3625	0.295	0.04875	0.47625	0.65375	0.5	0.22125	0.2225	0.17	-1.3	-2.26667	-2.7	-2.98571	-2.22222	0.3005	0.4413	0.52398	0.487843	0.470156
0.5	0.5	0.12	0.12	0.05	0.88	0.27	0.73	0.88	0.01	0.05	0.12	0.12	0.02	1	0.73	0.12	0	0.27	0.01	0.3475	0.66125	0.58875	0.44375	0.3025	0.8675	0.48	0.31875	0.7625	0.1375	0.2125	0.4425	0.295	0.165	0.38	0.71	0.48125	0.2375	0.3125	0.095	-1.6	-2.13333	-2.76	-2.65714	-2.54444	0.619	0.575433	0.48314	0.525943	0.537844
0.27	0.5	0.73	0.95	0.01	0.98	0.88	0.5	0.88	0.01	0.05	0.27	0.02	0	0.27	0.73	0.5	0	0.02	0.01	0.34375	0.6675	0.4225	0.2925	0.38375	0.75125	0.3	0.315	0.6775	0.1375	0.2125	0.42375	0.3075	0.2275	0.44	0.65375	0.40125	0.235	0.3525	0.08125	-3.5	-2.86667	-2.3	-2.25714	-2.61111	0.8068	0.570267	0.5576	0.548771	0.489167
0.5	0.27	0.5	0.73	0.73	0.98	0.5	0.27	0.27	0.27	0.12	0.27	0.12	0.01	0.73	0.88	0.27	0.01	0.27	0.12	0.25875	0.605	0.36	0.2575	0.185	0.675	0.31375	0.32875	0.66375	0.105	0.25125	0.3325	0.21875	0.3175	0.34875	0.55875	0.37	0.3375	0.3775	0.115	-3.5	-2.86667	-2.12	-2.34286	-1.94444	0.285	0.622833	0.6273	0.501271	0.454444
0.5	0.5	0.27	0.05	0.01	0.88	0.27	0.27	0.73	0.02	0.02	0.27	0.02	0.01	0.99	0.88	0.73	0.95	0.12	0.05	0.3625	0.48125	0.3	0.31125	0.275	0.61125	0.31125	0.41375	0.49875	0.14875	0.25125	0.2725	0.21875	0.3225	0.3925	0.5775	0.28375	0.13	0.48125	0.12	-1.6	-1.83333	-2.7	-1.75714	-1.31111	0.7767	0.570233	0.51788	0.483586	0.466533
0.5	0.73	0.5	0.5	0.5	0.88	0.5	0.73	0.88	0.27	0.27	0.27	0.73	0.5	0.12	0.5	0.73	0.12	0.5	0.27	0.38125	0.47125	0.3475	0.31125	0.21375	0.63875	0.34	0.3475	0.465	0.10375	0.20625	0.3325	0.1175	0.19875	0.48875	0.54875	0.33125	0.23125	0.3125	0.0925	-0.4	-2.16667	-1.44	-1.27143	-1.6	0.649	0.4992	0.39186	0.468471	0.477556
0.01	1	0.01	0.12	0.73	0.05	0.05	0.01	0.05	0.12	0.5	0.73	0.5	0.5	0.02	0.05	0.01	0	0.12	0.01	0.38125	0.375	0.39375	0.34375	0.18	0.6325	0.3625	0.34625	0.45875	0.24	0.29625	0.26	0.25375	0.21125	0.37625	0.51375	0.4075	0.24625	0.3275	0.18625	-4.5	-0.7	-0.38	-1.32857	-1	0.0719	0.2992	0.4375	0.410314	0.410011
0.05	0	0	0	0.01	0.12	0	0	0.01	0.27	0.88	0	0.12	1	0	0.12	0.02	0.88	0.95	0.5	0.34375	0.4375	0.31875	0.24	0.27	0.50125	0.26	0.285	0.35375	0.33	0.3675	0.3175	0.4175	0.15125	0.3475	0.41375	0.435	0.13625	0.2225	0.18625	2.8	0.0333333	-0.84	-0.285714	-0.188889	0.1767	0.253933	0.3621	0.371186	0.353567
0.95	0.12	0.27	0.02	0.12	0.27	0.02	0.95	0.02	0.12	0.02	0.02	0.02	0.05	0.88	0.88	0.5	0.01	0.73	0.02	0.23125	0.40375	0.2375	0.1525	0.18	0.47	0.20125	0.195	0.325	0.34875	0.57875	0.34375	0.53875	0.3025	0.14875	0.27125	0.35625	0.24625	0.21875	0.265	1.8	0.233333	0	0.485714	0.622222	0.5132	0.3632	0.23452	0.302914	0.384078
0.27	0.88	0.88	0.5	0.05	0.95	0.73	0.05	0.88	0.01	0.01	0.98	0.02	0	0.02	0.12	0.5	0	0.02	0.02	0.2875	0.35625	0.13375	0.0875	0.27875	0.29	0.08125	0.275	0.14125	0.45125	0.69625	0.30875	0.64625	0.31375	0.13375	0.27125	0.29875	0.1625	0.295	0.2925	-3.9	0.566667	1.66	1.08571	0.3	0.3997	0.308	0.2799	0.290143	0.308233
0.01	0	0	0	0.01	0	0	0	0	0.95	1	0	0.98	0.12	0	0	0.01	0	0.01	0.5	0.2725	0.375	0.18125	0.0875	0.2225	0.3	0.11	0.19125	0.14125	0.41	0.66375	0.3975	0.5575	0.25125	0.12125	0.22625	0.275	0.14875	0.235	0.26125	3.8	1.23333	1.86	1.08571	0.766667	0.0111	0.236533	0.35648	0.293314	0.249333
0.01	0	0.12	0	0.01	0	0.01	0	0	0.88	1	0	0.95	0.02	0.02	0	0.73	0	0.01	0.5	0.3625	0.25125	0.17125	0.16375	0.1325	0.30875	0.105	0.22375	0.13625	0.405	0.60375	0.30875	0.5	0.235	0.24125	0.33	0.29375	0.14875	0.22125	0.29375	3.8	3.8	0.6	1.22857	1.08889	0.2988	0.289833	0.27266	0.285057	0.2974
0.5	0.12	0.12	0.05	0.12	0.88	0.05	0.5	0.05	0.27	0.95	0.5	0.99	0.27	0.02	0.5	0.12	0.02	0.02	0.27	0.38625	0.23875	0.205	0.27625	0.1325	0.19875	0.21875	0.1675	0.2475	0.45	0.53375	0.2525	0.4825	0.08	0.30375	0.3625	0.45875	0.0375	0.135	0.275	3.8	1.03333	2.14	0.742857	0.977778	0.5596	0.3175	0.2165	0.283814	0.315856
0.27	0.88	0.05	0.01	0.73	0.12	0.02	0.01	0.12	0.73	0.95	0.95	0.88	0.05	0.01	0.12	0.27	0.27	0.02	0.27	0.29875	0.12875	0.18	0.27875	0.0425	0.26	0.22	0.11	0.23625	0.5	0.655	0.19375	0.6125	0.16375	0.195	0.3	0.38375	0.00625	0.045	0.36375	-4.5	1.03333	1.06	1.55714	1.2	0.0941	0.257533	0.31518	0.275686	0.259633
0.12	0	0	0	0.01	0.01	0	0.01	0	0.88	1	0	0.98	0.12	0	0.02	0.05	0.01	0.01	0.5	0.28625	0.25375	0.07875	0.21875	0.18875	0.265	0.165	0.105	0.26375	0.4825	0.64875	0.2525	0.6125	0.17	0.19375	0.33125	0.3825	0.03875	0.045	0.3325	3.8	-0.766667	0.66	1.55714	1.13333	0.1189	0.239167	0.32398	0.275129	0.255144
0.73	0.01	0.05	0.73	0.01	0.12	0.02	0.27	0.01	0.01	0.02	0.02	0.01	0.27	1	0.88	0.88	0	0.01	0.27	0.27125	0.34375	0.135	0.19	0.2025	0.3425	0.25375	0.07875	0.385	0.475	0.66125	0.28375	0.67375	0.17	0.08375	0.3425	0.36875	0.07375	0.05875	0.305	-1.6	1.33333	0.66	0.371429	0.622222	0.5045	0.322067	0.2135	0.283771	0.308633
0.73	0.02	0.27	0.95	0.12	0.12	0.95	0.05	0.95	0.02	0.27	0.05	0.02	0.01	0.5	0.88	0.73	0.01	0.27	0.12	0.30375	0.34375	0.0925	0.1625	0.19	0.345	0.1375	0.10625	0.2825	0.48625	0.6275	0.28125	0.67625	0.23375	0.14375	0.3575	0.35875	0.07375	0.04	0.37125	1.8	1.33333	0.66	-0.285714	0.7	0.3428	0.284833	0.26654	0.274186	0.279278
0.02	0	0	0	0.01	0	0	0	0	0.98	0.99	0	0.95	0.5	0	0	0.05	0.01	0.01	0.73	0.42125	0.33375	0.23	0.30875	0.3075	0.25625	0.25625	0.14125	0.3975	0.33875	0.42125	0.23125	0.43875	0.145	0.21875	0.5275	0.49125	0.0725	0.085	0.3525	3.8	0.366667	-0.26	1	0.233333	0.0072	0.236433	0.34126	0.265686	0.227278
0.02	1	0.02	0.01	0.5	0.88	0.27	0.01	0.98	0.02	0.01	0.5	0.12	0.12	0	0.27	0.27	0	0.01	0	0.47875	0.16125	0.33125	0.34	0.17	0.19375	0.2825	0.20125	0.35125	0.3825	0.45875	0.1125	0.495	0.1925	0.25125	0.57	0.52125	0.13125	0.11625	0.44375	-4.5	-0.5	0.96	0.4	1.15556	0.3593	0.286333	0.24728	0.261786	0.282322
0.5	0.73	0.5	0.5	0.12	0.73	0.73	0.05	0.98	0.02	0.12	0.27	0.5	0.27	0.12	0.95	0.73	0.27	0.12	0.05	0.4375	0.28625	0.33375	0.34125	0.27875	0.33	0.31625	0.20125	0.36625	0.275	0.3825	0.26	0.41625	0.1925	0.2425	0.545	0.49125	0.09875	0.1075	0.39	-0.8	-0.266667	0.52	1.17143	0.3	0.4925	0.295467	0.19704	0.273929	0.307944
0.27	0.01	0	0	0.02	0.02	0.01	0	0.12	0.98	0.98	0.01	0.98	0.27	0	0.12	0.5	0.01	0.12	0.88	0.4375	0.38125	0.4525	0.315	0.38125	0.41875	0.41	0.265	0.59625	0.245	0.36375	0.29625	0.47375	0.22125	0.135	0.55375	0.4725	0.13375	0.16875	0.34375	4.5	1.1	0.52	0.357143	0.755556	0.0346	0.206233	0.3135	0.274886	0.261567
0.73	0.02	0.95	0.27	0.95	0.05	0.05	0.73	0.02	0.05	0.02	0.05	0.02	0.05	0.12	0.98	0.5	0.01	0.12	0.73	0.35125	0.38375	0.315	0.16875	0.28375	0.43375	0.32	0.17375	0.505	0.46875	0.56	0.31875	0.71375	0.28125	0.06	0.4275	0.4725	0.135	0.14125	0.43875	-0.4	2.63333	0.64	0.171429	0.977778	0.0916	0.238567	0.31154	0.2863	0.251211
0.73	0.5	0.88	0.27	0.12	0.5	0.5	0.5	0.73	0.12	0.27	0.5	0.5	0.05	0.27	0.73	0.73	0.73	0.27	0.27	0.36375	0.33875	0.3575	0.27875	0.38625	0.4875	0.38875	0.20875	0.45	0.33875	0.40625	0.29625	0.53625	0.22	0.04375	0.52125	0.4525	0.045	0.155	0.42	3.8	-0.166667	1.3	1.35714	0.166667	0.5895	0.343533	0.23046	0.270629	0.316656
0.27	0.73	0.5	0.5	0.5	0.95	0.73	0.05	0.12	0.02	0.5	0.95	0.73	0.27	0.05	0.5	0.27	0.02	0.05	0.12	0.43375	0.295	0.49375	0.34	0.2775	0.43125	0.4175	0.27	0.52875	0.36375	0.3825	0.24	0.58375	0.26875	0.07375	0.57875	0.49125	0.13625	0.2725	0.45375	-3.9	0.8	1.16	0.971429	0.311111	0.3495	0.342033	0.27346	0.285443	0.297244
0.5	0.05	0.5	0.02	0.73	0.12	0.05	0.73	0.99	0.73	0.73	0.05	0.95	0.5	0.02	0.12	0.5	0.02	0.5	0.73	0.3575	0.29	0.43125	0.3375	0.35625	0.44625	0.4125	0.17875	0.3125	0.3825	0.46125	0.325	0.585	0.31625	0.065	0.50875	0.3775	0.105	0.31125	0.48125	2.5	0.8	0.54	-0.128571	0.822222	0.0871	0.228733	0.37438	0.306871	0.251733
0.5	0.05	0.12	0.05	0.27	0.27	0.27	0.05	0.12	0.88	0.88	0.27	0.98	0.27	0.02	0.73	0.73	0.02	0.05	0.73	0.33	0.295	0.48125	0.34875	0.47375	0.5475	0.39875	0.265	0.4975	0.275	0.41125	0.31125	0.55	0.435	0.06625	0.4325	0.2925	0.11	0.475	0.405	3.8	0.933333	-0.86	0.471429	0.633333	0.2496	0.310967	0.2934	0.305629	0.3018
0.12	0.12	0.27	0.88	0	0.88	1	0.05	0.27	0.01	0.01	0.27	0.01	0.01	0.02	0.5	0.12	0.01	0.27	0.12	0.30125	0.29875	0.35875	0.2175	0.45125	0.48	0.30375	0.18	0.5675	0.44	0.60875	0.32	0.73125	0.585	0.05375	0.43	0.36875	0.1725	0.55125	0.4525	-3.5	-0.966667	0.68	0.328571	0.988889	0.5962	0.343467	0.24008	0.290729	0.349878
0.12	0.88	0.73	0.73	0.01	0.88	0.73	0.05	1	0.12	0.05	0.5	0.73	0.73	0.02	0.5	0.12	0.02	0.73	0.12	0.2725	0.2325	0.20625	0.205	0.45	0.42375	0.2775	0.12375	0.3875	0.47375	0.68	0.29125	0.7025	0.61125	0.0225	0.3725	0.34	0.11375	0.49375	0.48125	-3.2	-0.966667	0.74	1.28571	0.877778	0.1846	0.2879	0.3197	0.3157	0.301656
0.12	0.01	0	0	0.98	0.02	0.01	0	0.12	0.88	0.98	0.05	0.73	0.88	0.02	0.01	0.05	0.02	0.88	0.88	0.245	0.36	0.2975	0.29625	0.26625	0.5225	0.31	0.1575	0.605	0.3775	0.5025	0.3525	0.61375	0.5925	0.07875	0.38625	0.33	0.1125	0.47125	0.3725	3.8	1.13333	0.54	1.32857	0.877778	0.0829	0.2509	0.37464	0.325471	0.303722
0.05	0.05	0.02	0.12	0.5	0.98	0.12	0.01	0.73	0.27	0.73	0.12	0.73	0.99	0.01	0.12	0.05	0.05	0.98	0.27	0.1975	0.36375	0.2475	0.28125	0.35375	0.39	0.29125	0.06625	0.40625	0.4725	0.565	0.34	0.61375	0.57875	0.11125	0.36	0.35875	0.10875	0.4025	0.4675	2.8	3.13333	1.8	0.228571	1.02222	0.4852	0.364133	0.2865	0.3424	0.354133
0.12	0.12	0.12	0.05	0.5	0.12	0.02	0.05	0.73	0.5	0.73	0.12	0.5	0.99	0.02	0.73	0.5	0.5	0.95	0.5	0.1325	0.36375	0.25375	0.3175	0.3225	0.57375	0.38	0.06125	0.3975	0.4525	0.5175	0.3975	0.55375	0.6675	0.11	0.19875	0.2175	0.0525	0.415	0.41	2.8	2.8	1.66	1.27143	1.1	0.5243	0.388333	0.3232	0.334486	0.3829
0.5	0.73	0.12	0.02	0.12	0.05	0.02	0.05	0.02	0.5	0.88	0.5	0.99	0.98	0.02	0.27	0.5	0.27	0.27	0.5	0.085	0.27875	0.34375	0.32125	0.46125	0.4875	0.28875	0.1775	0.54375	0.485	0.49875	0.4075	0.4925	0.66875	0.11	0.2275	0.2175	0.08	0.4675	0.39625	2.8	0.566667	1.66	2.37143	1.44444	0.1555	0.3493	0.41478	0.380757	0.388411
0.05	0.88	0.5	0.5	0	0.88	0.27	0.27	0.98	0.01	0.01	0.99	0.02	0.27	0.5	0.12	0.12	0.01	0.02	0.01	0.14125	0.2125	0.29625	0.26125	0.48125	0.33625	0.22875	0.15	0.305	0.59375	0.6925	0.39375	0.61375	0.68125	0.13875	0.24625	0.3125	0.1125	0.4225	0.53375	-3.9	0.9	2	1.77143	1.41111	0.3681	0.3548	0.41944	0.461171	0.426089
0.05	0.12	0.12	0.02	0.95	0.02	0.01	0.01	0.01	0.88	0.98	0.02	0.95	0.5	0.27	0.02	0.73	0.02	0.05	0.88	0.2175	0.3125	0.35	0.32375	0.27375	0.4475	0.2625	0.1975	0.5025	0.46625	0.4825	0.515	0.525	0.5575	0.1675	0.29125	0.34	0.2	0.37125	0.4375	3.8	1.46667	1.36	0.871429	0.911111	0.5408	0.472467	0.44374	0.466671	0.4484
0.05	0.12	0.27	0.27	0.02	0.88	0.88	0.05	0.05	0.95	0.5	0.73	0.27	0.98	0.02	0.05	0.05	0.02	0.12	0.5	0.245	0.36875	0.3625	0.34	0.32875	0.3275	0.24875	0.19375	0.44	0.425	0.45375	0.5025	0.52125	0.37375	0.32125	0.36375	0.43375	0.19375	0.24125	0.4525	4.5	2.63333	0.1	0.371429	0.422222	0.5085	0.565033	0.51738	0.4323	0.450589
0.12	0.05	0.99	0.88	0.73	0.12	0.27	0.98	0.73	0.27	0.01	0.73	0.01	0.01	0.02	0.27	0.12	0	0.01	0.01	0.23625	0.36875	0.25875	0.26	0.26875	0.41	0.32375	0.07375	0.265	0.57	0.5425	0.49	0.615	0.48125	0.32	0.26	0.39625	0.13625	0.17	0.56125	-0.4	0.2	0.74	-0.257143	0.611111	0.6458	0.559333	0.5005	0.482214	0.430522
0.12	0.5	0.73	0.73	0.05	0.5	0.5	0.05	0.05	0.5	0.73	0.88	0.73	0.12	0.73	0.5	0.5	0.02	0.12	0.73	0.18875	0.22375	0.3675	0.4	0.34	0.39	0.4025	0.19	0.41	0.48125	0.345	0.42375	0.435	0.3475	0.3475	0.23125	0.3775	0.10125	0.2325	0.42375	-3.5	-1.53333	-0.34	0.942857	-0.0888889	0.5237	0.4844	0.49332	0.478729	0.472333
0.73	0.05	0.05	0.02	0.27	0.05	0.02	0.12	0.73	0.73	0.27	0.05	0.95	0.12	0.02	0.27	0.88	0.73	0.5	0.98	0.16875	0.2325	0.48125	0.53625	0.315	0.35125	0.49125	0.1625	0.20875	0.45375	0.40375	0.495	0.42	0.31625	0.49625	0.33625	0.425	0.0125	0.21625	0.3975	-0.7	-1.93333	-0.34	-0.1	0.266667	0.2837	0.437433	0.46036	0.477443	0.480856
0.27	0.5	0.27	0.5	0.01	0.88	0.88	0.02	0.27	0.01	0.02	0.73	0.02	0	0.99	0.73	0.12	0	0.01	0.01	0.235	0.16375	0.445	0.47625	0.24375	0.2475	0.38375	0.175	0.26625	0.525	0.43625	0.41	0.53625	0.37875	0.3475	0.2825	0.44375	0.16375	0.305	0.47125	-1.6	0.733333	-0.96	-0.842857	0.155556	0.5049	0.377433	0.43756	0.468343	0.448478
0.12	0.05	0.01	0.02	0.73	0.02	0.01	0.02	0.01	0.98	0.95	0.02	0.99	0.88	0.01	0.12	0.27	0.02	0.27	0.88	0.25375	0.20625	0.44375	0.5025	0.185	0.24625	0.38375	0.16875	0.29375	0.40375	0.38	0.40875	0.5	0.26875	0.47375	0.3675	0.42125	0.22125	0.26375	0.3625	4.5	-0.2	-0.4	-0.385714	0.0777778	0.3437	0.460133	0.42178	0.411714	0.396189
0.12	0.02	0.73	0.99	0.01	0.27	0.88	0.05	0.5	0.02	0.02	0.12	0.27	0.02	0.95	0.27	0.73	0.01	0.88	0.12	0.25375	0.295	0.23625	0.28625	0.24625	0.29125	0.3325	0.0575	0.26	0.5525	0.605	0.3675	0.69875	0.39	0.445	0.3775	0.36375	0.22875	0.2775	0.47125	-3.5	0.1	0.3	0.657143	0.333333	0.5318	0.4401	0.41492	0.342314	0.3516
0.5	0.5	0.73	0.88	0.02	0.12	0.5	0.12	0.05	0.02	0.02	0.73	0.12	0.02	0.98	0.73	0.88	0.01	0.27	0.05	0.1925	0.175	0.16	0.33125	0.23875	0.33875	0.4425	0.0425	0.325	0.49	0.51375	0.19625	0.62625	0.375	0.4125	0.26375	0.28375	0.22625	0.35375	0.38875	-0.7	-0.466667	1.38	1.02857	0.333333	0.4448	0.408667	0.32152	0.336714	0.3574
0.12	0.02	0.05	0.02	0.12	0.02	0.01	0.01	0.01	0.73	0.99	0.02	0.95	0.88	0.05	0.05	0.12	0.5	0.27	0.5	0.155	0.23	0.23875	0.43625	0.19375	0.3475	0.5075	0.04375	0.24	0.40125	0.4775	0.28	0.52875	0.25875	0.52625	0.31625	0.33125	0.075	0.2925	0.2725	2.8	1.96667	0.86	0.757143	0.622222	0.2494	0.244033	0.30168	0.346857	0.338078
0.05	0.01	0	0	0.27	0.01	0.01	0	0.01	0.95	0.98	0.01	0.95	0.98	0.05	0.12	0.02	0.5	0.05	0.5	0.1325	0.175	0.21125	0.37625	0.17625	0.24	0.3975	0.0425	0.2075	0.4825	0.6	0.19125	0.63625	0.365	0.4025	0.21875	0.33125	0.0775	0.3525	0.28625	3.8	2.83333	0.86	0.385714	1.22222	0.0379	0.177267	0.3105	0.313443	0.293967
0.12	0.73	0.05	0.12	0.5	0.73	0.73	0.12	0.95	0.5	0.88	0.5	0.88	0.12	0.73	0.5	0.12	0.05	0.73	0.12	0.17125	0.17	0.295	0.4775	0.175	0.26625	0.425	0.03125	0.19875	0.41875	0.50875	0.21875	0.5275	0.365	0.3225	0.19	0.3	0.13375	0.24	0.22625	1.9	0.733333	1.38	1.42857	0.333333	0.2445	0.2861	0.2435	0.252886	0.327167
0.01	0.02	0.12	0.98	0	0.73	1	0	0.12	0	0	0.12	0	0	0.5	0.05	0.01	0	0.12	0	0.29375	0.2625	0.305	0.26125	0.2425	0.2475	0.4	0.1025	0.33125	0.49375	0.61875	0.26625	0.61	0.38	0.23875	0.275	0.2375	0.14	0.20875	0.2325	-3.5	0.1	1.58	1.02857	0.922222	0.5759	0.310067	0.2152	0.281129	0.316511
0.05	0.01	0	0	0.01	0.02	0.05	0.02	0.01	0.73	0.95	0.01	1	0.05	0	0.01	0.5	0.01	0.01	0.5	0.26	0.26375	0.24375	0.28875	0.245	0.355	0.49	0.09125	0.3725	0.51875	0.5125	0.3075	0.50375	0.3775	0.30125	0.20375	0.12875	0.14375	0.20375	0.1975	1.9	0.733333	0.12	0.885714	0.822222	0.1098	0.264533	0.33612	0.307771	0.307433
0.02	0.05	0	0	0.02	0.01	0	0	0.01	0.88	0.99	0.01	0.88	0.95	0	0.02	0.02	0.02	0.27	0.12	0.26375	0.375	0.27125	0.30125	0.235	0.3875	0.5575	0.09875	0.495	0.415	0.39875	0.39625	0.415	0.2175	0.3575	0.21125	0.18875	0.11375	0.26125	0.1975	3.8	0.733333	0.1	0.114286	0.155556	0.1079	0.286733	0.3744	0.354229	0.3259
0.5	0.73	0.73	0.95	0.95	0.95	0.95	0.05	0.88	0.02	0.12	0.73	0.05	0.02	0.05	0.27	0.12	0.02	0.05	0.02	0.26	0.4075	0.21375	0.1975	0.09125	0.37875	0.5	0.1075	0.50375	0.4375	0.4	0.4275	0.415	0.2175	0.36	0.19875	0.2075	0.0575	0.31625	0.1625	-3.5	0.7	0.48	-0.614286	-0.7	0.6425	0.395433	0.33184	0.378671	0.382
0.99	0.05	0.88	0.12	0.05	0.12	0.95	0.5	0.73	0.12	0.02	0.12	0.05	0.02	0.05	0.5	0.12	0.01	0.02	0.05	0.19875	0.46375	0.25125	0.41	0.1475	0.425	0.47125	0.05125	0.41875	0.4725	0.365	0.475	0.33875	0.2175	0.28375	0.14125	0.22625	0.05875	0.24375	0.20625	1.8	-1.1	-0.54	-0.671429	-0.411111	0.4359	0.4805	0.393	0.373943	0.380611
0.27	0.5	0.12	0.12	0.05	0.27	0.27	0.05	0.27	0.95	0.12	0.95	0.27	0.05	0.98	0.12	0.5	0.05	0.12	0.27	0.32125	0.42	0.34625	0.29375	0.18125	0.34875	0.44625	0.11375	0.52375	0.47875	0.4625	0.37125	0.435	0.27625	0.12	0.1975	0.21125	0.06875	0.25	0.27	-1.6	-1	-2.08	-0.3	0.4	0.3631	0.404867	0.47998	0.3914	0.334678
0.12	0.95	0.27	0.12	0.05	0.27	0.5	0.05	0.99	0.05	0.12	0.73	0.12	0.5	0.5	0.12	0.12	0.27	0.99	0.12	0.34875	0.39625	0.4375	0.30875	0.1825	0.38	0.445	0.1175	0.5575	0.50625	0.35	0.4125	0.34375	0.305	0.18625	0.21125	0.21125	0.1025	0.265	0.2325	-3.2	-2.9	-0.48	-0.3	-0.166667	0.4156	0.4405	0.39788	0.3992	0.366767
0.5	0.95	0.27	0.12	0.05	0.88	0.5	0.12	0.95	0.27	0.12	0.98	0.12	0.05	0.12	0.27	0.27	0.05	0.27	0.12	0.39	0.515	0.47125	0.32375	0.18625	0.39375	0.5075	0.12375	0.595	0.375	0.24125	0.49	0.24875	0.24875	0.24875	0.2525	0.22375	0.13375	0.33625	0.2325	-3.9	-0.866667	-0.08	-0.257143	-1.08889	0.5428	0.3968	0.3432	0.364357	0.394111
0.12	0.5	0.5	0.99	0.05	0.27	0.5	0.12	0.12	0.88	0.5	0.27	0.27	0.12	0.12	0.27	0.27	0.05	0.12	0.5	0.39	0.495	0.3575	0.09875	0.0825	0.36625	0.395	0.12	0.595	0.3875	0.30125	0.5025	0.34625	0.3	0.24875	0.23375	0.2425	0.14625	0.3825	0.27375	4.5	1.46667	-0.4	-1.15714	-0.277778	0.232	0.312433	0.3503	0.352657	0.339322
0.27	0.12	0.12	0.05	0.27	0.27	0.12	0.05	0.5	0.88	0.88	0.12	0.99	0.5	0.12	0.12	0.27	0.12	0.27	0.73	0.28125	0.55125	0.30125	0.20375	0.0825	0.385	0.33	0.0725	0.47125	0.46375	0.37	0.52125	0.37375	0.3125	0.24875	0.205	0.26125	0.15125	0.395	0.33	3.8	1.7	-0.66	-0.385714	-0.0555556	0.1625	0.264367	0.33798	0.322129	0.341533
0.12	0.27	0.88	0.12	0.02	0.27	0.27	0.05	1	0.05	0.05	0.12	0.12	0.73	0.05	0.12	0.12	0.5	1	0.05	0.3	0.56125	0.25375	0.2425	0.11375	0.475	0.3875	0.08125	0.4375	0.455	0.47375	0.49375	0.51125	0.28375	0.16875	0.2525	0.25125	0.1125	0.3225	0.39625	-3.2	-1.3	0.88	0.614286	-0.266667	0.3986	0.305033	0.2593	0.327871	0.383333
0.73	1	0.27	0.12	0.05	0.73	0.5	0.12	0.27	0.05	0.12	0.88	0.12	0.05	0.12	0.5	0.27	0.05	0.12	0.12	0.2425	0.41375	0.35875	0.31875	0.10625	0.49375	0.42	0.08125	0.4675	0.455	0.45625	0.39875	0.51125	0.3125	0.13125	0.2525	0.25125	0.14125	0.32375	0.3875	-4.5	-1.3	0.74	0.671429	-0.3	0.354	0.300667	0.30406	0.355943	0.443556
