0.05	0	0	0	0	0.73	0.27	0.12	0.27	0	0.02	0.05	0.05	0	1	0.5	0.88	0	0.01	0.05	0.30125	0.18875	0.3	0.2625	0.0225	0.47125	0.35625	0.27625	0.42	0.4525	0.25125	0.2625	0.25625	0.05375	0.37625	0.465	0.67	0.0275	0.185	0.59375	-1.6	-1.93333	-2	-0.514286	0.0555556	0.4233	0.476667	0.50778	0.488714	0.508111
0.27	0.27	0.5	0.73	0.01	0.88	0.95	0.12	0.5	0.01	0.02	0.88	0.05	0.02	0.95	0.5	0.73	0.12	0.12	0.05	0.17	0.24	0.20875	0.19875	0.0175	0.5375	0.3275	0.1725	0.48	0.51125	0.31125	0.18625	0.2875	0.08375	0.3825	0.43375	0.68	0.02625	0.27875	0.65	-3.5	-2.86667	-1.48	-0.514286	-0.288889	0.6714	0.531333	0.47424	0.452357	0.465289
0.27	0.88	0.27	0.88	0.01	0.73	0.95	0.27	0.88	0.01	0.01	0.5	0.01	0	0.73	0.5	0.73	0	0.02	0.02	0.28625	0.17875	0.24	0.18	0.05	0.5575	0.33	0.26375	0.435	0.42625	0.3125	0.29625	0.26125	0.09125	0.41125	0.44875	0.69875	0.04125	0.2975	0.65125	-3.5	-1.7	-0.44	-0.914286	-1.22222	0.4993	0.537533	0.44432	0.448257	0.436733
0.27	0.12	0.73	0.27	0.05	0.5	0.27	0.05	0.73	0.27	0.27	0.27	0.27	0.27	0.95	0.73	0.88	0.02	0.05	0.88	0.3625	0.32125	0.19125	0.265	0.04875	0.52875	0.415	0.29625	0.425	0.3175	0.30875	0.3725	0.22875	0.085	0.46875	0.42	0.64875	0.1	0.29375	0.54375	1.9	0.966667	-0.82	-1.37143	-0.944444	0.4419	0.375633	0.47584	0.426529	0.410344
0.01	0.02	0	0	0.01	0	0.01	0	0	0.98	0.95	0.01	0.88	0.05	0.01	0.01	0.02	0.05	0.73	0.99	0.395	0.39	0.30125	0.28625	0.085	0.515	0.5425	0.19375	0.46875	0.22875	0.31875	0.405	0.18	0.125	0.58625	0.4625	0.67125	0.11	0.2375	0.53875	4.5	0.966667	-0.9	-0.885714	-1.3	0.1857	0.402833	0.3782	0.419214	0.418244
0.12	0.73	0.5	0.27	0.02	0.73	0.5	0.05	0.73	0.5	0.5	0.27	0.27	0.27	0.05	0.73	0.88	0.12	0.88	0.5	0.3775	0.30125	0.2725	0.25875	0.08375	0.33375	0.44875	0.2975	0.35	0.28875	0.3725	0.36875	0.25	0.0975	0.45625	0.31625	0.455	0.10125	0.2175	0.59375	-3.5	-0.966667	0.16	-0.942857	-1.16667	0.5809	0.3166	0.35276	0.381357	0.434567
0.95	0.12	0.02	0	0.27	0.01	0.02	0.88	0.02	0.27	0.12	0.5	0.02	0.05	0.01	0.12	0.27	0	0.05	0.98	0.27375	0.3775	0.285	0.31125	0.05125	0.4325	0.5125	0.27	0.43875	0.31625	0.42	0.2925	0.30875	0.1225	0.345	0.42125	0.53125	0.10125	0.30625	0.52875	-3.9	-1.86667	-1	-0.5	-1.16667	0.1832	0.378733	0.34566	0.391486	0.412
0.73	0.5	0.12	0.12	0.05	0.27	0.5	0.05	0.5	0.27	0.73	0.5	0.5	0.27	0.73	0.5	0.73	0.5	0.27	0.88	0.30125	0.25375	0.3575	0.29625	0.14	0.37125	0.3675	0.3425	0.28375	0.31625	0.345	0.26375	0.25375	0.095	0.22625	0.43	0.505	0.03875	0.27625	0.54125	1.8	-2	-1.98	-1.27143	-0.855556	0.3721	0.320567	0.42256	0.395257	0.419867
0.5	0.5	0.27	0.02	0.27	0.27	0.88	0.01	0.12	0.5	0.88	0.27	0.27	0.12	0.27	0.12	0.27	0.12	0.5	0.95	0.41875	0.23875	0.2475	0.275	0.10625	0.30875	0.28625	0.34375	0.24	0.36375	0.38375	0.25875	0.31125	0.08625	0.165	0.3875	0.4675	0.08375	0.24125	0.54625	-3.9	-0.833333	-1.98	-2.01429	-0.866667	0.4064	0.449567	0.40004	0.450171	0.377356
0.02	0	0.27	0.05	0	0.01	0.01	1	0.05	0	0	0.02	0	0	0	0.05	0.01	0	0	0	0.4925	0.36125	0.28125	0.28625	0.14	0.375	0.50375	0.22	0.255	0.36625	0.40875	0.35125	0.2375	0.11	0.19875	0.4575	0.62	0.1075	0.275	0.65125	-0.4	-2.6	-1.34	-1.25714	-1.51111	0.5702	0.481633	0.47742	0.375657	0.406422
0.27	0.27	0.12	0.88	0	0.95	0.98	0.73	0.5	0	0.02	0.5	0.27	0	0.02	0.73	0.73	0	0	0.01	0.44625	0.23625	0.2375	0.14875	0.1375	0.16625	0.32	0.2475	0.1075	0.41375	0.46875	0.2575	0.28875	0.13875	0.19	0.28125	0.42	0.0925	0.165	0.62125	-3.5	-1.53333	-1.34	-0.885714	-0.7	0.4683	0.5362	0.41486	0.413386	0.342611
0.27	0.27	0.95	0.88	0.5	0.5	0.27	0.02	0.12	0.01	0.02	0.27	0.05	0	0.5	0.95	0.98	0	0	0.02	0.33375	0.28375	0.19375	0.155	0.05625	0.28375	0.44	0.2325	0.24375	0.38	0.46	0.28625	0.31375	0.13375	0.25375	0.34875	0.465	0.09875	0.16125	0.4975	-0.7	-0.8	-0.82	-0.6	-0.444444	0.5701	0.3659	0.42304	0.361171	0.3578
0.98	0	0	0	0	0	0	0.02	0	0.88	0.73	0	0.5	0.05	0	0.01	0.12	0	0	0.99	0.155	0.255	0.2975	0.25	0.2375	0.3125	0.41125	0.22625	0.19625	0.2375	0.28	0.2575	0.195	0.09375	0.225	0.40375	0.48125	0.03625	0.1275	0.26875	1.8	-0.0666667	0.02	-0.271429	-0.366667	0.0593	0.3589	0.31032	0.348814	0.317567
0.12	0.5	0.27	0.12	0.01	0.27	0.88	0	0.05	0.5	0.27	0.5	0.02	0.12	0.01	0.5	0.98	0.12	0.5	0.88	0.23375	0.24	0.2925	0.2475	0.2175	0.33625	0.225	0.2425	0.29375	0.25625	0.2425	0.22375	0.23625	0.1325	0.2525	0.41875	0.45	0.06875	0.03625	0.22625	-1.3	1.43333	0.4	0.142857	-0.366667	0.4473	0.171067	0.28064	0.268786	0.319722
0	0	0	0	0	0	0	0	0	0.88	1	0	0.95	0.5	0	0	0	0	0	0.27	0.3375	0.305	0.29875	0.25875	0.2525	0.375	0.33625	0.12	0.3275	0.27125	0.2425	0.28625	0.135	0.20875	0.26	0.49	0.58625	0.09	0.2225	0.4125	3.8	0.3	1.04	0.0857143	-0.0111111	0.0066	0.257933	0.16862	0.262714	0.265233
0.05	0.5	0.5	0.05	0.12	0.5	0.27	0.05	0.73	0.01	0.05	0.5	0	0.01	1	0.88	0.88	0.05	0.02	0	0.33125	0.3	0.28375	0.17625	0.27125	0.25625	0.2425	0.05625	0.23625	0.395	0.37375	0.22375	0.235	0.30375	0.195	0.4075	0.495	0.175	0.25375	0.5075	-1.6	1.56667	-0.1	0.585714	0.3	0.3199	0.112167	0.24192	0.192671	0.268378
0.01	0	0	0	1	0	0	0	0	0	0	0	0	0	0	0	0	0	0	0.02	0.365	0.3625	0.29	0.0875	0.105	0.31875	0.2575	0.17	0.34625	0.41	0.44	0.2675	0.2625	0.33875	0.3675	0.49	0.5925	0.24375	0.31875	0.53625	2.5	-1	0.72	0.228571	0.8	0.01	0.2519	0.16842	0.255143	0.236422
0.27	0.88	0.5	0.12	0.12	0.73	0.27	0.12	0.95	0.27	0.12	0.5	0.12	0.5	0.5	0.73	0.88	0.5	0.27	0.5	0.24375	0.28625	0.31875	0.1825	0.23	0.29	0.315	0.215	0.29	0.2725	0.34875	0.23875	0.21875	0.30375	0.39625	0.51625	0.53	0.24375	0.31875	0.3675	-3.9	0.466667	-0.18	0.957143	0.511111	0.4258	0.171867	0.26642	0.2316	0.2702
0.73	0.02	0.05	0.02	0.27	0.05	0.02	0.02	0.27	0.5	0.73	0.02	0.12	0.99	0.05	0.12	0.12	0.05	0.99	0.88	0.23375	0.39375	0.375	0.195	0.24375	0.375	0.27	0.2425	0.46	0.24375	0.25375	0.29875	0.23125	0.23	0.575	0.62125	0.565	0.28625	0.22875	0.2725	2.8	-0.6	0.9	0.3	0.477778	0.0798	0.334067	0.25894	0.282557	0.279122
0.27	0.73	0.5	0.27	0.27	0.5	0.5	0.27	0.5	0.12	0.12	0.5	0.12	0.27	0.5	0.95	0.88	0.73	0.27	0.5	0.35375	0.33875	0.41	0.22625	0.24625	0.41	0.30125	0.27375	0.5225	0.1875	0.22	0.2725	0.14625	0.29125	0.62875	0.60875	0.56125	0.2925	0.3525	0.30125	-0.7	1.96667	0.24	0.3	-0.333333	0.4966	0.2863	0.3296	0.312229	0.3378
0.5	0.27	0.5	0.12	0.05	0.5	0.12	0.88	0.27	0.12	0.5	0.12	0.27	0.27	0.88	0.73	0.88	0.5	0.5	0.27	0.38125	0.3675	0.41	0.34875	0.27375	0.43875	0.34875	0.225	0.49375	0.24875	0.22875	0.29125	0.1425	0.2925	0.56625	0.6175	0.5425	0.3175	0.33625	0.42125	3.8	0.766667	0.7	-0.557143	-0.544444	0.2825	0.3808	0.34996	0.387186	0.349656
0.27	0.27	0.73	0.88	0.12	0.5	0.73	0.5	0.5	0.05	0.12	0.27	0.27	0.27	0.73	0.95	0.5	0.5	0.27	0.12	0.47125	0.43	0.44375	0.31625	0.14625	0.53	0.335	0.335	0.5275	0.29125	0.33875	0.335	0.1575	0.32625	0.6475	0.68125	0.68125	0.40875	0.39875	0.5	-0.8	0.466667	-0.56	-0.5	-1.21111	0.3633	0.391133	0.44094	0.3873	0.415467
0.5	0.5	0.27	0.12	0.27	0.27	0.27	0.12	0.73	0.5	0.12	0.5	0.12	0.02	0.99	0.73	0.5	0.01	0.5	0.5	0.47125	0.35375	0.53	0.4875	0.1275	0.53	0.45	0.4775	0.4425	0.21625	0.33875	0.30625	0.195	0.31	0.58625	0.70875	0.63375	0.41375	0.39875	0.42375	-1.6	-1.96667	-1.12	-1.4	-0.822222	0.5276	0.4752	0.42694	0.461943	0.419544
0.5	0.27	0.73	0.5	0.02	0.73	0.73	0.5	0.73	0.05	0.12	0.27	0.27	0.27	0.88	0.73	0.73	0.73	0.27	0.12	0.4425	0.4425	0.5575	0.5	0.14	0.5575	0.4525	0.49	0.5	0.2725	0.31	0.395	0.195	0.18875	0.685	0.75625	0.62375	0.40875	0.3375	0.42375	-3.5	-2.86667	-2.58	-1.35714	-1.31111	0.5347	0.4963	0.4909	0.457071	0.4687
0.5	0.27	0.5	0.88	0.12	0.73	0.27	0.27	0.27	0.5	0.5	0.27	0.12	0.02	0.88	0.73	0.73	0.02	0.12	0.73	0.42375	0.385	0.53875	0.43375	0.1	0.52875	0.4625	0.5	0.52875	0.2925	0.3575	0.36625	0.32125	0.2775	0.65625	0.7	0.57625	0.44	0.41375	0.3475	-3.5	-3.5	-2.5	-2.12857	-0.811111	0.4266	0.5212	0.51074	0.491314	0.425122
0.5	0.5	0.5	0.5	0.05	0.73	0.5	0.5	0.5	0.27	0.5	0.5	0.12	0.27	0.5	0.73	0.73	0.73	0.27	0.5	0.42375	0.41375	0.53875	0.52875	0.10875	0.57625	0.52875	0.37625	0.52875	0.32125	0.31	0.35625	0.32125	0.30375	0.65625	0.7	0.5575	0.30375	0.395	0.37625	-3.5	-2.46667	-2.5	-1.47143	-1.62222	0.6023	0.497133	0.50966	0.454329	0.427533
0.5	0.5	0.73	0.73	0.12	0.5	0.73	0.88	0.5	0.12	0.12	0.5	0.27	0.12	0.27	0.73	0.5	0.05	0.5	0.27	0.39625	0.3825	0.42	0.39125	0.09125	0.54375	0.41	0.26875	0.4675	0.4575	0.43375	0.32875	0.36	0.39875	0.59625	0.58375	0.5575	0.34125	0.33875	0.51375	-0.4	-1.83333	-1.04	-1.74286	-1.03333	0.4625	0.529	0.4236	0.422414	0.394089
0.5	0.5	0.73	0.5	0.12	0.73	0.5	0.5	0.73	0.5	0.5	0.5	0.27	0.27	0.73	0.5	0.27	0.73	0.27	0.5	0.3675	0.43	0.44875	0.43875	0.14875	0.59125	0.49625	0.31625	0.43875	0.38125	0.3775	0.3575	0.36	0.3925	0.42125	0.6125	0.63375	0.27	0.3675	0.45625	-1.6	0.6	-1.04	-0.6	-1.24444	0.5222	0.363033	0.39912	0.354929	0.366078
0.12	0.27	0.12	0.12	0.05	0.27	0.12	0.12	0.27	0.73	0.88	0.27	0.98	0.73	0.27	0.5	0.5	0.27	0.73	0.5	0.3525	0.42625	0.43375	0.42375	0.155	0.5575	0.4525	0.30125	0.405	0.34625	0.315	0.3525	0.2375	0.3075	0.36875	0.52125	0.51375	0.36125	0.2775	0.44375	3.8	-0.433333	0.56	-0.6	-0.955556	0.1044	0.310267	0.29112	0.333343	0.307656
0.5	0.73	0.5	0.5	0.05	0.88	0.88	0.12	0.5	0.12	0.12	0.27	0.27	0.73	0.5	0.73	0.73	0.12	0.5	0.27	0.2575	0.3975	0.3575	0.28125	0.17375	0.42375	0.33875	0.30125	0.37625	0.39375	0.41	0.38125	0.37375	0.42375	0.23625	0.46375	0.485	0.49625	0.41	0.415	-3.5	1.6	-0.06	-0.228571	-0.144444	0.3042	0.156967	0.25372	0.248571	0.279711
0.05	0.02	0.01	0.01	0.05	0.01	0.01	0.02	0.01	0.99	0.73	0.05	0.73	0.88	0.02	0.02	0.27	0.12	0.05	0.99	0.2575	0.54625	0.37125	0.28625	0.17375	0.55125	0.4	0.25375	0.4375	0.285	0.33375	0.465	0.31625	0.49	0.23625	0.47625	0.4575	0.515	0.55125	0.29625	4.5	-0.833333	0.08	0.371429	0.744444	0.0623	0.214	0.15106	0.207514	0.226011
0.27	0.88	0.5	0.27	0.73	0.88	0.73	0.12	0.73	0.27	0.05	0.73	0.12	0.12	0.05	0.73	0.88	0.12	0.5	0.27	0.20125	0.4675	0.28125	0.225	0.13625	0.49875	0.28125	0.19375	0.3	0.39375	0.4375	0.38	0.37375	0.585	0.26125	0.3875	0.38125	0.52375	0.4475	0.415	-3.5	0.0333333	0.08	1.24286	0.7	0.2755	0.115567	0.1652	0.149914	0.2129
0	0.01	0	0	0	0	0	0	0	0	0	0	0	0.05	0	0	0	1	0.01	0.02	0.20625	0.57625	0.315	0.2875	0.21875	0.60875	0.3725	0.20875	0.33375	0.38	0.415	0.47125	0.37	0.575	0.29875	0.5075	0.52	0.32875	0.50875	0.4175	-0.9	-0.2	1.68	0.585714	0.7	0.0089	0.153167	0.12816	0.184214	0.194789
0.12	0.5	0.27	0.12	0.27	0.27	0.12	0.27	0.27	0.27	0.5	0.5	0.5	0.95	0.05	0.5	0.73	0.95	0.95	0.27	0.23875	0.54375	0.32875	0.32	0.27	0.60375	0.405	0.25125	0.3	0.28875	0.27625	0.4375	0.2	0.43375	0.3775	0.445	0.4	0.3075	0.33375	0.3575	3.8	2.46667	0.62	0.857143	0.477778	0.1751	0.101	0.1846	0.192071	0.249844
0.05	0.98	0.12	0.05	0.05	0.88	0.12	0.02	0.5	0.27	0.5	0.95	0.12	0.95	0.02	0.12	0.05	0.88	0.95	0.27	0.21875	0.42625	0.3475	0.37625	0.2975	0.45125	0.38625	0.3775	0.3275	0.28875	0.27625	0.43875	0.22875	0.34875	0.41	0.4925	0.45625	0.3075	0.305	0.33875	4.5	2.5	1	0.471429	0.477778	0.119	0.212867	0.20134	0.268871	0.286044
0.27	0.73	0.5	0.5	0.5	0.95	0.5	0.5	0.12	0.27	0.27	0.5	0.12	0.12	0.5	0.73	0.5	0.12	0.12	0.5	0.21875	0.5175	0.40875	0.3525	0.24125	0.50375	0.4	0.425	0.465	0.19875	0.27625	0.55125	0.17125	0.3575	0.43875	0.47625	0.42875	0.42125	0.43625	0.22	-0.8	0.7	1.54	0.471429	-0.411111	0.3445	0.274233	0.31954	0.319514	0.345044
0.27	0.5	0.5	0.73	0.05	0.73	0.5	0.5	0.27	0.12	0.27	0.5	0.12	0.12	0.98	0.73	0.5	0.05	0.27	0.27	0.27625	0.5275	0.38	0.3525	0.22125	0.5125	0.37125	0.4725	0.4175	0.2175	0.30375	0.55125	0.21875	0.37625	0.46375	0.47625	0.38125	0.42125	0.37	0.23	-1.6	-0.2	0.08	0.1	-0.411111	0.3592	0.434533	0.41052	0.403	0.380311
0.5	0.5	0.5	0.5	0.73	0.5	0.5	0.73	0.27	0.27	0.27	0.5	0.12	0.5	0.95	0.5	0.27	0.05	0.27	0.27	0.28125	0.6175	0.47125	0.44375	0.1425	0.6325	0.4625	0.50625	0.50875	0.21375	0.31875	0.6425	0.23375	0.35625	0.5775	0.5675	0.4725	0.35875	0.4025	0.26125	1.8	-1.1	-1.52	-0.942857	-0.744444	0.5999	0.5297	0.50538	0.462686	0.434189
0.27	0.27	0.5	0.88	0.05	0.27	0.73	0.88	0.95	0.12	0.12	0.73	0.12	0.05	0.73	0.73	0.5	0.05	0.27	0.12	0.32875	0.64625	0.47125	0.44375	0.3125	0.71875	0.51	0.4875	0.42375	0.21375	0.30875	0.6425	0.23375	0.3275	0.66125	0.53875	0.4625	0.24625	0.29875	0.28	-3.5	-1.73333	-2.06	-2.14286	-0.7	0.63	0.607733	0.55506	0.516229	0.472567
0.27	0.5	0.88	0.27	0.05	0.5	0.5	0.88	0.73	0.27	0.5	0.5	0.27	0.12	0.73	0.5	0.5	0.27	0.27	0.27	0.35625	0.52875	0.47125	0.62375	0.32125	0.67125	0.63375	0.51875	0.40375	0.17625	0.21375	0.615	0.215	0.215	0.76875	0.64375	0.5475	0.1425	0.2425	0.26125	-3.5	-3.5	-2.52	-1.42857	-1.58889	0.5933	0.6054	0.58198	0.541371	0.518644
0.73	0.73	0.27	0.5	0.12	0.73	0.5	0.5	0.5	0.27	0.27	0.73	0.5	0.27	0.73	0.73	0.5	0.05	0.12	0.12	0.3275	0.5	0.5475	0.56625	0.25625	0.63375	0.6625	0.51875	0.48	0.17625	0.27125	0.615	0.23375	0.215	0.7975	0.58625	0.51875	0.24625	0.28	0.28	-3.5	-3.63333	-2.04	-1.7	-1.88889	0.5929	0.56	0.5661	0.5663	0.520444
0.27	0.73	0.73	0.5	0.05	0.73	0.73	0.5	0.73	0.12	0.12	0.73	0.12	0.27	0.88	0.5	0.5	0.5	0.27	0.27	0.385	0.47125	0.4425	0.48125	0.32125	0.57625	0.58625	0.47125	0.42375	0.29875	0.3475	0.5675	0.32875	0.23375	0.69	0.53875	0.49	0.19	0.23375	0.35	-3.9	-1.06667	-2.04	-2.45714	-1.24444	0.4938	0.535733	0.54684	0.532129	0.506844
0.27	0.5	0.27	0.5	0.95	0.73	0.73	0.27	0.27	0.12	0.27	0.73	0.5	0.27	0.5	0.5	0.88	0.05	0.12	0.27	0.385	0.4525	0.4525	0.43375	0.15125	0.52875	0.53875	0.415	0.53875	0.375	0.405	0.53875	0.32875	0.28125	0.63375	0.51	0.47125	0.27375	0.28125	0.42625	4.2	-1.06667	-2.04	-1.35714	-0.944444	0.5205	0.516	0.50032	0.475957	0.445756
0.27	0.27	0.5	0.88	0.12	0.73	0.88	0.27	0.12	0.12	0.12	0.5	0.12	0.12	0.88	0.73	0.73	0.27	0.5	0.27	0.385	0.48125	0.37625	0.29125	0.26375	0.52875	0.44375	0.33875	0.54875	0.47875	0.51875	0.49125	0.4525	0.35625	0.50125	0.42375	0.46125	0.33125	0.29125	0.52125	-3.5	-0.933333	-0.5	-0.214286	-0.0555556	0.5337	0.471633	0.4291	0.398357	0.379933
0.5	0.73	0.5	0.27	0.05	0.88	0.73	0.12	0.5	0.27	0.5	0.73	0.5	0.27	0.73	0.5	0.27	0.73	0.27	0.5	0.385	0.37625	0.28125	0.34875	0.3	0.48125	0.415	0.25375	0.50125	0.53625	0.5	0.40625	0.43375	0.4325	0.44375	0.4525	0.5475	0.35875	0.405	0.52125	-3.5	-0.933333	1.18	0.928571	0.755556	0.3607	0.377067	0.34036	0.319029	0.328344
0.27	0.27	0.12	0.05	0.5	0.27	0.12	0.12	0.05	0.95	0.73	0.12	0.5	0.27	0.27	0.12	0.27	0.05	0.05	0.98	0.385	0.43375	0.31	0.32875	0.23125	0.52875	0.44375	0.25375	0.61375	0.4325	0.44375	0.45375	0.405	0.49	0.425	0.4425	0.51875	0.52875	0.5425	0.46125	4.2	1.73333	1.24	2.02857	1	0.2368	0.215867	0.24378	0.266914	0.276733
0.5	0.12	0.12	0.12	0.27	0.12	0.12	0.05	0.73	0.88	0.88	0.27	0.5	0.88	0.12	0.27	0.5	0.27	0.5	0.88	0.385	0.4525	0.32875	0.34875	0.26875	0.5475	0.415	0.2625	0.47125	0.44125	0.44375	0.40625	0.42375	0.4425	0.39625	0.4525	0.49	0.445	0.515	0.47375	4.5	4.4	2.7	1.24286	1.34444	0.0501	0.108167	0.16284	0.2109	0.265333
0.27	0.27	0.12	0.12	0.12	0.27	0.12	0.27	0.88	0.95	0.88	0.12	0.73	0.5	0.05	0.27	0.27	0.73	0.73	0.88	0.41375	0.43375	0.405	0.3775	0.17125	0.5475	0.3575	0.32	0.4525	0.42375	0.41625	0.425	0.3475	0.47125	0.34875	0.4525	0.47125	0.38375	0.505	0.44625	4.5	4.26667	3.14	1.62857	0.833333	0.0376	0.0722333	0.11638	0.190543	0.281422
0.5	0.12	0.12	0.12	0.27	0.27	0.12	0.05	0.73	0.88	0.73	0.05	0.5	0.88	0.12	0.5	0.73	0.95	0.95	0.5	0.36625	0.48125	0.43375	0.35875	0.14	0.5475	0.31	0.42375	0.56625	0.4325	0.435	0.4625	0.42375	0.4425	0.245	0.395	0.385	0.325	0.44875	0.475	3.8	2.33333	2.14	2.07143	0.833333	0.129	0.0983333	0.14726	0.234057	0.299156
0.5	0.73	0.12	0.12	0.02	0.5	0.12	0.5	0.95	0.12	0.05	0.5	0.27	0.73	0.12	0.27	0.27	0.73	1	0.12	0.3375	0.42375	0.43375	0.41625	0.17125	0.5	0.32875	0.415	0.58625	0.5	0.4725	0.425	0.405	0.4425	0.21625	0.4525	0.47125	0.27625	0.47125	0.475	-1.3	0.566667	1.16	0.971429	0.788889	0.1284	0.2162	0.2703	0.299271	0.322289
0.5	0.73	0.88	0.73	0.12	0.73	0.5	0.5	0.27	0.12	0.27	0.5	0.27	0.5	0.5	0.73	0.5	0.05	0.5	0.27	0.3375	0.48125	0.3575	0.39625	0.11125	0.5	0.3	0.43375	0.7275	0.4725	0.445	0.4725	0.43375	0.5	0.22625	0.4425	0.4425	0.38875	0.56125	0.44375	-0.8	-0.833333	-0.44	-0.228571	0.822222	0.3912	0.394967	0.40144	0.373386	0.342178
0.27	0.5	0.88	0.73	0.02	0.88	0.27	0.95	0.27	0.05	0.05	0.73	0.12	0.12	0.05	0.5	0.5	0.02	0.27	0.05	0.3375	0.52875	0.405	0.44375	0.105	0.57625	0.37625	0.405	0.7275	0.405	0.39625	0.44375	0.405	0.52875	0.33	0.5	0.4425	0.46875	0.64625	0.395	-0.4	-1.56667	-1.98	-0.228571	0.177778	0.6653	0.583267	0.48942	0.427414	0.375867
0.12	0.5	0.73	0.73	0.02	0.73	0.5	0.88	0.88	0.12	0.12	0.73	0.5	0.27	0.12	0.5	0.5	0.02	0.27	0.12	0.385	0.52875	0.47125	0.52	0.12375	0.62375	0.42375	0.4425	0.60375	0.34	0.31125	0.49125	0.3	0.48125	0.40625	0.52875	0.47125	0.3925	0.6175	0.33875	-3.5	-2.6	-0.82	-0.957143	-0.711111	0.6933	0.6425	0.5469	0.459457	0.435978
0.27	0.88	0.5	0.73	0.05	0.73	0.88	0.5	0.88	0.05	0.12	0.88	0.12	0.12	0.5	0.73	0.5	0.12	0.5	0.12	0.3375	0.52875	0.595	0.59625	0.10125	0.6525	0.4525	0.575	0.575	0.25375	0.235	0.52875	0.3	0.405	0.435	0.52875	0.4425	0.2675	0.50375	0.31	-3.9	-0.966667	-0.92	-1.27143	-1.52222	0.5689	0.559333	0.53932	0.523771	0.488511
0.27	0.73	0.27	0.5	0.12	0.5	0.27	0.27	0.5	0.73	0.73	0.5	0.73	0.5	0.73	0.5	0.27	0.27	0.27	0.88	0.3375	0.51875	0.67125	0.6725	0.09625	0.72875	0.57625	0.6325	0.56625	0.21625	0.18625	0.57625	0.22375	0.28125	0.40625	0.58625	0.5	0.22	0.49875	0.29125	4.5	-0.233333	-1.54	-1.65714	-1.52222	0.4158	0.446	0.52198	0.553857	0.527289
0.27	0.27	0.5	0.5	0.12	0.88	0.5	0.27	0.73	0.27	0.27	0.27	0.12	0.73	0.5	0.5	0.5	0.88	0.95	0.27	0.36625	0.51875	0.595	0.64375	0.09625	0.62375	0.51875	0.60375	0.595	0.2925	0.24375	0.57625	0.37625	0.2525	0.4825	0.58625	0.47125	0.2475	0.4425	0.39625	-1.3	-0.1	-1.54	-1.78571	-1.57778	0.3533	0.449233	0.50368	0.527014	0.519111
0.5	0.27	0.5	0.73	0.27	0.5	0.73	0.5	0.5	0.5	0.27	0.5	0.27	0.27	0.73	0.5	0.5	0.12	0.5	0.5	0.36625	0.49	0.51875	0.5575	0.10875	0.62375	0.5475	0.56625	0.62375	0.26375	0.2525	0.47125	0.3575	0.31	0.57	0.615	0.47125	0.37375	0.47125	0.37625	-3.5	-2.76667	-1.02	-1.47143	-1.71111	0.5786	0.511233	0.48538	0.473343	0.513144
0.27	0.5	0.88	0.73	0.12	0.5	0.73	0.73	0.5	0.12	0.12	0.5	0.12	0.12	0.73	0.73	0.5	0.05	0.27	0.27	0.41375	0.50875	0.4425	0.5575	0.14	0.595	0.57625	0.46125	0.57625	0.3025	0.27125	0.47125	0.3475	0.31	0.64625	0.615	0.4425	0.38625	0.48125	0.405	-3.5	-2.76667	-2.18	-1.14286	-1.71111	0.6018	0.5526	0.46574	0.479443	0.482911
0.5	0.5	0.5	0.5	0.05	0.88	0.5	0.73	0.5	0.5	0.27	0.5	0.27	0.12	0.12	0.5	0.5	0.5	0.73	0.73	0.35375	0.4325	0.43375	0.51	0.205	0.49	0.50125	0.41375	0.5	0.26375	0.32875	0.37625	0.32	0.41875	0.66625	0.5675	0.395	0.3775	0.48625	0.33875	-1.3	-2.03333	-2.24	-2.28571	-0.855556	0.4774	0.4656	0.5174	0.480214	0.426111
0.73	0.27	0.5	0.5	0.12	0.27	0.27	0.27	0.73	0.27	0.27	0.27	0.88	0.5	0.88	0.73	0.5	0.88	0.73	0.5	0.35375	0.4925	0.415	0.48125	0.18375	0.61375	0.5875	0.4525	0.47125	0.2075	0.24375	0.465	0.15875	0.32375	0.48625	0.53875	0.37625	0.31125	0.45875	0.2725	-1.3	-1.4	-2.24	-1.55714	-1.78889	0.3176	0.468867	0.48592	0.437986	0.446344
0.5	0.27	0.27	0.27	0.27	0.5	0.73	0.88	0.27	0.05	0.12	0.12	0.12	0.12	0.98	0.73	0.5	0.27	0.05	0.12	0.355	0.47375	0.49125	0.57	0.1525	0.5375	0.55875	0.465	0.5	0.20375	0.23125	0.48375	0.24125	0.295	0.445	0.51	0.32875	0.28	0.44	0.28875	-1.6	-2.13333	-0.78	-1.61429	-1.68889	0.6116	0.450133	0.3771	0.440743	0.497056
0.27	0.88	0.5	0.73	0.12	0.5	0.73	0.27	0.5	0.05	0.12	0.73	0.27	0.12	0.73	0.73	0.27	0.05	0.12	0.12	0.33625	0.48875	0.43375	0.42375	0.13875	0.50875	0.47375	0.49375	0.415	0.1425	0.20375	0.4075	0.19125	0.2625	0.39125	0.4625	0.30125	0.3075	0.37125	0.24125	-3.5	-0.433333	-1.3	-1.17143	-1.8	0.4212	0.3635	0.4012	0.470443	0.451411
0.02	0.27	0.05	0.12	0.5	0.27	0.05	0.12	0.27	0.12	0.73	0.12	0.05	0.99	0.05	0.12	0.12	0.5	1	0.05	0.39625	0.5175	0.395	0.415	0.0825	0.49	0.47375	0.4275	0.415	0.2375	0.175	0.43625	0.2375	0.1725	0.39125	0.4625	0.3675	0.2475	0.26125	0.33875	3.8	-1.2	-1.12	-1.62857	-0.944444	0.0577	0.358933	0.49962	0.426214	0.392211
0.5	0.98	0.12	0.27	0.02	0.88	0.73	0.12	0.5	0.05	0.05	0.98	0.05	0.12	0.05	0.5	0.12	0.12	0.05	0.12	0.33625	0.42875	0.38625	0.425	0.1425	0.395	0.4175	0.37	0.43375	0.2175	0.24125	0.32875	0.21875	0.28125	0.39125	0.4625	0.415	0.23875	0.30375	0.2725	-3.9	-0.166667	-1.7	-0.842857	-1.15556	0.5979	0.488433	0.41086	0.3907	0.383622
0.05	0.12	0.88	0.98	0.02	0.5	0.73	0.98	0.5	0.02	0.02	0.27	0.02	0.12	0.27	0.27	0.12	0.02	0.12	0.02	0.31625	0.50875	0.235	0.27625	0.13375	0.4425	0.39	0.24375	0.34875	0.27875	0.33	0.39	0.175	0.34125	0.26875	0.43375	0.3675	0.26625	0.26625	0.31375	-0.4	-2.93333	-0.16	-1.07143	-0.7	0.8097	0.525133	0.34042	0.360486	0.361867
0.12	1	0.27	0.02	0.01	0.27	0.05	0.12	0.05	0.01	0.05	0.5	0.02	0.01	0.05	0.12	0.05	0.12	0.02	0.12	0.3075	0.4275	0.34	0.39625	0.11625	0.47125	0.4175	0.25625	0.43375	0.33625	0.4025	0.38	0.2225	0.4025	0.265	0.42375	0.37625	0.22625	0.2875	0.3775	-4.5	-0.233333	-1.56	-0.171429	-0.6	0.1678	0.348833	0.4089	0.317714	0.329122
0.5	0.12	0.12	0.05	0.05	0.12	0.05	0.05	0.27	0.95	0.5	0.12	0.27	0.27	0.05	0.12	0.88	0.02	0.27	0.98	0.3175	0.51875	0.3875	0.335	0.1025	0.49	0.4175	0.3225	0.40625	0.2275	0.34625	0.4275	0.22	0.36125	0.23625	0.4425	0.33	0.23875	0.275	0.28875	4.2	-1.16667	-0.22	-0.814286	-0.3	0.069	0.2123	0.31368	0.354743	0.320233
0.5	0.5	0.5	0.73	0.05	0.73	0.73	0.27	0.88	0.27	0.12	0.5	0.12	0.12	0.12	0.88	0.88	0.05	0.12	0.27	0.34875	0.47125	0.44375	0.35375	0.04625	0.4425	0.38875	0.37125	0.3875	0.30375	0.30875	0.4275	0.2475	0.2625	0.255	0.4425	0.3775	0.20625	0.23125	0.38625	-3.2	1.26667	-0.28	-0.371429	-1.11111	0.4001	0.196967	0.21512	0.318071	0.399911
0.12	0.05	0.05	0.02	0.05	0.27	0.05	0.12	0.05	0.73	0.95	0.05	0.5	0.98	0.12	0.27	0.12	1	0.5	0.73	0.39625	0.43875	0.5475	0.5275	0.05	0.4525	0.445	0.4375	0.52	0.24625	0.2325	0.395	0.2275	0.155	0.3675	0.5475	0.52	0.07875	0.24	0.3475	2.8	-0.366667	0.46	-0.814286	-1.06667	0.1218	0.2796	0.2498	0.313086	0.389556
0.5	0.5	0.5	0.27	0.12	0.5	0.27	0.12	0.5	0.5	0.73	0.27	0.5	0.5	0.73	0.5	0.5	0.05	0.12	0.73	0.405	0.43	0.415	0.4075	0.0725	0.395	0.38875	0.3775	0.435	0.36375	0.32	0.3675	0.2875	0.2625	0.3675	0.51875	0.52	0.31375	0.30625	0.4075	-0.7	0.433333	-1.08	-0.671429	-0.6	0.3169	0.259967	0.39096	0.361214	0.317444
0.73	0.73	0.73	0.27	0.05	0.5	0.73	0.73	0.5	0.12	0.12	0.73	0.5	0.05	0.5	0.88	0.73	0.05	0.27	0.27	0.42375	0.3675	0.44375	0.49625	0.08625	0.42375	0.3875	0.34875	0.49125	0.44375	0.42375	0.33875	0.3	0.3325	0.4525	0.56625	0.5475	0.305	0.31875	0.465	-0.8	-1.66667	-1.14	-0.728571	-0.533333	0.3412	0.477633	0.41188	0.374314	0.364744
0.27	0.27	0.88	0.95	0.05	0.5	0.5	0.73	0.73	0.05	0.05	0.5	0.12	0.05	0.27	0.88	0.5	0.27	0.5	0.12	0.4525	0.52	0.4725	0.4675	0.095	0.51875	0.50125	0.405	0.52	0.34875	0.40375	0.44375	0.3475	0.31375	0.5375	0.61375	0.5	0.3375	0.27125	0.395	-3.5	-2.6	-0.94	-0.828571	-1.08889	0.7748	0.540233	0.41966	0.401943	0.43
0.5	0.27	0.5	0.95	0.05	0.5	0.5	0.5	0.73	0.05	0.27	0.27	0.27	0.12	0.95	0.73	0.5	0.05	0.5	0.27	0.395	0.52	0.54875	0.39125	0.10375	0.46125	0.41625	0.52375	0.50125	0.32125	0.37625	0.4725	0.32	0.32375	0.4525	0.585	0.4525	0.42125	0.31875	0.34875	-3.5	-1.06667	-1.58	-1.34286	-0.777778	0.5047	0.480067	0.47498	0.4783	0.405111
0.5	0.5	0.27	0.27	0.27	0.27	0.5	0.5	0.27	0.73	0.5	0.27	0.5	0.5	0.88	0.27	0.5	0.95	0.27	0.5	0.41375	0.51875	0.69	0.59625	0.1325	0.51875	0.4725	0.515	0.615	0.16	0.24375	0.5575	0.2625	0.15625	0.46125	0.67125	0.47125	0.18625	0.3	0.24375	3.8	-1.2	-1.58	-1.3	-1.47778	0.1607	0.419633	0.538	0.458186	0.423422
0.5	0.73	0.73	0.73	0.05	0.5	0.5	0.5	0.5	0.27	0.27	0.73	0.12	0.12	0.5	0.88	0.5	0.05	0.27	0.12	0.47	0.43375	0.57625	0.51125	0.23625	0.4425	0.445	0.59125	0.58625	0.18875	0.215	0.4725	0.28125	0.26	0.4325	0.595	0.42375	0.38375	0.395	0.31	-3.9	-0.3	-0.96	-1.68571	-1.2	0.5935	0.470167	0.41826	0.450386	0.390122
0.27	0.88	0.5	0.5	0.12	0.88	0.73	0.5	0.73	0.12	0.27	0.73	0.27	0.12	0.5	0.5	0.27	0.5	0.12	0.27	0.44125	0.33875	0.5475	0.5125	0.23625	0.3475	0.35875	0.50625	0.52875	0.19875	0.20625	0.3875	0.23375	0.255	0.385	0.65625	0.48375	0.3225	0.4425	0.29125	-0.8	-1.7	-0.96	-0.928571	-1.2	0.6563	0.4753	0.37464	0.342157	0.363689
0.27	0.5	0.73	0.12	0.12	0.27	0.05	0.99	0.73	0.05	0.12	0.5	0.05	0.27	0.12	0.5	0.5	0.5	0.5	0.05	0.4075	0.3525	0.40875	0.44125	0.23	0.36125	0.38125	0.35375	0.4375	0.32	0.34375	0.35375	0.3375	0.26375	0.39875	0.54625	0.39375	0.28875	0.33375	0.36625	-0.4	-1.56667	-1.36	-0.542857	-0.311111	0.1761	0.373	0.34594	0.284814	0.278011
0.27	0.27	0.95	0.98	0.5	0.5	0.5	0.05	0.5	0.12	0.12	0.73	0.27	0.02	0.12	0.5	0.27	0.02	0.12	0.12	0.36	0.4575	0.41	0.23	0.21	0.36125	0.325	0.41125	0.485	0.3675	0.3725	0.35375	0.33875	0.31375	0.2825	0.54625	0.47	0.37625	0.3525	0.38625	-3.5	-0.7	-0.74	-0.442857	-0.311111	0.2866	0.159967	0.2479	0.262386	0.248489
0.95	0.05	0.05	0.05	0.73	0.12	0.05	0.73	0.5	0.27	0.27	0.05	0.27	0.95	0.12	0.5	0.12	0.73	0.88	0.88	0.2125	0.4225	0.48875	0.3125	0.1475	0.375	0.31875	0.26375	0.45125	0.3825	0.41	0.405	0.3675	0.22625	0.1725	0.515	0.4275	0.16875	0.225	0.29125	1.8	-0.833333	0.32	-0.385714	-0.266667	0.0172	0.1357	0.11738	0.211743	0.2323
0.27	0.12	0.27	0.05	0.12	0.12	0.27	0.05	0.27	0.05	0.05	0.05	0.27	0.01	0.12	0.99	0.98	0.01	0.5	0.27	0.2975	0.4325	0.4325	0.255	0.22375	0.4225	0.29125	0.2925	0.54	0.37875	0.41875	0.405	0.3675	0.34375	0.14375	0.45375	0.34875	0.34375	0.25375	0.35875	-0.8	1.83333	-0.3	0.328571	0.0888889	0.1033	0.0414	0.12996	0.120129	0.212911
0	0	0	0	0	0	0	0	0	0.95	1	0	0.73	0.27	0	0	0.01	0	0.01	0.5	0.3125	0.42875	0.52875	0.30875	0.22375	0.39	0.2675	0.29875	0.57375	0.25125	0.26625	0.3825	0.27625	0.29625	0.1875	0.5775	0.45125	0.2825	0.3	0.29625	4.5	0.0666667	1.24	0.285714	-0.211111	0.0037	0.115333	0.07564	0.154829	0.200733
0.12	0.88	0.73	0.12	0.27	0.73	0.5	0.02	0.88	0.5	0.5	0.5	0.5	0.27	0.02	0.73	0.88	0.27	0.27	0.5	0.32625	0.25625	0.34625	0.27875	0.19	0.265	0.19875	0.175	0.3725	0.3925	0.4325	0.2575	0.40875	0.265	0.17625	0.43	0.3425	0.18625	0.21125	0.41375	-3.5	1.73333	0.74	0.285714	0.255556	0.239	0.0859	0.156	0.191986	0.183456
0	0	0	0	0	0	0	0	0	1	0.95	0	0.73	0.73	0	0.02	0.01	0	0.01	0.5	0.3225	0.45125	0.3525	0.23375	0.1625	0.41625	0.26125	0.1775	0.45375	0.32125	0.3675	0.32	0.38	0.21125	0.165	0.51875	0.54	0.2175	0.23	0.41375	4.2	7.40149e-17	0.2	0.571429	0.255556	0.015	0.224333	0.24468	0.192471	0.197022
0.5	0.88	0.5	0.27	0.05	0.88	0.5	0.05	0.98	0.02	0.12	0.73	0.12	0.12	0.27	0.88	0.73	0.73	0.12	0.05	0.20375	0.35	0.29	0.2	0.1275	0.325	0.255	0.08625	0.28375	0.50125	0.5475	0.2375	0.51375	0.23125	0.235	0.3825	0.46875	0.05	0.14	0.45125	-0.7	0	0.06	0.185714	0.477778	0.419	0.3269	0.24806	0.2361	0.251467
0.12	0.73	1	0.88	0	0.5	0.27	0.5	0.73	0	0	0.5	0	0	0.73	0.5	0.12	0	0	0	0.28	0.3875	0.285	0.20875	0.21	0.44875	0.36875	0.03875	0.3725	0.50375	0.55875	0.3225	0.51	0.27875	0.1775	0.41625	0.485	0.2025	0.1075	0.43	-3.5	-0.133333	0.06	0.0857143	0.477778	0.5467	0.328767	0.282	0.308029	0.319656
0.5	0	0	0	0.12	0	0	0.02	0	0.73	0.95	0	0.88	0.02	0.05	0.05	0.5	0	0.05	0.99	0.2325	0.47875	0.425	0.44375	0.195	0.51125	0.4175	0.09875	0.5825	0.29375	0.315	0.385	0.30875	0.2425	0.2625	0.475	0.43625	0.2025	0.1	0.245	3.8	-1.06667	-0.02	0.471429	-0.411111	0.0206	0.325333	0.38044	0.376314	0.327478
0.12	0.95	0.27	0.5	0.01	0.98	0.5	0.05	0.27	0.05	0.05	0.73	0.27	0.05	0.01	0.5	0.98	0	0.01	0.12	0.35625	0.265	0.41	0.4575	0.17625	0.36	0.41125	0.09875	0.45375	0.3225	0.36625	0.24625	0.35625	0.2075	0.26625	0.45	0.3575	0.16875	0.08625	0.2975	-3.5	1.36667	-0.04	-0.628571	0.477778	0.4087	0.312167	0.44004	0.384757	0.341656
0.5	0.12	0.05	0.05	0.5	0.27	0.5	0.05	0.12	0.73	0.88	0.12	0.73	0.5	0.95	0.27	0.27	0.12	0.27	0.73	0.37125	0.43125	0.44375	0.52	0.115	0.455	0.41375	0.22375	0.4725	0.1125	0.14375	0.32875	0.2075	0.06	0.14875	0.4825	0.445	0.15375	0.0525	0.15875	3.8	-0.166667	-0.04	0.114286	-0.0333333	0.5072	0.5443	0.34552	0.377271	0.362444
0.5	0.27	0.73	0.73	0.73	0.73	0.95	0.12	0.73	0.05	0.02	0.5	0.12	0.27	0.12	0.88	0.5	0.5	0.12	0.05	0.315	0.39375	0.33	0.41625	0.095	0.37875	0.3575	0.21125	0.3075	0.28625	0.29875	0.2525	0.33125	0.08	0.2525	0.33	0.4475	0.04875	0.07125	0.32875	-0.8	-0.166667	0.1	0.557143	-0.0333333	0.717	0.432767	0.41472	0.328043	0.360533
0	0	0.12	1	0	0	0.12	0	0.95	0	0	0	0	0	0	0.02	0	0	0	0.01	0.3625	0.33625	0.28125	0.2725	0.18625	0.4075	0.4275	0.16375	0.19125	0.2925	0.3075	0.2525	0.34625	0.2325	0.17625	0.375	0.495	0.11375	0.21125	0.33375	-3.5	0.0666667	0.72	-0.0857143	0.211111	0.0741	0.3859	0.3734	0.3825	0.300611
0.73	0.12	0.88	0.73	0.01	0.5	0.95	0.05	0.12	0.05	0.01	0.12	0.27	0.02	0.01	0.98	0.73	0	0.12	0.05	0.22375	0.43125	0.20125	0.3125	0.28	0.43625	0.415	0.17	0.38625	0.28625	0.22125	0.27125	0.23625	0.26125	0.17125	0.31125	0.46	0.17625	0.28125	0.2675	4.5	0.2	-0.18	0.228571	-0.6	0.3666	0.214267	0.35232	0.325171	0.316556
0.5	0.5	0.05	0.05	0	0.05	0.02	1	0	0	0	0.05	0	0	0	0.05	0	0	0	0	0.24375	0.265	0.27125	0.335	0.405	0.37	0.46875	0.045	0.3675	0.28625	0.21875	0.18875	0.23625	0.2575	0.17125	0.3675	0.42875	0.17625	0.295	0.265	-0.4	1.13333	-0.28	-0.814286	0.0666667	0.2021	0.3235	0.2104	0.276157	0.271267
0.05	0.73	0.27	0.12	0.12	0.73	0.5	0.02	0.27	0.73	0.5	0.5	0.5	0.05	0.27	0.27	0.98	0.27	0.12	0.73	0.27125	0.34	0.27125	0.3825	0.33	0.37	0.45625	0.1675	0.41	0.16625	0.08	0.18	0.17375	0.25125	0.02125	0.34	0.30625	0.1425	0.30875	0.145	-0.7	-0.8	-0.28	-0.342857	-0.788889	0.4018	0.203767	0.2284	0.173886	0.237422
0	0	0	0	0	0	0	0	0.02	0	0.05	0	0	0.95	0	0	0	0.02	1	0	0.30625	0.4	0.21375	0.30625	0.255	0.3725	0.4	0.1575	0.35	0.36125	0.19625	0.18125	0.3125	0.22375	0.04	0.27875	0.38125	0.1125	0.19875	0.35375	-1.3	-1.83333	-0.68	-0.4	-0.233333	0.0074	0.1911	0.1553	0.192243	0.159944
0.12	0.88	0.12	0.05	0.88	0.73	0.73	0.12	0.73	0.73	0.27	0.27	0.27	0.27	0.02	0.5	0.95	0.5	0.73	0.5	0.30625	0.38125	0.29375	0.20875	0.16	0.39125	0.385	0.17625	0.23375	0.285	0.18375	0.2575	0.34125	0.32375	0.0525	0.305	0.325	0.17125	0.26625	0.32375	-3.5	-0.766667	-1.38	-0.442857	-0.277778	0.1641	0.0575333	0.1554	0.142686	0.199067
0.05	0	0	0	1	0	0	0	0	0	0.02	0	0	0	0	0.02	0	0	0	0.05	0.23	0.53875	0.3225	0.215	0.145	0.4825	0.42	0.19125	0.42875	0.385	0.22	0.33875	0.3475	0.37	0.06	0.33375	0.4625	0.235	0.43375	0.38875	2.5	-1.63333	-0.4	-0.942857	-1.21111	0.0011	0.1226	0.07898	0.1747	0.183111
0.27	0.95	0.27	0.5	0.02	0.95	0.88	0.05	0.73	0.5	0.27	0.5	0.73	0.5	0.02	0.27	0.27	0.12	0.5	0.5	0.2025	0.39125	0.2975	0.20875	0.27	0.3725	0.37	0.17	0.4	0.3375	0.20375	0.3325	0.29	0.37	0.18	0.3875	0.49125	0.2825	0.43375	0.3475	-3.9	0.933333	-0.92	-1.4	-0.966667	0.2026	0.0744667	0.16274	0.149157	0.214378
0.73	0.02	0	0	0.01	0.02	0	0.02	0	0.88	0.5	0.01	0.73	0.95	0	0.12	0.12	0.01	0.12	0.99	0.1725	0.47875	0.36	0.31875	0.29	0.43125	0.48	0.2625	0.49125	0.2325	0.1275	0.39375	0.2425	0.31375	0.27125	0.435	0.45	0.26375	0.46875	0.22875	4.2	-1.2	-1	-0.957143	-1.06667	0.0197	0.216167	0.17452	0.217171	0.241233
0.12	0.73	0.88	0.27	0.12	0.88	0.73	0.27	0.73	0.12	0.12	0.88	0.5	0.12	0.12	0.73	0.5	0.95	0.27	0.27	0.26375	0.39625	0.34125	0.40375	0.27625	0.33875	0.48	0.35375	0.46	0.32875	0.175	0.3	0.2775	0.3325	0.27125	0.45	0.40875	0.20625	0.3875	0.325	-3.9	-1.2	-1.14	-0.685714	-0.966667	0.4262	0.222967	0.271	0.285657	0.279378
0.05	0.5	0.99	0.73	0.01	0.5	0.5	0.05	0.95	0.12	0.05	0.5	0.05	0.12	0.05	0.73	0.88	0.01	0.73	0.12	0.29125	0.34875	0.40375	0.37375	0.195	0.405	0.45125	0.38125	0.4325	0.32875	0.18375	0.37625	0.3625	0.40875	0.2925	0.45	0.305	0.2675	0.34875	0.3725	-3.9	-2	-0.68	-1.1	-0.111111	0.223	0.377567	0.35918	0.3356	0.313333
0.5	0.27	0.12	0.5	0.02	0.12	0.5	0.88	0.5	0.12	0.12	0.5	0.27	0.5	0.98	0.73	0.5	0.5	0.5	0.12	0.32	0.44	0.575	0.49375	0.075	0.515	0.5425	0.34	0.55125	0.3625	0.20625	0.43875	0.36875	0.4525	0.19125	0.51	0.38625	0.2975	0.44	0.4575	1.8	-1.23333	-1.6	0.0571429	-0.188889	0.4835	0.45	0.42538	0.373757	0.349133
0.27	0.5	0.5	0.5	0.27	0.27	0.5	0.73	0.27	0.27	0.12	0.5	0.12	0.05	0.98	0.5	0.5	0.01	0.02	0.27	0.33	0.32625	0.55625	0.5225	0.0425	0.4875	0.55125	0.44375	0.55125	0.2875	0.175	0.41	0.35875	0.46125	0.19125	0.615	0.4625	0.4625	0.47125	0.39125	-1.6	-0.0666667	0.02	-0.285714	-0.144444	0.6435	0.492567	0.43408	0.417129	0.383722
0.12	0.05	0.73	0.95	0	0.12	0.73	0.98	0.5	0.01	0.05	0.12	0.05	0.27	0.12	0.73	0.05	0.5	0.5	0.05	0.3675	0.49	0.59	0.52875	0.08125	0.595	0.585	0.4725	0.61375	0.225	0.13625	0.56625	0.29125	0.33	0.31375	0.6625	0.56625	0.4025	0.43	0.32875	-0.4	0.733333	1.16	-0.228571	-1.04444	0.3507	0.487967	0.45414	0.429657	0.399422
0.27	0.27	0.73	0.27	0.12	0.88	0.27	0.12	0.73	0.73	0.27	0.5	0.5	0.88	0.12	0.5	0.5	0.05	0.88	0.73	0.39625	0.48125	0.57125	0.595	0.05375	0.4525	0.585	0.60875	0.55625	0.21125	0.10875	0.51875	0.20625	0.2725	0.3325	0.71	0.53875	0.355	0.3825	0.24375	4.2	1.86667	0.1	-0.228571	-1.04444	0.4697	0.381233	0.46022	0.4208	0.402711
0.73	0.5	0.5	0.73	0.05	0.5	0.73	0.5	0.5	0.27	0.27	0.5	0.27	0.73	0.12	0.5	0.27	0.73	0.5	0.73	0.42375	0.39125	0.4775	0.4475	0.0675	0.43875	0.47125	0.58875	0.4725	0.3725	0.165	0.47125	0.32	0.31	0.32875	0.6525	0.54875	0.28375	0.44875	0.35125	1.8	0.833333	-0.36	-1.04286	-0.111111	0.3233	0.435633	0.36372	0.416843	0.382433
0.12	0.27	0.5	0.73	0.01	0.88	0.95	0.73	0.5	0.05	0.02	0.27	0.5	0.12	0.02	0.88	0.88	0.95	0.27	0.12	0.44375	0.44875	0.55375	0.47625	0.085	0.48625	0.5	0.4525	0.53375	0.41875	0.19625	0.5	0.26375	0.33875	0.22125	0.5475	0.52	0.2275	0.4775	0.4275	-3.5	-1.86667	-1.06	-0.171429	-0.666667	0.5139	0.332733	0.38474	0.3307	0.373556
0.88	0.88	0.5	0.5	0.05	0.73	0.5	0.5	0.73	0.12	0.12	0.88	0.12	0.12	0.12	0.73	0.5	0.02	0.27	0.27	0.315	0.31	0.49125	0.44375	0.04625	0.4775	0.49375	0.39	0.47125	0.43875	0.29375	0.3625	0.29875	0.33875	0.0875	0.50375	0.51125	0.3425	0.48125	0.4975	-3.9	-3.76667	-1	-0.571429	-0.0666667	0.161	0.3769	0.2989	0.338257	0.307867
0.5	0.88	0.73	0.12	0.02	0.5	0.27	0.5	0.5	0.73	0.12	0.88	0.27	0.27	0.27	0.88	0.73	0.12	0.27	0.27	0.35375	0.41375	0.4625	0.37875	0.05	0.60125	0.49375	0.2675	0.5	0.42375	0.29375	0.46625	0.28875	0.28875	0.055	0.45625	0.59875	0.27375	0.42125	0.55375	-3.9	-1.1	-2	-0.628571	0.444444	0.4558	0.2191	0.31496	0.278629	0.319089
0.73	0.01	0.01	0.01	0.05	0.01	0.05	0.27	0.05	0.95	0.5	0.12	0.73	0.27	0.02	0.27	0.73	0.12	0.88	0.98	0.29375	0.49125	0.46125	0.35875	0.03125	0.5525	0.4875	0.28125	0.465	0.39625	0.3225	0.49875	0.17	0.19375	0.07125	0.47	0.53625	0.2675	0.235	0.49875	4.5	-0.866667	-0.54	-0.285714	0.444444	0.0405	0.299967	0.22264	0.296971	0.280533
0.05	0.5	0.73	0.73	0.12	0.88	0.95	0.02	0.99	0.27	0.12	0.5	0.05	0.12	0.02	0.27	0.88	0.27	0.5	0.12	0.29375	0.40125	0.3425	0.1925	0.0225	0.5	0.3175	0.2525	0.395	0.48125	0.455	0.45125	0.3125	0.18375	0.0575	0.44125	0.49875	0.16	0.33	0.5775	-3.2	1.7	1.08	0.814286	0.666667	0.4036	0.165467	0.28078	0.241086	0.296367
0	0	0	0.01	0	0.05	0	0	0	0.5	1	0.01	0.02	0.05	0.01	0	0.05	0	0.05	0.98	0.395	0.43125	0.3725	0.1975	0.0375	0.495	0.38	0.17875	0.4625	0.50875	0.3575	0.5125	0.26875	0.1925	0.07125	0.37125	0.52625	0.075	0.35375	0.58	3.8	1.6	2.7	1.91429	1.52222	0.0523	0.302533	0.21416	0.284629	0.283278
0.05	0.88	0.73	0.05	0	0.88	0.5	0	0.5	0.5	0.05	0.95	0.12	0.02	0.01	0.5	0.98	0.05	0.02	0.5	0.3125	0.3025	0.22	0.13625	0.03125	0.39125	0.27	0.1225	0.31	0.49375	0.4625	0.4075	0.25625	0.19625	0.18125	0.2325	0.3625	0.06625	0.33	0.62125	4.2	4.06667	2.56	3.07143	1.52222	0.4517	0.2089	0.29922	0.2761	0.318322
0.02	0.02	0	0	0	0	0	0	0	0.73	0.88	0	0.01	0.12	0	0	0	0	0	1	0.2875	0.3	0.22	0.1275	0.02875	0.43875	0.305	0.06125	0.325	0.37625	0.34375	0.41625	0.23625	0.15	0.27375	0.1875	0.4	0.0575	0.305	0.525	4.2	4.06667	4.04	1.87143	1.77778	0.1227	0.346733	0.29772	0.338371	0.338678
0.05	0.27	0.27	0.12	0.05	0.95	0.27	0.02	0.88	0.27	0.95	0.5	0.73	0.5	0.01	0.27	0.12	0.02	0.88	0.5	0.3025	0.30125	0.19125	0.12625	0.01875	0.33375	0.29875	0.03125	0.21125	0.3175	0.275	0.4575	0.0575	0.07	0.285	0.24375	0.35625	0.04	0.0875	0.49875	3.8	4.06667	2.5	2.1	1.18889	0.4658	0.3282	0.38254	0.372	0.444611
0.88	0.01	0.01	0.05	0.01	0.01	0.5	0.12	0.05	0.5	0.12	0.27	0.12	0.12	0.12	0.05	0.27	0	0.01	1	0.31125	0.2775	0.1475	0.05	0.015	0.3475	0.1575	0.13875	0.1975	0.28875	0.37	0.43	0.21875	0.19375	0.275	0.3475	0.2425	0.01125	0.14	0.43625	4.2	1.36667	1.34	1.44286	1.5	0.3961	0.4461	0.42	0.506514	0.557156
0.27	0.73	0.01	0.05	0	0.73	0.12	0.05	0.01	0	0.01	0.98	0.12	0.12	1	0.12	0.12	0	0.05	0.12	0.51125	0.2025	0.1625	0.06375	0.03125	0.26625	0.22	0.18125	0.20875	0.295	0.265	0.355	0.23125	0.19	0.17875	0.4575	0.28875	0.01375	0.135	0.43875	-3.9	-0.433333	0.34	0.785714	1.27778	0.4764	0.503833	0.59424	0.644343	0.697833
