0.27	0.5	0.12	0.12	0.05	0.27	0.27	0.12	0.12	0.05	0.12	0.95	0.73	0.02	1	0.27	0.27	0.02	0.05	0.12	0.30625	0.23125	0.19875	0.2025	0.10875	0.26375	0.2275	0.06875	0.1525	0.29875	0.335	0.23125	0.2925	0.34125	0.205	0.33625	0.44	0.2825	0.375	0.3075	-1.6	-0.433333	-0.66	-0.157143	-0.3	0.583	0.593967	0.45604	0.441471	0.472056
0.27	0.88	0.12	0.05	0.12	0.73	0.27	0.05	0.27	0.73	0.88	0.27	0.73	0.5	0.05	0.12	0.27	0.27	0.88	0.73	0.2775	0.165	0.17	0.1925	0.08125	0.20625	0.20875	0.0775	0.125	0.195	0.22125	0.31625	0.27375	0.2725	0.305	0.355	0.44125	0.25125	0.2625	0.2025	3.8	0.5	0.36	-0.0571429	-0.3	0.3924	0.3764	0.38946	0.343186	0.361889
0.27	0.12	0.27	0.12	0.12	0.12	0.12	0.05	0.05	0.12	0.12	0.12	0.12	0.05	0.12	0.73	1	0.05	0.05	0.27	0.2775	0.25125	0.17	0.18375	0.09	0.26375	0.20875	0.18625	0.14375	0.3275	0.31625	0.31625	0.35875	0.3325	0.18625	0.3075	0.435	0.2825	0.36625	0.26875	-0.7	2.3	0.88	0.0285714	-0.2	0.1538	0.185933	0.25026	0.302	0.283111
0.12	0.05	0.02	0.02	0.12	0.05	0.02	0.02	0.02	0.88	0.99	0.05	0.73	0.5	0.02	0.05	0.12	0.12	0.12	0.5	0.325	0.26	0.21	0.205	0.09	0.2725	0.22125	0.19875	0.09125	0.26125	0.23625	0.325	0.2825	0.15875	0.3175	0.3925	0.62125	0.18875	0.23875	0.26875	3.8	0.733333	1.06	0.428571	-0.233333	0.0116	0.0919667	0.1449	0.199571	0.302511
0.02	0.02	0.01	0	0.02	0.05	0.02	0.02	0.02	0.02	0.05	0.02	0.05	0.5	0.01	0.02	0.02	1	0.73	0.02	0.3375	0.26375	0.25875	0.20625	0.1025	0.24375	0.1925	0.29375	0.11	0.36875	0.35	0.3	0.35875	0.155	0.41375	0.425	0.57625	0.07875	0.1625	0.32	-0.9	0.733333	0.16	0.428571	-0.233333	0.1105	0.0594333	0.08432	0.190443	0.310811
0.27	0.12	0.27	0.12	0.12	0.27	0.12	0.12	0.05	0.12	0.12	0.27	0.12	0.05	0.12	0.73	1	0.05	0.05	0.27	0.30625	0.195	0.2175	0.19125	0.09	0.1975	0.16125	0.2725	0.0975	0.4125	0.3325	0.165	0.265	0.21125	0.4	0.365	0.4825	0.1975	0.24375	0.28875	-0.7	-0.766667	-0.02	-0.614286	-0.233333	0.0562	0.0854	0.15738	0.260271	0.263056
0.27	0.05	0.27	0.12	0.12	0.12	0.12	0.99	0.05	0.5	0.05	0.12	0.12	0.05	0.12	0.5	0.95	0.05	0.05	0.12	0.335	0.1275	0.3125	0.21875	0.09	0.15875	0.19	0.24875	0.0975	0.28	0.2375	0.18375	0.18875	0.155	0.50375	0.4975	0.57375	0.17	0.14	0.23125	-0.7	-1	-1.48	-0.742857	-0.833333	0.0895	0.2216	0.3313	0.260186	0.292444
0.73	0.12	0.12	0.12	0.12	0.12	0.12	0.12	0.05	0.5	0.5	0.12	0.27	0.05	1	0.27	0.73	0.05	0.05	0.5	0.3625	0.11875	0.38875	0.21875	0.09	0.15875	0.19	0.36625	0.10625	0.3275	0.18125	0.18375	0.17	0.155	0.50375	0.46875	0.51	0.16625	0.14	0.2125	-1.6	-1.93333	-1.62	-1.51429	-0.933333	0.5191	0.4966	0.33984	0.352371	0.310333
0.5	0.27	0.88	0.98	0.05	0.27	0.5	0.88	0.27	0.05	0.02	0.5	0.05	0.02	0.88	0.73	0.27	0.02	0.05	0.05	0.3825	0.10875	0.41625	0.17125	0.08625	0.1675	0.17375	0.28375	0.13875	0.27625	0.11875	0.16375	0.1125	0.09875	0.5225	0.4675	0.58625	0.15625	0.13125	0.20875	-3.5	-2.23333	-1.8	-1.61429	-1.74444	0.8812	0.517833	0.45998	0.381557	0.315078
0.27	0.05	0.05	0.12	0.05	0.12	0.12	0.05	0.05	0.5	0.05	0.12	0.05	0.02	1	0.5	0.5	0.02	0.02	0.12	0.5	0.13625	0.525	0.28125	0.20875	0.18625	0.22125	0.495	0.16625	0.25125	0.12375	0.215	0.12125	0.0425	0.5125	0.5275	0.58875	0.0375	0.05	0.28875	-1.6	-2.23333	-1.98	-2.01429	-1.36667	0.1532	0.563767	0.50504	0.381286	0.303278
0.5	0.27	0.88	0.27	0.12	0.27	0.5	0.73	0.27	0.05	0.05	0.27	0.12	0.05	0.88	0.95	0.95	0.05	0.05	0.12	0.47125	0.185	0.42125	0.2625	0.2	0.24375	0.1925	0.41	0.16625	0.38375	0.1425	0.25375	0.13125	0.095	0.5275	0.47125	0.52625	0.03375	0.07375	0.28875	-1.6	-1.6	-2.36	-1.55714	-1.37778	0.6569	0.374967	0.41208	0.369114	0.325733
0.95	0.12	0.73	0.12	0.12	0.12	0.12	0.12	0.12	0.5	0.12	0.12	0.12	0.05	1	0.27	0.27	0.02	0.05	0.5	0.39625	0.20375	0.40875	0.26875	0.2	0.25375	0.2275	0.365	0.185	0.3875	0.2375	0.26375	0.22625	0.2075	0.5	0.5	0.5075	0.15375	0.13	0.3175	-1.6	-2.23333	-1.16	-1.44286	-0.877778	0.3148	0.342	0.2367	0.331857	0.337244
0.05	0.12	1	0.5	0.02	0.27	0.27	0.12	0.5	0.02	0.01	0.27	0.05	0.02	0.05	0.5	0.27	0.01	0.05	0.02	0.4325	0.25125	0.47	0.26875	0.20375	0.25375	0.2275	0.365	0.25	0.4475	0.25125	0.2925	0.31125	0.2675	0.5	0.47125	0.47875	0.1825	0.2425	0.34875	-3.5	-0.866667	-1	-0.4	-0.2	0.0543	0.124467	0.25772	0.233557	0.340478
0.73	0.02	0.05	0.02	1	0.05	0.02	0.88	0.02	0.27	0.12	0.05	0.12	0.05	0.05	0.27	0.27	0.05	0.05	0.73	0.3475	0.26375	0.57	0.2975	0.08125	0.36625	0.315	0.2225	0.31	0.41625	0.24125	0.32	0.31125	0.2675	0.405	0.47125	0.555	0.18125	0.25125	0.26875	2.5	-0.6	0.08	0.471429	-0.2	0.0043	0.105633	0.16496	0.289986	0.313244
0.27	0.73	0.27	0.12	0.12	0.88	0.27	0.12	0.27	0.73	0.27	0.73	0.27	0.5	0.12	0.73	0.95	0.05	0.27	0.27	0.43375	0.2025	0.6275	0.38	0.2	0.31	0.37875	0.345	0.30625	0.31125	0.2225	0.31125	0.30125	0.215	0.28625	0.46125	0.52625	0.185	0.23625	0.32625	-0.8	1.83333	1.3	0.2	-0.411111	0.2583	0.1519	0.21164	0.287014	0.376878
0.12	0.05	0.02	0.02	0.12	0.05	0.02	0.02	0.05	0.98	0.88	0.05	0.88	0.95	0.02	0.05	0.12	0.98	0.5	0.73	0.405	0.2875	0.6675	0.3925	0.19125	0.49	0.38125	0.28125	0.33375	0.28875	0.2025	0.45375	0.24375	0.15875	0.3125	0.46125	0.545	0.065	0.2075	0.26875	3.8	2.5	1.3	-0.0714286	0.188889	0.1931	0.3332	0.328	0.345743	0.356922
0.12	0.5	0.88	0.5	0.05	0.27	0.27	0.12	0.95	0.5	0.5	0.5	0.88	0.5	0.05	0.27	0.5	0.27	0.95	0.27	0.30125	0.23125	0.57875	0.4425	0.1875	0.48125	0.3975	0.31625	0.22125	0.30125	0.24125	0.3975	0.235	0.21125	0.19875	0.43375	0.47875	0.1525	0.1475	0.32625	4.5	1.6	0.1	0.971429	-0.0222222	0.5482	0.459133	0.47232	0.406171	0.328356
0.5	0.27	0.73	0.73	0.05	0.95	0.95	0.5	0.27	0.05	0.05	0.5	0.12	0.05	0.12	0.5	0.88	0.05	0.12	0.12	0.3575	0.26	0.4875	0.36625	0.31	0.3775	0.29375	0.31625	0.25	0.44625	0.31125	0.37875	0.3575	0.27125	0.19875	0.4525	0.46	0.185	0.25125	0.37625	-3.5	-0.833333	1.02	0.114286	0.566667	0.6361	0.636733	0.51612	0.4138	0.324356
0.5	0.27	0.73	0.88	0.12	0.5	0.88	0.27	0.27	0.12	0.05	0.73	0.12	0.05	0.12	0.88	0.95	0.05	0.12	0.12	0.28125	0.37625	0.5725	0.37875	0.17875	0.49	0.3625	0.25	0.28125	0.41	0.3025	0.4675	0.3575	0.2675	0.2075	0.405	0.48	0.18125	0.25125	0.29125	-3.5	-1.06667	-0.44	0.485714	-0.144444	0.7259	0.6131	0.48904	0.379514	0.358633
0.12	0.27	0.95	0.27	0.05	0.88	0.27	0.12	0.27	0.12	0.5	0.73	0.27	0.05	0.99	0.27	0.27	0.02	0.05	0.12	0.31	0.29125	0.5175	0.4425	0.2825	0.33875	0.41125	0.25625	0.25375	0.42875	0.335	0.3825	0.39625	0.315	0.09	0.42375	0.48	0.19375	0.26	0.34875	3.8	-1.06667	-0.98	-0.614286	0.366667	0.4773	0.4203	0.38306	0.396614	0.331444
0.12	0.12	0.88	1	0.02	0.27	0.5	0.5	0.12	0.12	0.05	0.12	0.05	0.02	0.12	0.27	0.12	0.01	0.02	0.5	0.31	0.31	0.53875	0.355	0.28625	0.415	0.38625	0.2125	0.28125	0.3975	0.315	0.45875	0.3475	0.32375	0.2025	0.45125	0.6025	0.195	0.2925	0.24375	-3.5	0.7	-1.06	-0.714286	-0.133333	0.0577	0.184433	0.3184	0.320243	0.330378
0.88	0.12	0.12	0.12	1	0.12	0.12	0.5	0.05	0.73	0.12	0.12	0.27	0.05	0.12	0.88	0.5	0.05	0.05	0.27	0.215	0.25375	0.52625	0.405	0.1725	0.40625	0.4025	0.19875	0.17375	0.36875	0.3675	0.4025	0.30125	0.32	0.19875	0.3475	0.5075	0.1625	0.185	0.30125	1.8	-1.86667	0.4	-0.314286	-0.211111	0.0183	0.1296	0.17594	0.255586	0.270133
0.12	0.95	0.73	0.27	0.02	0.5	0.5	0.12	0.27	0.05	0.05	0.99	0.12	0.02	0.12	0.27	0.5	0.02	0.05	0.05	0.28125	0.1225	0.37375	0.30125	0.41375	0.255	0.25125	0.19	0.11875	0.53875	0.40375	0.24625	0.33875	0.3325	0.19	0.47125	0.48875	0.16625	0.185	0.42375	-3.9	0.566667	-0.5	0.728571	0.455556	0.3128	0.1149	0.11718	0.152743	0.217578
0.12	0.05	0.05	0.02	0.88	0.05	0.05	0.02	0.05	0.88	0.98	0.05	0.73	0.88	0.05	0.27	0.27	0.12	0.27	0.73	0.23375	0.2075	0.37	0.22375	0.30625	0.255	0.2	0.17	0.115	0.51125	0.405	0.27875	0.33875	0.28125	0.18625	0.3675	0.41375	0.15375	0.1575	0.38625	3.8	-0.266667	0.96	0.542857	1.26667	0.0136	0.169967	0.10684	0.107857	0.1378
0.12	0.05	0.12	0.05	0.12	0.05	0.05	0.05	0.12	0.73	0.27	0.05	0.27	0.99	0.05	0.27	0.95	0.98	0.73	0.27	0.2525	0.18875	0.27625	0.20125	0.41	0.16	0.18125	0.1575	0.07875	0.5775	0.465	0.2025	0.39625	0.2675	0.0775	0.39625	0.41875	0.05	0.10875	0.53875	-0.7	2.3	1.1	1.58571	0.766667	0.1835	0.0677	0.1358	0.100743	0.118411
0.12	0.05	0.02	0.02	0.12	0.05	0.02	0.01	0.02	0.88	0.99	0.05	0.73	0.5	0.02	0.05	0.12	0.05	0.12	0.5	0.2525	0.2975	0.2125	0.095	0.41	0.18875	0.185	0.10625	0.11	0.55	0.375	0.31125	0.395	0.32875	0.08125	0.42375	0.5225	0.1675	0.18875	0.45375	3.8	1.86667	2.64	1.22857	0.722222	0.006	0.117533	0.07482	0.141386	0.1375
0.27	0.05	0.12	0.05	1	0.12	0.12	0.05	0.05	0.73	0.27	0.12	0.27	0.12	0.05	0.88	0.73	0.05	0.12	0.88	0.1575	0.2975	0.30375	0.18625	0.3	0.18	0.19125	0.05375	0.115	0.51125	0.5125	0.3025	0.4525	0.37625	0.06875	0.30125	0.475	0.1675	0.18875	0.435	2.5	3.36667	1.74	1.22857	0.133333	0.1631	0.059	0.13266	0.129486	0.207767
0.12	0.05	0.02	0.01	0.12	0.05	0.02	0.01	0.02	0.73	0.99	0.05	0.73	0.5	0.02	0.05	0.12	0.05	0.12	0.5	0.22375	0.19375	0.31625	0.22	0.41375	0.14125	0.20375	0.1675	0.1	0.5075	0.41875	0.2025	0.38625	0.32875	0.0725	0.4625	0.55125	0.17125	0.18875	0.4825	3.8	1.86667	1.1	0.185714	0.522222	0.0079	0.157933	0.14186	0.2205	0.2561
0.27	0.12	0.27	0.12	0.12	0.12	0.12	0.05	0.05	0.5	0.27	0.12	0.27	0.05	0.12	0.5	0.99	0.05	0.12	0.88	0.28125	0.19375	0.38875	0.2375	0.31875	0.16	0.21875	0.27875	0.105	0.4325	0.3925	0.22125	0.3675	0.28125	0.16375	0.4825	0.47125	0.1625	0.16125	0.35	-0.7	-0.266667	-0.36	0.228571	0.0111111	0.3028	0.180067	0.2708	0.301114	0.315644
0.12	0.99	0.27	0.12	0.02	0.5	0.5	0.05	0.27	0.05	0.05	0.99	0.5	0.02	0.12	0.27	0.12	0.02	0.05	0.05	0.3	0.09375	0.38875	0.2375	0.33125	0.225	0.19875	0.275	0.15375	0.5075	0.505	0.12125	0.42375	0.195	0.16375	0.4925	0.495	0.05875	0.1125	0.4825	-3.9	-2.7	-0.94	-0.428571	0.588889	0.2295	0.394333	0.38774	0.378757	0.345033
0.27	0.12	0.95	0.88	1	0.12	0.27	0.12	0.12	0.27	0.5	0.12	0.27	0.05	0.05	0.73	0.73	0.05	0.05	0.5	0.3	0.2025	0.30375	0.1425	0.20875	0.2725	0.23125	0.2675	0.1725	0.48875	0.3875	0.23	0.42375	0.14375	0.17625	0.435	0.4375	0.05125	0.1125	0.4875	-3.5	-2.6	-1.86	-0.142857	0.633333	0.6507	0.542667	0.49606	0.419457	0.345411
0.5	0.12	0.73	0.5	0.05	0.12	0.5	0.99	0.12	0.02	0.02	0.12	0.05	0.02	0.12	0.73	0.5	0.05	0.05	0.05	0.2525	0.21125	0.435	0.19875	0.2175	0.29125	0.2025	0.15875	0.27625	0.49125	0.5325	0.23	0.48	0.16625	0.1675	0.35875	0.485	0.05125	0.1125	0.4675	-0.4	-1.56667	-0.82	-0.0857143	-0.0333333	0.7478	0.649333	0.5251	0.419671	0.374611
0.73	0.12	0.88	0.27	0.12	0.27	0.27	0.95	0.12	0.05	0.05	0.27	0.12	0.05	0.88	0.88	0.5	0.05	0.05	0.05	0.31875	0.21125	0.42875	0.24125	0.20875	0.28125	0.24375	0.28625	0.28	0.41125	0.41125	0.22	0.395	0.10625	0.085	0.39625	0.50375	0.05125	0.10375	0.4675	-0.8	1.1	0.8	-0.485714	-0.5	0.5495	0.581767	0.48108	0.437257	0.378278
0.12	0.12	0.12	0.05	0.12	0.95	0.27	0.02	0.73	0.88	0.95	0.12	0.95	0.27	0.05	0.12	0.27	0.12	0.27	0.5	0.395	0.21125	0.60875	0.2875	0.20875	0.215	0.24375	0.41125	0.23125	0.3075	0.28	0.2575	0.29125	0.1825	0.18875	0.52	0.5275	0.05125	0.1525	0.335	4.5	2.63333	0.8	0.0142857	0.0777778	0.448	0.335633	0.43612	0.410314	0.382567
0.27	0.05	0.02	0.02	0.12	0.05	0.05	0.02	0.02	0.95	0.5	0.05	0.5	0.12	0.05	0.05	0.27	0.02	0.12	0.99	0.4525	0.1025	0.59375	0.27875	0.22125	0.27125	0.215	0.41125	0.2925	0.4025	0.3925	0.14875	0.395	0.3175	0.18	0.51	0.54625	0.07625	0.2275	0.39	4.2	1.73333	0.8	1.15714	0.977778	0.0094	0.294433	0.29474	0.366129	0.359167
0.12	0.12	0.95	0.12	0.12	0.27	0.12	0.05	0.88	0.5	0.95	0.12	0.5	0.27	0.05	0.27	0.88	0.05	0.12	0.27	0.52875	0.09375	0.3925	0.17125	0.11125	0.2625	0.20625	0.42625	0.20375	0.44	0.28875	0.15875	0.47125	0.32625	0.18875	0.51	0.48875	0.08125	0.33125	0.45125	-3.5	0.1	1.86	1.81429	1.27778	0.4259	0.158733	0.25312	0.262	0.307633
0.88	0.05	0.12	0.12	0.12	0.12	0.12	0.99	0.05	0.12	0.05	0.12	0.12	0.05	0.12	0.5	0.27	0.05	0.05	0.5	0.405	0.09375	0.4075	0.11125	0.12	0.2725	0.15	0.1875	0.29875	0.60375	0.5175	0.15	0.60375	0.46125	0.17125	0.405	0.53625	0.09	0.3675	0.52625	-0.4	0.2	1.8	1.81429	1.74444	0.0409	0.2694	0.1673	0.2102	0.226544
0.27	0.12	0.95	0.27	0.12	0.27	0.12	0.12	0.27	0.5	0.12	0.27	0.27	0.88	0.12	0.73	0.95	0.12	0.73	0.27	0.42375	0.10375	0.20875	0.12125	0.12	0.31125	0.15	0.18375	0.27125	0.66	0.59375	0.2075	0.66125	0.385	0.07625	0.3	0.45125	0.08125	0.29125	0.64	4.5	2.76667	0.8	1.71429	2.3	0.3414	0.133733	0.2028	0.148771	0.204411
0.73	0.05	0.05	0.02	0.12	0.05	0.05	0.05	0.05	0.88	0.5	0.05	0.88	0.95	0.05	0.12	0.27	0.12	0.5	0.98	0.46125	0.1125	0.34	0.16125	0.12	0.235	0.14	0.3125	0.2225	0.5175	0.4425	0.235	0.48125	0.34875	0.09375	0.4525	0.53625	0.0725	0.2925	0.55125	4.2	2.63333	2.26	1.71429	1.75556	0.0189	0.1824	0.12122	0.197471	0.158489
0.73	0.12	0.27	0.12	0.12	0.27	0.27	0.27	0.27	0.12	0.12	0.27	0.88	0.27	0.12	0.95	0.88	0.12	0.88	0.27	0.49	0.13125	0.40125	0.16125	0.13875	0.26375	0.14	0.2975	0.2075	0.585	0.49	0.235	0.48125	0.4525	0.18875	0.37625	0.48875	0.085	0.26375	0.635	-0.8	2.4	3.18	2.15714	1.75556	0.1869	0.0746	0.1831	0.141586	0.191367
0.27	0.05	0.02	0.02	0.12	0.05	0.05	0.02	0.05	0.95	0.95	0.05	0.73	0.88	0.05	0.12	0.27	0.12	0.27	0.88	0.62375	0.1875	0.37625	0.25	0.13875	0.3675	0.2625	0.35625	0.15875	0.425	0.27375	0.36625	0.4525	0.34875	0.225	0.55625	0.5175	0.085	0.34	0.54	3.8	2.4	2.2	2.81429	1.71111	0.018	0.185067	0.12176	0.179357	0.1813
0.27	0.27	0.12	0.5	0.12	0.73	0.27	0.05	0.12	0.88	0.73	0.88	0.73	0.27	0.12	0.27	0.5	0.05	0.12	0.73	0.5475	0.16875	0.45875	0.26625	0.13	0.2825	0.235	0.3525	0.1775	0.425	0.30125	0.2625	0.44375	0.43375	0.21625	0.56625	0.48875	0.1025	0.44375	0.5025	4.2	2.53333	2.2	1.61429	1.71111	0.3503	0.134333	0.17904	0.178486	0.232967
0.88	0.12	0.27	0.12	0.12	0.12	0.12	0.98	0.12	0.12	0.12	0.12	0.12	0.05	0.12	0.73	0.27	0.05	0.05	0.5	0.5	0.20625	0.43125	0.39	0.13	0.3875	0.33	0.28375	0.1775	0.4725	0.3775	0.415	0.50125	0.4425	0.21625	0.50875	0.46125	0.1025	0.4525	0.5125	-0.4	2.66667	1.58	0.957143	0.822222	0.0347	0.2301	0.20872	0.248057	0.247156
0.5	0.27	0.73	0.12	0.27	0.5	0.27	0.12	0.12	0.73	0.5	0.27	0.5	0.27	0.88	0.27	0.5	0.12	0.27	0.95	0.47125	0.19625	0.37375	0.39375	0.11125	0.34875	0.31125	0.4475	0.205	0.34875	0.38625	0.405	0.435	0.415	0.12125	0.56625	0.41375	0.14125	0.48125	0.39625	4.2	-0.0333333	0.74	0.571429	0.777778	0.3053	0.2251	0.3063	0.288371	0.257678
0.73	0.5	0.5	0.73	0.12	0.88	0.88	0.27	0.27	0.05	0.05	0.95	0.12	0.05	0.27	0.88	0.5	0.05	0.12	0.12	0.41375	0.2625	0.47875	0.33625	0.13	0.3775	0.26375	0.42875	0.18625	0.4525	0.49	0.3775	0.435	0.42375	0.21625	0.4625	0.36625	0.15	0.42375	0.5	-3.9	-0.0333333	-0.8	0.571429	1.28889	0.3353	0.382167	0.33006	0.302029	0.282811
0.27	0.12	0.88	0.73	0.05	0.12	0.12	0.99	0.27	0.05	0.05	0.12	0.05	0.12	0.12	0.73	0.27	0.12	0.73	0.05	0.47125	0.3375	0.53875	0.3675	0.13875	0.52875	0.415	0.35125	0.27125	0.39625	0.405	0.5375	0.44375	0.33875	0.33875	0.5575	0.4525	0.14125	0.405	0.4325	-0.4	-2.6	0.04	0.514286	0.477778	0.5059	0.436767	0.34584	0.311	0.333389
0.5	0.27	0.88	0.88	0.12	0.5	0.73	0.5	0.27	0.12	0.12	0.73	0.12	0.73	0.12	0.73	0.5	0.12	0.73	0.12	0.4425	0.29125	0.53	0.2925	0.13	0.405	0.31125	0.4125	0.2625	0.4	0.39625	0.36625	0.4625	0.32	0.415	0.53875	0.395	0.15	0.42375	0.4425	-3.5	-0.0333333	-0.04	0.0714286	0.511111	0.4691	0.362867	0.3674	0.373643	0.303544
0.12	0.12	0.05	0.05	0.12	0.12	0.05	0.5	0.27	0.5	0.95	0.12	0.73	0.95	0.05	0.12	0.12	0.5	0.95	0.5	0.41375	0.32875	0.71875	0.4725	0.13	0.52875	0.44375	0.32375	0.3575	0.3525	0.31125	0.51875	0.405	0.30125	0.4425	0.63375	0.51875	0.1025	0.405	0.3475	3.8	1.36667	0.04	0.114286	0.166667	0.1136	0.331933	0.39498	0.3417	0.344211
0.5	0.88	0.88	0.27	0.12	0.88	0.5	0.27	0.27	0.27	0.5	0.73	0.5	0.12	0.27	0.73	0.5	0.12	0.27	0.27	0.395	0.215	0.63375	0.4925	0.11125	0.405	0.3875	0.42875	0.3575	0.305	0.33875	0.4425	0.38625	0.3775	0.42375	0.615	0.51875	0.14125	0.4625	0.2725	3.8	1.36667	1.02	0.171429	-0.388889	0.4131	0.3333	0.31014	0.351043	0.360256
0.27	0.27	0.88	0.27	0.12	0.5	0.5	0.12	0.73	0.5	0.27	0.5	0.73	0.27	0.88	0.73	0.73	0.12	0.73	0.27	0.36625	0.29125	0.6625	0.435	0.11125	0.37625	0.31125	0.47625	0.28125	0.285	0.37625	0.44375	0.3575	0.35875	0.32875	0.59625	0.55125	0.14125	0.405	0.29125	-3.5	1.6	1.02	0.114286	-0.0333333	0.4732	0.322667	0.29646	0.343014	0.395111
0.27	0.05	0.05	0.05	0.12	0.12	0.05	0.05	0.05	0.98	0.73	0.12	0.95	0.73	0.73	0.12	0.27	0.12	0.27	0.88	0.36625	0.3375	0.775	0.405	0.12	0.51875	0.38625	0.37625	0.45125	0.2525	0.3275	0.51	0.3575	0.34875	0.3475	0.6725	0.685	0.1325	0.405	0.27125	4.5	-0.833333	0.1	0.514286	-0.0666667	0.0817	0.318533	0.36368	0.368714	0.384867
0.27	0.27	0.95	0.73	0.12	0.73	0.5	0.27	0.88	0.12	0.27	0.73	0.27	0.12	0.27	0.88	0.88	0.05	0.12	0.12	0.36625	0.33875	0.64375	0.24375	0.12	0.4425	0.30125	0.3775	0.3475	0.43625	0.40375	0.405	0.51875	0.34875	0.405	0.5775	0.6375	0.1325	0.3475	0.41375	-3.5	0.0666667	-0.8	-0.128571	0.244444	0.4007	0.3107	0.41086	0.411586	0.375567
0.73	0.12	0.88	0.5	0.12	0.27	0.27	0.73	0.12	0.12	0.27	0.27	0.12	0.05	0.95	0.73	0.88	0.05	0.05	0.12	0.35625	0.37625	0.75625	0.3	0.12	0.60375	0.38625	0.32	0.4425	0.38875	0.3	0.51	0.55625	0.245	0.32875	0.69125	0.7325	0.07625	0.2525	0.36625	-0.8	-1.66667	-0.24	-0.771429	-0.255556	0.4497	0.4998	0.39896	0.407629	0.418167
0.27	0.5	0.73	0.27	0.12	0.27	0.27	0.5	0.12	0.12	0.12	0.73	0.12	0.05	0.12	0.73	0.99	0.05	0.12	0.27	0.41375	0.31	0.67125	0.30125	0.12	0.50875	0.33875	0.32125	0.42375	0.465	0.3475	0.42375	0.55625	0.3525	0.405	0.615	0.69	0.095	0.2725	0.405	-0.7	-0.733333	-1.28	-0.371429	-0.211111	0.649	0.504133	0.4597	0.411029	0.378411
0.27	0.27	0.95	0.27	0.12	0.88	0.27	0.12	0.95	0.27	0.12	0.27	0.27	0.5	0.12	0.73	0.88	0.05	0.27	0.5	0.4425	0.33875	0.64375	0.33	0.12	0.46125	0.38625	0.445	0.32	0.39875	0.32875	0.51	0.46125	0.26875	0.31	0.63375	0.7225	0.08625	0.1775	0.37625	-0.7	-0.7	-0.72	-0.414286	0.133333	0.4137	0.4827	0.47896	0.407257	0.369478
0.5	0.5	0.73	0.27	0.12	0.5	0.5	0.73	0.27	0.73	0.27	0.5	0.73	0.12	0.12	0.73	0.73	0.05	0.12	0.5	0.4425	0.31	0.67125	0.32625	0.22375	0.50875	0.3575	0.36875	0.405	0.32875	0.32875	0.4725	0.395	0.25875	0.225	0.63375	0.74125	0.0775	0.1775	0.385	-0.7	-0.7	0.28	0.0285714	0.1	0.3854	0.432033	0.40008	0.406129	0.361678
0.5	0.27	0.88	0.27	0.12	0.95	0.5	0.5	0.27	0.12	0.12	0.5	0.88	0.05	0.12	0.88	0.88	0.05	0.12	0.12	0.42375	0.33875	0.625	0.26875	0.215	0.42375	0.405	0.37	0.405	0.48125	0.3475	0.4725	0.37625	0.3625	0.20625	0.53875	0.675	0.08625	0.2725	0.45125	-0.7	0.933333	0.34	0.742857	0.133333	0.497	0.312567	0.34884	0.343529	0.351522
0.5	0.73	0.05	0.05	0.12	0.12	0.12	0.05	0.12	0.88	0.73	0.5	0.5	0.98	0.05	0.12	0.27	0.27	0.5	0.73	0.3475	0.2725	0.62125	0.23625	0.215	0.5	0.42125	0.3375	0.415	0.48125	0.36	0.445	0.51875	0.3625	0.09875	0.54875	0.65625	0.08625	0.28125	0.4225	4.2	1.03333	1.32	0.385714	0.644444	0.0553	0.315033	0.2684	0.295	0.301889
0.5	0.27	0.88	0.5	0.12	0.73	0.88	0.73	0.73	0.12	0.12	0.73	0.12	0.05	0.12	0.88	0.88	0.05	0.12	0.27	0.3475	0.35875	0.44125	0.16125	0.215	0.42375	0.38375	0.19625	0.3575	0.62375	0.5125	0.35875	0.61375	0.5825	0.16625	0.425	0.49	0.14125	0.42375	0.50875	-0.4	2.66667	0.82	1.02857	1.18889	0.3928	0.1532	0.25318	0.236329	0.241611
0.5	0.05	0.05	0.02	0.95	0.12	0.05	0.05	0.05	0.88	0.88	0.05	0.88	0.27	0.05	0.12	0.27	0.05	0.12	0.95	0.32	0.355	0.42875	0.18875	0.1025	0.3925	0.45625	0.26875	0.33875	0.52875	0.49375	0.4125	0.51875	0.6175	0.16125	0.435	0.4625	0.1975	0.5	0.37625	4.2	0.2	1.72	1.72857	1.57778	0.0115	0.237867	0.15438	0.196486	0.1963
0.12	0.27	0.73	0.27	0.05	0.5	0.88	0.05	0.88	0.73	0.27	0.73	0.27	0.88	0.12	0.27	0.5	0.12	0.88	0.27	0.31125	0.28	0.37125	0.24875	0.2025	0.31625	0.3525	0.1925	0.21625	0.45875	0.5375	0.28	0.50625	0.52875	0.14375	0.35875	0.3575	0.18375	0.3925	0.40125	-3.2	1.6	1.72	2.22857	1.26667	0.3093	0.107933	0.16462	0.126329	0.183189
0.12	0.05	0.02	0.02	0.12	0.05	0.02	0.02	0.05	0.88	0.98	0.05	0.88	0.98	0.02	0.05	0.12	0.27	0.5	0.5	0.34	0.33625	0.46875	0.30875	0.19375	0.36375	0.5075	0.225	0.32	0.43125	0.44	0.365	0.335	0.51625	0.15625	0.38625	0.3575	0.165	0.44	0.3725	3.8	1.6	2.36	1.12857	0.955556	0.003	0.1396	0.08724	0.156629	0.193556
0.27	0.73	0.12	0.12	0.12	0.27	0.73	0.05	0.27	0.5	0.73	0.27	0.5	0.88	0.73	0.5	0.27	0.27	0.88	0.5	0.32125	0.19375	0.56875	0.32375	0.19375	0.44	0.495	0.23	0.31125	0.38375	0.395	0.30875	0.35375	0.51625	0.07625	0.3775	0.415	0.14625	0.36375	0.29625	4.2	3.6	0.82	0.685714	0.1	0.1065	0.0384667	0.13842	0.184843	0.243311
0.05	0.02	0.02	0.01	0.05	0.02	0.02	0.02	0.12	0.27	0.73	0.02	0.27	1	0.01	0.05	0.05	0.5	0.88	0.12	0.32	0.255	0.505	0.29	0.19	0.38625	0.48	0.2675	0.245	0.39875	0.38125	0.255	0.37	0.4975	0.1575	0.3575	0.33875	0.11375	0.35125	0.3125	2.8	1.16667	0.76	-0.414286	0.1	0.0059	0.1266	0.19462	0.255071	0.204744
0.05	0.12	0.95	1	0.02	0.27	0.5	0.12	0.12	0.02	0.01	0.12	0.02	0.02	0.05	0.27	0.12	0.01	0.02	0.02	0.29125	0.34625	0.50125	0.1975	0.08125	0.45	0.4475	0.31125	0.34875	0.3825	0.37625	0.29875	0.325	0.5925	0.1525	0.34875	0.33	0.175	0.45875	0.2975	-3.5	-1.4	-0.7	-0.0142857	-0.866667	0.2674	0.287867	0.29464	0.217414	0.231911
0.73	0.5	0.95	0.5	0.12	0.88	0.88	0.73	0.27	0.05	0.05	0.5	0.12	0.05	0.12	0.88	0.5	0.05	0.12	0.12	0.20625	0.27125	0.4125	0.22875	0.0775	0.3175	0.2925	0.23	0.2225	0.3975	0.46125	0.16625	0.37	0.54125	0.13125	0.245	0.235	0.16125	0.35125	0.31375	-3.5	-3.5	-1.62	-1.2	-0.0888889	0.5903	0.4536	0.28248	0.253557	0.207078
0.5	0.27	0.95	0.27	0.12	0.95	0.73	0.12	0.27	0.12	0.12	0.27	0.27	0.88	0.12	0.5	0.88	0.12	0.27	0.12	0.2825	0.3275	0.425	0.27	0.0775	0.39375	0.37125	0.31	0.23125	0.37	0.44	0.28	0.36375	0.34875	0.14375	0.30125	0.20625	0.13375	0.285	0.31375	-3.5	-2.46667	-3.08	-1.25714	-0.0111111	0.5031	0.3797	0.3325	0.2506	0.235133
0.27	0.05	0.27	0.12	0.02	0.05	0.05	1	0.05	0.01	0.01	0.05	0.02	0.02	0.05	0.27	0.05	0.02	0.02	0.02	0.31125	0.2975	0.605	0.33625	0.09	0.5825	0.475	0.20875	0.25875	0.3275	0.36875	0.33625	0.3475	0.3525	0.1525	0.3775	0.395	0.11875	0.22125	0.27875	-0.4	-2.8	-1.62	-1.01429	-0.555556	0.0457	0.268267	0.29618	0.286257	0.288267
0.27	0.88	0.95	0.27	0.05	0.88	0.27	0.5	0.88	0.5	0.12	0.5	0.27	0.05	0.05	0.27	0.27	0.05	0.12	0.73	0.3675	0.25375	0.60875	0.42625	0.19	0.51	0.5075	0.36	0.17375	0.23875	0.27	0.31125	0.2975	0.23	0.26125	0.48125	0.47125	0.05875	0.105	0.19	-4.5	-0.366667	-0.02	-0.614286	-0.955556	0.256	0.129167	0.22922	0.331586	0.356167
0.12	0.05	0.02	0.02	0.12	0.05	0.02	0.01	0.02	0.88	0.99	0.05	0.73	0.5	0.02	0.05	0.12	0.05	0.12	0.5	0.47125	0.37625	0.71625	0.36625	0.2125	0.61375	0.51	0.44	0.3575	0.20375	0.2225	0.38625	0.27125	0.18625	0.27375	0.59375	0.56625	0.06375	0.1175	0.25	3.8	1.26667	0.54	-0.228571	-0.644444	0.0858	0.1991	0.24554	0.3354	0.375067
0.5	0.27	0.12	0.12	0.12	0.73	0.5	0.05	0.12	0.73	0.88	0.73	0.98	0.27	0.12	0.12	0.27	0.12	0.12	0.5	0.395	0.32	0.695	0.35375	0.23125	0.48125	0.37375	0.3775	0.345	0.23125	0.245	0.2725	0.24	0.22375	0.365	0.59375	0.5475	0.06375	0.1175	0.25	4.5	2.53333	0.46	0.171429	-0.433333	0.2555	0.308667	0.3598	0.326029	0.367811
0.27	0.27	0.88	0.5	0.12	0.88	0.88	0.12	0.27	0.05	0.05	0.5	0.12	0.05	0.73	0.88	0.95	0.05	0.12	0.12	0.42375	0.32	0.54375	0.30625	0.25	0.3775	0.26875	0.3875	0.32625	0.36375	0.39625	0.30125	0.37625	0.175	0.3075	0.54625	0.47125	0.09125	0.1175	0.37375	-0.7	1	1.22	-3.17207e-17	-0.122222	0.5847	0.485733	0.3961	0.3945	0.370233
0.5	0.5	0.73	0.88	0.88	0.27	0.5	0.73	0.27	0.05	0.05	0.27	0.12	0.05	0.88	0.88	0.88	0.05	0.05	0.12	0.4525	0.31875	0.5625	0.2775	0.18625	0.48125	0.34375	0.22	0.35375	0.425	0.48625	0.3575	0.43625	0.20625	0.31625	0.60375	0.58375	0.1225	0.1575	0.43375	-0.8	-0.733333	0.14	0.542857	0.122222	0.617	0.5464	0.48394	0.432914	0.413833
0.73	0.27	0.88	0.27	0.27	0.27	0.27	0.27	0.73	0.12	0.5	0.27	0.27	0.12	0.12	0.95	0.73	0.05	0.12	0.27	0.42375	0.3	0.45875	0.35375	0.29	0.43375	0.40125	0.24875	0.22	0.3875	0.4775	0.405	0.44625	0.2825	0.43875	0.62375	0.67875	0.15	0.24375	0.3575	-0.7	-1.03333	-0.9	0.257143	1.04444	0.4375	0.5265	0.53782	0.483243	0.442622
0.5	0.27	0.88	0.5	0.27	0.5	0.27	0.27	0.27	0.12	0.12	0.27	0.12	0.12	0.95	0.95	0.5	0.12	0.12	0.12	0.47125	0.30875	0.47125	0.3375	0.30875	0.4325	0.41375	0.2625	0.29	0.34	0.4925	0.41375	0.465	0.25375	0.3475	0.65125	0.8025	0.26	0.29125	0.405	-1.6	-1	-0.4	0.157143	1.08889	0.525	0.4958	0.5085	0.520329	0.459844
0.5	0.27	0.5	0.27	0.27	0.27	0.27	0.27	0.27	0.5	0.5	0.27	0.5	0.27	0.27	0.88	0.95	0.27	0.27	0.73	0.4425	0.30875	0.5375	0.4425	0.30875	0.40375	0.41375	0.375	0.30875	0.21625	0.35	0.385	0.31	0.235	0.54	0.67875	0.74625	0.26	0.34875	0.28125	-0.7	-0.166667	0.52	0.857143	0.411111	0.5249	0.496	0.48812	0.4712	0.486233
0.73	0.27	0.27	0.27	0.27	0.27	0.27	0.27	0.27	0.5	0.73	0.27	0.5	0.27	0.27	0.73	0.88	0.27	0.27	0.5	0.41375	0.3375	0.51875	0.47125	0.30875	0.4125	0.41375	0.39375	0.30875	0.225	0.33	0.4325	0.32875	0.235	0.54	0.67875	0.69875	0.26875	0.34875	0.31	1.8	1.63333	1.5	0.742857	0.1	0.4381	0.4927	0.44878	0.453486	0.477322
0.27	0.5	0.27	0.27	0.27	0.5	0.5	0.27	0.27	0.27	0.5	0.88	0.5	0.73	0.27	0.5	0.88	0.27	0.88	0.27	0.5	0.30875	0.46125	0.395	0.21375	0.4125	0.385	0.4125	0.36625	0.2625	0.38625	0.4325	0.3475	0.18625	0.46375	0.68875	0.65125	0.2775	0.28125	0.33875	3.8	3.26667	1.5	0.342857	0.388889	0.5151	0.398	0.44238	0.463057	0.467589
0.27	0.12	0.12	0.12	0.27	0.27	0.12	0.12	0.12	0.5	0.73	0.12	0.73	0.27	0.12	0.27	0.88	1	0.5	0.73	0.4425	0.41375	0.40375	0.41375	0.195	0.44125	0.46125	0.4125	0.35625	0.23375	0.31	0.5275	0.31875	0.29125	0.58625	0.69	0.67	0.21375	0.43625	0.28125	4.2	2.13333	0.94	0.828571	0.377778	0.2408	0.4163	0.4383	0.463686	0.455611
0.27	0.27	0.27	0.73	0.12	0.27	0.5	0.95	0.27	0.12	0.12	0.5	0.12	0.27	0.98	0.27	0.27	0.27	0.73	0.12	0.38625	0.36375	0.27625	0.27625	0.18625	0.385	0.3825	0.2775	0.31	0.28125	0.4625	0.44875	0.41375	0.38625	0.36125	0.57375	0.69	0.415	0.48375	0.34875	-1.6	-0.3	0.94	0.814286	0.455556	0.493	0.412767	0.45656	0.4358	0.4018
0.27	0.5	0.5	0.73	0.12	0.95	0.88	0.27	0.27	0.12	0.12	0.88	0.27	0.05	0.73	0.73	0.5	0.12	0.12	0.12	0.3575	0.3925	0.3075	0.305	0.15875	0.3	0.3925	0.45125	0.31	0.22125	0.4025	0.43	0.33875	0.3825	0.365	0.46875	0.57625	0.4025	0.5325	0.26	-3.5	-1.1	0.02	0.428571	0.488889	0.5045	0.508967	0.41948	0.379029	0.371244
0.73	0.5	0.27	0.27	0.12	0.5	0.5	0.88	0.73	0.12	0.27	0.88	0.27	0.12	0.27	0.73	0.5	0.12	0.12	0.12	0.22375	0.37375	0.4125	0.34375	0.13125	0.3375	0.42125	0.3475	0.34125	0.1925	0.32625	0.41125	0.31	0.4625	0.395	0.3925	0.48125	0.43125	0.62375	0.26	1.8	-0.833333	-1	-0.171429	0.144444	0.5294	0.454533	0.37946	0.341143	0.335267
0.27	0.73	0.27	0.27	0.12	0.27	0.5	0.12	0.5	0.12	0.12	0.27	0.27	0.5	0.95	0.73	0.88	0.27	0.98	0.27	0.2625	0.40625	0.48875	0.34375	0.1	0.41375	0.42125	0.42375	0.37	0.16125	0.28875	0.5	0.2625	0.32625	0.29125	0.36375	0.3575	0.38125	0.42125	0.21375	-0.8	0.0333333	-0.76	-0.957143	-0.777778	0.3297	0.299933	0.33084	0.323071	0.327322
0.05	0.02	0.01	0.01	0.05	0.05	0.02	0.02	0.05	0.12	0.73	0.02	0.27	0.88	0.01	0.02	0.05	1	0.73	0.05	0.29	0.51375	0.625	0.42375	0.08125	0.52625	0.5575	0.43625	0.445	0.105	0.1275	0.57875	0.18625	0.25125	0.40875	0.52875	0.46125	0.17125	0.405	0.165	-0.9	-0.7	-0.32	-1.37143	-1.63333	0.0407	0.206767	0.2528	0.316014	0.362633
0.27	0.73	0.98	0.5	0.05	0.27	0.73	0.98	0.27	0.02	0.02	0.5	0.05	0.02	0.05	0.5	0.27	0.02	0.05	0.02	0.2625	0.40625	0.58	0.33375	0.0725	0.49875	0.46875	0.32	0.39875	0.1175	0.2075	0.49	0.21375	0.33125	0.29625	0.4975	0.49125	0.26625	0.405	0.21625	-0.4	-0.866667	-1.58	-1.37143	-1.5	0.2499	0.134967	0.23564	0.323743	0.372422
0.12	0.12	0.88	0.12	0.05	0.12	0.12	0.05	0.98	0.27	0.27	0.12	0.27	0.98	0.05	0.12	0.12	0.5	1	0.5	0.31	0.45375	0.64875	0.40875	0.06375	0.5225	0.52625	0.4175	0.31	0.07375	0.1675	0.49	0.1675	0.2075	0.315	0.51625	0.48125	0.19375	0.2775	0.1475	-1.3	-2.06667	-2.12	-1.68571	-1.5	0.1143	0.269267	0.28142	0.331129	0.385333
0.12	0.99	0.88	0.27	0.02	0.88	0.5	0.12	0.27	0.02	0.05	0.98	0.12	0.02	0.12	0.27	0.27	0.02	0.12	0.05	0.31	0.2975	0.725	0.4475	0.0675	0.39875	0.45	0.3325	0.34125	0.105	0.195	0.30625	0.1675	0.31875	0.36375	0.52875	0.4625	0.24125	0.3875	0.2225	-4.5	-3.1	-2.02	-2.07143	-1.78889	0.4436	0.372167	0.3895	0.3727	0.379011
0.27	0.27	0.95	0.5	0.05	0.95	0.73	0.12	0.27	0.05	0.05	0.5	0.12	0.05	0.12	0.88	0.88	0.05	0.12	0.12	0.34875	0.35875	0.745	0.4	0.06375	0.41875	0.37375	0.3325	0.29375	0.1775	0.2425	0.36625	0.24375	0.34375	0.26	0.395	0.3675	0.21875	0.29875	0.29	-3.5	-2.8	-2.64	-2.05714	-1.23333	0.5586	0.527767	0.46366	0.434386	0.3758
0.27	0.12	0.88	0.5	0.05	0.27	0.5	0.98	0.12	0.12	0.05	0.27	0.12	0.05	0.12	0.5	0.73	0.05	0.05	0.5	0.43375	0.39	0.84375	0.46125	0.0725	0.53125	0.4625	0.25625	0.32125	0.21625	0.185	0.42625	0.30125	0.24875	0.3775	0.55	0.4425	0.1	0.23125	0.27	-0.4	-2.46667	-2.54	-1.4	-1.22222	0.5811	0.5868	0.5353	0.441657	0.418256
0.5	0.27	0.95	0.95	0.05	0.99	0.73	0.12	0.27	0.02	0.05	0.5	0.12	0.02	0.88	0.5	0.27	0.02	0.05	0.05	0.4625	0.31375	0.775	0.37625	0.08125	0.47	0.43375	0.3325	0.3025	0.24125	0.1975	0.42625	0.31	0.25625	0.31	0.60625	0.585	0.1075	0.24	0.33875	-3.5	-1.56667	-0.8	-1.32857	-1.25556	0.6207	0.5581	0.50674	0.485729	0.463678
0.73	0.12	0.88	0.73	0.12	0.27	0.27	0.27	0.27	0.12	0.27	0.27	0.12	0.05	0.73	0.98	0.5	0.02	0.12	0.27	0.48125	0.35125	0.7925	0.4225	0.08125	0.63625	0.51	0.39875	0.29875	0.20125	0.1425	0.47375	0.29125	0.13625	0.4325	0.6225	0.6325	0.05125	0.14	0.26375	-0.8	-0.0333333	-0.26	-0.785714	-1.5	0.4725	0.464667	0.47958	0.516457	0.515933
0.73	0.5	0.5	0.12	0.12	0.5	0.12	0.12	0.12	0.73	0.5	0.27	0.88	0.73	0.12	0.27	0.73	0.12	0.27	0.88	0.585	0.195	0.76375	0.48	0.1125	0.53125	0.5	0.43625	0.29875	0.1375	0.1225	0.385	0.215	0.06375	0.6125	0.74	0.68875	0.0425	0.12125	0.215	4.2	0.866667	-0.32	-0.785714	-1.07778	0.3008	0.3987	0.4951	0.520171	0.521456
0.73	0.12	0.73	0.5	0.12	0.27	0.5	0.27	0.12	0.5	0.27	0.27	0.73	0.12	0.95	0.88	0.5	0.05	0.12	0.27	0.61375	0.22375	0.63125	0.37625	0.12125	0.45625	0.37625	0.4175	0.29875	0.25125	0.23625	0.3375	0.28125	0.225	0.50875	0.56875	0.64125	0.17	0.2475	0.3675	-0.8	0.9	-0.32	-0.828571	-0.222222	0.4228	0.460767	0.48788	0.507629	0.486667
0.73	0.27	0.5	0.27	0.12	0.5	0.73	0.73	0.27	0.12	0.12	0.73	0.12	0.05	0.27	0.95	0.95	0.05	0.12	0.12	0.67125	0.2525	0.58375	0.37625	0.14875	0.45625	0.3475	0.27125	0.29875	0.29875	0.26375	0.35625	0.37625	0.2425	0.6125	0.58875	0.6125	0.17875	0.25625	0.3575	-0.7	-1.66667	-0.3	0.271429	-0.255556	0.6587	0.555367	0.49204	0.454029	0.483378
0.5	0.27	0.95	0.27	0.12	0.73	0.27	0.73	0.95	0.05	0.05	0.27	0.12	0.05	0.88	0.73	0.73	0.05	0.27	0.12	0.67125	0.28125	0.53125	0.32	0.1575	0.36625	0.3475	0.29	0.2425	0.32	0.32875	0.4425	0.395	0.255	0.46	0.645	0.66875	0.19125	0.24625	0.36625	-3.5	-1.63333	-0.3	0.285714	-0.255556	0.5846	0.578867	0.48098	0.465314	0.468067
0.95	0.12	0.27	0.12	0.27	0.27	0.27	0.27	0.12	0.12	0.12	0.27	0.27	0.12	0.95	0.5	0.95	0.05	0.12	0.27	0.64625	0.31875	0.54	0.28125	0.1575	0.42375	0.3475	0.405	0.34625	0.33	0.32	0.4425	0.395	0.255	0.47	0.61375	0.64125	0.20375	0.265	0.3475	-0.7	0	-0.28	-0.814286	-0.211111	0.4933	0.441133	0.50672	0.491329	0.419189
0.5	0.12	0.12	0.05	0.12	0.12	0.12	0.12	0.27	0.73	0.73	0.12	0.5	0.73	0.12	0.12	0.27	1	0.98	0.73	0.67375	0.3475	0.53	0.30875	0.195	0.41375	0.385	0.4425	0.34625	0.25375	0.2725	0.51875	0.31875	0.12125	0.5925	0.66125	0.6975	0.085	0.1575	0.29	4.2	0.933333	-0.84	-0.757143	-0.255556	0.2455	0.4301	0.47156	0.435586	0.417567
0.73	0.5	0.27	0.27	0.27	0.5	0.5	0.27	0.27	0.12	0.12	0.88	0.27	0.12	0.27	0.73	0.95	0.12	0.12	0.27	0.61625	0.31875	0.45375	0.2525	0.17625	0.36625	0.3375	0.5125	0.365	0.2825	0.33	0.42375	0.27125	0.1975	0.48875	0.5375	0.58375	0.31125	0.28375	0.32875	-0.7	0	-0.22	-0.114286	-0.211111	0.5515	0.426633	0.36116	0.382371	0.390333
0.27	0.5	0.98	0.5	0.12	0.5	0.27	0.27	0.5	0.12	0.5	0.73	0.27	0.12	0.27	0.73	0.5	0.12	0.12	0.12	0.58875	0.2875	0.305	0.1925	0.3025	0.30625	0.2775	0.42375	0.3175	0.30125	0.35875	0.35375	0.29	0.31625	0.4575	0.425	0.5275	0.3675	0.37875	0.36625	-3.5	-1.53333	0.68	0.328571	0.177778	0.4829	0.355667	0.31974	0.324243	0.320111
0.98	0.27	0.27	0.27	0.27	0.27	0.27	0.73	0.27	0.27	0.27	0.27	0.27	0.12	0.88	0.5	0.5	0.12	0.12	0.27	0.4525	0.28875	0.28125	0.19	0.275	0.25875	0.25	0.2775	0.23375	0.33875	0.49125	0.38375	0.4	0.34375	0.27375	0.36875	0.45125	0.3675	0.36	0.395	-0.4	-0.0333333	-0.24	0.828571	0.777778	0.0326	0.267233	0.30618	0.257586	0.2561
0.5	0.73	0.27	0.27	0.27	0.27	0.27	0.27	0.27	0.73	0.73	0.73	0.5	0.27	0.27	0.27	0.5	0.12	0.27	0.88	0.40875	0.2225	0.25375	0.18125	0.24375	0.24	0.23125	0.3075	0.225	0.26875	0.42125	0.3075	0.34	0.31125	0.35625	0.35	0.3475	0.3625	0.32875	0.2875	3.8	1	0.46	0.5	0.677778	0.2862	0.1655	0.20122	0.223729	0.202678
0.5	0.27	0.27	0.27	0.12	0.27	0.5	0.98	0.27	0.12	0.12	0.27	0.12	0.12	0.27	0.5	0.27	0.98	0.27	0.12	0.38	0.29875	0.3625	0.2375	0.2625	0.25875	0.22125	0.2375	0.225	0.25625	0.40875	0.38375	0.33125	0.24125	0.35625	0.42875	0.405	0.1325	0.2125	0.2975	-0.4	2.06667	1.54	0.371429	-0.177778	0.1777	0.163533	0.10634	0.146729	0.187644
0.05	0.02	0.02	0.02	0.98	0.02	0.02	0.02	0.12	0.27	0.73	0.02	0.27	1	0.02	0.05	0.05	0.5	0.88	0.27	0.37875	0.3775	0.39375	0.25	0.13625	0.26125	0.2525	0.33875	0.225	0.25625	0.38	0.3675	0.3125	0.13125	0.36875	0.50375	0.4325	0.18375	0.13625	0.3075	2.8	1.43333	1.3	0.371429	0.366667	0.0267	0.0709667	0.10232	0.0934857	0.165844
0.12	0.05	0.05	0.02	0.05	0.12	0.05	0.02	0.05	0.5	0.88	0.05	1	0.27	0.02	0.05	0.12	0.05	0.12	0.5	0.4275	0.345	0.30125	0.22125	0.2525	0.22	0.30625	0.32	0.18625	0.24625	0.3325	0.335	0.22125	0.29875	0.35	0.50375	0.48	0.23125	0.25	0.32625	1.9	1.03333	-0.16	1.02857	0.666667	0.0085	0.0159	0.06712	0.139586	0.2058
0.12	0.05	0.05	0.05	0.02	0.12	0.12	0.05	0.05	0.02	0.02	0.12	0.02	0.01	1	0.12	0.12	0.01	0.02	0.02	0.42375	0.37375	0.2825	0.19	0.25625	0.20125	0.27875	0.25875	0.15875	0.36375	0.46875	0.32625	0.3725	0.33125	0.1325	0.495	0.45125	0.2275	0.2625	0.4625	-1.6	-1.06667	0.76	0.371429	0.911111	0.0125	0.0437333	0.10264	0.219057	0.2407
0.27	0.27	0.99	0.5	0.12	0.27	0.27	0.27	0.27	0.02	0.02	0.27	0.05	0.02	0.12	0.98	0.5	0.02	0.05	0.05	0.34875	0.26125	0.1375	0.1025	0.2125	0.155	0.2325	0.2	0.18875	0.27875	0.3925	0.2225	0.32125	0.40625	0.21125	0.36	0.3475	0.3025	0.35	0.36375	-3.5	-0.3	0.04	0.685714	0.344444	0.1102	0.159333	0.2658	0.2432	0.225356
0.27	0.88	0.27	0.12	0.12	0.27	0.27	0.12	0.12	0.27	0.5	0.5	0.27	0.12	0.12	0.88	0.95	0.05	0.12	0.5	0.32	0.1575	0.20875	0.13125	0.20375	0.13625	0.185	0.1025	0.18	0.235	0.32	0.175	0.285	0.38125	0.3025	0.40125	0.2725	0.1775	0.31	0.29875	4.2	-0.0333333	0.02	0.1	0.211111	0.3553	0.436	0.33344	0.260543	0.2518
0.73	0.27	0.27	0.27	0.12	0.27	0.73	0.12	0.12	0.27	0.27	0.5	0.27	0.73	0.12	0.73	0.95	0.05	0.27	0.5	0.27125	0.35	0.2975	0.14375	0.0875	0.19625	0.21625	0.115	0.19875	0.21625	0.2725	0.29125	0.285	0.29875	0.315	0.4475	0.3575	0.13	0.24375	0.28	-0.8	1.73333	0.08	-0.4	-0.6	0.8425	0.514833	0.36056	0.318714	0.2963
0.95	0.5	0.12	0.05	0.27	0.12	0.12	0.27	0.05	0.73	0.5	0.27	0.5	0.12	0.12	0.5	0.27	0.05	0.12	0.88	0.2625	0.34875	0.4325	0.23125	0.06875	0.23375	0.3775	0.10875	0.235	0.1025	0.14	0.37625	0.1375	0.34375	0.435	0.56125	0.51875	0.12625	0.25375	0.17625	1.8	-0.1	0.46	-0.814286	-0.988889	0.3467	0.445767	0.42166	0.377957	0.344844
0.05	0.05	0.05	0.02	0.02	0.05	0.05	0.02	0.73	0.05	0.12	0.05	0.12	0.88	0.02	0.05	0.05	0.73	1	0.12	0.45125	0.49	0.545	0.32	0.1125	0.3375	0.4625	0.1675	0.235	0.2	0.2	0.49875	0.21625	0.25375	0.35625	0.665	0.59375	0.04625	0.15625	0.28375	-1.3	-0.366667	-1.28	-0.542857	-1.2	0.1481	0.3035	0.43604	0.425843	0.406833
0.27	0.05	0.12	0.12	0.05	0.12	0.12	0.05	0.05	0.02	0.02	0.12	0.05	0.02	1	0.73	0.12	0.01	0.02	0.05	0.5	0.47125	0.50375	0.27875	0.10875	0.32875	0.45375	0.24875	0.30125	0.235	0.225	0.49	0.23375	0.37375	0.23375	0.54875	0.61375	0.14	0.2875	0.32	-1.6	-2.46667	-1.44	-1.64286	-0.611111	0.4157	0.330333	0.35662	0.456571	0.470956
0.12	0.95	0.73	0.27	0.05	0.5	0.73	0.12	0.27	0.12	0.12	0.95	0.27	0.95	0.12	0.27	0.73	0.12	0.5	0.12	0.57625	0.31125	0.45625	0.27875	0.10875	0.33875	0.40625	0.2875	0.2925	0.20375	0.165	0.415	0.20625	0.24875	0.3625	0.615	0.52875	0.12625	0.2275	0.26375	-4.5	-2.56667	-2.5	-1.27143	-1.16667	0.4272	0.429433	0.40136	0.4344	0.487856
0.27	0.27	0.98	0.5	0.05	0.27	0.73	0.12	0.27	0.05	0.05	0.5	0.05	0.02	0.98	0.73	0.73	0.02	0.05	0.05	0.5	0.45375	0.425	0.25	0.10875	0.425	0.425	0.27875	0.39625	0.24125	0.2025	0.47125	0.23375	0.3075	0.255	0.5	0.52	0.1475	0.34125	0.24375	-1.6	-3.2	-1.88	-1.64286	-1.46667	0.4454	0.481	0.5092	0.457357	0.455933
0.73	0.73	0.88	0.73	0.12	0.88	0.73	0.27	0.73	0.12	0.12	0.88	0.27	0.05	0.27	0.5	0.5	0.05	0.12	0.12	0.43375	0.3675	0.51375	0.24875	0.08125	0.3675	0.50125	0.26	0.3475	0.15625	0.14625	0.4525	0.15875	0.295	0.4475	0.57625	0.60625	0.14375	0.3325	0.1875	-3.5	-1.1	-1.72	-1.95714	-1.46667	0.5704	0.5677	0.52754	0.515514	0.467178
0.88	0.12	0.73	0.27	0.12	0.27	0.27	0.95	0.12	0.27	0.12	0.27	0.12	0.12	0.12	0.73	0.73	0.05	0.12	0.27	0.4425	0.5475	0.56	0.3375	0.085	0.5475	0.64375	0.2825	0.36625	0.13375	0.1375	0.64125	0.1775	0.17875	0.47875	0.60375	0.605	0.05875	0.21375	0.16	1.8	-0.833333	-1.52	-1.47143	-1.75556	0.6873	0.588367	0.55314	0.520114	0.513222
0.73	0.5	0.5	0.27	0.12	0.73	0.5	0.5	0.27	0.12	0.12	0.73	0.27	0.05	0.27	0.95	0.88	0.05	0.12	0.12	0.46125	0.5275	0.6975	0.41375	0.20125	0.50875	0.63375	0.36625	0.375	0.15625	0.14125	0.66	0.15875	0.1875	0.35	0.595	0.63375	0.06	0.2175	0.17875	-0.8	-0.833333	-0.84	-1.38571	-1.66667	0.5074	0.5833	0.55364	0.539443	0.482178
0.27	0.73	0.27	0.27	0.12	0.73	0.88	0.05	0.95	0.5	0.5	0.5	0.27	0.27	0.12	0.27	0.88	0.12	0.73	0.27	0.5375	0.41375	0.75375	0.41375	0.20125	0.5375	0.52875	0.49875	0.31875	0.1275	0.1125	0.6325	0.235	0.075	0.36	0.70875	0.57625	0.07	0.1975	0.17875	-3.5	-0.833333	-0.92	-1.27143	-1.55556	0.5552	0.5035	0.55206	0.495286	0.463967
0.88	0.27	0.73	0.27	0.12	0.27	0.73	0.27	0.12	0.12	0.12	0.5	0.12	0.05	0.95	0.88	0.73	0.05	0.12	0.5	0.49	0.44375	0.57625	0.35375	0.21	0.5675	0.4625	0.45875	0.395	0.29125	0.2725	0.57625	0.36625	0.1625	0.14	0.55625	0.5375	0.0825	0.2825	0.25375	1.8	-1.86667	-1.44	-1.27143	-1.16667	0.4479	0.521867	0.44186	0.451414	0.434656
0.27	0.88	0.27	0.27	0.05	0.88	0.73	0.88	0.27	0.02	0.05	0.95	0.12	0.02	0.12	0.5	0.27	0.05	0.05	0.05	0.50875	0.29125	0.58625	0.325	0.21875	0.39625	0.38625	0.355	0.31875	0.38	0.3575	0.425	0.395	0.25125	0.21625	0.575	0.595	0.11	0.395	0.405	-3.9	-0.966667	-1.98	-1.25714	-0.311111	0.5625	0.382233	0.39304	0.379171	0.429156
0.27	0.27	0.99	0.73	0.98	0.27	0.27	0.27	0.27	0.05	0.05	0.73	0.05	0.02	0.12	0.88	0.5	0.02	0.05	0.05	0.46125	0.3675	0.4675	0.2675	0.1025	0.53	0.44375	0.435	0.31875	0.34875	0.34875	0.4525	0.40375	0.2425	0.21625	0.555	0.56625	0.11375	0.38625	0.3775	-0.8	-2.73333	-0.9	-0.542857	-0.6	0.1363	0.3207	0.31832	0.3811	0.383467
0.27	0.27	0.95	0.27	0.05	0.73	0.27	0.73	0.5	0.27	0.27	0.5	0.88	0.27	0.05	0.5	0.27	0.27	0.95	0.27	0.385	0.33875	0.50125	0.30625	0.21	0.50375	0.44375	0.32125	0.29	0.41625	0.36875	0.42375	0.32875	0.29625	0.20625	0.5175	0.57625	0.09125	0.35	0.3975	-3.5	-0.8	-0.42	-0.157143	-0.0888889	0.2633	0.193733	0.33292	0.341229	0.383178
0.5	0.05	0.02	0.02	0.12	0.05	0.05	0.02	0.05	0.98	0.95	0.05	0.95	0.5	0.05	0.12	0.27	0.05	0.12	0.88	0.4325	0.29	0.59875	0.31	0.31	0.5125	0.37625	0.41875	0.23375	0.35625	0.255	0.4325	0.32	0.24875	0.20625	0.59375	0.57625	0.11	0.3775	0.3975	1.9	0.866667	0.2	0.128571	0.222222	0.1816	0.321933	0.27564	0.349357	0.338944
0.27	0.12	0.5	0.5	0.12	0.12	0.12	0.05	0.27	0.73	0.73	0.12	0.5	0.73	0.05	0.27	0.5	0.27	0.95	0.88	0.36625	0.2625	0.4625	0.2225	0.30125	0.485	0.29125	0.3875	0.31375	0.435	0.30125	0.37625	0.395	0.3325	0.09375	0.48	0.47125	0.1675	0.38375	0.36875	4.2	1.76667	1.12	0.585714	-0.122222	0.5209	0.3262	0.34934	0.291443	0.334822
0.5	0.12	0.5	0.27	0.12	0.73	0.27	0.98	0.12	0.05	0.05	0.27	0.12	0.05	0.12	0.95	0.73	0.05	0.05	0.05	0.3375	0.1675	0.435	0.22375	0.31	0.31375	0.19625	0.1675	0.3325	0.60875	0.49875	0.25375	0.5375	0.50625	0.085	0.3475	0.4425	0.2225	0.60875	0.5575	-0.8	2.4	1.68	0.514286	0.733333	0.2761	0.433933	0.3281	0.330657	0.281678
0.12	0.27	0.73	0.12	0.05	0.98	0.5	0.05	0.27	0.88	0.5	0.27	0.5	0.73	0.12	0.27	0.73	0.12	0.73	0.5	0.385	0.14875	0.40125	0.26125	0.2025	0.35875	0.19625	0.36	0.37125	0.505	0.4425	0.25375	0.49875	0.425	0.085	0.385	0.47125	0.2175	0.5325	0.51	3.8	0.766667	1.04	1.55714	0.433333	0.5048	0.312667	0.37394	0.305071	0.3376
0.88	0.12	0.12	0.05	0.99	0.12	0.12	0.12	0.05	0.73	0.27	0.12	0.27	0.12	0.12	0.5	0.88	0.05	0.12	0.88	0.36625	0.14875	0.3925	0.25125	0.09375	0.39	0.225	0.38375	0.35125	0.49625	0.44375	0.225	0.4325	0.47375	0.09375	0.35625	0.4525	0.2075	0.49625	0.44375	-0.7	0.6	0.96	0.785714	0.777778	0.1571	0.357567	0.2866	0.3705	0.355822
0.12	0.12	0.12	0.05	0.05	0.12	0.12	0.05	0.98	0.5	0.27	0.12	0.27	0.95	0.05	0.12	0.12	0.73	1	0.27	0.49	0.17625	0.4525	0.3675	0.21125	0.475	0.28125	0.48125	0.33875	0.40875	0.33125	0.31	0.32875	0.31375	0.13	0.48	0.5475	0.1225	0.38625	0.425	-1.3	0.6	0.42	0.128571	0.177778	0.4108	0.217367	0.3593	0.357129	0.388044
0.27	0.12	0.05	0.05	0.12	0.12	0.12	0.05	0.27	0.73	0.95	0.12	0.88	0.73	0.12	0.12	0.27	0.27	0.95	0.73	0.47125	0.195	0.4325	0.3675	0.2025	0.49375	0.3	0.5375	0.40875	0.35125	0.17	0.3575	0.205	0.25625	0.2375	0.50875	0.585	0.1525	0.28875	0.32	3.8	-0.333333	-0.42	-0.257143	-0.366667	0.0842	0.3782	0.3438	0.385057	0.409833
0.27	0.27	0.95	0.88	0.05	0.88	0.5	0.88	0.73	0.05	0.05	0.73	0.12	0.05	0.12	0.5	0.73	0.05	0.12	0.12	0.5	0.17625	0.3675	0.32125	0.21125	0.34125	0.2525	0.37375	0.37	0.445	0.2825	0.28125	0.3	0.35	0.2375	0.4525	0.54625	0.18875	0.4775	0.405	-3.5	-0.0333333	-0.98	-0.9	-0.366667	0.6396	0.3837	0.4067	0.415371	0.439589
0.88	0.12	0.27	0.12	0.12	0.12	0.12	0.99	0.12	0.05	0.05	0.12	0.12	0.05	0.12	0.5	0.27	0.12	0.05	0.12	0.4425	0.27125	0.395	0.41625	0.2025	0.42375	0.27125	0.36875	0.44625	0.36875	0.25375	0.43375	0.32875	0.3775	0.31375	0.4525	0.54625	0.18	0.4575	0.405	-0.4	-2.46667	-0.86	-0.914286	-1.22222	0.4273	0.512833	0.46794	0.470629	0.410667
0.73	0.27	0.5	0.95	0.12	0.73	0.5	0.73	0.88	0.05	0.05	0.73	0.12	0.05	0.27	0.73	0.27	0.05	0.12	0.12	0.41375	0.2525	0.4425	0.34	0.085	0.36625	0.2425	0.40125	0.455	0.28375	0.22625	0.37625	0.31	0.36875	0.405	0.4525	0.47	0.18875	0.44875	0.31	-3.5	-1.53333	-1.78	-1.28571	-1.32222	0.4716	0.538633	0.55988	0.446871	0.422578
0.27	0.27	0.27	0.5	0.12	0.27	0.27	0.5	0.12	0.5	0.12	0.5	0.12	0.05	0.98	0.5	0.95	0.05	0.12	0.5	0.49	0.24375	0.45875	0.3925	0.20125	0.415	0.25875	0.42625	0.43	0.2875	0.275	0.39625	0.38625	0.28375	0.31625	0.48125	0.40375	0.10375	0.33875	0.3475	-0.7	-1.66667	-1.86	-2.05714	-0.677778	0.717	0.5775	0.48086	0.4726	0.380233
0.73	0.12	0.88	0.73	0.12	0.27	0.27	0.5	0.27	0.12	0.05	0.27	0.12	0.12	0.12	0.88	0.88	0.12	0.73	0.12	0.4325	0.2625	0.43875	0.48	0.20125	0.43375	0.335	0.435	0.3925	0.30625	0.19875	0.44375	0.31	0.19	0.42375	0.51	0.4975	0.06375	0.15	0.36625	-0.8	-1.8	-2.1	-0.914286	-1.17778	0.5439	0.5018	0.44826	0.385471	0.408156
0.27	0.88	0.27	0.12	0.05	0.88	0.27	0.12	0.27	0.27	0.27	0.88	0.73	0.95	0.73	0.27	0.27	0.12	0.5	0.5	0.47125	0.14	0.39875	0.44875	0.32625	0.25375	0.27875	0.375	0.3075	0.4	0.275	0.2825	0.32875	0.19	0.33875	0.53875	0.51625	0.0725	0.1975	0.41375	-3.9	-2.1	-0.5	-0.957143	-0.577778	0.2445	0.3509	0.35988	0.372357	0.341444
0.5	0.12	0.73	0.27	0.05	0.27	0.27	0.12	0.88	0.05	0.05	0.27	0.12	0.05	1	0.73	0.27	0.05	0.12	0.12	0.36625	0.2825	0.34125	0.43	0.32625	0.40625	0.2975	0.26625	0.23125	0.5125	0.33	0.45375	0.5	0.31125	0.305	0.52875	0.5925	0.0725	0.25375	0.50875	-1.6	-0.333333	-0.5	-0.185714	-0.966667	0.2643	0.1795	0.28358	0.310586	0.3242
0.27	0.05	0.02	0.02	0.98	0.05	0.02	0.02	0.02	0.98	0.73	0.05	0.88	0.27	0.05	0.12	0.27	0.05	0.12	0.95	0.36625	0.26375	0.37375	0.34875	0.22875	0.3575	0.2725	0.19375	0.235	0.50875	0.33	0.405	0.4525	0.31125	0.39625	0.57625	0.62125	0.0725	0.25375	0.50875	4.5	0.733333	0.04	-0.642857	-0.111111	0.0297	0.209833	0.18264	0.247029	0.274978
0.27	0.12	0.5	0.98	0.12	0.27	0.73	0.12	0.12	0.5	0.27	0.27	0.27	0.05	0.12	0.73	0.95	0.02	0.05	0.5	0.395	0.23625	0.295	0.18125	0.355	0.33	0.165	0.13375	0.2225	0.61625	0.435	0.33	0.6325	0.36625	0.28	0.5	0.53625	0.085	0.2625	0.6125	-0.7	1.9	0.04	0.0714286	0.166667	0.3355	0.1348	0.18816	0.173414	0.2109
0.12	0.05	0.02	0.02	0.98	0.05	0.05	0.02	0.05	0.95	0.88	0.05	0.88	0.88	0.05	0.12	0.27	0.12	0.27	0.88	0.3375	0.245	0.25125	0.21625	0.2475	0.33875	0.2225	0.09	0.23125	0.655	0.47125	0.33	0.6325	0.36625	0.28	0.48125	0.52625	0.12	0.2625	0.6125	1.9	-0.9	1.2	0.885714	0.566667	0.0392	0.2156	0.14102	0.158529	0.154156
0.27	0.5	0.27	0.12	0.12	0.73	0.27	0.12	0.12	0.73	0.27	0.88	0.88	0.12	0.12	0.88	0.88	0.05	0.12	0.5	0.3	0.1125	0.31125	0.25125	0.355	0.1775	0.195	0.09625	0.25125	0.65125	0.51625	0.15	0.5475	0.34875	0.18625	0.415	0.45	0.11625	0.225	0.60375	-3.9	0.733333	0.66	1.51429	0.611111	0.2721	0.1133	0.16314	0.125514	0.134644
0.5	0.05	0.05	0.05	0.27	0.12	0.05	0.05	0.05	0.95	0.73	0.12	0.5	0.27	0.05	0.5	0.5	0.05	0.12	0.95	0.27125	0.21625	0.33875	0.26	0.33625	0.33	0.29875	0.20875	0.18375	0.62375	0.45875	0.32125	0.595	0.33	0.085	0.43375	0.4975	0.11625	0.225	0.53875	4.2	0.7	1.36	0.371429	0.744444	0.0286	0.147	0.10268	0.131114	0.154567
0.5	0.12	0.12	0.12	0.27	0.27	0.12	0.12	0.12	0.88	0.5	0.12	0.95	0.27	0.12	0.5	0.95	0.12	0.12	0.88	0.27125	0.2925	0.39	0.2825	0.22875	0.33875	0.37875	0.2125	0.1875	0.60125	0.45875	0.34875	0.4625	0.31125	0.18875	0.48125	0.5175	0.1075	0.225	0.49125	1.8	2.93333	0.28	0.414286	0.744444	0.1403	0.0673667	0.10862	0.146557	0.217767
0.12	0.12	0.05	0.05	0.12	0.12	0.05	0.05	0.27	0.88	0.95	0.05	0.73	0.95	0.05	0.12	0.12	0.5	0.95	0.5	0.3475	0.3875	0.44625	0.27875	0.2475	0.38625	0.35875	0.22125	0.26375	0.55375	0.4025	0.415	0.49	0.235	0.1975	0.5	0.59375	0.06375	0.13	0.49125	2.8	0.366667	0.98	0.785714	0.744444	0.0332	0.0808	0.14292	0.226457	0.228233
0.12	0.27	1	0.5	0.05	0.27	0.27	0.27	0.5	0.02	0.02	0.27	0.05	0.05	0.05	0.5	0.27	0.02	0.05	0.05	0.4425	0.3775	0.41625	0.31125	0.14875	0.395	0.3875	0.30125	0.24375	0.54875	0.415	0.415	0.48	0.24375	0.20625	0.55625	0.6325	0.115	0.215	0.4525	-3.5	-0.366667	1.04	1.24286	0.444444	0.0689	0.1819	0.2569	0.248971	0.300456
0.5	0.5	0.73	0.27	0.05	0.88	0.88	0.95	0.27	0.05	0.05	0.88	0.12	0.05	0.12	0.5	0.27	0.05	0.12	0.05	0.42375	0.34875	0.45	0.41625	0.24375	0.26125	0.34	0.21625	0.2725	0.51625	0.44	0.2625	0.395	0.24375	0.2925	0.50875	0.61375	0.11125	0.20625	0.48125	-0.4	0.2	0.54	0.528571	1.3	0.4436	0.370333	0.31478	0.343343	0.336944
0.27	0.73	0.5	0.27	0.12	0.27	0.73	0.12	0.12	0.73	0.5	0.27	0.27	0.12	0.95	0.5	0.88	0.05	0.12	0.5	0.5	0.3475	0.5825	0.50125	0.21625	0.385	0.44375	0.3475	0.31875	0.3275	0.3075	0.3575	0.32875	0.2075	0.21625	0.55625	0.585	0.11125	0.20625	0.34	4.5	1.13333	-0.18	0.814286	0.444444	0.5985	0.4906	0.44598	0.409086	0.367411
0.5	0.88	0.88	0.88	0.12	0.5	0.5	0.12	0.88	0.12	0.27	0.73	0.27	0.12	0.12	0.5	0.73	0.05	0.12	0.12	0.47125	0.32875	0.5825	0.4725	0.1975	0.35625	0.49125	0.455	0.22375	0.3	0.28	0.31875	0.225	0.18	0.32	0.60375	0.595	0.1025	0.1975	0.2925	-0.7	1	1.28	-0.0857143	0.2	0.4297	0.572467	0.5523	0.4476	0.383889
0.88	0.12	0.73	0.73	0.12	0.27	0.5	0.88	0.12	0.05	0.05	0.27	0.12	0.05	0.12	0.95	0.73	0.05	0.05	0.12	0.415	0.42375	0.60125	0.4875	0.185	0.46125	0.5	0.35625	0.37625	0.205	0.20375	0.385	0.1675	0.18	0.31625	0.53875	0.58625	0.13125	0.2125	0.245	-0.8	0.766667	0.66	0.357143	-0.255556	0.6892	0.573133	0.52414	0.478986	0.385489
0.5	0.5	0.27	0.73	0.88	0.27	0.5	0.12	0.12	0.5	0.5	0.27	0.27	0.12	0.88	0.5	0.73	0.05	0.12	0.73	0.53875	0.3575	0.5675	0.44	0.20625	0.46125	0.5	0.45125	0.32875	0.16125	0.16	0.385	0.1575	0.17125	0.23	0.655	0.6625	0.135	0.2125	0.225	3.8	-0.166667	-0.32	0.228571	0.0444444	0.6005	0.530833	0.46216	0.422414	0.381467
0.88	0.27	0.88	0.73	0.12	0.5	0.73	0.27	0.27	0.12	0.12	0.27	0.12	0.05	0.27	0.88	0.88	0.05	0.12	0.27	0.44375	0.33	0.4025	0.40875	0.31	0.32875	0.3675	0.31625	0.2825	0.32125	0.32	0.28125	0.28375	0.265	0.2975	0.55125	0.625	0.14375	0.23125	0.3675	-3.5	-0.0333333	-0.44	-0.528571	0.511111	0.3028	0.3973	0.38574	0.341586	0.332556
0.5	0.12	0.5	0.5	0.12	0.27	0.27	0.98	0.12	0.05	0.05	0.27	0.12	0.05	0.12	0.88	0.88	0.05	0.05	0.12	0.49125	0.3675	0.42125	0.4375	0.31	0.38625	0.425	0.2275	0.30125	0.30125	0.28125	0.33875	0.28375	0.25625	0.2125	0.58	0.6375	0.14375	0.24	0.38625	-0.4	-1.73333	-0.44	0.114286	-0.0666667	0.2886	0.213	0.25444	0.280686	0.278033
0.05	0.12	0.05	0.02	0.02	0.73	0.12	0.02	0.73	0.05	0.12	0.12	0.12	0.88	0.02	0.05	0.05	0.73	1	0.12	0.49125	0.26	0.37	0.39	0.31375	0.26875	0.38375	0.335	0.13	0.3775	0.30125	0.26875	0.28375	0.2625	0.2125	0.6275	0.65625	0.115	0.21625	0.43375	-1.3	-0.833333	-0.44	0.128571	0.322222	0.0476	0.122967	0.13502	0.197629	0.230844
0.73	0.12	0.27	0.12	0.98	0.27	0.27	0.27	0.12	0.12	0.12	0.27	0.12	0.05	0.12	0.98	0.88	0.05	0.12	0.5	0.33	0.355	0.3425	0.34875	0.19375	0.32625	0.33625	0.20875	0.225	0.39625	0.3575	0.3075	0.36	0.39375	0.2	0.48375	0.57125	0.20875	0.3825	0.43375	-0.8	0.566667	0.12	-0.0142857	0.622222	0.0327	0.0279	0.09602	0.112557	0.183956
0.12	0.05	0.02	0.02	0.12	0.05	0.05	0.02	0.05	0.95	0.95	0.05	0.98	0.73	0.05	0.05	0.12	0.12	0.27	0.73	0.35	0.30375	0.34125	0.27125	0.1975	0.32625	0.30375	0.2275	0.225	0.23625	0.20625	0.30375	0.23375	0.4175	0.1	0.54	0.58125	0.31875	0.4675	0.32	3.8	0.766667	0.76	0.757143	0.1	0.0034	0.0479667	0.0393	0.107471	0.119056
0.27	0.88	0.27	0.27	0.12	0.5	0.73	0.12	0.12	0.5	0.12	0.73	0.27	0.05	0.12	0.73	0.98	0.05	0.12	0.5	0.28375	0.2575	0.2625	0.21125	0.1975	0.3175	0.19	0.19625	0.21625	0.2925	0.3575	0.27625	0.34125	0.51125	0.0725	0.46375	0.455	0.3275	0.48625	0.33	-0.7	1.96667	1.4	0.685714	0.4	0.1078	0.0387333	0.08322	0.0685857	0.112089
0.05	0.02	0.02	0.02	0.05	0.02	0.02	0.02	0.12	0.73	0.5	0.02	0.27	1	0.02	0.05	0.05	0.5	0.88	0.5	0.31125	0.365	0.35	0.195	0.1975	0.3775	0.3075	0.19625	0.21625	0.26375	0.31	0.34625	0.34125	0.42	0.07625	0.4725	0.47625	0.39	0.4475	0.34875	2.8	1.33333	1.38	0.757143	0.4	0.005	0.126667	0.07996	0.0960857	0.0980222
0.27	0.88	0.73	0.5	0.12	0.27	0.27	0.12	0.27	0.27	0.5	0.73	0.73	0.27	0.12	0.73	0.88	0.12	0.5	0.5	0.31125	0.305	0.27	0.16625	0.1925	0.3175	0.37125	0.215	0.14	0.34875	0.3575	0.27625	0.36	0.52	0.07625	0.415	0.42875	0.38	0.46125	0.39625	1.9	1.26667	0.46	0.814286	0.966667	0.2672	0.0962	0.1273	0.114557	0.158978
0.05	0.02	0.01	0.01	0.05	0.05	0.02	0.02	0.05	0.05	0.12	0.02	0.12	0.99	0.01	0.02	0.05	1	0.95	0.05	0.31	0.43125	0.44875	0.275	0.09375	0.345	0.4025	0.25625	0.24375	0.37625	0.39625	0.4225	0.43625	0.43	0.16625	0.49125	0.485	0.26625	0.405	0.42375	-0.9	0.0666667	0.52	0.814286	0.966667	0.0164	0.174567	0.13814	0.199243	0.203222
0.5	0.73	0.5	0.5	0.12	0.88	0.5	0.12	0.27	0.12	0.5	0.73	0.27	0.12	0.12	0.95	0.73	0.05	0.12	0.12	0.2725	0.4275	0.495	0.27375	0.085	0.345	0.39875	0.275	0.24375	0.26375	0.245	0.41875	0.32875	0.4625	0.2375	0.46	0.495	0.385	0.49	0.3575	-0.8	-0.7	0.72	0.8	0.155556	0.2401	0.1395	0.25638	0.2454	0.269744
0.5	0.12	0.95	0.12	0.05	0.27	0.5	0.88	0.12	0.05	0.05	0.12	0.12	0.27	0.05	0.27	0.12	1	0.5	0.27	0.2725	0.4275	0.43875	0.3025	0.09375	0.3925	0.37	0.18	0.31	0.30125	0.3775	0.4375	0.37625	0.52875	0.24625	0.4875	0.54	0.3225	0.55125	0.33875	-0.4	0.866667	0.18	-0.1	0.0888889	0.162	0.332767	0.28912	0.3307	0.298233
0.27	0.5	0.12	0.27	0.05	0.5	0.88	0.27	0.27	0.27	0.5	0.27	0.73	0.95	0.12	0.27	0.5	0.27	0.73	0.5	0.38625	0.41125	0.57375	0.315	0.12125	0.395	0.3825	0.2875	0.29125	0.27375	0.32125	0.45	0.32875	0.41	0.26875	0.59125	0.5775	0.36625	0.44625	0.31	3.8	0.866667	-0.34	-0.557143	0.277778	0.5962	0.396367	0.40626	0.344557	0.350867
0.5	0.27	0.98	0.5	0.12	0.27	0.27	0.5	0.73	0.12	0.05	0.73	0.12	0.05	0.73	0.88	0.5	0.02	0.12	0.27	0.415	0.42125	0.4975	0.2575	0.1125	0.42375	0.45875	0.35375	0.23375	0.265	0.32125	0.335	0.32875	0.495	0.1925	0.53375	0.55875	0.38875	0.46625	0.29125	-0.8	-0.166667	-0.44	0.214286	-0.322222	0.4309	0.543067	0.43108	0.4106	0.386122
0.27	0.73	0.88	0.5	0.12	0.88	0.5	0.27	0.27	0.12	0.12	0.73	0.27	0.12	0.73	0.73	0.88	0.12	0.12	0.27	0.52875	0.42375	0.5425	0.29	0.12125	0.46	0.5375	0.4425	0.31875	0.2925	0.3125	0.42375	0.32875	0.36875	0.20625	0.64125	0.59625	0.2575	0.3625	0.3475	-3.5	-1.86667	0.54	-0.171429	-0.611111	0.6021	0.465733	0.49442	0.4598	0.411444
0.27	0.27	0.27	0.12	0.12	0.27	0.5	0.12	0.5	0.73	0.73	0.27	0.5	0.73	0.12	0.27	0.73	0.5	0.99	0.5	0.5	0.48125	0.59	0.29	0.12125	0.5175	0.5375	0.4525	0.27125	0.235	0.18875	0.42375	0.28125	0.28375	0.39	0.6425	0.64625	0.21	0.245	0.3375	-1.3	-0.1	-0.92	-0.614286	-0.7	0.3642	0.481667	0.49208	0.471557	0.431478
0.73	0.27	0.27	0.27	0.27	0.27	0.5	0.27	0.12	0.73	0.5	0.27	0.5	0.73	0.27	0.88	0.73	0.12	0.27	0.5	0.38625	0.4725	0.47375	0.25875	0.1025	0.48625	0.4775	0.32625	0.31875	0.29125	0.32125	0.41125	0.32875	0.375	0.3675	0.53875	0.6375	0.195	0.3825	0.3375	4.5	-0.1	-1.46	-1.38571	-0.344444	0.4787	0.4758	0.45476	0.446443	0.4156
0.73	0.73	0.98	0.27	0.12	0.27	0.27	0.88	0.27	0.05	0.05	0.27	0.12	0.05	0.12	0.88	0.73	0.05	0.05	0.12	0.415	0.38625	0.46125	0.335	0.13	0.48625	0.45875	0.27875	0.37625	0.405	0.33	0.46875	0.31875	0.35625	0.38625	0.59625	0.6375	0.17625	0.33375	0.385	-3.5	-0.833333	-1.08	-0.871429	-0.855556	0.5845	0.435833	0.41842	0.387614	0.402856
0.73	0.5	0.27	0.27	0.12	0.95	0.88	0.5	0.27	0.27	0.12	0.73	0.27	0.05	0.12	0.73	0.73	0.05	0.12	0.5	0.415	0.39625	0.46125	0.2875	0.13	0.40125	0.36375	0.27875	0.395	0.425	0.33	0.35375	0.31875	0.35625	0.38625	0.59625	0.69875	0.18	0.325	0.3375	-3.5	-2.86667	-0.26	-0.485714	-0.844444	0.2443	0.4164	0.3494	0.370386	0.3624
0.27	0.73	0.27	0.12	0.12	0.73	0.5	0.05	0.12	0.27	0.12	0.27	0.12	0.05	0.98	0.5	0.98	0.05	0.05	0.27	0.50125	0.29125	0.46125	0.35375	0.13	0.3525	0.3825	0.335	0.395	0.41625	0.32125	0.35375	0.31	0.3475	0.31	0.6525	0.64875	0.1675	0.325	0.33875	-1.6	-0.766667	-1.32	-0.4	-0.633333	0.4204	0.227933	0.34996	0.3279	0.342656
0.05	0.05	0.02	0.02	0.05	0.02	0.02	0.02	0.12	0.5	0.88	0.02	0.5	1	0.02	0.05	0.05	0.5	0.88	0.27	0.5575	0.3575	0.4925	0.36625	0.2425	0.44125	0.395	0.33875	0.3475	0.33	0.15	0.385	0.215	0.1525	0.53375	0.79375	0.78375	0.06375	0.18875	0.3675	2.8	0.133333	-0.76	-1.27143	-0.577778	0.0191	0.307	0.24642	0.320143	0.366167
0.5	0.27	0.73	0.88	0.12	0.5	0.5	0.5	0.88	0.5	0.12	0.73	0.27	0.12	0.12	0.73	0.5	0.05	0.12	0.5	0.4725	0.3025	0.37625	0.2275	0.3225	0.35375	0.27875	0.3075	0.2525	0.2725	0.27375	0.26875	0.24375	0.29375	0.49375	0.61375	0.65125	0.1675	0.36875	0.31	-0.8	0.433333	-0.38	-0.885714	-0.8	0.4815	0.189133	0.28244	0.3189	0.326022
0.5	0.12	0.27	0.12	0.12	0.27	0.12	0.12	0.88	0.5	0.12	0.27	0.27	0.05	0.73	0.73	0.99	0.05	0.12	0.27	0.415	0.245	0.4025	0.30375	0.3225	0.3825	0.3075	0.26	0.23375	0.3	0.2825	0.32625	0.2625	0.3025	0.4175	0.61375	0.6225	0.1675	0.3775	0.38625	-0.7	-1.03333	-0.22	-0.0285714	-0.5	0.0668	0.324233	0.31352	0.300771	0.327633
0.5	0.12	0.88	0.88	0.12	0.27	0.27	0.27	0.12	0.05	0.05	0.27	0.05	0.05	0.98	0.95	0.73	0.02	0.05	0.05	0.33	0.185	0.295	0.17625	0.31375	0.26625	0.18125	0.18125	0.31	0.35625	0.31	0.2375	0.29	0.42125	0.3725	0.50125	0.57	0.2275	0.48125	0.36625	-1.6	-1.03333	-0.28	0.0857143	0.2	0.4244	0.355667	0.33318	0.326286	0.307589
0.5	0.12	0.27	0.12	0.95	0.27	0.12	0.12	0.12	0.27	0.12	0.27	0.12	0.12	0.95	0.95	0.88	0.12	0.73	0.73	0.35875	0.10875	0.37125	0.27125	0.31875	0.20875	0.17125	0.20875	0.32875	0.31	0.2925	0.2375	0.28125	0.42125	0.26875	0.56125	0.53875	0.22375	0.5	0.2625	-0.8	0.0333333	-0.28	0.0857143	0.288889	0.5758	0.372533	0.35668	0.332686	0.314489
0.5	0.05	0.05	0.02	0.98	0.05	0.05	0.5	0.12	0.27	0.73	0.05	0.5	0.98	0.05	0.12	0.12	0.5	0.95	0.27	0.35875	0.1175	0.4025	0.28375	0.31125	0.24	0.18375	0.16125	0.405	0.25375	0.12125	0.26875	0.18625	0.29875	0.38125	0.665	0.63375	0.205	0.4875	0.30125	2.5	0.3	0.42	0.0857143	-0.166667	0.1174	0.430733	0.3561	0.332829	0.314311
0.27	0.12	0.73	0.12	0.12	0.27	0.12	0.12	0.12	0.27	0.12	0.27	0.27	0.05	0.12	0.88	0.99	0.05	0.12	0.5	0.34	0.0775	0.22875	0.16375	0.41875	0.15625	0.115	0.14875	0.2975	0.315	0.27375	0.15625	0.24375	0.43375	0.36375	0.485	0.49625	0.26125	0.59125	0.3325	-0.8	1.5	0.58	-6.34413e-17	0.422222	0.599	0.2601	0.36772	0.325786	0.301289
0.05	0.02	0.02	0.01	0.05	0.02	0.02	0.02	0.12	0.27	0.27	0.02	0.27	1	0.01	0.05	0.05	0.5	0.88	0.12	0.415	0.185	0.3175	0.1775	0.4275	0.1875	0.14625	0.25625	0.2025	0.2675	0.255	0.21625	0.225	0.315	0.39625	0.56	0.6	0.205	0.49625	0.38	2.8	0.4	0.48	0.871429	0.422222	0.0639	0.3818	0.25606	0.3172	0.305433
0.5	0.12	0.27	0.12	0.99	0.27	0.27	0.12	0.27	0.12	0.05	0.27	0.12	0.12	0.12	0.98	0.88	0.12	0.88	0.12	0.31125	0.2675	0.21	0.11625	0.2975	0.24625	0.205	0.21625	0.2025	0.2825	0.2825	0.2425	0.2525	0.42125	0.275	0.35875	0.42	0.25625	0.505	0.38	-0.8	0.233333	0.88	0.885714	0.211111	0.4825	0.187967	0.30544	0.249814	0.304244
0.05	0.05	0.05	0.02	0.02	0.05	0.05	0.02	0.73	0.05	0.12	0.05	0.12	0.88	0.02	0.05	0.05	0.73	1	0.12	0.32	0.37125	0.26625	0.2325	0.3025	0.35875	0.34	0.22875	0.16375	0.26	0.265	0.29875	0.2525	0.31375	0.18375	0.39	0.4475	0.17125	0.405	0.295	-1.3	0.8	0.9	0.0285714	-0.0888889	0.0175	0.2881	0.20646	0.292143	0.344789
