0.12	1	0.12	0.02	0.02	0.27	0.12	0.02	0.73	0.12	0.73	0.88	0.27	0.05	0.05	0.05	0.12	0.02	0.05	0.5	0.31125	0.5725	0.37125	0.2825	0.28	0.46625	0.40375	0.1	0.56375	0.16	0.22	0.51	0.21625	0.27	0.15625	0.365	0.30625	0.06125	0.3675	0.2425	4.2	0.733333	0.62	0.485714	-0.155556	0.2239	0.227233	0.27576	0.3539	0.419256
0.5	0.98	0.12	0.05	0.05	0.73	0.27	0.05	0.99	0.12	0.5	0.73	0.27	0.12	0.05	0.12	0.27	0.05	0.73	0.73	0.245	0.49875	0.31	0.17	0.28	0.32375	0.26875	0.0825	0.49875	0.27625	0.305	0.4125	0.235	0.27375	0.14375	0.325	0.26875	0.0525	0.27375	0.33125	-4.5	-0.633333	0.88	0.8	0.733333	0.2153	0.353233	0.34022	0.3141	0.339367
0.5	0.5	0.5	0.95	0.02	0.73	0.95	0.05	0.88	0.02	0.02	0.5	0.05	0.02	0.98	0.73	0.27	0.02	0.5	0.05	0.245	0.4425	0.25	0.14875	0.28	0.305	0.2125	0.02625	0.485	0.28375	0.36	0.39375	0.25	0.28125	0.0275	0.27625	0.22125	0.05375	0.29875	0.385	-1.6	-0.766667	0.12	1.08571	0.733333	0.6205	0.411567	0.37592	0.325443	0.293189
0.05	0.02	0.02	0.01	0.05	0.05	0.02	0.01	0.27	0.5	0.98	0.02	0.98	0.98	0.01	0.05	0.5	0.05	0.5	0.27	0.2975	0.50375	0.31125	0.26625	0.15375	0.39125	0.33	0.0325	0.56375	0.23625	0.32875	0.455	0.14625	0.28625	0.14875	0.37375	0.22375	0.06375	0.36125	0.36125	3.8	0.3	0.18	0.228571	0.766667	0.3989	0.480133	0.36234	0.331371	0.293033
0.12	0.27	0.73	0.05	0.05	0.5	0.27	0.02	0.88	0.5	0.12	0.5	0.12	0.95	0.02	0.5	0.5	0.27	0.99	0.5	0.26	0.47625	0.27	0.28875	0.04375	0.36375	0.3275	0.05875	0.43125	0.24875	0.49625	0.40375	0.28125	0.3025	0.2075	0.3175	0.2425	0.04875	0.30875	0.34125	-1.3	2.33333	0.38	0.0285714	-0.0111111	0.421	0.3253	0.37608	0.310129	0.330356
0.12	0.27	0.01	0.01	0.05	0.27	0.02	0.01	0.01	0.98	0.5	0.02	0.27	0.12	0.02	0.02	0.12	0.01	0.05	0.99	0.33625	0.41375	0.37875	0.325	0.0475	0.4825	0.46625	0.0725	0.4825	0.18	0.3725	0.46375	0.24375	0.40625	0.21625	0.43375	0.30875	0.085	0.42625	0.22375	4.5	-0.1	1.26	0.0285714	-0.866667	0.156	0.287	0.26702	0.362	0.374067
0.5	0.05	0.88	1	0.02	0.12	0.5	0.05	0.05	0.01	0.01	0.12	0.02	0.01	0.05	0.95	0.12	0	0.02	0.02	0.26	0.3525	0.3175	0.31875	0.05125	0.44375	0.4825	0.12375	0.3875	0.30125	0.38625	0.4225	0.25625	0.42	0.24	0.33625	0.30875	0.08625	0.35375	0.26875	-3.5	1.26667	-0.4	-0.242857	-0.755556	0.284	0.171733	0.30292	0.361543	0.396511
0.02	0.01	0.01	0	0.02	0.01	0.01	0.01	0.02	0.12	0.73	0.01	0.12	1	0	0.12	0.27	0.12	0.5	0.05	0.2725	0.30125	0.36625	0.3275	0.06375	0.3725	0.4275	0.125	0.34375	0.4075	0.41625	0.38	0.3475	0.35625	0.12625	0.355	0.27125	0.075	0.24625	0.36875	2.8	-1.73333	-0.84	-1.28571	-0.155556	0.0752	0.312533	0.34218	0.364171	0.356222
0.27	0.98	0.5	0.27	0.12	0.73	0.73	0.27	0.5	0.12	0.5	0.95	0.27	0.12	0.5	0.5	0.27	0.12	0.12	0.12	0.25	0.18375	0.3175	0.3075	0.0475	0.29125	0.35	0.21625	0.25625	0.34625	0.325	0.35125	0.26875	0.34625	0.065	0.31625	0.215	0.07125	0.23375	0.32875	-4.5	-1.73333	-2.44	-0.557143	-0.622222	0.5784	0.423633	0.39444	0.340871	0.365944
0.73	0.5	0.27	0.27	0.05	0.99	0.98	0.12	0.27	0.05	0.12	0.88	0.12	0.05	0.12	0.5	0.27	0.05	0.05	0.05	0.17875	0.21125	0.255	0.30125	0.05125	0.19875	0.28625	0.23375	0.26625	0.29375	0.36	0.29875	0.275	0.25125	0.11	0.255	0.15375	0.17125	0.1525	0.27625	-3.5	-3.83333	-0.98	-1.25714	-0.577778	0.6173	0.537667	0.38922	0.388071	0.348644
0.27	0.27	0.5	0.99	0.05	0.27	0.88	0.5	0.27	0.12	0.12	0.5	0.12	0.12	0.27	0.27	0.27	0.05	0.12	0.12	0.2275	0.2975	0.34375	0.335	0.04625	0.28875	0.35875	0.19125	0.3275	0.16375	0.29875	0.435	0.24375	0.22875	0.095	0.34375	0.15375	0.17	0.14	0.145	-3.5	-1.06667	-1.62	-0.885714	-1.51111	0.4173	0.430833	0.47146	0.3854	0.3961
0.12	0.05	0.02	0.02	0.12	0.05	0.02	0.02	0.5	0.98	0.98	0.05	0.88	0.5	0.02	0.05	0.12	0.05	0.12	0.88	0.185	0.33375	0.29375	0.33125	0.03625	0.3025	0.40375	0.24625	0.29375	0.055	0.19125	0.47625	0.1475	0.195	0.12	0.315	0.15875	0.295	0.17125	0.0475	3.8	-0.0333333	-0.9	-1.84286	-1.22222	0.2579	0.3872	0.40884	0.457957	0.392489
0.12	0.05	0.12	0.12	0.02	0.12	0.12	1	0.05	0.01	0.02	0.73	0.5	0.02	0.02	0.12	0.05	0.02	0.02	0.02	0.18875	0.33375	0.28125	0.32	0.0525	0.29375	0.39125	0.1225	0.34875	0.28625	0.25375	0.39125	0.21375	0.145	0.12125	0.29375	0.14	0.285	0.1275	0.27125	-0.4	0.833333	-0.98	-1.32857	-1.06667	0.4864	0.336533	0.402	0.411257	0.394222
0.01	0.01	0	0	0.01	0.02	0.01	0.01	0.73	0.01	0.02	0.01	0.02	0.12	0	0.01	0.01	1	0.27	0.01	0.175	0.21875	0.23625	0.3025	0.045	0.2175	0.31625	0.21375	0.32	0.395	0.30125	0.365	0.3025	0.1325	0.06375	0.2475	0.12625	0.15	0.09625	0.37625	-0.9	-1.73333	-0.46	-0.228571	-0.922222	0.2653	0.444933	0.36884	0.336043	0.369311
0.05	0.73	0.95	1	0.01	0.27	0.5	0.05	0.5	0.01	0.01	0.73	0.02	0.01	0.05	0.5	0.12	0	0.02	0.01	0.20125	0.08125	0.09875	0.15875	0.045	0.125	0.2425	0.20875	0.43375	0.45125	0.29375	0.18	0.3025	0.155	0.04875	0.215	0.09375	0.275	0.24	0.385	-3.9	-1.9	-0.38	-0.185714	-0.922222	0.5831	0.366633	0.33542	0.327029	0.350356
0.01	0.12	0	0	0.01	0.01	0	0.01	0.01	0	0.01	0	0.01	0.12	0	0.5	0.01	1	0.27	0	0.175	0.125	0.15625	0.1625	0.03875	0.12625	0.1975	0.1525	0.4625	0.4375	0.27875	0.21125	0.29	0.12625	0.14625	0.18375	0.07625	0.14375	0.19375	0.3725	-0.9	-0.2	-0.94	-1.22857	-0.711111	0.2515	0.308467	0.30898	0.354	0.322433
0.05	0.01	0.01	0.01	0.05	0.01	0.01	0	0.01	1	0.27	0.01	0.27	0.12	0.01	0.02	0.05	0.01	0.05	0.98	0.17	0.25125	0.1675	0.17375	0.02125	0.21125	0.30375	0.1575	0.49125	0.19625	0.1575	0.32625	0.18125	0.06625	0.26125	0.3	0.09	0.26375	0.2125	0.14625	4.2	0.0333333	-1.46	-1.4	-1.56667	0.0908	0.232167	0.34526	0.308229	0.3584
0.05	0.02	0.02	0.01	0.05	0.02	0.02	0.01	0.95	0.99	0.88	0.02	0.5	0.12	0.02	0.02	0.12	0.02	0.12	0.95	0.2175	0.335	0.185	0.22125	0.025	0.28625	0.37875	0.15375	0.3825	0.19875	0.09375	0.29625	0.09625	0.07	0.26375	0.37625	0.1375	0.2625	0.2075	0.15375	-3.2	-0.833333	-1	-1.82857	-1.56667	0.3542	0.297233	0.26184	0.353414	0.322656
0.98	0.12	0.12	0.12	0.05	0.5	0.88	0.12	0.95	0.5	0.05	0.12	0.12	0.12	0.05	0.73	0.12	0.05	0.95	0.12	0.1025	0.32375	0.17375	0.2075	0.025	0.22625	0.27125	0.13875	0.325	0.265	0.22875	0.28375	0.1475	0.17875	0.26	0.28875	0.13875	0.19625	0.195	0.29	-3.5	-2.76667	-1.6	-1.32857	-1.61111	0.4467	0.3223	0.32786	0.293643	0.3073
0.02	0.01	0.01	0.02	0	0.02	0.02	0.01	0.01	0	0	0.02	0.01	0	1	0.02	0.02	0	0	0.01	0.25	0.28	0.1875	0.18625	0.03625	0.37125	0.4075	0.16125	0.47125	0.38875	0.29625	0.2675	0.25	0.255	0.14125	0.34875	0.19875	0.20875	0.37375	0.33625	-1.6	-3	-2.52	-1.38571	-1.32222	0.166	0.3981	0.34264	0.275871	0.303678
0.12	0.95	0.12	0.12	0.02	0.73	0.88	0.05	0.73	0.05	0.27	0.98	0.27	0.02	0.95	0.5	0.27	0.02	0.05	0.05	0.36	0.15375	0.17625	0.17625	0.03875	0.2875	0.30625	0.18875	0.3825	0.3975	0.295	0.15375	0.25	0.3475	0.23875	0.26	0.2	0.08375	0.34	0.39375	-3.9	-1.96667	-2.14	-2.17143	-1.02222	0.5816	0.3041	0.29722	0.341543	0.285589
0.5	0.73	0.27	0.5	0.05	0.73	0.73	0.98	0.12	0.02	0.12	0.5	0.05	0.05	0.05	0.73	0.5	0.02	0.05	0.05	0.3125	0.21375	0.28	0.1425	0.03125	0.30125	0.33	0.075	0.57625	0.27875	0.2825	0.21875	0.25	0.43875	0.3525	0.2625	0.19875	0.0975	0.45875	0.27375	-0.4	-1.86667	-1.7	-1.45714	-1.87778	0.1647	0.291133	0.31798	0.303614	0.295233
0.02	0.02	0.01	0	0.01	0.02	0.01	0	0.27	0.05	0.27	0.01	0.05	0.99	0	0.02	0.02	0.5	1	0.27	0.3725	0.41	0.3725	0.20625	0.0325	0.4025	0.48	0.1975	0.54875	0.1575	0.16	0.2925	0.30625	0.425	0.3575	0.355	0.25	0.06875	0.45	0.13375	-1.3	-1	-1.02	-1.45714	-1.21111	0.1271	0.280767	0.30252	0.265171	0.3026
0.27	0.27	0.95	0.73	0.05	0.95	0.73	0.12	0.73	0.5	0.5	0.5	0.73	0.5	0.05	0.27	0.5	0.05	0.5	0.27	0.225	0.36375	0.24	0.1	0.14625	0.22375	0.28	0.1675	0.3725	0.04125	0.1275	0.21625	0.2075	0.47125	0.345	0.235	0.1775	0.12	0.39375	0.12125	-1.3	-0.266667	-0.94	-0.828571	-0.544444	0.5505	0.255433	0.22172	0.301529	0.268222
0.99	0.05	0.02	0.02	0.05	0.05	0.05	0.27	0.02	0.12	0.27	0.05	0.27	0.88	0.73	0.27	0.27	0.02	0.05	0.5	0.16625	0.4525	0.38875	0.24875	0.1525	0.44375	0.48125	0.18125	0.5825	0.1225	0.17125	0.36125	0.2975	0.43	0.15	0.32375	0.2375	0.12625	0.48375	0.15375	1.8	-1	-0.3	0.0857143	-0.455556	0.0887	0.272267	0.27288	0.238057	0.299378
0.05	0.27	0.99	0.12	0.02	0.12	0.05	0.02	0.95	0.02	0.02	0.05	0.05	0.88	0.02	0.27	0.27	0.12	1	0.02	0.28375	0.3075	0.25875	0.22375	0.155	0.34625	0.37375	0.33125	0.3775	0.12875	0.16875	0.24125	0.2925	0.4275	0.1225	0.295	0.20625	0.1125	0.36	0.2075	-3.5	0.366667	0.46	0.0285714	-0.0666667	0.1776	0.228933	0.27492	0.2783	0.275978
0.05	0.88	0.5	0.02	0.02	0.12	0.5	0.01	0.88	0.05	0.05	0.12	0.95	0.95	0.01	0.05	0.05	0.27	1	0.05	0.33125	0.155	0.34875	0.265	0.155	0.34625	0.345	0.30125	0.38625	0.1375	0.165	0.20375	0.2075	0.41875	0.20875	0.3225	0.23375	0.09375	0.36	0.23125	2.8	0.6	0.56	0.157143	-0.2	0.4205	0.245133	0.2541	0.313143	0.310444
0.05	0	0	0	1	0	0	0	0	0.02	0.02	0	0.01	0	0	0.02	0.02	0.01	0	0.02	0.335	0.2625	0.41	0.2675	0.15625	0.35875	0.40625	0.3025	0.4625	0.1375	0.1375	0.2175	0.32	0.41375	0.21	0.32625	0.2375	0.065	0.36	0.20375	2.5	1.5	0.12	0.114286	0.222222	0.1373	0.334733	0.31056	0.302343	0.302567
0.27	0.5	0.27	0.5	0.05	0.88	0.95	0.27	0.98	0.27	0.12	0.73	0.27	0.05	0.12	0.73	0.27	0.02	0.27	0.5	0.33625	0.22875	0.32	0.17625	0.27125	0.16375	0.2875	0.2875	0.2825	0.05	0.0775	0.07875	0.2025	0.36	0.31375	0.2375	0.15875	0.06	0.27875	0.11625	-0.8	0.433333	0.5	0.214286	0.188889	0.4464	0.318233	0.37002	0.2977	0.280789
0.12	0.01	0.05	0.02	0.01	0.02	0.02	1	0.02	0	0	0.02	0.01	0	0.02	0.27	0.02	0.01	0.01	0	0.24625	0.34625	0.35125	0.23625	0.2725	0.35625	0.4125	0.165	0.51	0.1025	0.12125	0.1675	0.235	0.38	0.25	0.27625	0.1625	0.18125	0.42875	0.15	-0.4	-0.933333	0.44	0.485714	-0.155556	0.371	0.430767	0.29716	0.322971	0.3178
0.88	0.12	0.5	0.73	0.05	0.73	0.95	0.73	0.12	0.12	0.12	0.27	0.27	0.05	0.73	0.73	0.5	0.02	0.05	0.27	0.16	0.31375	0.17375	0.135	0.2675	0.28625	0.29625	0.2025	0.44125	0.1475	0.195	0.13625	0.30625	0.32625	0.28375	0.21875	0.08375	0.1675	0.305	0.17625	-1.6	0.166667	-0.38	-0.1	0.655556	0.4749	0.3007	0.3406	0.323157	0.349922
0.05	0	0	0	1	0	0	0	0	0.02	0.02	0	0.01	0	0	0.02	0.02	0.01	0	0.02	0.2725	0.31	0.265	0.2575	0.1525	0.45375	0.3675	0.295	0.40875	0.1875	0.31125	0.2175	0.31125	0.22875	0.49625	0.31625	0.1525	0.2575	0.20125	0.235	2.5	-0.233333	-0.48	0.0857143	-0.155556	0.0562	0.2952	0.33568	0.370214	0.332844
0.5	0.5	0.5	0.5	0.02	0.27	0.73	0.27	0.27	0.05	0.12	0.12	0.05	0.12	1	0.27	0.12	0.02	0.12	0.05	0.30125	0.33875	0.3125	0.28625	0.15625	0.45375	0.3675	0.32375	0.46625	0.1875	0.3025	0.265	0.33875	0.22	0.48125	0.3925	0.2	0.2575	0.20125	0.2625	-1.6	-0.133333	0.36	-0.442857	-0.522222	0.3545	0.2775	0.35482	0.344557	0.368578
0.12	0.5	0.05	0.02	0.02	0.73	0.12	0.02	0.88	0.27	0.5	0.05	0.27	0.99	0.12	0.12	0.05	0.98	0.99	0.27	0.425	0.33875	0.36875	0.375	0.15625	0.32	0.41625	0.43125	0.33	0.1325	0.27375	0.245	0.2925	0.11125	0.6675	0.43	0.2375	0.1375	0.065	0.1875	-1.3	0.3	-0.22	-0.5	-0.233333	0.4218	0.414333	0.3132	0.357114	0.376089
0.12	0.12	0.02	0.02	0.02	0.27	0.05	0.05	0.5	0.5	0.73	0.05	0.88	0.5	1	0.27	0.12	0.02	0.05	0.5	0.4725	0.4475	0.4575	0.40625	0.17	0.39	0.4375	0.365	0.49375	0.16625	0.3075	0.2575	0.2775	0.1875	0.56125	0.4875	0.3175	0.25875	0.19625	0.25	3.8	-0.666667	-0.88	-0.0142857	-0.277778	0.4667	0.3851	0.39374	0.3627	0.395989
0.12	0.73	0.73	0.27	0.05	0.73	0.12	0.02	0.5	0.27	0.88	0.5	0.73	0.12	0.98	0.12	0.12	0.98	0.12	0.27	0.4725	0.39	0.34	0.29	0.16625	0.25625	0.34375	0.2925	0.57	0.195	0.3075	0.20125	0.29625	0.2625	0.5975	0.44875	0.28875	0.13875	0.1875	0.27875	-4.5	-0.5	-0.2	-0.485714	0.1	0.2668	0.397467	0.42564	0.433257	0.393467
0.73	0.73	0.88	0.73	0.05	0.27	0.73	0.5	0.73	0.05	0.05	0.5	0.27	0.05	0.88	0.88	0.5	0.02	0.12	0.27	0.48125	0.48125	0.4125	0.26625	0.075	0.42375	0.35875	0.295	0.55625	0.22625	0.42375	0.31125	0.3675	0.28625	0.70125	0.46125	0.30125	0.26	0.19375	0.29125	-0.8	-1.16667	-0.1	3.17207e-17	-0.266667	0.4589	0.413233	0.4513	0.447214	0.437278
0.88	0.5	0.27	0.73	0.05	0.27	0.73	0.88	0.5	0.05	0.27	0.5	0.12	0.05	0.73	0.88	0.5	0.02	0.05	0.12	0.4625	0.4625	0.42875	0.20625	0.07375	0.39625	0.27375	0.21625	0.55375	0.2225	0.3875	0.31125	0.3825	0.2725	0.72	0.49	0.30125	0.2575	0.18875	0.31875	1.8	0.0666667	-0.5	0.0714286	-0.266667	0.514	0.507667	0.4484	0.451314	0.412978
0.5	0.5	0.73	0.27	0.12	0.12	0.12	0.5	0.95	0.5	0.5	0.12	0.5	0.12	0.05	0.88	0.73	0.02	0.12	0.73	0.50125	0.40125	0.36625	0.26125	0.1875	0.325	0.335	0.2625	0.38875	0.135	0.3025	0.35375	0.30375	0.14125	0.79125	0.56625	0.2725	0.2575	0.05875	0.22375	-0.8	0.933333	0.24	-0.7	0.155556	0.5501	0.505433	0.48514	0.404043	0.421989
0.88	0.27	0.27	0.05	0.05	0.12	0.27	0.12	0.73	0.12	0.27	0.27	0.27	0.27	1	0.27	0.27	0.02	0.05	0.27	0.445	0.42125	0.4225	0.28625	0.31875	0.29125	0.31	0.305	0.35375	0.1225	0.2425	0.32875	0.225	0.06125	0.5475	0.61125	0.3175	0.25625	0.0625	0.22125	1.8	0.0666667	0.08	0.3	0.0111111	0.4522	0.484267	0.42052	0.437771	0.379578
0.73	0.73	0.73	0.27	0.27	0.88	0.73	0.5	0.12	0.05	0.12	0.88	0.12	0.12	0.73	0.88	0.5	0.02	0.05	0.12	0.55875	0.275	0.27625	0.2275	0.3	0.11125	0.24	0.2575	0.43	0.18875	0.185	0.1925	0.18625	0.07125	0.46125	0.535	0.33625	0.135	0.05375	0.33125	-0.8	-0.2	0.22	0.771429	0.977778	0.4505	0.346167	0.4183	0.384357	0.388422
0.5	0.12	0.02	0.02	0.01	0.05	0.05	0.02	0.02	0.02	0.05	0.12	0.02	0.01	1	0.5	0.12	0	0.01	0.12	0.53	0.26125	0.2575	0.17	0.3275	0.18375	0.23625	0.2575	0.3525	0.1875	0.18875	0.23125	0.16625	0.07875	0.4425	0.4875	0.3275	0.135	0.045	0.29875	-1.6	0.0333333	0.88	1.11429	0.888889	0.1358	0.363067	0.32528	0.360414	0.379767
0.05	0.01	0.01	0	1	0.01	0	0.01	0.01	0.02	0.05	0.01	0.02	0.01	0.01	0.73	0.05	0.98	0.02	0.12	0.53875	0.2275	0.25875	0.115	0.2125	0.265	0.185	0.21125	0.30625	0.215	0.17	0.1975	0.185	0.07875	0.48125	0.44	0.39625	0.01625	0.12875	0.34625	2.5	1.13333	1.36	1	0.3	0.5029	0.241233	0.30412	0.336257	0.363144
0.05	0.05	0.01	0	1	0	0	0.01	0	0.02	0.02	0	0.02	0.01	0	0.02	0.02	0.01	0.01	0.02	0.53875	0.25125	0.23	0.14375	0.20375	0.3425	0.26125	0.16375	0.20375	0.15875	0.1175	0.30625	0.15625	0.06625	0.49125	0.51	0.4	0.1375	0.12125	0.30125	2.5	3.06667	1.2	0.242857	1.97373e-16	0.085	0.311433	0.29022	0.323714	0.360844
0.88	0.02	0.02	0.02	0.12	0.05	0.02	0.02	0.5	0.73	0.27	0.02	0.27	0.05	0.02	0.12	0.5	0.01	0.05	1	0.33125	0.255	0.1975	0.13625	0.31375	0.3275	0.2275	0.14875	0.065	0.08875	0.175	0.27625	0.21625	0.11875	0.36625	0.47	0.34	0.15	0.2325	0.17875	4.2	1.7	0.82	-0.142857	0.222222	0.3464	0.2708	0.33594	0.334986	0.350144
0.27	0.01	0.02	0.02	0.01	0.02	0.02	0.02	0.01	0.01	0.01	0.05	0.01	0	1	0.12	0.05	0	0.01	0.01	0.37875	0.275	0.21625	0.19375	0.3	0.255	0.2275	0.14875	0.12625	0.17875	0.2075	0.225	0.29625	0.11625	0.1675	0.47875	0.425	0.15125	0.2375	0.32125	-1.6	-0.3	-0.38	0.628571	-0.0777778	0.381	0.363933	0.34124	0.366429	0.3435
0.5	0.12	0.27	0.27	0.12	0.88	0.27	0.5	0.12	0.27	0.12	0.12	0.27	0.05	0.05	0.73	0.98	0.05	0.73	0.5	0.37875	0.2525	0.18875	0.16625	0.2875	0.15625	0.19625	0.14875	0.11625	0.14625	0.19	0.2075	0.26375	0.11	0.28625	0.45	0.3275	0.14625	0.18	0.2475	-3.5	-2.86667	-0.12	-0.228571	-0.0777778	0.3644	0.424933	0.39542	0.3504	0.370422
0.5	0.73	0.5	0.5	0.05	0.73	0.73	0.12	0.12	0.05	0.05	0.98	0.27	0.02	0.12	0.73	0.73	0.02	0.05	0.27	0.37875	0.18125	0.16125	0.13875	0.1775	0.18	0.14125	0.19625	0.1175	0.29375	0.315	0.1325	0.38375	0.14625	0.27875	0.365	0.38625	0.03375	0.26875	0.3525	-3.5	-1.06667	-1.66	-0.814286	0.0666667	0.5294	0.416567	0.40428	0.392271	0.331222
0.05	0.27	0.02	0.01	0.05	0.05	0.02	0.01	0.12	0.27	0.98	0.05	1	0.73	0.02	0.05	0.27	0.12	0.98	0.27	0.49125	0.32375	0.2825	0.215	0.05875	0.28	0.245	0.22375	0.18	0.27875	0.23	0.2825	0.305	0.05875	0.40125	0.57	0.5325	0.0225	0.1575	0.4125	3.8	-1.06667	-1.66	-0.871429	-0.288889	0.3559	0.425333	0.4037	0.364229	0.3774
0.5	0.88	0.88	0.73	0.05	0.27	0.73	0.5	0.12	0.05	0.12	0.5	0.5	0.05	0.12	0.95	0.73	0.02	0.05	0.27	0.34	0.2475	0.175	0.12375	0.05	0.2525	0.15625	0.16125	0.12	0.3375	0.4225	0.22625	0.45875	0.1525	0.38875	0.445	0.4275	0.03625	0.27375	0.40625	-3.5	-0.433333	-0.2	-0.742857	-0.255556	0.3907	0.3749	0.36084	0.381314	0.344211
0.73	0.05	0.05	0.05	0.02	0.12	0.05	0.5	0.05	0.02	0.02	0.05	0.02	0.01	1	0.88	0.27	0.01	0.27	0.02	0.28375	0.44125	0.27875	0.2075	0.05875	0.275	0.24125	0.16	0.13	0.45875	0.5575	0.2825	0.6275	0.22	0.15625	0.44125	0.49375	0.04375	0.26	0.49875	-1.6	-0.433333	0.36	0.4	0.344444	0.3781	0.3063	0.35508	0.336071	0.326256
0.05	0.05	0.02	0.01	0.05	0.05	0.02	0.01	0.02	0.98	0.98	0.27	0.98	0.27	0.02	0.05	0.27	0.05	0.05	0.73	0.3125	0.46	0.255	0.18125	0.0425	0.2075	0.2175	0.16125	0.22875	0.32	0.45625	0.24625	0.5075	0.29125	0.275	0.4875	0.4625	0.06625	0.32125	0.38125	3.8	0.5	0.5	1.44286	0.588889	0.1501	0.342933	0.29344	0.291786	0.300767
0.5	0.73	0.5	0.12	0.05	0.12	0.12	0.12	0.5	0.12	0.27	0.27	0.12	0.02	0.88	0.98	0.73	0.02	0.05	0.5	0.20875	0.3175	0.13875	0.1075	0.0425	0.14125	0.12	0.135	0.21625	0.5125	0.63	0.18625	0.615	0.43875	0.155	0.31375	0.405	0.10125	0.43875	0.43875	-0.7	2.53333	1.96	0.714286	0.833333	0.5006	0.2328	0.25918	0.260229	0.275644
0.12	0.02	0.02	0.01	0.05	0.05	0.02	0.01	0.02	0.98	0.95	0.02	1	0.12	0.02	0.02	0.12	0.02	0.05	0.95	0.265	0.3875	0.30625	0.2425	0.0425	0.1775	0.24	0.1625	0.27625	0.405	0.4375	0.22625	0.395	0.3375	0.26625	0.5375	0.53875	0.0875	0.3225	0.41125	4.5	2.53333	2.02	1.02857	0.877778	0.0477	0.2559	0.21056	0.247743	0.2831
0.05	0.73	0.02	0.01	0.05	0.05	0.02	0.01	0.02	0.95	0.99	0.05	0.88	0.5	0.02	0.02	0.12	0.05	0.12	0.5	0.245	0.25125	0.315	0.27375	0.03875	0.1775	0.24	0.21	0.32375	0.405	0.42	0.2225	0.35375	0.28625	0.285	0.4525	0.48125	0.0825	0.31375	0.43625	3.8	2.33333	1	1.85714	1.22222	0.2194	0.134033	0.2412	0.254157	0.331367
0.05	0.27	0.05	0.02	0.02	0.27	0.05	0.02	0.88	0.12	0.27	0.05	0.27	0.88	0.02	0.27	0.73	0.27	1	0.27	0.1875	0.4125	0.42375	0.37625	0.0425	0.1975	0.34875	0.25625	0.24375	0.50875	0.51	0.3075	0.4425	0.24	0.16625	0.4025	0.43375	0.05625	0.17625	0.46875	-1.3	0.4	1.98	1.25714	0.9	0.135	0.219233	0.22568	0.350586	0.381622
0.12	0.27	0.05	0.02	0.05	0.27	0.05	0.02	0.5	0.73	0.73	0.5	0.27	0.95	0.02	0.27	0.73	0.27	0.99	0.5	0.20625	0.4975	0.53125	0.485	0.035	0.2825	0.40875	0.3775	0.30375	0.3125	0.3325	0.28	0.32625	0.2	0.17	0.45875	0.4625	0.0525	0.18625	0.36375	-1.3	0.533333	1	0.714286	0.4	0.3033	0.2871	0.38116	0.3977	0.424622
0.12	0.12	0.88	0.98	0.05	0.27	0.88	0.12	0.12	0.27	0.12	0.12	0.12	0.02	0.05	0.88	0.73	0.01	0.05	0.5	0.1775	0.45875	0.48375	0.365	0.035	0.33	0.305	0.35625	0.35125	0.465	0.40875	0.30875	0.36375	0.37625	0.16625	0.3225	0.405	0.08875	0.4075	0.41125	4.2	0.833333	-0.66	-0.0285714	0.3	0.423	0.517133	0.50336	0.467614	0.413867
0.27	0.5	0.95	0.98	0.02	0.27	0.73	0.88	0.5	0.02	0.02	0.5	0.05	0.02	0.27	0.27	0.27	0.01	0.05	0.02	0.1775	0.4425	0.4875	0.37	0.03875	0.38625	0.33625	0.26625	0.3075	0.4925	0.365	0.36875	0.28125	0.37625	0.1425	0.4875	0.48125	0.08875	0.435	0.47125	-0.4	-0.233333	-0.54	-0.8	-0.633333	0.8251	0.692833	0.58378	0.493957	0.444878
0.27	0.88	0.95	0.88	0.02	0.5	0.95	0.88	0.27	0.02	0.02	0.73	0.12	0.02	0.05	0.73	0.5	0.02	0.05	0.05	0.205	0.31	0.4875	0.38375	0.0475	0.3575	0.30875	0.2675	0.34	0.4925	0.36	0.3675	0.225	0.405	0.17	0.43375	0.4525	0.09625	0.53875	0.52375	-4.5	-1.86667	-0.6	-1.17143	-0.588889	0.8304	0.730867	0.60388	0.521357	0.470111
0.27	0.73	0.88	0.88	0.02	0.73	0.5	0.98	0.12	0.02	0.02	0.5	0.05	0.02	0.05	0.5	0.5	0.02	0.12	0.12	0.2325	0.41375	0.52375	0.44375	0.0475	0.405	0.4775	0.28625	0.34	0.48375	0.3325	0.5125	0.215	0.31	0.17375	0.4625	0.395	0.065	0.43875	0.515	-0.7	-2.26667	-2.22	-0.385714	-0.833333	0.5371	0.590433	0.58464	0.541814	0.501989
0.27	0.27	0.95	0.12	0.05	0.5	0.12	0.05	0.5	0.88	0.27	0.12	0.27	0.5	0.88	0.5	0.27	0.05	0.88	0.88	0.2325	0.5	0.61875	0.6275	0.04	0.51875	0.61	0.40625	0.35375	0.29125	0.21625	0.6075	0.21625	0.1375	0.07375	0.49125	0.42375	0.03	0.2825	0.3725	-1.6	-2.06667	-1.3	-1.48571	-1.07778	0.4038	0.422567	0.50892	0.541657	0.539867
0.27	0.27	0.12	0.05	0.05	0.5	0.12	0.05	0.05	0.95	0.5	0.88	0.27	0.12	0.05	0.73	0.27	0.02	0.27	0.95	0.22375	0.49125	0.615	0.51625	0.04	0.49125	0.50625	0.3925	0.5175	0.34	0.26375	0.5	0.235	0.245	0.17375	0.35875	0.33875	0.06625	0.4775	0.41125	-3.9	-0.433333	-1.1	-1.92857	-1.12222	0.3268	0.392367	0.42722	0.515814	0.520011
0.27	0.05	0.02	0.02	0.12	0.05	0.02	0.02	0.05	0.95	0.95	0.27	0.5	0.73	0.02	0.05	0.12	0.12	0.95	0.95	0.205	0.51875	0.5425	0.48875	0.03125	0.62375	0.54625	0.2925	0.47	0.34	0.2075	0.57625	0.20625	0.1675	0.2675	0.50125	0.33875	0.05375	0.38875	0.41125	4.2	-1.06667	-1.66	-0.742857	-1.16667	0.4465	0.3984	0.44864	0.432086	0.506489
0.27	0.95	0.27	0.5	0.02	0.88	0.95	0.27	0.73	0.05	0.05	0.98	0.12	0.12	0.05	0.27	0.27	0.02	0.27	0.27	0.1775	0.31125	0.5175	0.44125	0.0425	0.49125	0.4025	0.26125	0.36625	0.45125	0.31875	0.45875	0.24125	0.2425	0.26375	0.41625	0.2725	0.065	0.47	0.49125	-3.5	-0.933333	-0.58	-0.757143	-1.05556	0.4219	0.5042	0.41674	0.455843	0.488978
0.12	0.5	0.88	0.73	0.02	0.95	0.73	0.05	0.99	0.05	0.05	0.88	0.5	0.05	0.05	0.5	0.73	0.02	0.5	0.12	0.1775	0.27875	0.3325	0.3025	0.0425	0.3975	0.36875	0.1675	0.32125	0.51125	0.42625	0.41125	0.3125	0.26375	0.25875	0.3275	0.15875	0.065	0.4325	0.51	-3.5	-1.06667	0.04	-1.02857	-0.766667	0.6442	0.4368	0.49206	0.494271	0.455611
0.05	0.05	0.02	0.02	0.05	0.05	0.05	0.01	0.98	0.73	0.73	0.02	0.27	0.5	0.02	0.05	0.05	0.27	1	0.88	0.18625	0.335	0.32375	0.37875	0.0475	0.45375	0.44125	0.16875	0.2625	0.43875	0.39875	0.51875	0.37	0.16	0.155	0.33625	0.24375	0.03	0.26625	0.4275	3.8	-0.166667	-1.5	-0.2	-0.122222	0.2443	0.530633	0.53732	0.481414	0.424444
0.12	0.5	0.27	0.73	0.02	0.88	0.95	0.05	0.12	0.02	0.02	0.5	0.05	0.01	0.99	0.73	0.12	0.01	0.02	0.02	0.2625	0.2475	0.28	0.28625	0.06	0.29375	0.31625	0.16	0.36625	0.47125	0.45875	0.355	0.3975	0.2125	0.03	0.175	0.2925	0.06125	0.36125	0.54125	-0.8	-0.166667	-0.42	-0.2	0.777778	0.7034	0.540167	0.5003	0.435243	0.393489
0.05	0.12	1	0.98	0.01	0.27	0.73	0.88	0.12	0.01	0.01	0.5	0.02	0.01	0.05	0.27	0.12	0.01	0.02	0.01	0.27125	0.38	0.22	0.3625	0.04875	0.48625	0.46	0.06	0.375	0.35625	0.34375	0.44	0.345	0.12375	0.16	0.26	0.34	0.04875	0.24875	0.43875	-3.5	-0.8	1.12	0.9	-0.122222	0.6728	0.537667	0.39612	0.381857	0.3961
0.12	0.02	0.01	0	0.02	0.05	0.01	0.01	0.02	0.5	0.88	0.02	1	0.12	0.01	0.02	0.05	0.02	0.05	0.12	0.32	0.33625	0.34375	0.51375	0.05125	0.46625	0.55	0.1975	0.415	0.29125	0.23125	0.46875	0.21375	0.0975	0.17375	0.3675	0.3775	0.0475	0.2175	0.3975	1.9	0.866667	1.2	0.842857	0.177778	0.2368	0.3443	0.3569	0.356971	0.361867
0.27	0.27	0.02	0.02	0.12	0.05	0.02	0.02	0.02	0.98	0.73	0.12	0.5	0.12	0.02	0.12	0.27	0.02	0.05	0.98	0.2925	0.2425	0.2325	0.42	0.16125	0.3475	0.4575	0.19125	0.29125	0.2275	0.24625	0.34625	0.21625	0.0925	0.16625	0.295	0.26125	0.04625	0.15625	0.2775	4.2	3.43333	0.58	0.185714	0.844444	0.1233	0.1361	0.31022	0.338329	0.302989
0.95	0.02	0.02	0.02	0.12	0.05	0.02	0.02	0.02	0.5	0.27	0.05	0.27	0.05	0.02	0.12	0.73	0.01	0.05	1	0.2925	0.2825	0.26375	0.42375	0.16125	0.35625	0.4575	0.31375	0.27875	0.19875	0.215	0.44375	0.2175	0.04125	0.17	0.35125	0.28875	0.01625	0.0375	0.1675	4.2	1.5	1.12	0.657143	-0.0111111	0.0482	0.213833	0.19842	0.254171	0.308022
0.27	0.73	0.27	0.88	0.02	0.98	0.95	0.05	0.12	0.02	0.02	0.95	0.05	0.02	0.12	0.27	0.5	0.02	0.05	0.12	0.36875	0.13125	0.19875	0.225	0.29625	0.13	0.2225	0.305	0.25125	0.25875	0.24625	0.26875	0.24125	0.045	0.03375	0.24375	0.305	0.015	0.03625	0.2775	-3.9	-0.166667	1.24	0.6	0.355556	0.47	0.210667	0.17392	0.199429	0.250889
0.73	0.5	0.27	0.73	0.05	0.5	0.95	0.5	0.95	0.02	0.02	0.73	0.05	0.02	0.12	0.88	0.5	0.02	0.05	0.05	0.42375	0.16	0.13625	0.155	0.325	0.19	0.165	0.23	0.1475	0.26375	0.25125	0.2675	0.25375	0.05	0.0425	0.25625	0.3525	0.02	0.04875	0.3	-0.8	-0.733333	-0.38	0.685714	0.655556	0.1138	0.2327	0.20718	0.192629	0.262133
