0.27	0.88	0.5	0.27	0.05	0.73	0.73	0.12	0.27	0.05	0.05	0.99	0.12	0.05	0.27	0.5	0.27	0.05	0.12	0.05	0.2425	0.18125	0.19625	0.19	0.33875	0.265	0.27375	0.09125	0.17	0.3775	0.3675	0.20875	0.34	0.245	0.1825	0.25375	0.28	0.14375	0.22625	0.33375	-3.9	0.466667	1.54	0.1	0.366667	0.2912	0.241767	0.245	0.357243	0.429644
0.12	0.05	0.05	0.02	0.05	0.02	0.02	0.05	0.27	0.5	0.5	0.05	0.5	1	0.02	0.05	0.12	0.73	0.95	0.27	0.26125	0.39375	0.3	0.24	0.33875	0.41125	0.39125	0.1	0.18875	0.32125	0.32	0.41125	0.32	0.13	0.10375	0.33875	0.35625	0.0625	0.13125	0.315	2.8	0.466667	0.08	1.2	0.0444444	0.3469	0.2458	0.27812	0.321914	0.386556
0.27	0.02	0.05	0.02	1	0.05	0.02	0.05	0.05	0.27	0.27	0.05	0.12	0.05	0.05	0.27	0.27	0.05	0.05	0.27	0.31875	0.29375	0.2525	0.22125	0.2475	0.29875	0.29625	0.1	0.16875	0.40625	0.44375	0.31625	0.425	0.3525	0.1	0.34	0.36625	0.16625	0.29125	0.37125	2.5	0.6	0.42	0.0142857	0.744444	0.0993	0.3374	0.35316	0.338414	0.381478
0.12	0.12	0.73	1	0.02	0.5	0.88	0.27	0.27	0.05	0.02	0.27	0.05	0.02	0.12	0.5	0.27	0.01	0.05	0.05	0.41375	0.3	0.2275	0.13	0.37	0.29	0.245	0.10375	0.16875	0.33875	0.3675	0.345	0.3575	0.3	0.11875	0.4275	0.45125	0.1625	0.2725	0.34125	-3.5	1.06667	0.3	0.0571429	0.233333	0.566	0.3759	0.3981	0.420814	0.368211
0.5	0.05	0.05	0.05	0.27	0.12	0.05	0.05	0.05	0.95	0.73	0.05	0.73	0.27	0.05	0.12	0.5	0.05	0.27	0.98	0.395	0.34	0.36875	0.28	0.2475	0.365	0.38	0.14	0.205	0.22625	0.27875	0.4	0.29125	0.2775	0.155	0.5325	0.5125	0.1575	0.25375	0.25375	4.2	-1.26667	0.3	0.5	-0.122222	0.4624	0.514767	0.46152	0.419357	0.443556
0.27	0.99	0.5	0.27	0.05	0.73	0.5	0.12	0.27	0.05	0.12	0.95	0.27	0.05	0.12	0.5	0.73	0.05	0.12	0.12	0.42375	0.115	0.25625	0.22125	0.39375	0.20375	0.235	0.1225	0.15	0.36625	0.3825	0.17	0.34875	0.305	0.11875	0.45625	0.48375	0.1575	0.26375	0.38875	-4.5	0.833333	-0.36	0	0.588889	0.5159	0.547433	0.49786	0.479129	0.422211
0.88	0.12	0.12	0.12	0.27	0.12	0.12	0.12	0.12	0.5	0.88	0.12	0.73	0.88	0.12	0.73	0.5	0.27	0.5	0.5	0.36625	0.2325	0.38875	0.3625	0.36625	0.34	0.37125	0.15	0.16875	0.25375	0.2275	0.30125	0.235	0.0825	0.15	0.53125	0.56	0.04125	0.10375	0.31375	2.8	-0.833333	0.2	0	-0.111111	0.664	0.486967	0.53772	0.4791	0.423233
0.73	0.27	0.5	0.27	0.27	0.5	0.5	0.27	0.27	0.12	0.12	0.5	0.27	0.05	0.27	0.98	0.95	0.05	0.12	0.27	0.36625	0.245	0.46	0.4325	0.2475	0.34875	0.38375	0.15875	0.235	0.27	0.29125	0.31	0.2925	0.18625	0.14	0.5575	0.5325	0.065	0.16	0.315	-0.8	0.433333	-0.14	0	-0.777778	0.281	0.5701	0.46506	0.449114	0.496311
0.5	0.27	0.5	0.27	0.27	0.27	0.27	0.12	0.12	0.27	0.27	0.27	0.27	0.12	0.27	0.73	0.99	0.05	0.12	0.5	0.41375	0.32125	0.43125	0.37	0.25125	0.44	0.4125	0.15875	0.2825	0.25125	0.285	0.39625	0.32	0.1775	0.15875	0.58875	0.5275	0.07875	0.16875	0.295	-0.7	0.333333	0.06	-1.1	-0.777778	0.7653	0.3818	0.4331	0.4912	0.499589
0.27	0.02	0.05	0.02	1	0.05	0.02	0.05	0.05	0.27	0.27	0.05	0.12	0.05	0.05	0.27	0.27	0.05	0.05	0.27	0.41375	0.45625	0.54375	0.51375	0.1325	0.54375	0.52875	0.17625	0.31875	0.13875	0.2	0.54	0.2625	0.155	0.21375	0.69375	0.58875	0.075	0.15875	0.2075	2.5	-0.566667	-1.2	-0.957143	-1.67778	0.0991	0.406833	0.4517	0.502571	0.516322
0.27	0.12	0.73	1	0.05	0.5	0.73	0.27	0.27	0.05	0.02	0.27	0.05	0.05	0.27	0.88	0.5	0.02	0.05	0.05	0.47125	0.3825	0.45875	0.42	0.27875	0.515	0.46875	0.1675	0.29125	0.16625	0.2225	0.45625	0.27125	0.155	0.205	0.6775	0.56	0.07875	0.15875	0.235	-3.5	-1.5	-1.74	-1.91429	-1.26667	0.3561	0.404067	0.5146	0.495286	0.509111
0.12	0.27	1	0.73	0.05	0.5	0.5	0.27	0.73	0.02	0.02	0.5	0.12	0.05	0.12	0.73	0.5	0.02	0.12	0.05	0.41375	0.35125	0.41625	0.44125	0.37	0.50625	0.485	0.15875	0.225	0.14125	0.14625	0.41875	0.18625	0.05125	0.215	0.63875	0.53125	0.05125	0.09375	0.20625	-3.5	-3.5	-2.38	-1.91429	-1.3	0.757	0.569533	0.48414	0.519571	0.444778
0.27	0.73	0.5	0.5	0.05	1	0.88	0.12	0.5	0.05	0.12	0.73	0.27	0.02	0.27	0.5	0.27	0.12	0.12	0.12	0.3375	0.3225	0.43125	0.4425	0.35125	0.44375	0.40875	0.15	0.235	0.21375	0.22875	0.4375	0.2575	0.0825	0.1775	0.57875	0.475	0.0475	0.1125	0.22625	-3.5	-3.63333	-3.04	-1.45714	-1	0.5955	0.655167	0.55452	0.422386	0.463811
0.27	0.88	0.5	0.95	0.05	0.73	0.73	0.12	0.27	0.05	0.05	0.98	0.12	0.02	0.27	0.5	0.27	0.02	0.12	0.05	0.36625	0.30375	0.46	0.415	0.35125	0.50625	0.45625	0.1975	0.2825	0.18625	0.21	0.435	0.2575	0.07375	0.1775	0.61	0.4425	0.06	0.1125	0.1875	-3.9	-2.73333	-1.84	-1.54286	-1.01111	0.613	0.553167	0.5003	0.472843	0.401911
0.73	0.5	0.5	0.5	0.27	0.95	0.73	0.27	0.27	0.05	0.05	0.5	0.27	0.05	0.27	0.98	0.73	0.05	0.12	0.12	0.29	0.3825	0.57875	0.56	0.205	0.535	0.51625	0.20625	0.3675	0.155	0.17875	0.55125	0.23875	0.07	0.18625	0.6075	0.41375	0.0525	0.12125	0.15125	-0.8	-0.733333	-0.76	-1.15714	-1.67778	0.451	0.383	0.43936	0.451714	0.473333
0.27	0.02	0.05	0.02	1	0.05	0.02	0.05	0.05	0.27	0.27	0.05	0.12	0.05	0.05	0.27	0.27	0.05	0.05	0.27	0.3475	0.43	0.55	0.4975	0.2325	0.59125	0.51625	0.20625	0.3675	0.155	0.1825	0.58	0.26625	0.07	0.18625	0.62	0.4425	0.05625	0.13	0.16	2.5	1.2	-0.22	-1.15714	-1.01111	0.085	0.329433	0.3619	0.449557	0.443033
0.27	0.5	0.12	0.05	0.12	0.5	0.27	0.05	0.12	0.73	0.88	0.88	0.99	0.27	0.12	0.27	0.27	0.12	0.27	0.5	0.42375	0.37	0.535	0.465	0.37	0.535	0.485	0.235	0.33	0.10125	0.11	0.47625	0.1575	0.0425	0.19625	0.65125	0.47125	0.05125	0.1025	0.14	1.9	1.2	-0.14	-0.3	-0.711111	0.4523	0.2485	0.38768	0.3764	0.444589
0.73	0.27	0.73	0.5	0.27	0.5	0.5	0.5	0.27	0.05	0.05	0.5	0.12	0.05	0.27	0.98	0.73	0.05	0.12	0.12	0.36625	0.31375	0.4025	0.3525	0.37875	0.41625	0.3525	0.16625	0.25125	0.3025	0.29	0.43875	0.32375	0.13	0.15	0.515	0.41375	0.05125	0.14	0.29125	-0.8	-0.8	0.52	0.142857	0.177778	0.2082	0.467467	0.31416	0.398971	0.412544
0.12	0.27	1	0.73	0.05	0.5	0.5	0.27	0.73	0.02	0.02	0.5	0.12	0.05	0.12	0.73	0.5	0.02	0.12	0.05	0.47125	0.2375	0.36875	0.23875	0.43375	0.35875	0.295	0.195	0.175	0.33375	0.32125	0.35	0.3425	0.1425	0.16875	0.575	0.5325	0.05875	0.14	0.35625	-3.5	-0.6	-0.14	0.9	0.533333	0.7419	0.3445	0.45136	0.378414	0.3879
0.27	0.02	0.05	0.02	1	0.05	0.02	0.05	0.05	0.27	0.27	0.05	0.12	0.05	0.05	0.27	0.27	0.05	0.05	0.27	0.48	0.24	0.4875	0.29875	0.315	0.35875	0.32625	0.25125	0.26	0.31125	0.29875	0.40625	0.3425	0.1425	0.1775	0.62875	0.56125	0.055	0.14875	0.3475	2.5	-0.6	0.38	0.442857	0.533333	0.0834	0.5321	0.42232	0.422157	0.374744
0.73	0.27	0.95	0.5	0.27	0.5	0.5	0.5	0.5	0.05	0.05	0.5	0.12	0.05	0.27	0.98	0.73	0.05	0.12	0.12	0.4225	0.2125	0.37125	0.2425	0.315	0.3025	0.26625	0.19125	0.2	0.42875	0.4025	0.35	0.41875	0.19875	0.15	0.5125	0.50375	0.055	0.1675	0.45125	-0.8	2.06667	0.4	0.0571429	0.755556	0.771	0.387167	0.45892	0.405057	0.437511
0.27	0.05	0.05	0.05	0.27	0.05	0.05	0.02	0.02	0.98	0.73	0.05	0.73	0.5	0.05	0.12	0.27	0.05	0.27	0.95	0.48	0.18	0.475	0.295	0.425	0.3025	0.29125	0.25125	0.25125	0.255	0.24125	0.3025	0.23375	0.115	0.16875	0.62	0.56125	0.04625	0.12125	0.31875	4.5	1	0.94	0.814286	0.822222	0.3071	0.489767	0.37706	0.468157	0.396367
0.5	0.27	0.5	0.27	0.27	0.27	0.27	0.12	0.12	0.27	0.27	0.27	0.27	0.12	0.27	0.73	0.99	0.05	0.12	0.5	0.39375	0.18125	0.39	0.315	0.39375	0.3225	0.325	0.19125	0.2675	0.34	0.29875	0.30375	0.29125	0.15875	0.14125	0.48375	0.41375	0.04625	0.14	0.36625	-0.7	1	1.34	1.67143	0.522222	0.3912	0.343633	0.49036	0.373886	0.459056
0.95	0.27	0.5	0.27	0.27	0.5	0.5	0.5	0.27	0.12	0.12	0.5	0.27	0.05	0.27	0.95	0.73	0.05	0.12	0.27	0.35625	0.2575	0.3275	0.2575	0.39375	0.3225	0.325	0.125	0.19125	0.3625	0.32125	0.33625	0.29125	0.1675	0.16	0.4275	0.4175	0.05	0.14	0.395	-0.8	1	2	0.814286	0.477778	0.3326	0.4579	0.35256	0.472314	0.426444
0.27	0.05	0.02	0.05	0.27	0.05	0.02	0.02	0.02	0.99	0.88	0.05	0.73	0.5	0.05	0.05	0.27	0.05	0.27	0.95	0.44125	0.2975	0.5	0.31625	0.275	0.40625	0.41625	0.19375	0.25	0.22625	0.19875	0.42	0.225	0.1075	0.30625	0.56875	0.475	0.04625	0.12125	0.2825	4.5	2.06667	0.4	0.371429	0.0222222	0.6499	0.354833	0.44562	0.426229	0.493067
0.27	0.02	0.05	0.02	1	0.05	0.02	0.05	0.05	0.27	0.27	0.05	0.12	0.05	0.05	0.27	0.27	0.05	0.05	0.27	0.38375	0.33	0.49625	0.32	0.15625	0.46625	0.445	0.1425	0.30625	0.31625	0.275	0.44875	0.32	0.16375	0.2875	0.48125	0.4175	0.04625	0.1675	0.35875	2.5	1.16667	-0.24	-0.5	-0.277778	0.082	0.501433	0.45706	0.479929	0.4644
0.27	0.5	0.5	0.88	0.02	0.88	0.99	0.12	0.5	0.02	0.05	0.73	0.12	0.02	0.27	0.5	0.27	0.05	0.12	0.05	0.38375	0.32625	0.49625	0.31625	0.2475	0.46625	0.44125	0.14625	0.31	0.2275	0.2175	0.44875	0.24375	0.1075	0.2875	0.5	0.4175	0.04625	0.14	0.27375	-3.5	-1.63333	-0.4	-0.9	-1.16667	0.7724	0.434267	0.52714	0.497329	0.4586
0.27	0.88	0.5	0.27	0.05	0.73	0.73	0.12	0.27	0.05	0.05	0.99	0.12	0.05	0.27	0.5	0.27	0.05	0.12	0.05	0.38375	0.25125	0.44	0.365	0.24375	0.46625	0.44625	0.1375	0.33	0.30875	0.275	0.38875	0.30125	0.1225	0.26	0.42375	0.35625	0.04625	0.15875	0.33375	-3.9	-3	-2	-1.28571	-0.622222	0.4484	0.6346	0.49976	0.486229	0.425189
0.27	0.12	0.95	0.27	0.05	0.27	0.27	0.12	0.27	0.05	0.05	0.27	0.05	0.02	1	0.5	0.27	0.02	0.05	0.05	0.29875	0.315	0.3275	0.33375	0.335	0.4675	0.44375	0.08125	0.3025	0.3275	0.29375	0.4225	0.29125	0.12625	0.14125	0.33875	0.29875	0.05	0.15875	0.33375	-1.6	-3	-3.2	-1.32857	-0.255556	0.683	0.548133	0.53434	0.406314	0.391089
0.27	0.5	0.95	0.5	0.05	0.98	0.73	0.12	0.98	0.05	0.05	0.73	0.27	0.05	0.12	0.5	0.27	0.05	0.27	0.05	0.375	0.27625	0.33125	0.305	0.335	0.3875	0.39875	0.09375	0.2175	0.31375	0.24625	0.37375	0.235	0.09375	0.26	0.36625	0.3275	0.04625	0.13125	0.33375	-3.5	-2.86667	-1.66	-1.32857	-0.288889	0.513	0.483633	0.39796	0.398271	0.3246
0.27	0.5	0.5	0.88	0.02	0.88	0.99	0.12	0.5	0.02	0.05	0.73	0.12	0.02	0.27	0.5	0.27	0.05	0.12	0.05	0.46375	0.28875	0.39625	0.27	0.27625	0.4275	0.3975	0.15	0.28625	0.3175	0.2275	0.40125	0.2725	0.10625	0.26875	0.42375	0.35625	0.04625	0.15875	0.3625	-3.5	-0.933333	-0.38	-0.228571	-0.366667	0.2549	0.286133	0.31342	0.295286	0.322767
0.5	0.05	0.05	0.05	0.27	0.12	0.05	0.05	0.05	0.95	0.73	0.05	0.73	0.27	0.05	0.12	0.5	0.05	0.27	0.98	0.46375	0.28875	0.39625	0.27	0.27625	0.4275	0.3975	0.15	0.28625	0.3175	0.2275	0.40125	0.2725	0.10625	0.26875	0.42375	0.35625	0.04625	0.15875	0.3625	4.2	1.06667	0.78	0.585714	0.488889	0.0905	0.1237	0.18712	0.240586	0.2435
0.27	0.02	0.05	0.02	1	0.05	0.02	0.05	0.05	0.27	0.27	0.05	0.12	0.05	0.05	0.27	0.27	0.05	0.05	0.27	0.465	0.18875	0.33625	0.24125	0.185	0.36	0.31625	0.14125	0.25875	0.4025	0.29375	0.28375	0.34875	0.21875	0.2375	0.34875	0.3575	0.165	0.28125	0.45125	2.5	3.63333	1.84	1.41429	0.822222	0.0257	0.0559	0.09762	0.151443	0.203233
0.88	0.12	0.05	0.05	0.27	0.12	0.12	0.12	0.05	0.88	0.5	0.12	0.5	0.27	0.12	0.27	0.5	0.05	0.27	0.95	0.37	0.28625	0.25125	0.21875	0.2725	0.40875	0.3325	0.12375	0.2875	0.32625	0.27375	0.35125	0.31	0.195	0.11875	0.32	0.32875	0.16875	0.2625	0.36625	4.2	2.83333	3.38	1.78571	0.5	0.0515	0.0475667	0.05844	0.0904429	0.164911
0.98	0.12	0.12	0.12	0.5	0.27	0.27	0.5	0.12	0.27	0.12	0.27	0.27	0.12	0.27	0.73	0.5	0.05	0.12	0.5	0.3575	0.34625	0.18625	0.18125	0.24375	0.35875	0.31375	0.07625	0.19	0.4025	0.32125	0.36375	0.32	0.21375	0.11875	0.2625	0.32875	0.16875	0.2625	0.4225	1.8	3.4	2.36	1.64286	0.455556	0.0655	0.0586667	0.05754	0.102329	0.151522
0.5	0.05	0.05	0.05	0.27	0.12	0.05	0.05	0.05	0.95	0.73	0.05	0.73	0.27	0.05	0.12	0.5	0.05	0.27	0.98	0.39875	0.32625	0.2575	0.17125	0.27625	0.33	0.28	0.15125	0.2275	0.3175	0.24125	0.3625	0.2625	0.19875	0.1275	0.3675	0.3575	0.165	0.24375	0.3625	4.2	1.7	0.96	0.485714	0.455556	0.059	0.0701667	0.12002	0.145471	0.165078
0.05	0.05	0.02	0.01	0.05	0.12	0.05	0.05	0.05	0.05	0.12	0.05	0.12	0.73	0.02	0.05	0.05	1	0.88	0.05	0.4075	0.335	0.34625	0.295	0.2725	0.3775	0.38375	0.17875	0.255	0.3175	0.22875	0.39	0.25375	0.11	0.14	0.42375	0.385	0.04125	0.14	0.3625	-0.9	-0.4	-0.66	-0.371429	-0.4	0.086	0.161033	0.18822	0.195643	0.2598
0.12	1	0.27	0.12	0.02	0.73	0.5	0.05	0.5	0.05	0.12	0.88	0.12	0.05	0.12	0.27	0.27	0.05	0.12	0.05	0.39875	0.305	0.37125	0.37	0.15375	0.405	0.4475	0.1875	0.255	0.29	0.20125	0.39875	0.25375	0.195	0.155	0.425	0.3575	0.16	0.24375	0.335	-4.5	-3.1	-1.72	-1.47143	-1.06667	0.3381	0.2722	0.2505	0.323	0.343444
0.27	0.98	0.5	0.27	0.05	0.73	0.73	0.12	0.27	0.05	0.05	0.98	0.12	0.05	0.27	0.5	0.27	0.05	0.12	0.05	0.285	0.32625	0.46125	0.43625	0.1225	0.4525	0.46625	0.1975	0.36875	0.1825	0.15	0.43375	0.20625	0.1675	0.13625	0.45375	0.3575	0.15625	0.225	0.2225	-3.9	-3.96667	-3.26	-2.22857	-1.92222	0.3925	0.369167	0.4273	0.424857	0.375567
0.12	0.27	1	0.73	0.05	0.5	0.5	0.27	0.73	0.02	0.02	0.5	0.12	0.05	0.12	0.73	0.5	0.02	0.12	0.05	0.215	0.40625	0.39	0.37	0.09375	0.45375	0.4675	0.11875	0.29875	0.275	0.23	0.46625	0.26375	0.215	0.1275	0.34875	0.3	0.16	0.24375	0.27875	-3.5	-3.63333	-3.78	-3.32857	-1.62222	0.3769	0.5708	0.5658	0.465086	0.381878
0.12	0.12	0.73	1	0.02	0.5	0.88	0.27	0.27	0.05	0.02	0.27	0.05	0.02	0.12	0.5	0.27	0.01	0.05	0.05	0.215	0.4525	0.48	0.36375	0.0975	0.4725	0.4475	0.1275	0.365	0.18625	0.1725	0.5225	0.215	0.2	0.155	0.45375	0.39	0.16125	0.23375	0.21875	-3.5	-3.5	-3.58	-2.55714	-2.16667	0.943	0.699467	0.5663	0.470271	0.400944
0.27	0.73	0.5	0.73	0.02	0.88	0.98	0.12	0.5	0.05	0.05	0.95	0.12	0.05	0.27	0.5	0.27	0.05	0.12	0.05	0.205	0.37625	0.50875	0.39875	0.125	0.425	0.435	0.1425	0.33625	0.29	0.27625	0.4375	0.30125	0.1675	0.14	0.45375	0.4175	0.04625	0.14875	0.30375	-3.5	-3.5	-1.9	-2.01429	-1.64444	0.7785	0.687367	0.51226	0.454914	0.399789
0.12	0.27	1	0.73	0.05	0.5	0.5	0.27	0.73	0.02	0.02	0.5	0.12	0.05	0.12	0.73	0.5	0.02	0.12	0.05	0.2425	0.37125	0.475	0.49375	0.12125	0.49125	0.55625	0.1325	0.3075	0.29	0.27125	0.475	0.30125	0.16375	0.1775	0.45375	0.38875	0.05	0.14875	0.30375	-3.5	-0.833333	-1.34	-0.914286	-1.53333	0.3406	0.4138	0.483	0.409643	0.381044
0.27	0.05	0.05	0.05	0.27	0.05	0.05	0.02	0.02	0.98	0.73	0.05	0.73	0.5	0.05	0.12	0.27	0.05	0.27	0.95	0.2525	0.31	0.59375	0.57875	0.12125	0.49	0.555	0.16375	0.3775	0.1975	0.21	0.4425	0.24375	0.11625	0.18625	0.55875	0.5075	0.04625	0.13	0.2475	4.5	0.1	0.12	-0.914286	-1.17778	0.1223	0.231167	0.30952	0.38	0.345722
0.5	0.27	0.5	0.27	0.27	0.27	0.27	0.12	0.12	0.27	0.27	0.27	0.27	0.12	0.27	0.73	0.99	0.05	0.12	0.5	0.2425	0.255	0.41875	0.46625	0.14875	0.40625	0.47125	0.12	0.28	0.4025	0.35625	0.35875	0.3775	0.19125	0.15	0.40625	0.4175	0.05	0.1675	0.42	-0.7	2.53333	0.12	-0.514286	-0.322222	0.2306	0.142833	0.1877	0.255943	0.310178
0.12	0.05	0.02	0.02	0.27	0.12	0.05	0.02	0.05	0.88	0.98	0.05	0.88	0.5	0.05	0.05	0.27	0.12	0.27	0.73	0.30875	0.27	0.39375	0.375	0.27125	0.36875	0.39125	0.105	0.26125	0.35375	0.29875	0.35875	0.31	0.1475	0.16875	0.4625	0.5075	0.04625	0.14875	0.41875	3.8	-0.133333	0.68	0.585714	0.344444	0.0756	0.158533	0.1345	0.152871	0.214367
0.27	0.5	0.5	0.88	0.02	0.88	0.99	0.12	0.5	0.02	0.05	0.73	0.12	0.02	0.27	0.5	0.27	0.05	0.12	0.05	0.27125	0.15625	0.3625	0.28625	0.30625	0.22625	0.21375	0.0925	0.2675	0.4575	0.415	0.18875	0.405	0.21625	0.1225	0.3775	0.48875	0.055	0.24375	0.50375	-3.5	-0.133333	0.62	1.44286	0.377778	0.1694	0.106533	0.12144	0.115743	0.142356
0.5	0.27	0.5	0.27	0.27	0.27	0.27	0.12	0.12	0.27	0.27	0.27	0.27	0.12	0.27	0.73	0.99	0.05	0.12	0.5	0.2425	0.16625	0.32875	0.39625	0.27125	0.3025	0.35125	0.0925	0.2575	0.43	0.3875	0.2175	0.3775	0.2	0.1225	0.32	0.37	0.05375	0.235	0.4475	-0.7	0	1.26	0.342857	0.377778	0.0746	0.100333	0.09146	0.1169	0.121944
0.27	0.05	0.05	0.05	0.27	0.05	0.05	0.02	0.05	0.95	0.73	0.05	0.73	0.27	0.05	0.12	0.5	0.05	0.27	0.98	0.27125	0.2025	0.39375	0.4325	0.24375	0.3575	0.40625	0.1175	0.27875	0.22875	0.245	0.2725	0.235	0.12125	0.26875	0.415	0.43125	0.05	0.18875	0.275	4.2	2	-0.14	-0.0571429	-0.3	0.057	0.0707667	0.10242	0.106371	0.135567
0.27	0.02	0.05	0.02	1	0.05	0.02	0.05	0.05	0.27	0.27	0.05	0.12	0.05	0.05	0.27	0.27	0.05	0.05	0.27	0.2425	0.2825	0.39375	0.43625	0.125	0.4425	0.4675	0.11375	0.32625	0.28625	0.275	0.36125	0.31125	0.14	0.26875	0.3675	0.37	0.05	0.21625	0.31625	2.5	1.16667	-0.14	-0.828571	-0.655556	0.0807	0.0893667	0.09992	0.130557	0.202722
0.12	0.27	0.73	0.88	0.05	0.5	0.5	0.12	1	0.02	0.05	0.27	0.12	0.12	0.12	0.27	0.12	0.05	0.73	0.05	0.28	0.3075	0.32125	0.3325	0.225	0.405	0.41625	0.10875	0.21625	0.3175	0.29	0.41875	0.2925	0.17875	0.26	0.37625	0.38875	0.06875	0.16	0.34375	-3.2	-1.4	-0.32	-0.885714	-0.655556	0.1304	0.122667	0.13398	0.225643	0.244578
0.12	0.12	0.73	1	0.02	0.5	0.88	0.27	0.27	0.05	0.02	0.27	0.05	0.02	0.12	0.5	0.27	0.01	0.05	0.05	0.3375	0.3825	0.2925	0.2225	0.24125	0.3575	0.27875	0.09	0.27875	0.32625	0.3025	0.39	0.32	0.195	0.345	0.37625	0.455	0.07375	0.245	0.37125	-3.5	-2.76667	-1.94	-0.242857	-0.444444	0.1569	0.1774	0.28958	0.2796	0.283567
0.27	0.12	0.12	0.12	0.05	0.27	0.27	0.12	0.12	0.05	0.05	0.27	0.05	0.02	1	0.27	0.27	0.02	0.05	0.05	0.27125	0.36375	0.3125	0.30125	0.21875	0.3675	0.33625	0.09625	0.37375	0.355	0.35625	0.37125	0.34875	0.29875	0.2075	0.32875	0.34625	0.17625	0.355	0.3425	-1.6	-3	-1.68	-1.07143	-0.511111	0.2449	0.412267	0.3639	0.345786	0.297011
0.27	0.88	0.5	0.27	0.05	0.95	0.73	0.12	0.5	0.05	0.05	0.98	0.27	0.05	0.27	0.5	0.27	0.05	0.12	0.12	0.2525	0.29625	0.32125	0.29125	0.19125	0.33875	0.30625	0.1	0.445	0.2425	0.28	0.31	0.245	0.3525	0.29875	0.31875	0.29875	0.22875	0.435	0.2175	-3.9	-0.566667	-1.36	-1.61429	-1.33333	0.835	0.510733	0.44188	0.3622	0.321078
0.27	0.5	0.12	0.05	0.12	0.27	0.12	0.05	0.12	0.88	0.88	0.73	0.73	0.88	0.05	0.12	0.27	0.27	0.5	0.73	0.28125	0.35625	0.425	0.42625	0.06375	0.4325	0.41375	0.2275	0.50125	0.1075	0.145	0.35	0.17875	0.24875	0.335	0.395	0.28	0.20125	0.3875	0.11375	3.8	-0.566667	-0.92	-1.61429	-2	0.4523	0.602533	0.44962	0.382657	0.406356
0.73	0.95	0.27	0.12	0.12	0.5	0.27	0.12	0.27	0.12	0.12	0.5	0.27	0.05	0.95	0.73	0.95	0.05	0.12	0.27	0.22375	0.28125	0.33	0.31375	0.06375	0.35625	0.3475	0.21	0.48	0.23375	0.29625	0.36	0.28375	0.4625	0.21375	0.3	0.195	0.285	0.4625	0.19875	-1.6	0.3	-1.24	-1.61429	-1.33333	0.5203	0.3894	0.45536	0.481414	0.413611
0.12	0.12	0.05	0.02	0.12	0.12	0.12	0.02	0.73	0.5	0.73	0.12	0.5	0.95	0.05	0.12	0.12	0.88	1	0.27	0.31875	0.385	0.28125	0.21625	0.095	0.375	0.27125	0.195	0.40375	0.29	0.30875	0.38875	0.3675	0.38125	0.32625	0.37625	0.38375	0.195	0.38	0.3025	-1.3	-2.03333	-1.16	-0.985714	-0.444444	0.1956	0.329833	0.458	0.474386	0.441156
0.12	0.27	0.5	0.12	0.05	0.5	0.27	0.05	1	0.05	0.12	0.27	0.12	0.73	0.05	0.27	0.12	0.5	0.98	0.05	0.3	0.36625	0.2125	0.19125	0.13125	0.30875	0.225	0.17875	0.36125	0.45	0.50125	0.3425	0.51875	0.46875	0.2075	0.33	0.38375	0.255	0.41	0.415	-3.2	-2.66667	-1.36	0.214286	0.155556	0.2736	0.439133	0.40668	0.412929	0.422133
0.5	0.12	0.5	0.88	0.05	0.12	0.27	1	0.12	0.02	0.02	0.12	0.05	0.05	0.12	0.5	0.12	0.05	0.05	0.05	0.2525	0.30875	0.24125	0.18625	0.1275	0.32875	0.25625	0.06	0.4425	0.45375	0.51375	0.30125	0.5	0.55	0.19875	0.30125	0.38375	0.3075	0.5175	0.40625	-3.5	-1.3	-0.14	0.214286	0.2	0.8482	0.439167	0.38358	0.358843	0.414333
0.12	0.12	0.12	0.05	0.05	0.12	0.12	0.05	0.98	0.27	0.5	0.12	0.5	1	0.05	0.12	0.12	0.5	0.95	0.27	0.28125	0.26125	0.365	0.40875	0.115	0.3575	0.37	0.20625	0.35375	0.31875	0.34625	0.24375	0.35875	0.32375	0.21625	0.39625	0.38375	0.21875	0.34875	0.29375	2.8	1.26667	0.88	-0.0571429	-0.611111	0.1957	0.4829	0.3592	0.393771	0.401278
0.27	0.12	0.12	0.12	0.27	0.27	0.12	0.05	0.12	0.88	0.73	0.12	0.95	0.27	0.12	0.5	0.95	0.12	0.27	0.88	0.29375	0.17625	0.365	0.41875	0.10625	0.31	0.37	0.25375	0.4425	0.2425	0.3175	0.215	0.3025	0.42375	0.1225	0.3675	0.22375	0.26625	0.43375	0.2175	4.5	3.7	0.82	-0.371429	-0.233333	0.4048	0.224733	0.45744	0.413657	0.361367
0.12	0.12	0.02	0.02	0.27	0.12	0.05	0.02	0.05	0.88	0.98	0.05	0.88	0.5	0.05	0.05	0.27	0.12	0.27	0.73	0.41625	0.195	0.405	0.4625	0.125	0.3475	0.3975	0.3175	0.375	0.195	0.21	0.2425	0.2825	0.29125	0.15875	0.51875	0.40375	0.1625	0.32375	0.23625	3.8	1.6	0.82	0.342857	0.111111	0.0737	0.414433	0.35476	0.397586	0.422678
0.27	0.27	0.73	0.99	0.02	0.73	0.98	0.12	0.27	0.05	0.05	0.5	0.05	0.02	0.27	0.5	0.27	0.02	0.05	0.05	0.47375	0.17625	0.345	0.38875	0.18375	0.27125	0.31	0.36125	0.25625	0.29875	0.3175	0.215	0.38625	0.26625	0.15875	0.55125	0.48	0.11875	0.24375	0.33	-3.5	-1.06667	0.62	1.1	0.377778	0.7648	0.3911	0.34784	0.383186	0.425722
0.12	0.12	0.73	1	0.02	0.5	0.88	0.27	0.27	0.05	0.02	0.27	0.05	0.02	0.12	0.5	0.27	0.01	0.05	0.05	0.4925	0.21375	0.31625	0.34	0.18375	0.3475	0.39875	0.2325	0.275	0.3025	0.325	0.29125	0.395	0.2625	0.2875	0.58	0.5275	0.11625	0.24375	0.33875	-3.5	-1.73333	0.08	0.585714	0.588889	0.3348	0.420233	0.41636	0.398229	0.392278
0.98	0.27	0.27	0.27	0.27	0.27	0.27	0.5	0.12	0.12	0.12	0.27	0.27	0.12	0.27	0.88	0.5	0.05	0.12	0.27	0.40375	0.29	0.42125	0.45875	0.1525	0.48	0.55125	0.2125	0.205	0.275	0.265	0.39875	0.33875	0.13125	0.29625	0.58	0.575	0.055	0.13125	0.2925	1.8	0.0333333	-0.84	-0.285714	-0.155556	0.1611	0.414433	0.46182	0.418571	0.4254
0.95	0.27	0.27	0.27	0.27	0.27	0.27	0.5	0.12	0.12	0.12	0.27	0.27	0.12	0.27	0.88	0.88	0.05	0.12	0.27	0.4075	0.2775	0.4125	0.44625	0.24375	0.4525	0.53875	0.2125	0.19625	0.19875	0.2075	0.39	0.235	0.10375	0.2875	0.55125	0.4425	0.04625	0.10375	0.21625	1.8	0.933333	-0.46	-1.38571	-0.377778	0.7474	0.403167	0.4183	0.478586	0.383289
0.73	0.27	0.73	0.5	0.27	0.5	0.5	0.5	0.27	0.05	0.05	0.5	0.12	0.05	0.27	0.98	0.73	0.05	0.12	0.12	0.45375	0.26875	0.35875	0.42125	0.24375	0.415	0.51	0.2125	0.1775	0.22	0.185	0.36125	0.235	0.08375	0.2875	0.5475	0.49	0.0375	0.10375	0.26625	-0.8	-0.2	-0.54	-0.528571	-0.3	0.301	0.531867	0.4501	0.373014	0.399344
0.5	0.27	0.27	0.5	0.05	0.5	0.88	0.12	0.27	0.05	0.05	0.5	0.12	0.02	1	0.73	0.5	0.02	0.05	0.12	0.4825	0.25	0.34	0.30375	0.28375	0.3575	0.355	0.25125	0.15875	0.305	0.28875	0.31375	0.35375	0.1475	0.16875	0.53125	0.51875	0.05375	0.14	0.35125	-1.6	-2.1	-0.4	0.614286	0.3	0.5472	0.447333	0.42304	0.356357	0.320267
0.27	0.88	0.5	0.27	0.05	0.95	0.73	0.12	0.27	0.12	0.12	0.98	0.27	0.05	0.27	0.5	0.73	0.05	0.12	0.12	0.53	0.26875	0.2825	0.24125	0.2875	0.33	0.355	0.2325	0.15875	0.29625	0.28375	0.34375	0.34375	0.1475	0.27875	0.56	0.49	0.055	0.14	0.35125	-3.9	-1	0.14	0.628571	0.255556	0.4938	0.3556	0.3172	0.340929	0.343078
0.27	0.02	0.05	0.02	1	0.05	0.02	0.05	0.05	0.27	0.27	0.05	0.12	0.05	0.05	0.27	0.27	0.05	0.05	0.27	0.44125	0.405	0.3675	0.34875	0.1375	0.51875	0.53375	0.19375	0.23375	0.265	0.25625	0.5175	0.34375	0.135	0.30625	0.54125	0.51875	0.055	0.14875	0.305	2.5	1.03333	0.68	-0.185714	-0.333333	0.0258	0.245933	0.26762	0.311314	0.395333
0.27	0.05	0.05	0.05	0.27	0.05	0.05	0.02	0.05	0.98	0.73	0.05	0.73	0.27	0.05	0.12	0.5	0.05	0.27	0.98	0.35625	0.48625	0.39625	0.345	0.20125	0.57625	0.5875	0.15	0.2525	0.1675	0.19	0.6075	0.24875	0.09875	0.30625	0.5125	0.41375	0.055	0.12125	0.18875	4.5	2.96667	0.22	-0.571429	-0.966667	0.2182	0.0990333	0.2662	0.358514	0.3508
0.27	0.12	0.12	0.05	0.12	0.27	0.12	0.05	0.12	0.73	0.88	0.12	1	0.5	0.05	0.12	0.27	0.12	0.27	0.73	0.29875	0.55375	0.35875	0.31625	0.1925	0.5775	0.6075	0.09875	0.24375	0.19875	0.17125	0.66	0.215	0.07	0.30625	0.4525	0.385	0.04625	0.12125	0.21125	1.9	0.833333	0.3	-0.9	-1.31111	0.0531	0.270467	0.29372	0.329857	0.410278
0.27	0.88	0.5	0.27	0.05	0.73	0.73	0.12	0.27	0.05	0.05	0.99	0.12	0.05	0.27	0.5	0.27	0.05	0.12	0.05	0.27	0.5475	0.34	0.345	0.20125	0.52	0.48375	0.185	0.225	0.28375	0.275	0.59875	0.325	0.13	0.16875	0.37625	0.35625	0.05875	0.14875	0.2875	-3.9	-1.83333	-0.98	-0.9	-1.56667	0.5401	0.4082	0.35788	0.378786	0.386944
0.27	0.5	0.5	0.88	0.02	0.88	0.99	0.12	0.5	0.02	0.05	0.73	0.12	0.02	0.27	0.5	0.27	0.05	0.12	0.05	0.34625	0.5	0.34	0.35375	0.21375	0.41625	0.4225	0.20375	0.1775	0.2875	0.26625	0.5425	0.30625	0.13375	0.25375	0.42375	0.3275	0.05875	0.14875	0.2875	-3.5	-3.76667	-2.66	-1.81429	-1.31111	0.6314	0.506033	0.4815	0.423271	0.414078
0.27	0.95	0.5	0.27	0.05	0.73	0.73	0.12	0.27	0.05	0.05	0.99	0.12	0.05	0.27	0.5	0.27	0.05	0.12	0.05	0.375	0.4475	0.3675	0.46125	0.09125	0.44375	0.4675	0.3225	0.215	0.2525	0.235	0.51875	0.2975	0.13	0.2625	0.4525	0.30875	0.05875	0.14875	0.26	-3.9	-3.76667	-3.82	-2.68571	-1.63333	0.3466	0.604767	0.53832	0.497529	0.510556
0.27	0.88	0.5	0.27	0.05	0.73	0.73	0.12	0.27	0.05	0.05	0.99	0.12	0.05	0.27	0.5	0.27	0.05	0.12	0.05	0.375	0.48375	0.42375	0.54625	0.06	0.52875	0.585	0.43	0.2425	0.1325	0.15	0.575	0.22125	0.1025	0.27125	0.5	0.28	0.05875	0.12125	0.14375	-3.9	-3.9	-3.36	-3.01429	-2.52222	0.8363	0.5067	0.5779	0.617671	0.5176
0.27	0.98	0.5	0.95	0.05	0.5	0.5	0.88	0.27	0.05	0.05	0.88	0.12	0.05	0.12	0.5	0.27	0.05	0.12	0.05	0.40375	0.47125	0.4425	0.47	0.07875	0.5575	0.6325	0.34375	0.2425	0.10375	0.13125	0.6075	0.15875	0.07375	0.29875	0.57625	0.36875	0.05875	0.1025	0.115	-3.9	-3.13333	-2.74	-2.95714	-2.81111	0.3372	0.637167	0.63044	0.580743	0.555911
0.88	0.12	0.5	0.95	0.12	0.27	0.5	0.27	0.12	0.12	0.05	0.27	0.12	0.05	0.95	0.88	0.5	0.05	0.12	0.12	0.30875	0.475	0.38625	0.43875	0.07875	0.51	0.5475	0.41125	0.26125	0.15125	0.21625	0.56625	0.2625	0.1925	0.16375	0.48125	0.32125	0.115	0.1975	0.1625	-1.6	-1.96667	-2.66	-2.55714	-2.06667	0.738	0.656433	0.61744	0.547386	0.497778
0.5	0.05	0.27	0.27	0.05	0.12	0.12	1	0.12	0.02	0.02	0.12	0.05	0.05	0.12	0.5	0.12	0.05	0.05	0.05	0.3375	0.4275	0.35875	0.41625	0.09125	0.42125	0.47375	0.31125	0.2325	0.22375	0.27625	0.5	0.31875	0.315	0.23625	0.4725	0.35	0.2	0.31	0.19875	-0.4	-1.83333	-2.02	-1.6	-1.36667	0.8941	0.6379	0.52976	0.500286	0.447322
0.27	0.27	0.5	0.73	0.02	0.73	0.99	0.88	0.27	0.02	0.05	0.5	0.12	0.05	0.12	0.5	0.27	0.05	0.05	0.05	0.36625	0.29625	0.2825	0.33125	0.10375	0.2875	0.28875	0.3175	0.195	0.30875	0.37625	0.34375	0.42	0.37125	0.20875	0.425	0.33125	0.20875	0.32875	0.28375	-3.5	-1.53333	-0.68	-0.642857	-0.722222	0.2816	0.524533	0.4657	0.406143	0.415722
0.5	0.12	0.27	0.12	0.27	0.27	0.27	0.12	0.12	0.5	0.73	0.27	0.5	0.27	0.12	0.73	0.98	0.12	0.12	0.5	0.3375	0.2075	0.255	0.37625	0.19125	0.26	0.29	0.40375	0.18625	0.27625	0.31875	0.255	0.3725	0.34375	0.18125	0.3675	0.2425	0.2	0.31125	0.255	-0.7	-0.466667	0.2	0.185714	-0.0111111	0.3979	0.232133	0.35356	0.366857	0.325211
0.12	0.05	0.05	0.02	0.12	0.12	0.05	0.05	0.27	0.5	0.73	0.05	0.95	1	0.02	0.12	0.12	0.5	0.88	0.5	0.46125	0.1275	0.2825	0.30375	0.2375	0.27875	0.3175	0.365	0.1675	0.285	0.3275	0.235	0.31625	0.2525	0.2125	0.50375	0.4075	0.1525	0.21625	0.2825	2.8	1.63333	0.66	0.771429	0.333333	0.0169	0.197367	0.18718	0.264529	0.298378
0.12	0.05	0.05	0.02	0.05	0.02	0.02	0.05	0.27	0.5	0.5	0.05	0.5	1	0.02	0.05	0.12	0.73	0.95	0.27	0.385	0.115	0.22625	0.1875	0.35625	0.26375	0.26125	0.3375	0.15875	0.30375	0.38375	0.2075	0.3725	0.2525	0.1	0.43625	0.37875	0.12375	0.19875	0.33	2.8	2.5	1.86	0.714286	0.788889	0.1773	0.0854667	0.1352	0.150471	0.220467
0.27	0.12	0.12	0.05	0.12	0.27	0.12	0.05	0.12	0.73	0.88	0.12	1	0.5	0.05	0.12	0.27	0.12	0.27	0.73	0.36625	0.13375	0.30625	0.2125	0.35625	0.28	0.29625	0.24625	0.225	0.2875	0.34	0.24625	0.31875	0.315	0.115	0.48375	0.46375	0.2	0.2925	0.28125	1.9	2.4	1.84	1.57143	0.744444	0.0622	0.0870667	0.07476	0.1155	0.175489
0.27	0.02	0.05	0.02	1	0.05	0.02	0.05	0.05	0.27	0.27	0.05	0.12	0.05	0.05	0.27	0.27	0.05	0.05	0.27	0.395	0.14625	0.315	0.15875	0.2775	0.25	0.21875	0.255	0.215	0.37625	0.44375	0.22625	0.52375	0.38	0.115	0.5125	0.54	0.20875	0.32875	0.36625	2.5	1.2	1.78	1.55714	1.04444	0.0217	0.0598667	0.07874	0.128557	0.192133
0.88	0.27	0.5	0.27	0.27	0.5	0.5	0.5	0.27	0.12	0.12	0.5	0.12	0.05	0.27	0.98	0.73	0.05	0.12	0.27	0.29	0.13375	0.2875	0.235	0.3375	0.25125	0.2475	0.19875	0.20625	0.33875	0.3775	0.19875	0.4675	0.34875	0.10625	0.395	0.39375	0.19625	0.31125	0.31	-0.8	1.4	1.06	1.04286	0.733333	0.0957	0.0514	0.14114	0.187771	0.227667
0.27	0.02	0.05	0.02	1	0.05	0.02	0.05	0.05	0.27	0.27	0.05	0.12	0.05	0.05	0.27	0.27	0.05	0.05	0.27	0.385	0.22125	0.4	0.37375	0.23375	0.4025	0.425	0.26375	0.2625	0.26	0.27375	0.34	0.36375	0.22625	0.165	0.53125	0.47	0.14	0.225	0.25375	2.5	0.3	0.52	0.142857	0.0333333	0.0368	0.207267	0.21498	0.264971	0.274167
0.5	0.27	0.98	0.5	0.12	0.5	0.5	0.27	0.5	0.12	0.05	0.5	0.12	0.05	0.27	0.95	0.95	0.05	0.12	0.12	0.375	0.18625	0.28375	0.31375	0.4625	0.35	0.365	0.23625	0.17875	0.25	0.2725	0.28375	0.31625	0.1075	0.14125	0.47375	0.40375	0.055	0.10375	0.2725	-0.8	0.3	-0.68	-0.628571	9.86865e-17	0.4893	0.319167	0.35418	0.318286	0.264956
0.5	0.27	0.5	0.27	0.27	0.27	0.27	0.95	0.12	0.27	0.27	0.27	0.88	0.12	0.12	0.88	0.88	0.05	0.12	0.27	0.35625	0.205	0.45375	0.4275	0.435	0.4075	0.44125	0.17875	0.3025	0.1425	0.1375	0.36	0.11125	0.0425	0.16875	0.55875	0.44125	0.0425	0.085	0.16875	-0.8	-1.7	-1.22	-0.628571	-0.6	0.4314	0.546133	0.42212	0.328671	0.263356
0.27	0.27	0.5	0.98	0.02	0.73	0.98	0.12	0.27	0.05	0.05	0.5	0.05	0.02	0.27	0.5	0.27	0.02	0.05	0.05	0.36625	0.2175	0.53875	0.46125	0.34375	0.40625	0.46	0.31	0.31125	0.1425	0.13375	0.35875	0.20625	0.05125	0.15875	0.635	0.5175	0.04125	0.09375	0.16875	-3.5	-2.6	-1.22	-1.01429	-1.26667	0.7177	0.528167	0.43364	0.321829	0.289122
0.27	0.5	0.5	0.88	0.02	0.88	0.99	0.12	0.5	0.02	0.05	0.73	0.12	0.02	0.27	0.5	0.27	0.05	0.12	0.05	0.29	0.18875	0.58625	0.455	0.325	0.35875	0.43	0.2625	0.37125	0.19375	0.1525	0.30125	0.21625	0.13625	0.13125	0.54625	0.46	0.09375	0.19375	0.22625	-3.5	-1.5	-1.76	-1.87143	-1.56667	0.4354	0.415833	0.34534	0.3528	0.322711
0.27	0.02	0.05	0.02	1	0.05	0.02	0.05	0.05	0.27	0.27	0.05	0.12	0.05	0.05	0.27	0.27	0.05	0.05	0.27	0.27125	0.2525	0.63875	0.5625	0.11125	0.4625	0.555	0.2675	0.4275	0.25125	0.21	0.38625	0.2925	0.18875	0.15875	0.5475	0.46	0.09375	0.23	0.275	2.5	-1.5	-2.3	-2.25714	-1.34444	0.0944	0.192533	0.30978	0.339757	0.322989
0.12	0.27	1	0.73	0.05	0.5	0.5	0.27	0.73	0.02	0.02	0.5	0.12	0.05	0.12	0.73	0.5	0.02	0.12	0.05	0.26125	0.19375	0.4	0.4175	0.24875	0.35	0.435	0.20875	0.2825	0.39125	0.345	0.27375	0.36875	0.245	0.1225	0.3775	0.34625	0.0975	0.24	0.40625	-3.5	-1.5	-2.3	-1.5	-0.755556	0.0478	0.131933	0.24584	0.283743	0.286078
0.12	0.12	0.73	1	0.02	0.5	0.88	0.27	0.27	0.05	0.02	0.27	0.05	0.02	0.12	0.5	0.27	0.01	0.05	0.05	0.21375	0.185	0.3775	0.3525	0.225	0.31875	0.35625	0.09625	0.35875	0.41625	0.37375	0.275	0.33	0.35875	0.11	0.3025	0.28	0.18375	0.3525	0.40625	-3.5	-3.5	-0.7	-0.357143	-0.355556	0.2536	0.233133	0.16662	0.203657	0.2564
0.27	0.27	0.88	0.12	0.12	0.27	0.27	0.12	0.98	0.5	0.27	0.27	0.27	0.73	0.05	0.27	0.27	0.5	0.99	0.73	0.2525	0.16625	0.415	0.4025	0.24375	0.31875	0.3725	0.1625	0.27	0.36	0.3425	0.275	0.31125	0.27375	0.11875	0.39125	0.3375	0.12625	0.24375	0.33	-3.5	-0.833333	-0.3	0.542857	-0.0555556	0.398	0.2303	0.17916	0.164929	0.211633
0.12	0.05	0.02	0.02	0.27	0.05	0.05	0.02	0.05	0.98	0.95	0.05	0.73	0.5	0.05	0.05	0.27	0.05	0.27	0.88	0.27125	0.19375	0.5225	0.415	0.225	0.34625	0.4	0.175	0.38625	0.3	0.2575	0.3025	0.25375	0.30625	0.11875	0.41875	0.3375	0.1825	0.33375	0.31125	4.5	1.83333	0.96	0.0714286	-0.0555556	0.0393	0.198133	0.20246	0.196414	0.241844
0.27	0.05	0.02	0.05	0.27	0.05	0.02	0.02	0.02	0.99	0.88	0.05	0.73	0.5	0.05	0.05	0.27	0.05	0.27	0.95	0.2525	0.25375	0.57875	0.51875	0.1025	0.45	0.525	0.18375	0.44625	0.2675	0.23875	0.3875	0.25375	0.30625	0.14625	0.4475	0.3375	0.1825	0.3425	0.275	4.5	3.93333	1.5	0.0714286	-0.722222	0.1571	0.120233	0.2147	0.290629	0.327467
0.12	0.05	0.05	0.02	0.05	0.02	0.02	0.05	0.27	0.5	0.5	0.05	0.5	1	0.02	0.05	0.12	0.73	0.95	0.27	0.27125	0.235	0.465	0.4375	0.13	0.40625	0.4775	0.1525	0.43375	0.36	0.3175	0.34	0.30125	0.35625	0.14125	0.37125	0.30875	0.205	0.3675	0.3875	2.8	2.16667	1.5	0.0714286	-0.477778	0.1643	0.212067	0.27656	0.377971	0.408267
