0.12	0.27	1	0.27	0.05	0.27	0.27	0.12	0.27	0.02	0.02	0.73	0.05	0.02	0.05	0.88	0.5	0.02	0.05	0.02	0.22375	0.2125	0.2125	0.1725	0.31	0.36875	0.2225	0.1475	0.4125	0.20625	0.30375	0.225	0.28	0.25875	0.25875	0.3775	0.43875	0.15	0.42625	0.22375	-0.8	-1.76667	-0.7	-0.328571	-0.411111	0.3218	0.271133	0.27862	0.3285	0.3896
0.05	0.5	0.27	0.73	0.02	1	0.5	0.05	1	0.02	0.02	0.27	0.05	0.05	0.05	0.12	0.27	0.05	0.73	0.02	0.20375	0.2125	0.275	0.14375	0.28625	0.3675	0.25125	0.1475	0.32125	0.235	0.30375	0.34	0.28	0.255	0.23125	0.44375	0.435	0.14625	0.36	0.17625	-3.2	-1.56667	-1.34	-0.7	-0.422222	0.3206	0.392033	0.3743	0.347914	0.395011
0.12	0.5	0.12	0.12	0.02	0.99	0.73	0.05	0.95	0.12	0.5	0.88	0.88	0.27	0.5	0.12	0.27	0.5	0.5	0.12	0.25125	0.2725	0.355	0.2525	0.2825	0.38125	0.235	0.20875	0.34125	0.13125	0.155	0.2825	0.09125	0.21875	0.2975	0.50375	0.4825	0.08875	0.385	0.06	-0.7	-1.53333	-1.22	-1.17143	-1.13333	0.5337	0.459567	0.44368	0.446729	0.433133
0.73	0.12	0.27	0.12	0.12	0.5	0.12	0.88	0.12	0.05	0.12	0.12	0.12	0.05	0.27	0.98	0.88	0.02	0.27	0.05	0.23125	0.41125	0.35	0.2675	0.1475	0.5525	0.42125	0.11	0.5075	0.1525	0.2025	0.4875	0.19	0.2475	0.45	0.4525	0.415	0.15	0.41875	0.06875	-0.7	-0.7	-1.22	-1.62857	-1.21111	0.5244	0.525333	0.52686	0.525886	0.519756
0.27	0.27	0.5	0.12	0.05	0.12	0.12	0.05	0.12	0.12	0.5	0.12	0.12	0.5	0.95	0.98	0.88	0.05	0.73	0.12	0.3775	0.42375	0.33375	0.32875	0.04375	0.60875	0.48125	0.21875	0.41875	0.17125	0.1275	0.51875	0.19875	0.075	0.37	0.5125	0.53375	0.08625	0.2425	0.06875	-0.7	-0.733333	-1.48	-1.25714	-0.566667	0.5179	0.593333	0.60776	0.597857	0.557433
0.27	0.5	0.27	0.5	0.05	0.99	0.73	0.05	0.12	0.5	0.27	0.73	0.27	0.12	0.05	0.5	0.73	0.05	0.27	0.12	0.3775	0.3675	0.3	0.25375	0.04375	0.5	0.3775	0.20625	0.3875	0.155	0.1875	0.3575	0.18875	0.1225	0.4825	0.525	0.615	0.08625	0.29625	0.1	-0.8	-2	-0.98	-0.157143	-0.0555556	0.7377	0.660233	0.66614	0.624929	0.564411
0.5	0.5	0.5	0.27	0.02	0.12	0.12	0.5	0.12	0.27	0.02	0.27	0.05	0.05	1	0.5	0.5	0.01	0.02	0.05	0.3575	0.33875	0.2525	0.20625	0.1675	0.54625	0.51	0.15	0.2775	0.24375	0.2225	0.5	0.225	0.1275	0.39125	0.54375	0.72875	0.0875	0.2425	0.12125	-4.5	-1.16667	0.06	0.485714	0.222222	0.7251	0.7628	0.66328	0.603629	0.567311
0.5	0.73	0.12	0.12	0.02	0.88	0.88	0.05	0.5	0.12	0.02	0.88	0.05	0.02	0.99	0.5	0.12	0.02	0.05	0.05	0.37625	0.2625	0.3475	0.2725	0.28375	0.3425	0.3575	0.215	0.12625	0.31	0.175	0.32875	0.13	0.1125	0.42125	0.62	0.865	0.02625	0.1825	0.14	1.8	0.6	0.96	0.485714	-0.0888889	0.8256	0.686933	0.63662	0.578243	0.582011
0.73	0.27	0.12	0.5	0.05	0.12	0.5	0.05	0.27	0.27	0.05	0.27	0.12	0.02	0.05	0.5	1	0.02	0.05	0.12	0.2625	0.30625	0.3475	0.21625	0.39	0.37625	0.39125	0.10625	0.14125	0.2875	0.15875	0.39125	0.10875	0.1075	0.59625	0.5125	0.67875	0.025	0.15	0.13125	4.5	3.36667	0.98	0.0857143	0.266667	0.5101	0.573433	0.55842	0.5994	0.537922
0.12	0.05	0.5	0.05	0.05	0.27	0.05	0.02	0.02	0.27	0.27	0.05	0.12	0.02	0.05	0.5	1	0.02	0.02	0.27	0.3675	0.315	0.2525	0.2725	0.38625	0.405	0.52375	0.2275	0.16375	0.275	0.08375	0.41875	0.1	0.0475	0.54	0.4525	0.58375	0.02125	0.065	0.1125	3.8	2.53333	1.18	0.557143	0.3	0.3846	0.4138	0.5466	0.512243	0.534556
0.12	0.27	0.12	0.12	0.98	0.5	0.95	0.05	0.12	0.5	0.05	0.95	0.12	0.02	0.27	0.27	0.95	0.02	0.05	0.12	0.34875	0.24	0.28125	0.31125	0.265	0.37125	0.445	0.2325	0.15125	0.19	0.08	0.24875	0.12875	0.03375	0.5125	0.4525	0.51375	0.01625	0.03	0.15	-0.7	-0.133333	1.32	1.14286	-4.93432e-17	0.3467	0.465767	0.407	0.478314	0.558311
0.27	0.12	0.5	0.5	0.95	0.12	0.27	0.12	0.12	0.5	0.12	0.12	0.12	0.12	0.73	0.73	0.98	0.02	0.05	0.27	0.2825	0.21125	0.29375	0.34	0.2725	0.4375	0.5775	0.22375	0.15125	0.15875	0.07125	0.41	0.12875	0.0175	0.33625	0.4425	0.56625	0.0175	0.03375	0.13125	-3.5	-0.566667	0.34	0.385714	0.111111	0.666	0.3801	0.4025	0.4963	0.5333
0.05	0.01	0.27	0.05	1	0.01	0.01	0.01	0.01	0.02	0.02	0.01	0.02	0.01	0.73	0.12	0.27	0.01	0.01	0.05	0.31	0.14875	0.39875	0.415	0.27875	0.40375	0.515	0.24625	0.1175	0.26625	0.14375	0.3475	0.16875	0.12	0.21875	0.575	0.75875	0.0225	0.0475	0.18625	2.5	-0.466667	-1.12	-0.757143	-0.177778	0.1276	0.427067	0.51588	0.494857	0.462333
0.5	0.12	0.12	0.12	0.02	0.5	0.73	0.99	0.05	0.02	0.12	0.12	0.05	0.02	0.5	0.5	0.12	0.02	0.02	0.12	0.16875	0.10125	0.40375	0.34375	0.52	0.3275	0.3625	0.11875	0.07875	0.235	0.1275	0.3	0.1525	0.1175	0.24125	0.4675	0.65875	0.02	0.04125	0.16875	-0.4	-0.466667	-1.68	-1.41429	-0.4	0.4876	0.522233	0.54654	0.466614	0.407189
0.12	0.12	0.12	0.88	0.01	0.95	1	0.12	0.12	0.05	0.02	0.27	0.5	0.01	0.05	0.27	0.12	0.01	0.02	0.27	0.20375	0.0975	0.3425	0.2425	0.51625	0.2525	0.325	0.225	0.10125	0.2	0.1125	0.2775	0.0875	0.22625	0.2925	0.43625	0.53625	0.08125	0.16375	0.11875	-3.5	-2.46667	-1.14	-0.957143	-0.966667	0.9515	0.646367	0.45072	0.419057	0.381378
0.12	0.12	0.98	0.88	0.05	0.27	0.5	0.5	0.12	0.02	0.02	0.73	0.05	0.02	0.05	0.88	0.95	0.02	0.05	0.05	0.2225	0.17375	0.31125	0.2425	0.39125	0.3375	0.36	0.1775	0.12	0.14375	0.12125	0.22625	0.1625	0.225	0.265	0.36	0.37625	0.08	0.16	0.1375	-3.5	-2.6	-1.14	-0.642857	-1.38889	0.5	0.546133	0.42796	0.345671	0.373322
0.5	0.12	0.73	0.27	0.12	0.5	0.12	0.12	0.12	0.5	0.5	0.27	0.27	0.73	0.05	0.95	0.95	0.05	0.12	0.27	0.15625	0.26875	0.37125	0.27125	0.26625	0.35625	0.465	0.21625	0.12	0.03625	0.06125	0.3925	0.23	0.12375	0.18	0.3225	0.2875	0.07625	0.15125	0.0825	-0.8	-0.6	-1.32	-1.64286	-1.43333	0.1869	0.233567	0.3609	0.366614	0.334556
0.05	0	0.01	0	1	0	0	0.01	0	0.02	0.02	0	0.02	0.01	0	0.02	0.05	0.01	0.01	0.05	0.24	0.37375	0.4425	0.31375	0.0375	0.50875	0.5125	0.235	0.14875	0.185	0.13375	0.44	0.32125	0.3225	0.10125	0.53375	0.485	0.19	0.1975	0.1375	2.5	0.133333	-1.52	-2.14286	-1.8	0.0138	0.117667	0.22544	0.342257	0.333978
0.02	0.02	0.01	0	0.01	0.12	0.02	0	0.27	0.02	0.05	0.02	0.05	0.88	0.01	0.02	0.02	0.5	1	0.02	0.18375	0.39	0.4275	0.29875	0.16125	0.43375	0.42	0.11375	0.11	0.21625	0.14875	0.42375	0.3175	0.27375	0.0375	0.4725	0.5075	0.25125	0.13375	0.18875	-1.3	-1.1	-1.6	-1.75714	-2.25556	0.1523	0.146767	0.18886	0.223814	0.303678
0.27	0.88	0.73	0.12	0.02	0.5	0.73	0.05	0.27	0.02	0.12	1	0.27	0.02	0.05	0.27	0.5	0.02	0.05	0.05	0.2	0.39125	0.41375	0.2075	0.2775	0.30125	0.22125	0.09875	0.12875	0.225	0.14375	0.33	0.2425	0.3825	0.06	0.49875	0.5425	0.3125	0.265	0.1575	-4.5	-3.23333	-1.6	-1.9	-2.36667	0.2742	0.247867	0.17596	0.183086	0.246522
0.12	0.88	0.73	0.12	0.02	0.5	0.73	0.05	0.12	0.12	0.12	0.99	0.88	0.02	0.05	0.5	0.27	0.02	0.05	0.05	0.21	0.39125	0.3825	0.2225	0.27375	0.30125	0.25	0.07	0.22375	0.2125	0.14375	0.3025	0.16625	0.4425	0.06	0.39375	0.54375	0.3125	0.32125	0.1575	-3.9	-3.06667	-3	-2.42857	-2.33333	0.3171	0.2379	0.21618	0.218829	0.244989
0.27	0.73	0.12	0.12	0.05	0.73	0.27	0.05	0.12	0.73	0.12	0.12	0.5	0.88	0.05	0.88	0.95	0.88	0.27	0.27	0.19125	0.41	0.40125	0.195	0.26125	0.225	0.3075	0.1175	0.33375	0.18375	0.14375	0.3925	0.195	0.25875	0.11625	0.29	0.355	0.205	0.3125	0.13	-0.8	-3.06667	-3.64	-3.24286	-2.42222	0.1224	0.218133	0.27314	0.286314	0.298222
0.02	0.27	0	0	0.02	0.02	0.01	0.01	0.01	0.27	0.27	0.01	0.05	0.5	0	0.01	0.27	1	0.5	0.5	0.23125	0.5925	0.4775	0.225	0.1425	0.3475	0.355	0.1275	0.41	0.24125	0.12875	0.4975	0.255	0.3075	0.24125	0.43	0.4675	0.19125	0.28875	0.10125	-4.5	-3.26667	-3.38	-3.28571	-2.87778	0.2149	0.258133	0.31554	0.3597	0.3659
0.5	0.99	0.73	0.27	0.95	0.27	0.12	0.05	0.27	0.12	0.05	0.5	0.12	0.02	0.27	0.73	0.88	0.02	0.12	0.05	0.2025	0.50625	0.4	0.2825	0.0275	0.335	0.40125	0.2475	0.35	0.26	0.15625	0.4675	0.24625	0.29125	0.2125	0.3525	0.395	0.25375	0.2175	0.1575	-4.5	-4.06667	-2.92	-2.87143	-3.16667	0.4371	0.3794	0.38532	0.409514	0.405667
0.05	0.12	0.73	1	0.02	0.27	0.73	0.27	0.73	0.02	0.02	0.5	0.05	0.5	0.05	0.27	0.73	0.02	0.5	0.05	0.25875	0.53875	0.4	0.23875	0.15625	0.30625	0.2675	0.2475	0.27375	0.3325	0.17875	0.405	0.28375	0.24375	0.24	0.4675	0.47	0.31375	0.255	0.21375	-3.2	-3.1	-3.08	-2.87143	-2.45556	0.4862	0.529767	0.48542	0.4371	0.431856
0.5	0.12	0.27	0.05	0.05	0.12	0.12	0.5	1	0.88	0.5	0.12	0.12	0.12	0.5	0.5	0.12	0.05	0.27	0.27	0.19375	0.5525	0.4	0.345	0.15625	0.2775	0.25875	0.215	0.23125	0.3325	0.1375	0.42	0.19875	0.295	0.18	0.3825	0.5275	0.31	0.28375	0.29	-1.6	-2.13333	-2.96	-2.48571	-1.55556	0.666	0.5917	0.54448	0.492457	0.425133
0.12	1	0.5	0.12	0.02	0.27	0.12	0.05	0.5	0.02	0.05	0.73	0.05	0.02	0.95	0.27	0.27	0.02	0.05	0.05	0.24125	0.35375	0.35875	0.32375	0.16	0.17375	0.2275	0.2675	0.28125	0.4725	0.28875	0.335	0.2075	0.26	0.15125	0.335	0.5	0.20625	0.2925	0.375	-1.6	-2.36667	-1.68	-1.24286	-1.04444	0.6229	0.5997	0.55904	0.498414	0.447111
0.27	0.05	0.12	0.73	0.02	0.27	0.5	1	0.05	0.02	0.05	0.27	0.05	0.27	0.05	0.12	0.05	0.02	0.05	0.02	0.25375	0.53	0.42125	0.3575	0.15875	0.23375	0.30375	0.21	0.35125	0.44125	0.2575	0.45375	0.2075	0.18125	0.27	0.3675	0.50875	0.08375	0.23625	0.33125	-3.9	-1.2	-0.2	-0.0571429	-0.588889	0.5102	0.547667	0.51312	0.481714	0.4485
0.27	0.27	0.73	0.5	0.12	0.27	0.27	0.27	0.12	0.5	0.27	0.5	0.5	0.12	0.05	0.73	0.95	0.5	0.73	0.5	0.1975	0.50375	0.26	0.355	0.02875	0.23375	0.3325	0.2975	0.32375	0.36875	0.2575	0.45375	0.24625	0.26	0.23875	0.20625	0.2925	0.02375	0.1425	0.2675	1.9	0.733333	0.88	0.342857	-0.588889	0.5099	0.425567	0.44396	0.444743	0.415689
0.05	0.99	0.27	0.02	0.05	0.12	0.05	0.02	0.05	0.98	0.27	0.73	0.27	0.05	0.02	0.05	0.12	0.02	0.05	0.88	0.2525	0.40125	0.24125	0.29625	0.03625	0.22125	0.27125	0.42	0.24375	0.30625	0.255	0.365	0.27	0.2075	0.23875	0.2725	0.3075	0.0825	0.16625	0.215	4.2	3.3	1.12	-0.0714286	-0.277778	0.2566	0.362233	0.36486	0.369857	0.378389
0.27	0.02	0.02	0.02	0.05	0.05	0.02	0.02	0.02	0.99	0.88	0.05	0.5	0.5	0.27	0.27	0.88	0.02	0.12	0.73	0.16875	0.5075	0.24	0.29	0.155	0.215	0.26	0.35875	0.1225	0.1975	0.11875	0.435	0.22875	0.1375	0.145	0.185	0.20375	0.0775	0.125	0.20625	3.8	2.53333	1	0.1	0.177778	0.3202	0.268067	0.29118	0.302371	0.3408
0.27	0.73	0.12	0.88	0.01	0.5	1	0.5	0.12	0.02	0.02	0.5	0.05	0.12	0.05	0.12	0.12	0.02	0.05	0.12	0.26375	0.29625	0.18	0.17375	0.16	0.13125	0.125	0.4175	0.05	0.3175	0.22125	0.29375	0.28125	0.18375	0.05625	0.20375	0.3275	0.0775	0.12875	0.27875	-0.4	-0.366667	0.54	1.01429	0.311111	0.2274	0.2298	0.2193	0.2763	0.289044
0.05	1	0.05	0.02	0.01	0.27	0.12	0.02	0.12	0.02	0.27	0.73	0.88	0.5	0.02	0.05	0.05	0.02	0.05	0.02	0.26375	0.25625	0.175	0.19	0.2825	0.12625	0.1725	0.35375	0.04375	0.3175	0.18625	0.23125	0.17375	0.10375	0.05375	0.2	0.33625	0.07625	0.12375	0.295	-4.5	-1.76667	0.2	0.685714	1.02222	0.1418	0.173233	0.23352	0.2259	0.283367
0.27	0.02	0.12	0.05	0.01	0.02	0.02	1	0.02	0	0	0.02	0.01	0.01	0.02	0.12	0.02	0.01	0.01	0.01	0.20875	0.3475	0.0775	0.12625	0.26875	0.12625	0.1575	0.2	0.04375	0.25875	0.1875	0.26375	0.2225	0.26	0.1725	0.10625	0.2275	0.01625	0.0525	0.23625	-0.4	-0.8	-0.64	0.442857	0.633333	0.1505	0.206667	0.2009	0.254829	0.263833
0.05	0	0.01	0	1	0	0	0.01	0	0.02	0.02	0	0.02	0.01	0	0.02	0.05	0.01	0.01	0.05	0.26375	0.3175	0.14875	0.16375	0.145	0.205	0.245	0.3275	0.07375	0.14	0.16625	0.29375	0.2025	0.25625	0.2825	0.20375	0.3275	0.01625	0.0525	0.13625	2.5	0.566667	-0.06	-0.328571	-0.0111111	0.3277	0.211767	0.24724	0.256814	0.323767
0.88	0.02	0.12	0.05	0.02	0.05	0.02	1	0.02	0.01	0.01	0.05	0.02	0.01	0.02	0.27	0.5	0.02	0.01	0.02	0.2175	0.3275	0.13875	0.16125	0.27625	0.2075	0.24625	0.235	0.07125	0.08	0.12	0.34375	0.2025	0.2	0.35625	0.1725	0.22375	0.015	0.04375	0.17125	-0.4	1.53333	0.52	-0.5	-0.477778	0.1571	0.314633	0.2857	0.338043	0.344878
0.05	0	0.01	0	1	0	0	0.01	0	0.02	0.02	0	0.02	0.01	0	0.02	0.05	0.01	0.01	0.05	0.3025	0.3575	0.17125	0.12	0.155	0.21375	0.23375	0.3025	0.07375	0.0825	0.1225	0.4125	0.2875	0.1875	0.35875	0.2225	0.29875	0.01625	0.04375	0.15875	2.5	0.166667	0.28	0.0857143	-0.822222	0.4591	0.316767	0.4148	0.390671	0.384944
0.05	0.02	0.02	0.02	0.01	0.02	0.05	0.02	0.02	0.01	0.01	0.05	0.02	0.88	1	0.05	0.05	0.01	0.12	0.02	0.31125	0.26375	0.17875	0.1775	0.28	0.1925	0.2275	0.36125	0.11875	0.115	0.0925	0.40625	0.21125	0.01875	0.35625	0.24625	0.3075	0.1325	0.0575	0.16625	-1.6	-0.233333	-0.3	-0.357143	-0.711111	0.3341	0.529733	0.4513	0.453171	0.4562
0.27	0.73	0.73	0.27	0.05	0.73	0.73	0.05	0.27	0.05	0.12	0.95	0.12	0.02	0.88	0.73	0.95	0.02	0.05	0.12	0.265	0.17875	0.16625	0.23125	0.27625	0.11625	0.17375	0.35625	0.1	0.1125	0.09375	0.2975	0.20375	0.21625	0.43125	0.16125	0.22625	0.13625	0.15625	0.155	-1.6	-1.2	-0.92	-1.21429	-1.05556	0.796	0.546767	0.53748	0.518229	0.495933
0.73	0.12	0.05	0.05	0.12	0.12	0.05	0.27	0.02	0.5	0.5	0.5	0.5	0.05	0.88	0.27	0.5	0.02	0.05	0.98	0.21625	0.28875	0.25625	0.265	0.1575	0.2075	0.2925	0.36125	0.1375	0.17625	0.135	0.36875	0.2725	0.245	0.4375	0.23125	0.33875	0.14125	0.2175	0.16	-0.4	-1.83333	-2.12	-1.65714	-0.911111	0.5102	0.6314	0.60228	0.568371	0.477311
0.12	0.95	0.27	0.5	0.02	0.5	0.88	0.05	0.12	0.05	0.05	1	0.73	0.02	0.05	0.27	0.27	0.02	0.05	0.05	0.21625	0.27375	0.32375	0.29375	0.17	0.26375	0.29625	0.2975	0.21375	0.24625	0.19625	0.41875	0.25625	0.25	0.64875	0.26	0.33875	0.14125	0.2225	0.28875	-3.5	-2.46667	-2.5	-1.47143	-1.25556	0.588	0.6271	0.63708	0.525657	0.497489
0.12	0.27	0.12	0.5	0.02	0.12	0.12	0.5	0.5	0.27	0.02	0.73	0.27	0.02	1	0.27	0.12	0.95	0.27	0.05	0.225	0.42125	0.3475	0.29625	0.06	0.3175	0.3975	0.27375	0.1725	0.335	0.31625	0.45875	0.42125	0.2825	0.5325	0.2725	0.41375	0.03	0.285	0.3925	-3.5	-3.5	-1.42	-1.74286	-1.06667	0.7831	0.6264	0.5099	0.526314	0.467489
0.12	0.05	0.73	0.73	0.02	0.12	0.27	0.99	0.12	0.02	0.12	0.05	0.05	0.73	0.5	0.12	0.27	0.05	0.73	0.02	0.2525	0.5375	0.37875	0.3275	0.065	0.3775	0.4825	0.21625	0.3275	0.4275	0.3175	0.6475	0.48	0.09	0.58	0.3475	0.45125	0.1475	0.275	0.45625	-3.5	-1.06667	-2.04	-0.914286	-1.32222	0.5081	0.483767	0.4756	0.439614	0.488478
0.12	0.27	0.05	0.05	0.12	0.12	0.27	0.27	0.05	0.98	0.73	0.12	0.95	0.27	0.05	0.12	0.5	0.05	0.5	0.95	0.225	0.43375	0.37375	0.37875	0.17125	0.2875	0.39125	0.30125	0.365	0.30375	0.22875	0.52125	0.355	0.15125	0.5275	0.2625	0.31	0.1475	0.41625	0.33125	3.8	-1.06667	-0.5	-1.41429	-0.866667	0.1601	0.335633	0.39582	0.441443	0.433789
0.27	0.73	0.88	0.73	0.02	0.88	0.88	0.27	0.73	0.12	0.05	0.95	0.12	0.02	0.88	0.5	0.27	0.02	0.05	0.12	0.12125	0.36125	0.265	0.2875	0.29375	0.1775	0.30875	0.26875	0.2775	0.35125	0.25375	0.355	0.39875	0.1775	0.31375	0.18375	0.2825	0.15	0.4675	0.31875	-3.5	1.5	-0.58	-0.557143	-0.544444	0.3387	0.2293	0.3438	0.400843	0.398967
0.12	0.5	0.05	0.02	0.12	0.05	0.05	0.27	0.05	0.95	0.95	0.05	0.88	0.27	0.02	0.12	0.5	0.05	0.73	0.88	0.1875	0.3625	0.36875	0.32875	0.4025	0.28125	0.365	0.26875	0.41	0.2475	0.14125	0.46125	0.275	0.15	0.43	0.28875	0.33	0.14625	0.3825	0.2325	4.2	-1.06667	0.62	0.3	-0.233333	0.1891	0.350267	0.30294	0.317086	0.405867
0.27	0.73	0.88	0.5	0.05	0.5	0.88	0.05	0.88	0.5	0.12	0.88	0.27	0.05	0.88	0.5	0.5	0.05	0.5	0.5	0.1875	0.41	0.28375	0.22125	0.415	0.24375	0.30875	0.29625	0.25875	0.27625	0.24875	0.32875	0.3325	0.1775	0.2125	0.32625	0.43875	0.03	0.38375	0.28875	-3.9	0.933333	0.36	0.7	0.0666667	0.523	0.338633	0.31028	0.337371	0.394333
0.05	0.12	0.01	0	1	0.01	0	0.01	0.5	0.02	0.02	0.01	0.02	0.05	0.01	0.05	0.05	0.02	0.95	0.05	0.2625	0.57125	0.36375	0.255	0.3275	0.38125	0.47625	0.24	0.35375	0.3675	0.28	0.49375	0.39125	0.12	0.35	0.45875	0.52375	0.06125	0.27	0.37625	2.5	0.366667	0.92	0.0428571	0.277778	0.3038	0.3412	0.37256	0.411543	0.412844
0.05	0	0.01	0	1	0	0	0.01	0	0.02	0.02	0	0.02	0.01	0	0.02	0.05	0.01	0.01	0.05	0.25	0.555	0.44875	0.37375	0.3125	0.3825	0.53375	0.2125	0.41625	0.24625	0.18875	0.48625	0.27375	0.09125	0.3475	0.4625	0.4675	0.05625	0.32625	0.25875	2.5	1.43333	-0.08	0.314286	-0.533333	0.1968	0.383567	0.4706	0.459543	0.464811
0.5	0.73	0.27	0.12	0.99	0.5	0.5	0.05	0.5	0.05	0.05	0.95	0.5	0.05	0.12	0.73	0.88	0.02	0.05	0.12	0.175	0.49125	0.3975	0.2825	0.31375	0.2725	0.4525	0.18	0.2775	0.23	0.18125	0.3725	0.205	0.08625	0.22875	0.345	0.36375	0.055	0.32125	0.2375	-0.7	0.333333	0.38	-0.785714	-0.577778	0.6501	0.508733	0.50094	0.522214	0.482489
0.27	0.88	0.27	0.12	0.05	0.27	0.5	0.5	0.12	0.05	0.05	0.5	0.12	0.02	0.12	0.95	0.99	0.02	0.05	0.12	0.195	0.41	0.3925	0.28	0.54125	0.295	0.44625	0.09125	0.31875	0.11375	0.065	0.4225	0.145	0.0575	0.2275	0.30875	0.29375	0.05	0.23125	0.13375	-0.8	-1.03333	-0.82	-0.785714	-0.766667	0.6793	0.668033	0.56574	0.518614	0.4924
0.5	0.73	0.5	0.5	0.27	0.73	0.73	0.5	0.5	0.27	0.27	0.5	0.27	0.27	0.73	0.73	0.5	0.27	0.27	0.27	0.135	0.34375	0.37875	0.20375	0.50875	0.19	0.3225	0.09125	0.195	0.02375	0.0225	0.3275	0.095	0.02125	0.04375	0.3075	0.3075	0.0125	0.14375	0.05375	-1.6	-1.96667	-2.1	-0.785714	-0.722222	0.6747	0.6606	0.62594	0.514971	0.463522
0.02	0.02	0.73	1	0	0.12	0.73	0.05	0.05	0.01	0	0.05	0.01	0	0.02	0.12	0.05	0	0.01	0.01	0.20375	0.4325	0.355	0.14375	0.4325	0.28	0.32875	0.14875	0.2225	0.145	0.1725	0.38875	0.21625	0.14	0.1375	0.38375	0.3725	0.10625	0.18125	0.17125	-3.5	-3	-1.46	-1.64286	-1.14444	0.6278	0.6001	0.55158	0.524443	0.514122
