0.02	0	0	0	1	0	0	0	0	0.01	0.01	0	0.01	0	0.5	0.02	0.02	0	0	0.02	0.43625	0.15125	0.25125	0.22	0.28625	0.29625	0.2475	0.08	0.2325	0.32375	0.2625	0.235	0.29875	0.37875	0.275	0.5725	0.60875	0.06375	0.325	0.3175	2.5	1.23333	-0.1	0.928571	0.844444	0.0472	0.388567	0.50688	0.483914	0.523811
0.05	0.05	0.02	0.05	0.88	0.12	0.12	0.02	0.27	0.88	0.95	0.05	0.73	0.99	0.02	0.12	0.27	0.12	0.88	0.5	0.35625	0.20125	0.33375	0.24125	0.30125	0.37625	0.30875	0.08625	0.3025	0.215	0.14875	0.32375	0.20875	0.25625	0.2725	0.5725	0.65375	0.05	0.21875	0.2575	-1.3	-0.766667	0.6	0.228571	0.255556	0.7735	0.506633	0.42536	0.449943	0.507244
0.73	0.73	0.88	0.27	0.05	0.73	0.5	0.27	0.27	0.05	0.05	0.88	0.12	0.27	0.12	0.95	0.73	0.02	0.05	0.12	0.2425	0.22375	0.1975	0.195	0.3925	0.31875	0.2325	0.1025	0.37875	0.2625	0.23375	0.305	0.26625	0.34625	0.25125	0.4125	0.54	0.09375	0.37	0.22875	-3.5	-0.666667	-0.04	-0.171429	-0.711111	0.6992	0.5782	0.42702	0.472086	0.528144
0.05	0.02	0.02	0.01	0.02	0.05	0.12	0.01	0.12	0.27	0.5	0.02	0.88	0.95	0.01	0.05	0.88	0.27	1	0.5	0.29875	0.38875	0.33375	0.11875	0.39625	0.48	0.28	0.12625	0.40625	0.25375	0.18125	0.4975	0.2275	0.2925	0.2775	0.44875	0.43625	0.0675	0.2825	0.2	2.8	-0.466667	-1.24	-1.17143	-1.06667	0.2619	0.438133	0.58248	0.534114	0.524378
0.5	0.12	0.27	0.12	0.12	0.5	0.12	0.05	0.98	0.73	0.27	0.27	0.27	0.73	0.05	0.73	0.95	0.05	0.5	0.5	0.2425	0.39125	0.30375	0.10625	0.265	0.42625	0.28125	0.12125	0.3	0.31875	0.32625	0.46875	0.335	0.42875	0.27875	0.36375	0.43125	0.09625	0.3775	0.28875	-0.7	-0.466667	-1.88	-2.08571	-0.844444	0.3533	0.4799	0.58362	0.618171	0.497689
0.27	0.5	0.73	0.27	0.05	0.88	0.73	0.12	0.88	0.02	0.05	0.88	0.05	0.02	0.5	0.98	0.73	0.02	0.05	0.05	0.275	0.34625	0.28	0.09	0.15	0.39375	0.21125	0.1275	0.43625	0.4075	0.35375	0.4075	0.3625	0.5175	0.285	0.3925	0.4625	0.1	0.43625	0.34375	-3.5	-2.9	-1.96	-1.25714	-1.21111	0.8245	0.652333	0.5709	0.522643	0.540633
0.27	0.98	0.27	0.12	0.02	0.88	0.27	0.5	0.73	0.05	0.05	0.95	0.12	0.05	0.05	0.5	0.5	0.27	0.5	0.12	0.3025	0.39	0.35	0.10875	0.15375	0.44125	0.2875	0.0925	0.43625	0.3275	0.32625	0.455	0.325	0.4525	0.4575	0.47125	0.4725	0.17625	0.30375	0.335	-4.5	-3.96667	-1.62	-0.871429	-0.6	0.7792	0.746433	0.53948	0.484714	0.501333
0.5	0.73	0.5	0.12	0.05	0.73	0.5	0.05	0.12	0.27	0.05	0.95	0.5	0.27	0.98	0.27	0.27	0.05	0.27	0.27	0.245	0.44875	0.32125	0.10875	0.14625	0.4875	0.23	0.12125	0.5125	0.29625	0.32625	0.46375	0.325	0.39375	0.3325	0.49125	0.4725	0.20375	0.36	0.31625	-3.9	-1.3	-1.64	-0.671429	-0.6	0.6356	0.506533	0.55556	0.507271	0.507756
0.05	0.12	0.01	0.01	0.05	0.02	0.01	0	0.01	1	0.95	0.02	0.27	0.88	0.05	0.02	0.05	0.02	0.27	0.73	0.32875	0.64125	0.4425	0.1275	0.15	0.585	0.29125	0.1325	0.6025	0.23375	0.2425	0.66875	0.30625	0.3175	0.45375	0.55	0.405	0.265	0.2975	0.25875	4.5	-0.0666667	-0.1	-1.07143	-1.41111	0.1048	0.391367	0.47462	0.564943	0.5317
0.05	0.02	0.27	0.02	0.01	0.12	0.05	0.12	0.99	0.01	0.01	0.12	0.01	0	1	0.5	0.05	0	0.02	0.01	0.28125	0.64125	0.3775	0.1125	0.14625	0.5125	0.2725	0.1125	0.35875	0.39	0.445	0.625	0.39625	0.39875	0.33125	0.40125	0.30125	0.26375	0.28125	0.405	-0.8	2.63333	0.1	-1.21429	-0.911111	0.4337	0.319433	0.47018	0.515357	0.497978
0.27	0.88	0.12	0.05	0.88	0.5	0.27	0.12	0.12	0.27	0.73	0.5	0.5	0.5	0.95	0.27	0.12	0.98	0.27	0.5	0.25375	0.58125	0.33875	0.10875	0.0375	0.465	0.245	0.1125	0.3725	0.44625	0.3825	0.59	0.39125	0.34	0.28125	0.34125	0.235	0.14125	0.25	0.42875	4.2	-0.0333333	-0.02	-0.0285714	-0.322222	0.4198	0.536833	0.43854	0.411157	0.462789
0.5	0.95	0.88	0.27	0.02	0.95	0.27	0.05	0.27	0.02	0.05	0.95	0.5	0.02	0.05	0.88	0.5	0.02	0.27	0.12	0.225	0.5125	0.2725	0.17625	0.26125	0.3325	0.32125	0.15	0.3725	0.4775	0.46375	0.44875	0.3825	0.40875	0.39375	0.32125	0.21625	0.23	0.19375	0.4675	-3.5	-1.26667	-0.16	0.785714	0.0888889	0.757	0.5514	0.42754	0.3929	0.419578
0.27	0.95	0.5	0.05	0.05	0.12	0.12	0.05	0.73	0.5	0.73	0.73	0.5	0.95	0.05	0.27	0.12	0.73	0.5	0.5	0.19375	0.42375	0.25875	0.18875	0.26625	0.3475	0.27875	0.15	0.33375	0.4175	0.46375	0.36	0.35375	0.3775	0.2725	0.36625	0.245	0.2575	0.25625	0.40125	-4.5	-1.4	0.36	0.0285714	0.377778	0.4774	0.428067	0.44236	0.433686	0.374667
0.12	0.02	0.01	0.01	0.05	0.02	0.01	0.01	0.01	0.99	0.95	0.02	0.73	0.5	0.02	0.02	0.12	0.02	0.12	0.95	0.22125	0.6475	0.33375	0.19875	0.2625	0.47625	0.325	0.16125	0.45625	0.24625	0.3325	0.55625	0.325	0.4425	0.27625	0.41	0.2725	0.435	0.38875	0.26	3.8	0.366667	-0.64	-0.0428571	-0.622222	0.0498	0.345	0.43646	0.404786	0.4029
0.27	0.88	0.27	0.27	0.05	0.88	0.73	0.12	0.12	0.73	0.27	0.98	0.5	0.05	0.05	0.27	0.27	0.02	0.05	0.73	0.23	0.6475	0.33	0.1975	0.2675	0.46375	0.33875	0.13875	0.3525	0.36875	0.47875	0.53125	0.38625	0.5325	0.21	0.35	0.28125	0.45	0.4575	0.34875	1.8	1.6	-0.2	-1.28571	-1.03333	0.5078	0.315967	0.33134	0.396086	0.413444
0.27	0.5	0.5	0.88	0.95	0.27	0.88	0.73	0.88	0.05	0.02	0.27	0.05	0.12	0.05	0.95	0.73	0.02	0.05	0.05	0.23	0.6	0.32	0.13	0.06	0.56875	0.32	0.0625	0.2575	0.53	0.51	0.59125	0.49	0.5525	0.15375	0.265	0.2425	0.44625	0.515	0.43375	-0.8	-0.1	-0.2	-1.42857	-1	0.3903	0.3765	0.30764	0.363457	0.402711
0.02	0.02	0.01	0	0.12	0.02	0.01	0.05	0.27	0.27	0.73	0.02	0.27	0.95	0.01	0.02	0.12	0.98	1	0.12	0.26125	0.575	0.3625	0.24	0.1675	0.515	0.505	0.175	0.30625	0.53375	0.43	0.51875	0.415	0.44875	0.15875	0.3625	0.38	0.32625	0.36875	0.44375	-1.3	-2.2	-1.86	-0.142857	-0.688889	0.2314	0.326867	0.4034	0.341429	0.360611
0.12	0.98	0.12	0.05	0.02	0.95	0.27	0.05	0.27	0.12	0.12	0.88	0.27	0.95	0.05	0.12	0.27	0.73	0.95	0.05	0.24875	0.37	0.39625	0.26125	0.18	0.4175	0.4725	0.26	0.22125	0.505	0.4175	0.35375	0.35875	0.3325	0.21	0.44	0.4375	0.2675	0.315	0.39625	-4.5	-3.43333	-1.32	-0.785714	-0.277778	0.3589	0.372967	0.36648	0.388329	0.356822
0.27	0.88	0.5	0.27	0.05	0.88	0.88	0.05	0.27	0.73	0.5	0.88	0.27	0.27	0.5	0.27	0.27	0.12	0.5	0.5	0.24875	0.395	0.43875	0.295	0.17625	0.4575	0.48625	0.35	0.235	0.31125	0.25375	0.385	0.27375	0.3575	0.27	0.54125	0.485	0.34375	0.3625	0.2275	-4.5	-1.5	-1.3	-1.15714	-0.788889	0.5286	0.403567	0.36404	0.379114	0.4479
0.27	0.12	0.27	0.12	0.12	0.73	0.27	0.12	0.12	0.88	0.73	0.27	0.88	0.73	0.5	0.27	0.27	0.95	0.73	0.5	0.2775	0.4425	0.49625	0.3425	0.2525	0.4575	0.5625	0.4175	0.3575	0.235	0.225	0.43	0.15	0.3	0.27875	0.59875	0.485	0.24375	0.3425	0.17	4.5	-0.233333	-1.2	-1.15714	-1.42222	0.3232	0.409967	0.40642	0.447571	0.468167
0.5	0.27	0.73	0.27	0.05	0.27	0.88	0.27	0.05	0.27	0.12	0.12	0.12	0.02	0.05	0.73	0.99	0.02	0.05	0.27	0.22125	0.36125	0.3775	0.21375	0.2675	0.48125	0.37625	0.31375	0.25625	0.3075	0.30125	0.415	0.24125	0.375	0.3625	0.425	0.30625	0.35875	0.4225	0.195	-0.7	1	-0.46	-1.52857	-1.05556	0.3781	0.381533	0.50854	0.513114	0.439211
0.27	0.27	0.88	0.27	0.05	0.27	0.12	0.73	0.05	0.12	0.02	0.27	0.05	0.02	0.5	0.99	0.73	0.01	0.02	0.05	0.31	0.42125	0.44875	0.305	0.25875	0.49375	0.5325	0.28375	0.25625	0.29875	0.22875	0.4275	0.2225	0.25875	0.42875	0.50875	0.38625	0.23875	0.30375	0.21375	-0.8	-0.766667	-0.34	-0.528571	-1.08889	0.4433	0.563633	0.54086	0.480371	0.504644
0.27	0.12	0.73	0.5	0.05	0.27	0.73	0.73	0.12	0.05	0.02	0.27	0.05	0.02	0.95	0.98	0.5	0.02	0.05	0.05	0.31	0.4275	0.5625	0.285	0.25875	0.49375	0.45625	0.28375	0.2475	0.355	0.27625	0.44	0.28	0.14625	0.42875	0.51	0.39625	0.2375	0.1875	0.24125	-0.8	-1.83333	-0.74	-0.114286	-1.02222	0.8695	0.667667	0.50216	0.522043	0.518178
0.5	0.5	0.5	0.5	0.73	0.73	0.73	0.73	0.95	0.27	0.27	0.73	0.12	0.05	0.12	0.73	0.27	0.05	0.12	0.27	0.31	0.36125	0.59125	0.31375	0.17	0.4175	0.45625	0.28375	0.125	0.23875	0.18875	0.36375	0.24375	0.115	0.59375	0.57	0.4825	0.22125	0.11875	0.16625	-3.9	-0.733333	-0.92	-1.31429	-0.911111	0.6902	0.563133	0.5906	0.544543	0.522122
0.05	0	0.01	0	1	0	0	0.05	0	0.02	0.02	0	0.02	0.01	0.27	0.02	0.02	0.01	0.01	0.02	0.45625	0.415	0.625	0.3675	0.1275	0.4325	0.62375	0.4725	0.235	0.19375	0.13125	0.43625	0.1525	0.03125	0.51875	0.65875	0.495	0.11	0.04375	0.14125	2.5	-1	-1.54	-1.71429	-1.21111	0.1297	0.546733	0.59808	0.571114	0.487689
0.5	0.5	0.73	0.73	0.05	0.12	0.5	0.27	0.27	0.05	0.05	0.27	0.05	0.02	0.99	0.95	0.5	0.01	0.02	0.05	0.37125	0.32	0.445	0.24375	0.24625	0.38625	0.4525	0.4125	0.19625	0.28	0.175	0.39	0.1675	0.03375	0.42375	0.45375	0.32625	0.10875	0.0425	0.22875	-1.6	-1	-2.08	-1.34286	-0.666667	0.8203	0.4769	0.537	0.509686	0.4493
0.12	0.88	0.88	0.12	0.02	0.95	0.27	0.05	0.27	0.5	0.5	0.98	0.73	0.05	0.5	0.12	0.12	0.73	0.05	0.27	0.41875	0.24	0.3175	0.2875	0.25	0.25	0.4675	0.35	0.19125	0.33375	0.17875	0.27	0.13875	0.0425	0.42375	0.43625	0.2975	0.01875	0.0425	0.3175	-3.9	-3	-0.94	-0.628571	-0.0777778	0.4807	0.6217	0.40162	0.390129	0.406722
0.5	0.73	0.5	0.5	0.02	0.73	0.88	0.05	0.12	0.02	0.05	0.73	0.05	0.05	0.99	0.5	0.73	0.02	0.02	0.12	0.37125	0.2775	0.275	0.1775	0.24625	0.245	0.30125	0.26	0.1975	0.42125	0.295	0.26875	0.2325	0.165	0.245	0.26875	0.16125	0.12	0.1025	0.42125	-3.5	-1.86667	-0.6	0.571429	0.322222	0.5641	0.3527	0.3822	0.300114	0.3106
0.99	0.05	0.05	0.05	0.05	0.12	0.88	0.95	0.05	0.27	0.02	0.12	0.05	0.02	0.05	0.27	0.12	0.02	0.02	0.05	0.28125	0.39125	0.28375	0.18625	0.1575	0.2925	0.2725	0.0625	0.15	0.4475	0.35625	0.36375	0.28	0.225	0.35375	0.24	0.295	0.22375	0.15	0.4875	1.8	0.833333	0.62	0.614286	0.322222	0.0133	0.203333	0.23016	0.282214	0.258044
0.27	0.01	0.01	0.01	0.05	0.02	0.01	0.01	0.01	0.99	0.5	0.02	0.27	0.05	0.01	0.02	0.12	0.01	0.05	1	0.38	0.4025	0.29375	0.1975	0.03875	0.31125	0.3875	0.17625	0.1575	0.38875	0.40375	0.43875	0.3125	0.25375	0.35875	0.33125	0.4175	0.22625	0.15125	0.38125	4.2	3.5	1.96	0.285714	-0.0333333	0.0326	0.0353333	0.1349	0.196057	0.253133
0.27	0.01	0.01	0.01	0.05	0.01	0.01	0.01	0.01	1	0.5	0.02	0.5	0.12	0.01	0.02	0.12	0.01	0.05	0.98	0.3325	0.45875	0.265	0.1125	0.035	0.36	0.35875	0.14875	0.23375	0.415	0.4125	0.52875	0.2925	0.2575	0.26875	0.24625	0.38875	0.2275	0.155	0.44	4.5	3.83333	1.88	0.742857	0.644444	0.0601	0.0323667	0.06552	0.1396	0.233356
0.27	0.27	0.01	0	0.02	0.01	0.01	0.01	0.02	0.27	0.5	0.01	0.12	1	0.01	0.02	0.02	0.12	0.5	0.73	0.3325	0.43875	0.27375	0.16125	0.03875	0.35125	0.35875	0.14875	0.2325	0.45	0.38375	0.53	0.2825	0.14375	0.22125	0.29375	0.40125	0.125	0.09875	0.44375	2.8	1.13333	1.38	1.88571	1.54444	0.0044	0.0939	0.07996	0.150771	0.281789
0.27	0.73	0.12	0.12	0.05	0.5	0.5	0.05	0.5	0.73	0.73	0.88	0.5	0.5	0.05	0.27	0.73	0.88	0.5	0.73	0.30375	0.32375	0.31625	0.14625	0.035	0.2325	0.2025	0.26125	0.27625	0.39125	0.35	0.3925	0.23125	0.20125	0.095	0.23375	0.2275	0.02875	0.09875	0.43	-3.9	-0.6	1.44	2.22857	2.13333	0.2172	0.102367	0.2019	0.279814	0.286767
0.12	0.05	0.05	0.05	0.05	0.05	0.05	0.02	0.02	0.27	0.88	0.5	0.5	0.27	0.27	0.5	1	0.02	0.05	0.12	0.2325	0.52625	0.38125	0.155	0.03125	0.33625	0.16375	0.14875	0.3925	0.4175	0.3625	0.5475	0.2875	0.23375	0.07625	0.205	0.19375	0.13625	0.1675	0.5025	-0.7	-0.0333333	1.38	1.88571	1.5	0.0855	0.315	0.3732	0.362143	0.362278
0.12	0.95	0.5	0.05	0.02	0.5	0.27	0.05	0.88	0.27	0.12	0.99	0.12	0.12	0.27	0.27	0.27	0.02	0.05	0.5	0.2325	0.50375	0.33875	0.21625	0.03125	0.4	0.2575	0.15	0.3175	0.30875	0.40125	0.59375	0.3925	0.24875	0.08125	0.29375	0.285	0.1375	0.1675	0.345	4.5	2.66667	1.18	0.685714	0.644444	0.6423	0.548133	0.4941	0.452543	0.428922
0.12	0.98	0.95	0.5	0.02	0.88	0.27	0.05	0.27	0.05	0.27	0.98	0.27	0.02	0.12	0.5	0.12	0.02	0.05	0.05	0.26125	0.50125	0.28375	0.16	0.03125	0.35375	0.25875	0.15125	0.395	0.33375	0.41125	0.595	0.345	0.3375	0.10125	0.29625	0.30375	0.13875	0.17625	0.40125	4.2	3.5	1.18	-0.214286	0.644444	0.9166	0.7226	0.58924	0.542257	0.439611
0.27	0.27	0.95	0.5	0.02	0.27	0.12	0.99	0.95	0.01	0.01	0.5	0.02	0.01	0.02	0.27	0.05	0.01	0.02	0.01	0.21125	0.55625	0.2825	0.16	0.15375	0.42875	0.27625	0.0325	0.3075	0.3075	0.38375	0.65375	0.3625	0.21375	0.1125	0.325	0.3125	0.125	0.1175	0.3175	1.8	0.7	0.62	0.985714	0.611111	0.6089	0.739467	0.69862	0.533557	0.462689
0.27	0.99	0.5	0.05	0.02	0.5	0.12	0.02	0.5	0.02	0.27	0.98	0.5	0.05	0.12	0.27	0.12	0.02	0.12	0.02	0.30125	0.38125	0.33	0.20375	0.1625	0.34375	0.22	0.23875	0.30375	0.23	0.35125	0.49	0.255	0.1525	0.1	0.35375	0.275	0.01625	0.04875	0.31625	-3.9	-1.86667	0.62	1.44286	1.24444	0.6929	0.644733	0.60142	0.551643	0.439667
0.27	0.73	0.12	0.5	0.02	0.98	0.98	0.05	0.27	0.12	0.05	0.88	0.73	0.02	0.05	0.5	0.12	0.02	0.05	0.12	0.2925	0.41375	0.49375	0.26625	0.1575	0.31125	0.16875	0.23875	0.36375	0.185	0.275	0.47375	0.16625	0.12375	0.10875	0.325	0.165	0.01375	0.05375	0.29	-3.5	-0.966667	0.28	1.05714	0.933333	0.6324	0.493867	0.46052	0.461314	0.4592
0.5	0.02	0.02	0.01	0.05	0.02	0.02	0.02	0.02	0.98	0.73	0.02	0.27	0.73	0.02	0.27	0.12	0.02	0.12	0.98	0.26375	0.385	0.44625	0.355	0.1525	0.37125	0.2575	0.2375	0.28625	0.045	0.175	0.46375	0.21	0.02	0.20375	0.32625	0.165	0.01125	0.03875	0.12125	4.5	1.16667	0.28	-0.0428571	0.255556	0.1563	0.3336	0.34074	0.3677	0.405022
0.02	0	0	0	1	0	0	0	0	0.02	0.02	0	0.01	0	0	0.02	0.02	0	0	0.02	0.3425	0.35625	0.44	0.35625	0.03375	0.37375	0.3175	0.2675	0.34625	0.16125	0.2325	0.46625	0.215	0.11125	0.1975	0.38625	0.225	0.01375	0.05375	0.24125	2.5	2.93333	0.36	-0.528571	-0.644444	0.2121	0.126133	0.25442	0.302814	0.387778
0.99	0.05	0.05	0.02	0.12	0.05	0.05	0.73	0.02	0.12	0.73	0.05	0.12	0.05	0.05	0.5	0.5	0.02	0.05	0.73	0.27875	0.35	0.3775	0.3825	0.1475	0.4525	0.415	0.0675	0.24	0.15375	0.1575	0.5075	0.21375	0.10625	0.20375	0.355	0.22125	0.0125	0.05125	0.185	1.8	0.266667	0.74	-0.528571	-1.23333	0.01	0.161133	0.15888	0.3126	0.363389
0.05	0.05	0.98	1	0.01	0.27	0.5	0.05	0.27	0.01	0.05	0.27	0.02	0.01	0.27	0.5	0.12	0	0.02	0.01	0.3775	0.3175	0.26125	0.31625	0.16125	0.425	0.40625	0.18375	0.18	0.17125	0.22375	0.48125	0.17	0.1075	0.28	0.355	0.345	0.015	0.04625	0.27875	-3.5	-1.1	-0.94	-0.528571	-1.23333	0.2613	0.142	0.2799	0.277886	0.363989
0.12	0.01	0.02	0.27	0.01	0.02	0.02	0.01	0.01	0.01	0	0.05	0.01	0	1	0.05	0.27	0	0	0.01	0.33625	0.3225	0.36625	0.345	0.15875	0.34875	0.3775	0.18875	0.18	0.15625	0.23	0.405	0.0825	0.12125	0.1825	0.35	0.3125	0.1375	0.07625	0.26375	-1.6	-3	-2.14	-1.72857	-0.944444	0.1547	0.392467	0.31536	0.355314	0.319144
0.27	0.73	0.88	0.5	0.02	0.88	0.73	0.27	0.73	0.02	0.02	0.98	0.05	0.02	0.05	0.73	0.5	0.02	0.05	0.05	0.26125	0.23125	0.2575	0.31625	0.1575	0.24	0.2875	0.15375	0.08875	0.1425	0.19875	0.2875	0.0775	0.03375	0.3	0.23375	0.3025	0.13375	0.06125	0.26125	-3.9	-3	-3.28	-2.21429	-0.977778	0.7614	0.435167	0.45302	0.3577	0.3026
0.73	0.27	0.5	0.73	0.05	0.95	0.95	0.12	0.12	0.05	0.12	0.88	0.12	0.02	0.12	0.5	0.5	0.02	0.05	0.27	0.2075	0.38	0.32	0.32125	0.03	0.35625	0.3225	0.175	0.18	0.1375	0.185	0.41875	0.07375	0.03375	0.325	0.275	0.315	0.135	0.06375	0.2325	-3.5	-3.76667	-2.76	-1.87143	-1.64444	0.3894	0.616367	0.44652	0.357329	0.337944
0.12	0.73	0.5	0.5	0.02	0.5	0.5	0.27	0.27	0.05	0.12	0.99	0.05	0.02	0.95	0.27	0.73	0.02	0.05	0.05	0.175	0.435	0.42375	0.46625	0.02125	0.4975	0.4825	0.07125	0.17375	0.12875	0.10875	0.50875	0.10125	0.0425	0.22125	0.275	0.2575	0.135	0.0725	0.175	-3.9	-2.76667	-1.6	-1.87143	-2.23333	0.6983	0.438833	0.41706	0.395743	0.398189
0.01	0.73	0	0	0	0.12	0.27	0.05	0.01	0	0.05	0.05	0.02	0.12	0	0.01	0.01	1	0.27	0	0.27375	0.435	0.37	0.40625	0.1325	0.5175	0.455	0.1075	0.2825	0.225	0.2025	0.59875	0.165	0.09125	0.3125	0.27875	0.36625	0.0275	0.16625	0.27125	-0.9	-0.2	-1.52	-2.14286	-1.93333	0.2288	0.3115	0.37082	0.452529	0.377178
0.05	0.01	0.01	0.01	0.05	0.01	0.01	0	0.01	0.88	0.5	0.01	0.27	0.05	0.01	0.02	0.27	0.01	0.05	1	0.26	0.5575	0.36875	0.3725	0.13125	0.535	0.4875	0.11375	0.28375	0.23625	0.25625	0.6125	0.2575	0.1625	0.18875	0.2775	0.315	0.15375	0.2	0.26375	4.2	-0.0666667	-1.52	-1.7	-1.25556	0.0074	0.255467	0.40338	0.354071	0.376
0.05	0.73	0.12	0.27	0.01	1	0.5	0.02	0.12	0.01	0.01	0.95	0.05	0	0.27	0.12	0.12	0.01	0.02	0.01	0.26	0.48625	0.355	0.34	0.13625	0.42	0.445	0.08375	0.27	0.345	0.3175	0.495	0.285	0.16875	0.15625	0.23625	0.305	0.15375	0.20375	0.38375	-3.5	-0.933333	-0.9	-0.557143	-1.21111	0.5302	0.363267	0.27816	0.319029	0.375011
0.12	0.95	0.88	0.95	0.02	0.73	0.88	0.05	0.12	0.05	0.12	0.88	0.27	0.12	0.05	0.27	0.27	0.02	0.12	0.05	0.19375	0.51625	0.26	0.255	0.135	0.3975	0.3125	0.07125	0.3775	0.39625	0.35125	0.50375	0.33375	0.21375	0.175	0.18875	0.28625	0.165	0.30375	0.37875	-3.5	-2.6	0.18	-0.5	-1.17778	0.5522	0.384867	0.26122	0.326771	0.3899
0.73	0.05	0.05	0.02	0.88	0.05	0.05	0.12	0.88	0.73	0.73	0.05	0.5	0.5	0.05	0.27	0.27	0.12	0.99	0.73	0.10875	0.54	0.3025	0.30875	0.03125	0.4225	0.355	0.02875	0.25	0.3675	0.38375	0.48625	0.40875	0.255	0.0575	0.1575	0.20125	0.24125	0.20375	0.37875	-0.8	0.0666667	-1.36	-0.828571	-0.322222	0.0722	0.256167	0.41024	0.368857	0.332044
0.05	0.27	0.02	0.01	0.05	0.05	0.02	0.01	0.02	0.98	0.88	0.12	1	0.5	0.02	0.05	0.12	0.02	0.05	0.95	0.2075	0.5125	0.41625	0.43375	0.1375	0.5175	0.44375	0.05125	0.37125	0.33875	0.37375	0.5625	0.35	0.2425	0.0675	0.24625	0.23375	0.13	0.29	0.3575	4.5	0.0666667	-1.3	-0.885714	-0.611111	0.1441	0.322933	0.40888	0.393171	0.380233
0.27	0.88	0.88	0.5	0.02	0.95	0.88	0.05	0.73	0.02	0.02	0.98	0.05	0.02	0.05	0.5	0.27	0.02	0.05	0.02	0.23625	0.545	0.39875	0.38625	0.14125	0.5225	0.3975	0.08	0.39125	0.355	0.4525	0.5725	0.545	0.3025	0.06875	0.22125	0.19625	0.13125	0.29875	0.355	-3.5	-0.733333	0.16	-0.885714	-1.51111	0.7525	0.473333	0.33396	0.412071	0.469611
0.27	0.73	0.5	0.73	0.05	0.5	0.27	0.05	0.98	0.5	0.5	0.88	0.73	0.5	0.05	0.27	0.5	0.12	0.95	0.27	0.245	0.595	0.5225	0.3575	0.13875	0.56375	0.445	0.08375	0.36	0.30875	0.3975	0.58875	0.4875	0.245	0.04125	0.2975	0.18625	0.12	0.19	0.32875	-3.2	-0.966667	-0.38	-0.942857	-1.51111	0.5234	0.4845	0.45202	0.449157	0.4939
0.05	0.02	0.01	0	0.05	0.02	0.01	0	0.01	0.5	0.99	0.02	0.88	0.73	0.01	0.02	0.05	0.73	0.12	0.73	0.34875	0.58	0.5075	0.345	0.15125	0.5475	0.3825	0.09875	0.4725	0.33625	0.33625	0.60125	0.45	0.2075	0.055	0.4175	0.3275	0.04375	0.285	0.375	3.8	-0.966667	-2.06	-1.32857	-1.2	0.1776	0.4545	0.58556	0.545814	0.556289
