0.27	0.12	0.12	0.05	0.12	0.12	0.12	0.05	0.12	0.5	0.95	0.12	0.88	0.95	0.05	0.88	0.27	0.12	0.5	0.5	0.37875	0.50625	0.4075	0.395	0.195	0.6075	0.625	0.3075	0.34125	0.16	0.2325	0.59375	0.20625	0.12625	0.18875	0.42375	0.42375	0.16875	0.22	0.19875	-0.8	-0.166667	-0.24	0.0285714	-0.411111	0.3507	0.391233	0.49754	0.562929	0.653611
0.12	0.12	0.12	0.12	0.98	0.27	0.73	0.05	0.27	0.5	0.5	0.5	0.27	0.5	0.05	0.27	0.73	0.99	0.98	0.27	0.45375	0.515	0.36	0.3675	0.09625	0.63625	0.5675	0.245	0.4175	0.1725	0.32	0.565	0.31	0.23875	0.23625	0.52875	0.385	0.06875	0.26375	0.255	3.8	-0.5	-1.08	-0.728571	-0.166667	0.2314	0.363467	0.4575	0.506486	0.547289
0.27	0.98	0.5	0.5	0.05	0.88	0.5	0.12	0.27	0.05	0.05	0.95	0.12	0.02	0.12	0.73	0.5	0.05	0.12	0.05	0.375	0.4075	0.34125	0.41	0.185	0.58875	0.5875	0.29375	0.475	0.21625	0.36375	0.50875	0.32	0.295	0.20875	0.4425	0.41375	0.1825	0.3625	0.255	-4.5	-0.366667	-1.08	-1.01429	-0.755556	0.5083	0.4484	0.42962	0.467514	0.531689
0.5	0.5	0.27	0.73	0.05	0.88	0.95	0.73	0.27	0.05	0.12	0.73	0.12	0.05	0.73	0.5	0.5	0.05	0.05	0.12	0.34625	0.4675	0.465	0.42875	0.17625	0.52875	0.5875	0.22625	0.475	0.21625	0.3275	0.59375	0.32	0.2725	0.14125	0.51875	0.41375	0.17375	0.37125	0.18875	-0.4	-2.8	-0.56	-1.01429	-0.755556	0.6055	0.522	0.46606	0.483986	0.528878
0.12	0.98	0.98	0.27	0.02	0.5	0.27	0.12	0.99	0.02	0.05	0.73	0.12	0.05	0.05	0.27	0.73	0.02	0.27	0.05	0.47	0.3125	0.32875	0.39125	0.1925	0.5	0.58375	0.3025	0.3575	0.33625	0.36375	0.49	0.33875	0.285	0.22625	0.605	0.46125	0.18125	0.3525	0.30125	-3.5	-0.7	-2.02	-0.357143	-0.166667	0.4522	0.5302	0.56116	0.545371	0.520567
0.95	0.12	0.12	0.12	0.12	0.5	0.27	0.5	0.88	0.12	0.27	0.27	0.27	0.5	0.5	0.73	0.27	0.12	0.88	0.27	0.335	0.4075	0.42375	0.405	0.1675	0.4875	0.57125	0.25	0.41875	0.2675	0.28	0.535	0.21625	0.20125	0.165	0.44	0.4875	0.21625	0.33875	0.2175	1.8	-1.73333	-0.36	-0.642857	-0.222222	0.5329	0.564	0.61558	0.586143	0.538033
0.5	0.27	0.5	0.99	0.05	0.73	0.88	0.73	0.73	0.02	0.02	0.5	0.05	0.02	0.12	0.5	0.27	0.02	0.05	0.05	0.39125	0.4925	0.47125	0.29625	0.05625	0.535	0.46625	0.22125	0.41875	0.28	0.255	0.5625	0.225	0.20125	0.325	0.46875	0.43	0.1075	0.32625	0.22625	-3.5	0.7	0.08	-0.185714	-0.144444	0.7069	0.6734	0.59784	0.586086	0.592122
0.27	0.27	0.88	0.5	0.05	0.5	0.95	0.12	0.27	0.5	0.73	0.73	0.73	0.12	0.12	0.5	0.27	0.05	0.12	0.27	0.3925	0.37625	0.395	0.2975	0.05625	0.46	0.3975	0.285	0.44875	0.3325	0.27	0.42125	0.25	0.22	0.3125	0.38375	0.40125	0.10375	0.365	0.28375	3.8	0.7	0.52	0.514286	0.777778	0.7804	0.668033	0.60898	0.602186	0.570833
0.88	0.12	0.12	0.12	0.12	0.12	0.27	0.12	0.05	0.95	0.27	0.12	0.27	0.12	0.12	0.73	0.88	0.05	0.12	0.88	0.26875	0.42375	0.575	0.3725	0.04375	0.5075	0.42625	0.25625	0.47625	0.285	0.31875	0.525	0.32625	0.2475	0.23625	0.38375	0.29625	0.1	0.37375	0.19875	1.8	1.43333	1.06	1.55714	0.733333	0.5168	0.6017	0.64604	0.582829	0.571222
0.02	0.02	0.02	0.01	0.02	0.02	0.02	0.01	0.5	0.05	0.5	0.02	0.05	0.73	0.01	0.02	0.02	0.5	1	0.05	0.395	0.37625	0.5275	0.44375	0.06	0.54875	0.515	0.27	0.415	0.40125	0.29875	0.48	0.44875	0.2275	0.25	0.5575	0.375	0.05625	0.34	0.3025	-1.3	1.66667	2.52	1.18571	1.33333	0.5079	0.580967	0.568	0.5937	0.551422
0.12	0.95	0.88	0.12	0.02	0.88	0.5	0.05	0.12	0.5	0.05	0.95	0.12	0.02	0.95	0.27	0.27	0.02	0.05	0.12	0.2975	0.36375	0.4675	0.4775	0.0475	0.47	0.53125	0.2175	0.3675	0.33625	0.3275	0.44875	0.42125	0.25625	0.18	0.52625	0.3725	0.10375	0.355	0.26625	4.5	2.33333	1.6	1.95714	0.744444	0.7182	0.514267	0.53372	0.531857	0.579133
0.05	0.05	0.27	0.02	0.05	0.05	0.02	0.02	0.05	0.95	0.88	0.05	1	0.27	0.02	0.05	0.27	0.05	0.5	0.73	0.25875	0.565	0.59125	0.38125	0.04	0.51625	0.5725	0.16375	0.395	0.28	0.22375	0.59	0.31125	0.225	0.40375	0.50625	0.3725	0.1	0.29875	0.18625	3.8	2.5	1.62	0.914286	0.955556	0.3167	0.547967	0.48516	0.532129	0.5376
0.12	0.73	0.95	0.95	0.02	0.88	0.5	0.5	0.27	0.12	0.05	0.95	0.27	0.27	0.12	0.73	0.27	0.02	0.12	0.05	0.27875	0.56875	0.41125	0.20875	0.1475	0.38375	0.40875	0.095	0.34875	0.38375	0.29875	0.44875	0.43	0.2725	0.3825	0.3925	0.44875	0.10375	0.34625	0.27125	-0.8	1.63333	1.18	0.428571	0.811111	0.609	0.3999	0.54004	0.505886	0.474411
0.27	0.5	0.5	0.73	0.05	0.73	0.73	0.12	0.95	0.05	0.12	0.27	0.88	0.5	0.05	0.95	0.5	0.12	0.88	0.05	0.165	0.705	0.4675	0.2275	0.13125	0.4025	0.3525	0.2525	0.34875	0.275	0.25875	0.5525	0.32625	0.23125	0.3825	0.28875	0.31625	0.0875	0.2425	0.16375	1.9	-0.8	-0.04	0.971429	0.566667	0.274	0.5551	0.46302	0.463571	0.420478
0.27	0.95	0.5	0.5	0.02	0.73	0.88	0.12	0.12	0.05	0.05	0.95	0.12	0.02	0.88	0.73	0.5	0.02	0.05	0.05	0.1775	0.70875	0.47125	0.2575	0.1475	0.415	0.3375	0.25375	0.48125	0.37875	0.32375	0.49875	0.53375	0.23375	0.28375	0.32	0.32875	0.0525	0.3125	0.24875	-3.5	-1.06667	-0.3	0.271429	0.355556	0.7823	0.463133	0.44202	0.365457	0.367156
0.12	0.98	0.88	0.12	0.02	0.27	0.73	0.27	0.88	0.02	0.02	0.73	0.05	0.02	0.98	0.12	0.27	0.02	0.05	0.02	0.30375	0.5925	0.37625	0.29625	0.27	0.36875	0.3	0.24375	0.3775	0.335	0.355	0.41375	0.5425	0.2375	0.15875	0.39625	0.33875	0.0525	0.3125	0.2525	-1.6	-0.866667	-0.22	-0.728571	0.133333	0.3331	0.442367	0.3265	0.324214	0.287856
0.5	0.98	0.12	0.05	0.88	0.27	0.12	0.05	0.12	0.5	0.5	0.5	0.95	0.5	0.05	0.27	0.88	0.05	0.12	0.27	0.25625	0.58875	0.43875	0.30375	0.1625	0.365	0.375	0.27	0.4675	0.275	0.30875	0.43875	0.3675	0.1775	0.27375	0.37375	0.235	0.04875	0.2475	0.22125	2.5	0.166667	-1.24	-0.257143	0.133333	0.2117	0.192067	0.2773	0.237857	0.254011
0.12	0.98	0.12	0.05	0.02	0.12	0.05	1	0.73	0.01	0.02	0.27	0.05	0.02	0.05	0.12	0.05	0.02	0.05	0.02	0.295	0.49875	0.335	0.18625	0.27375	0.27625	0.3225	0.09	0.35875	0.44625	0.425	0.35125	0.55625	0.21875	0.26	0.31625	0.32	0.0525	0.2475	0.35625	-0.4	-0.366667	-0.04	0.0142857	0.722222	0.0314	0.0903667	0.12174	0.200443	0.186933
0.12	0.5	0.05	0.02	0.12	0.12	0.05	0.02	0.73	0.88	0.95	0.27	0.95	0.27	0.05	0.05	0.12	0.12	0.73	0.73	0.2675	0.51125	0.2825	0.1	0.26125	0.1875	0.2325	0.19875	0.2425	0.45625	0.385	0.32	0.39625	0.235	0.25625	0.20875	0.26375	0.03125	0.0675	0.37125	-3.2	-0.366667	1.04	1.15714	1.01111	0.028	0.0213	0.05754	0.0894429	0.157922
0.98	0.05	0.5	0.05	1	0.05	0.05	0.12	0.05	0.12	0.27	0.05	0.12	0.05	0.05	0.27	0.12	0.02	0.05	0.12	0.1325	0.46375	0.28875	0.14375	0.27375	0.12	0.1375	0.1775	0.3275	0.57875	0.46625	0.235	0.49125	0.2625	0.14875	0.1525	0.21625	0.0425	0.14875	0.4475	2.5	1.03333	1.44	2.02857	1.01111	0.0045	0.0148667	0.01626	0.0437	0.0732444
0.05	0.02	0.01	0.01	0.05	0.02	0.01	0.01	0.01	0.95	0.99	0.02	0.5	0.27	0.01	0.02	0.05	0.05	0.05	0.73	0.24	0.36	0.365	0.1675	0.50875	0.2	0.06625	0.16375	0.345	0.50625	0.37625	0.1625	0.44375	0.235	0.03375	0.2025	0.20625	0.0375	0.14875	0.38375	3.8	3.6	2.42	1.17143	0.8	0.0121	0.0073	0.01256	0.0163429	0.0372222
0.05	0.01	0.12	0.01	0.05	0.02	0.01	0.01	0.01	1	0.5	0.02	0.88	0.12	0.01	0.12	0.12	0.02	0.05	0.88	0.21125	0.33	0.37	0.195	0.405	0.2575	0.16125	0.16375	0.44	0.52875	0.40875	0.21	0.3875	0.1975	0.0425	0.19	0.1975	0.04125	0.14875	0.39375	4.5	4.26667	2.36	0.728571	0.988889	0.0053	0.0101	0.011	0.0131286	0.0340111
0.05	0.12	0.01	0.01	0.05	0.02	0.01	0.01	0.02	1	0.73	0.02	0.5	0.88	0.02	0.02	0.12	0.05	0.12	0.88	0.25875	0.285	0.4875	0.28	0.405	0.305	0.27375	0.10125	0.47	0.53	0.38	0.2675	0.435	0.1025	0.05	0.25	0.25375	0.0375	0.14875	0.3975	4.5	1.83333	1.16	1.78571	0.644444	0.0129	0.0128	0.01188	0.0352429	0.0856333
0.05	0.12	1	0.88	1	0.12	0.12	0.05	0.12	0.27	0.02	0.05	0.05	0.02	0.02	0.5	0.12	0.01	0.02	0.05	0.24625	0.225	0.42	0.17125	0.38125	0.28	0.25625	0.09625	0.3725	0.52625	0.4125	0.2325	0.3875	0.30125	0.045	0.18625	0.245	0.06125	0.18	0.41625	-3.5	-0.833333	1.24	0.928571	1.31111	0.0202	0.014	0.04602	0.105457	0.0934889
0.05	0.12	1	0.27	0.95	0.88	0.12	0.05	0.98	0.27	0.02	0.12	0.05	0.02	0.02	0.27	0.12	0.01	0.05	0.12	0.18625	0.2525	0.39125	0.3325	0.3725	0.2125	0.28375	0.115	0.3775	0.545	0.44125	0.25125	0.40625	0.38625	0.13	0.24375	0.2925	0.0925	0.26125	0.42625	-3.5	-0.933333	-0.36	0.785714	1.31111	0.0089	0.0706333	0.14416	0.117829	0.145867
0.27	0.73	0.27	0.27	0.05	0.73	0.88	0.05	0.88	0.73	0.27	0.88	0.88	0.05	0.12	0.27	0.88	0.05	0.12	0.5	0.215	0.265	0.54375	0.4225	0.5125	0.29125	0.27875	0.17625	0.4225	0.4025	0.34875	0.245	0.27375	0.3825	0.17875	0.30375	0.25375	0.19125	0.28	0.32125	4.2	-0.933333	-0.7	0.5	0.388889	0.1828	0.229233	0.16132	0.185057	0.206933
0.5	0.73	0.95	0.73	0.02	0.5	0.95	0.5	0.98	0.02	0.02	0.73	0.05	0.02	0.12	0.5	0.5	0.02	0.12	0.05	0.2425	0.2975	0.50625	0.42625	0.54375	0.40875	0.36	0.1525	0.5	0.42875	0.38	0.32375	0.30125	0.405	0.2875	0.35125	0.34875	0.22625	0.3075	0.33	-3.5	1.16667	0.5	-0.785714	-0.5	0.496	0.259167	0.25246	0.263457	0.270156
0.02	0.02	0.5	0.02	0.88	0.02	0.02	0.02	0.05	0.12	0.5	0.02	0.12	1	0.01	0.02	0.05	0.27	0.88	0.05	0.33	0.43375	0.67125	0.62375	0.445	0.5575	0.56625	0.22625	0.6475	0.30625	0.24375	0.50125	0.245	0.17875	0.40875	0.5	0.5	0.195	0.2125	0.235	2.8	0.6	0.3	-0.785714	-1.08889	0.0987	0.356867	0.36302	0.342614	0.325589
0.5	0.27	0.27	0.73	0.88	0.27	0.27	0.27	0.95	0.27	0.5	0.27	0.27	0.73	0.73	0.5	0.5	0.27	0.73	0.27	0.2975	0.45	0.685	0.4875	0.335	0.57375	0.5825	0.29875	0.63875	0.26	0.2475	0.4975	0.235	0.225	0.37875	0.46875	0.49125	0.20875	0.32	0.21625	2.5	0.266667	-1.24	-0.4	-0.744444	0.4759	0.378767	0.44132	0.414457	0.3894
0.5	0.73	0.5	0.73	0.27	0.5	0.73	0.5	0.27	0.27	0.5	0.73	0.27	0.27	0.5	0.5	0.5	0.88	0.27	0.27	0.30625	0.3925	0.5375	0.46	0.3075	0.45	0.51625	0.27	0.6075	0.3175	0.3675	0.43125	0.35375	0.31375	0.41125	0.45	0.53875	0.14625	0.38625	0.26375	-4.5	-1.83333	-0.7	-1.05714	0.0666667	0.5617	0.5373	0.44448	0.473271	0.423278
0.5	0.27	0.5	0.5	0.27	0.73	0.73	0.27	0.73	0.5	0.5	0.5	0.27	0.27	0.88	0.73	0.5	0.27	0.27	0.5	0.335	0.46875	0.5375	0.48875	0.3075	0.36375	0.46875	0.32625	0.5025	0.23125	0.34875	0.46	0.335	0.3225	0.4675	0.47875	0.4625	0.2225	0.38625	0.1875	-3.5	-2.93333	-1.34	-0.0142857	-0.9	0.5743	0.549267	0.54364	0.447243	0.464444
0.27	0.5	0.88	0.88	0.12	0.73	0.73	0.12	0.27	0.12	0.12	0.73	0.12	0.05	0.88	0.73	0.88	0.05	0.12	0.12	0.36375	0.45875	0.43375	0.44125	0.38625	0.335	0.4125	0.2975	0.47125	0.29125	0.4275	0.4025	0.38125	0.38125	0.54375	0.52625	0.44375	0.25375	0.42375	0.2625	-0.8	-1.56667	-1.08	-1.05714	-0.588889	0.5118	0.5602	0.51122	0.512186	0.466322
0.27	0.5	0.88	0.5	0.12	0.5	0.5	0.88	0.95	0.05	0.05	0.27	0.12	0.12	0.5	0.73	0.5	0.12	0.73	0.12	0.395	0.58125	0.38625	0.4925	0.27875	0.395	0.45375	0.2025	0.395	0.2875	0.37625	0.52	0.3725	0.25	0.59625	0.58625	0.49125	0.21375	0.24375	0.25875	-0.4	0.866667	-1.08	-1.51429	-1.4	0.5945	0.473367	0.50954	0.517471	0.493578
0.12	0.12	0.05	0.05	0.12	0.12	0.05	0.05	0.05	0.73	0.98	0.05	1	0.27	0.05	0.12	0.5	0.12	0.12	0.5	0.385	0.6575	0.575	0.57625	0.175	0.47125	0.5675	0.2875	0.45125	0.2025	0.20375	0.57625	0.24375	0.14625	0.595	0.69125	0.52	0.18625	0.2625	0.21125	3.8	-0.366667	-0.52	-1.51429	-1.75556	0.3138	0.4872	0.49726	0.486371	0.517511
0.5	0.88	0.27	0.27	0.05	0.27	0.5	0.27	0.5	0.27	0.12	0.88	0.73	0.12	0.95	0.73	0.27	0.05	0.12	0.12	0.29	0.47375	0.5	0.4725	0.1525	0.39625	0.42625	0.3225	0.36375	0.2275	0.25	0.3875	0.24625	0.13375	0.4225	0.5675	0.4925	0.0875	0.23125	0.2275	-4.5	-0.466667	-1.26	-1.11429	-1.3	0.5533	0.46	0.4637	0.503086	0.510767
0.5	0.88	0.5	0.73	0.5	0.27	0.5	0.12	0.27	0.12	0.27	0.5	0.27	0.27	0.73	0.88	0.73	0.05	0.27	0.27	0.34625	0.455	0.42375	0.3675	0.0775	0.32	0.35	0.37	0.3075	0.19875	0.175	0.3875	0.285	0.0875	0.355	0.5675	0.49625	0.05625	0.185	0.16125	-0.7	-3.23333	-1.32	-1.05714	-1	0.5129	0.470067	0.48306	0.501543	0.476789
0.27	1	0.12	0.05	0.02	0.27	0.12	0.02	0.12	0.02	0.02	0.5	0.05	0.02	0.05	0.5	0.05	0.02	0.05	0.02	0.35625	0.41125	0.48	0.465	0.2325	0.29125	0.425	0.3825	0.4025	0.19875	0.19375	0.3875	0.30375	0.115	0.345	0.5575	0.48625	0.05625	0.20375	0.18375	-4.5	-1.96667	-2.16	-1.11429	-1.3	0.344	0.516067	0.5205	0.454971	0.477667
0.27	0.5	0.95	0.95	0.05	0.5	0.73	0.12	0.5	0.27	0.05	0.5	0.12	0.05	0.27	0.73	0.73	0.05	0.27	0.27	0.385	0.42625	0.2725	0.29625	0.32375	0.215	0.32	0.29375	0.2425	0.2525	0.275	0.445	0.37125	0.15875	0.26125	0.4525	0.3725	0.04375	0.1475	0.25625	-0.7	-1.86667	-1.42	-2.15714	-0.755556	0.6913	0.5121	0.46354	0.484386	0.473911
0.12	0.02	0.12	0.12	0.02	0.05	0.05	1	0.02	0.01	0.01	0.05	0.02	0.02	0.02	0.12	0.05	0.02	0.02	0.02	0.39125	0.47375	0.4325	0.51875	0.3125	0.27125	0.46125	0.18	0.3025	0.19375	0.1575	0.50125	0.26	0.12875	0.28875	0.52875	0.40125	0.0325	0.165	0.22625	-0.4	-0.633333	-1.98	-0.871429	-1.56667	0.501	0.486933	0.4649	0.485443	0.470167
0.95	0.12	0.12	0.12	0.12	0.12	0.12	0.5	0.05	0.12	0.05	0.12	0.12	0.05	0.12	0.88	0.99	0.02	0.05	0.12	0.31625	0.41375	0.41375	0.5	0.40375	0.2625	0.48125	0.2425	0.29875	0.2375	0.2	0.47375	0.21875	0.125	0.1725	0.405	0.3125	0.0325	0.16125	0.26125	-0.8	-1.56667	-0.18	-1.27143	-0.788889	0.2685	0.429733	0.50824	0.452186	0.4291
0.12	0.27	0.95	0.98	0.88	0.5	0.95	0.12	0.88	0.02	0.02	0.73	0.05	0.02	0.12	0.27	0.12	0.02	0.05	0.05	0.44875	0.3475	0.31	0.42	0.2525	0.2725	0.43375	0.29	0.17625	0.26875	0.20375	0.42625	0.20875	0.10125	0.09625	0.43375	0.3925	0.02875	0.13375	0.27	-3.5	0.0666667	-0.74	-0.271429	-1.1	0.5197	0.449633	0.426	0.429286	0.436833
0.5	0.12	0.05	0.05	0.88	0.12	0.27	0.27	0.05	0.73	0.73	0.73	0.73	0.5	0.05	0.12	0.27	0.05	0.5	0.95	0.45875	0.3325	0.52625	0.5925	0.25625	0.32	0.595	0.37875	0.29875	0.1925	0.1275	0.455	0.1325	0.045	0.11375	0.48125	0.43	0.02875	0.105	0.17	4.5	-0.833333	-0.16	-0.671429	-1.03333	0.5607	0.4535	0.36254	0.413743	0.438689
0.02	0.02	0.5	1	0	0.12	0.5	0.02	0.05	0	0	0.05	0.01	0	0.02	0.12	0.05	0	0.01	0.01	0.49125	0.285	0.3525	0.35625	0.36625	0.26375	0.4775	0.39625	0.23875	0.3125	0.33625	0.48	0.3325	0.135	0.085	0.3925	0.3725	0.035	0.13875	0.31625	-3.5	1.16667	-0.7	-1.17143	-0.533333	0.2801	0.3415	0.42534	0.3937	0.371889
0.73	0.5	0.12	0.12	0.88	0.27	0.73	0.27	0.5	0.73	0.5	0.73	0.5	0.12	0.12	0.5	0.5	0.05	0.12	0.5	0.42125	0.34125	0.41875	0.46625	0.26	0.33	0.53375	0.255	0.2425	0.31125	0.2875	0.49875	0.3025	0.15125	0.085	0.3925	0.42	0.0325	0.1375	0.315	2.5	-1.5	-0.78	-0.514286	-0.988889	0.1837	0.348767	0.39354	0.368214	0.346856
0.73	0.5	0.5	0.95	0.05	0.73	0.95	0.12	0.12	0.27	0.27	0.73	0.12	0.05	0.12	0.5	0.5	0.02	0.05	0.27	0.3175	0.43625	0.4475	0.46625	0.35125	0.32	0.60125	0.22625	0.4025	0.36875	0.325	0.59375	0.36875	0.16	0.085	0.31625	0.35875	0.03625	0.155	0.34375	-3.5	-1.63333	-0.92	-0.657143	-1.4	0.5825	0.375633	0.29942	0.333357	0.363633
0.73	0.73	0.95	0.5	0.05	0.27	0.73	0.88	0.27	0.12	0.12	0.73	0.12	0.05	0.12	0.73	0.5	0.05	0.27	0.12	0.33625	0.43625	0.27875	0.4025	0.3325	0.33	0.51625	0.11875	0.28	0.4475	0.46	0.5175	0.4725	0.1725	0.07625	0.2875	0.46625	0.03625	0.1275	0.4475	-3.9	-1.2	-1.12	-1.94286	-1.51111	0.3607	0.344433	0.29854	0.313186	0.331344
0.05	0.02	0.01	0.01	0.05	0.05	0.02	0.01	0.02	0.5	0.99	0.02	1	0.27	0.01	0.02	0.05	0.05	0.05	0.5	0.36125	0.51125	0.39125	0.4575	0.225	0.34375	0.5725	0.195	0.3075	0.3425	0.37875	0.51625	0.305	0.2075	0.085	0.36375	0.49125	0.06375	0.18375	0.29625	3.8	-1.53333	-2.52	-2.08571	-1.7	0.0901	0.242167	0.3457	0.3059	0.273056
0.27	0.95	0.27	0.12	0.05	0.73	0.73	0.12	0.5	0.73	0.12	0.88	0.27	0.27	0.12	0.5	0.88	0.05	0.12	0.5	0.365	0.5025	0.35875	0.3525	0.23125	0.35375	0.53125	0.185	0.25625	0.3475	0.49375	0.5125	0.4575	0.21	0.08375	0.39875	0.49125	0.06625	0.18	0.31	-4.5	-1.73333	-2.72	-2.04286	-1.4	0.2757	0.261767	0.27502	0.284814	0.295189
0.12	0.88	0.73	0.95	0.02	0.5	0.88	0.12	0.95	0.12	0.12	0.88	0.27	0.05	0.12	0.27	0.5	0.02	0.12	0.12	0.32625	0.4825	0.39625	0.34375	0.21625	0.44	0.53125	0.2425	0.2	0.33875	0.44625	0.5125	0.42875	0.22875	0.08375	0.45625	0.51	0.17375	0.19875	0.30125	-4.5	-4.5	-1.38	-1.65714	-1.76667	0.4195	0.3081	0.2101	0.270071	0.3253
0.27	0.5	0.05	0.02	0.73	0.12	0.05	0.02	0.05	0.5	0.95	0.12	0.88	0.12	0.05	0.27	0.98	0.05	0.05	0.73	0.25	0.47	0.42	0.3425	0.1275	0.39875	0.5175	0.24125	0.29875	0.32	0.43375	0.51875	0.45625	0.2475	0.07875	0.39625	0.39375	0.17375	0.2075	0.225	-4.5	-2.06667	-2.3	-1.21429	-0.955556	0.2291	0.228233	0.28794	0.2835	0.290444
0.02	0.01	0.01	0	0.02	0.01	0.01	0.01	0.02	0.27	0.95	0.01	0.27	1	0.01	0.02	0.02	0.27	0.73	0.12	0.205	0.5025	0.41625	0.31625	0.2125	0.39375	0.4375	0.2575	0.3875	0.335	0.42	0.5325	0.52	0.1325	0.07125	0.35125	0.4575	0.1425	0.09125	0.2875	2.8	-0.833333	-1.56	-1.21429	-0.877778	0.0361	0.248167	0.32374	0.309029	0.307933
0.27	0.88	0.5	0.27	0.05	0.88	0.88	0.05	0.12	0.27	0.05	0.88	0.5	0.02	0.12	0.88	0.88	0.02	0.05	0.12	0.17	0.39375	0.355	0.28125	0.20375	0.28125	0.3275	0.2525	0.40625	0.27875	0.42375	0.42375	0.3725	0.34625	0.0575	0.24375	0.34625	0.23	0.295	0.23125	-0.8	0.4	0.1	-1.02857	-0.988889	0.4793	0.323367	0.2936	0.343657	0.308967
0.27	0.27	0.88	0.88	0.73	0.73	0.88	0.73	0.5	0.05	0.12	0.73	0.27	0.05	0.12	0.73	0.27	0.88	0.27	0.05	0.17	0.385	0.365	0.28125	0.11875	0.31875	0.355	0.1675	0.3875	0.22125	0.40625	0.4425	0.43	0.31125	0.0575	0.29125	0.4225	0.11875	0.25875	0.18375	-0.8	0.733333	0.36	0.0142857	-0.277778	0.4547	0.400933	0.3514	0.297929	0.3344
0.27	0.02	0.01	0.01	0.05	0.02	0.01	0.01	0.01	0.5	1	0.02	0.95	0.27	0.01	0.02	0.05	0.05	0.05	0.27	0.17	0.30875	0.385	0.305	0.2075	0.3475	0.35625	0.24375	0.33125	0.26875	0.315	0.42375	0.345	0.28375	0.05875	0.38	0.4025	0.22125	0.2775	0.26625	3.8	-0.0666667	0.36	0.928571	0.688889	0.2688	0.413867	0.36406	0.337286	0.303278
0.12	0.5	0.88	0.27	0.02	0.12	0.05	1	0.95	0.01	0.01	0.73	0.02	0.01	0.02	0.12	0.05	0.02	0.02	0.01	0.17	0.29625	0.30375	0.3325	0.12625	0.43	0.455	0.12375	0.3175	0.33	0.335	0.41125	0.41375	0.3925	0.0575	0.3675	0.37125	0.225	0.30875	0.29875	-3.2	1.13333	0.9	1.12857	0.8	0.5181	0.295433	0.36912	0.352043	0.306411
0.02	0.02	0.01	0	0.01	0.02	0.01	0.01	0.27	0.05	0.12	0.02	0.05	1	0.01	0.02	0.02	0.5	1	0.05	0.2425	0.36125	0.47375	0.38125	0.24375	0.475	0.465	0.2525	0.40625	0.40125	0.265	0.5325	0.4675	0.15875	0.14875	0.41125	0.435	0.13375	0.10125	0.40125	2.8	0.5	1.9	0.742857	0.955556	0.0994	0.374033	0.30606	0.320329	0.338511
0.27	0.27	0.73	0.73	0.05	0.88	0.95	0.12	0.73	0.05	0.05	0.88	0.5	0.02	0.12	0.73	0.88	0.02	0.05	0.05	0.18375	0.2825	0.33625	0.2625	0.26625	0.29125	0.3	0.235	0.45625	0.43	0.30125	0.4375	0.36375	0.3975	0.12625	0.2275	0.2325	0.20625	0.33625	0.40125	1.9	2.96667	0.44	1.45714	0.611111	0.5046	0.2478	0.30376	0.3018	0.319522
0.12	0.02	0.02	0.27	0.05	0.02	0.02	0.01	0.01	0.95	0.27	0.02	0.27	0.05	0.02	0.27	0.12	0.01	0.05	1	0.18375	0.39	0.43375	0.32	0.20875	0.37	0.41625	0.22	0.575	0.3175	0.27375	0.545	0.37375	0.39	0.1575	0.2275	0.3275	0.1	0.30875	0.2825	4.2	0.866667	1.92	0.357143	0.655556	0.1394	0.300433	0.26514	0.307457	0.327
0.12	0.88	0.27	0.5	0.05	0.88	0.88	0.05	0.88	0.5	0.12	0.73	0.5	0.73	0.05	0.27	0.73	0.05	0.27	0.73	0.15625	0.295	0.52625	0.41375	0.20375	0.275	0.37	0.22	0.55625	0.3125	0.16875	0.4875	0.22875	0.305	0.155	0.24	0.26	0.09	0.2775	0.28375	-3.5	1.63333	0.58	0.757143	-0.155556	0.2573	0.240567	0.30694	0.308014	0.333556
0.5	0.05	0.5	0.12	0.95	0.27	0.05	0.05	0.05	0.88	0.5	0.27	0.73	0.12	0.73	0.27	0.5	0.02	0.05	0.98	0.1275	0.3425	0.39	0.43	0.21125	0.39875	0.47375	0.0975	0.54375	0.32625	0.2425	0.46	0.3075	0.395	0.15875	0.24	0.31625	0.0975	0.30875	0.3425	4.2	-1.06667	0.12	-0.142857	0.622222	0.325	0.2969	0.31042	0.340643	0.287622
0.05	0.5	0.12	0.05	0.27	0.27	0.5	0.02	0.98	0.5	0.27	0.98	0.12	0.95	0.05	0.12	0.12	0.12	0.98	0.12	0.19625	0.34625	0.54625	0.50125	0.30125	0.41125	0.43125	0.10625	0.4	0.37375	0.2625	0.46	0.38375	0.16875	0.24875	0.36625	0.485	0.025	0.07375	0.45875	-3.9	-0.0333333	-1.42	0.128571	0.233333	0.3084	0.385133	0.3481	0.283514	0.302511
0.12	0.88	0.95	0.88	0.27	0.5	0.88	0.5	0.73	0.05	0.12	0.73	0.12	0.02	0.27	0.27	0.27	0.02	0.05	0.05	0.2725	0.3275	0.36625	0.32125	0.405	0.335	0.29875	0.09375	0.45	0.43875	0.30875	0.4725	0.38375	0.28875	0.22125	0.3475	0.41875	0.04125	0.2175	0.495	-0.4	-2.6	0.04	-0.571429	0.222222	0.522	0.386067	0.31758	0.296943	0.277033
0.05	0.12	1	0.99	0.01	0.12	0.5	0.05	0.73	0.01	0.01	0.27	0.02	0.27	0.02	0.12	0.12	0.01	0.02	0.01	0.32875	0.51125	0.39125	0.33625	0.4375	0.49	0.45375	0.16375	0.55875	0.3875	0.35125	0.61875	0.425	0.2575	0.265	0.395	0.45625	0.0475	0.23	0.40875	-3.5	-0.0333333	-0.94	0.185714	-0.677778	0.3278	0.318167	0.29926	0.299514	0.339033
0.27	0.05	0.02	0.02	0.98	0.5	0.05	0.02	0.02	0.5	0.98	0.05	0.88	0.12	0.73	0.12	0.27	0.05	0.05	0.73	0.30125	0.44375	0.51375	0.5175	0.3125	0.45125	0.5225	0.2525	0.5525	0.26625	0.2175	0.64625	0.26125	0.1875	0.17625	0.395	0.36125	0.03875	0.19875	0.26125	3.8	-0.133333	0.2	-0.971429	-0.722222	0.1047	0.221967	0.29264	0.352714	0.3508
0.12	0.5	0.88	0.5	0.05	0.12	0.12	0.05	0.05	0.05	0.05	0.73	0.05	0.02	0.05	0.88	0.99	0.02	0.05	0.12	0.26375	0.38375	0.34625	0.44375	0.31625	0.47125	0.51	0.24375	0.545	0.335	0.38125	0.53	0.39875	0.295	0.1725	0.2725	0.2425	0.04625	0.2075	0.2775	-0.7	1.63333	-0.5	-0.971429	-0.977778	0.2334	0.204467	0.32772	0.360543	0.317511
0.95	0.5	0.12	0.12	0.88	0.5	0.27	0.5	0.88	0.12	0.27	0.73	0.5	0.05	0.12	0.73	0.5	0.05	0.27	0.27	0.1875	0.355	0.46	0.51875	0.185	0.48125	0.53875	0.19125	0.38125	0.32625	0.41125	0.47	0.39	0.235	0.16375	0.31	0.38	0.03375	0.09125	0.335	1.8	-0.933333	-0.58	-0.642857	-0.0777778	0.2753	0.402033	0.3348	0.2896	0.315922
0.5	0.73	0.27	0.5	0.05	0.88	0.88	0.12	0.88	0.5	0.5	0.73	0.5	0.05	0.12	0.5	0.27	0.05	0.12	0.27	0.2625	0.27875	0.385	0.4525	0.26125	0.4625	0.47125	0.19125	0.3525	0.2875	0.40125	0.48875	0.4375	0.23875	0.145	0.39625	0.485	0.03375	0.11875	0.34375	-3.9	-2	-0.96	0.457143	0.388889	0.6974	0.4453	0.31894	0.284786	0.319589
0.12	0.27	0.27	0.98	0.02	0.95	0.98	0.73	0.12	0.02	0.02	0.73	0.05	0.02	0.05	0.27	0.12	0.02	0.05	0.27	0.395	0.38375	0.275	0.28375	0.27875	0.4725	0.50625	0.115	0.4475	0.45625	0.55125	0.5175	0.55375	0.2425	0.16625	0.44375	0.58	0.0425	0.14	0.43375	-3.9	-1.96667	0.02	0.457143	0.977778	0.3632	0.362	0.33108	0.349114	0.303389
0.05	0.02	0.02	0.01	0.05	0.05	0.02	0.01	0.02	0.98	0.88	0.02	1	0.88	0.02	0.05	0.27	0.05	0.12	0.5	0.37625	0.41125	0.305	0.40375	0.15875	0.52875	0.6225	0.20375	0.46	0.3925	0.44375	0.6025	0.4475	0.15375	0.08125	0.45875	0.5425	0.03875	0.14	0.42375	1.9	0.733333	0.42	0.814286	0.977778	0.0254	0.227567	0.38702	0.341771	0.301311
0.27	0.27	0.27	0.27	0.05	0.73	0.88	0.05	0.5	0.5	0.73	0.5	0.5	0.5	0.05	0.27	0.73	0.05	0.27	0.73	0.34875	0.44	0.1975	0.37125	0.155	0.52	0.59125	0.22625	0.485	0.4525	0.47125	0.56125	0.56625	0.205	0.0775	0.38375	0.4525	0.09875	0.14875	0.395	4.2	3.3	1.56	1.1	1.47778	0.2941	0.2915	0.28394	0.314729	0.328367
0.27	0.5	0.5	0.73	0.05	0.73	0.95	0.12	0.5	0.12	0.27	0.88	0.5	0.05	0.12	0.73	0.88	0.02	0.12	0.12	0.2925	0.44	0.26375	0.39	0.05125	0.5675	0.6675	0.17	0.40875	0.5	0.52875	0.5325	0.56625	0.26125	0.06875	0.32625	0.405	0.1025	0.1675	0.4525	3.8	3.26667	3.1	2.2	0.888889	0.555	0.3437	0.2285	0.283229	0.359167
0.73	0.5	0.12	0.12	0.12	0.27	0.88	0.05	0.73	0.88	0.73	0.5	0.5	0.27	0.12	0.27	0.73	0.05	0.12	0.73	0.26375	0.35125	0.28	0.40625	0.0425	0.53	0.56875	0.16625	0.285	0.405	0.47125	0.495	0.56625	0.3525	0.05625	0.3275	0.42375	0.12625	0.275	0.43375	1.8	3.13333	3.48	2.25714	1.74444	0.182	0.274333	0.3188	0.310271	0.294989
0.05	0.02	0.01	0.01	0.05	0.05	0.02	0.01	0.02	0.95	0.98	0.02	0.98	0.27	0.02	0.02	0.12	0.05	0.12	0.88	0.45625	0.3925	0.275	0.30375	0.1675	0.53	0.56875	0.095	0.365	0.4275	0.44375	0.47875	0.515	0.3525	0.0775	0.435	0.57625	0.12625	0.275	0.39625	3.8	3.13333	1.94	2.52857	2.37778	0.086	0.2483	0.37048	0.323757	0.279356
0.12	0.98	0.27	0.5	0.02	0.73	0.73	0.27	0.73	0.05	0.12	0.88	0.5	0.05	0.05	0.5	0.73	0.5	0.27	0.12	0.50375	0.38875	0.3025	0.30375	0.17125	0.54875	0.5875	0.0675	0.33625	0.42375	0.45625	0.47875	0.5125	0.2725	0.08625	0.46	0.52875	0.06625	0.2475	0.435	3.8	1.36667	1.94	2.18571	1.66667	0.4769	0.3718	0.28344	0.313529	0.340789
0.5	0.73	0.88	0.73	0.05	0.88	0.95	0.12	0.27	0.12	0.27	0.88	0.5	0.05	0.12	0.73	0.27	0.05	0.27	0.12	0.485	0.4775	0.22625	0.275	0.1675	0.53	0.56	0.08625	0.44125	0.35875	0.36125	0.5075	0.54125	0.24375	0.19375	0.46	0.52875	0.11875	0.22875	0.35	-3.5	1.36667	1.94	1	0.811111	0.5525	0.383067	0.29154	0.316857	0.363789
0.73	0.02	0.02	0.02	0.05	0.12	0.02	0.02	0.12	0.5	0.5	0.05	0.5	1	0.02	0.05	0.27	0.27	0.98	0.73	0.51375	0.51875	0.38125	0.395	0.16375	0.5675	0.68	0.09875	0.4125	0.33	0.30125	0.535	0.485	0.12125	0.1975	0.545	0.4525	0.09	0.13125	0.265	3.8	0.7	0.28	0.242857	0	0.1198	0.298267	0.39	0.362443	0.363111
0.98	0.12	0.12	0.05	0.95	0.73	0.12	0.12	0.05	0.27	0.05	0.12	0.12	0.02	0.12	0.88	0.73	0.02	0.05	0.12	0.3975	0.45875	0.3875	0.43875	0.03875	0.4725	0.5725	0.0825	0.455	0.25125	0.26875	0.4975	0.47625	0.21625	0.1725	0.41375	0.31	0.1175	0.3425	0.28375	1.8	0.366667	-1.18	-0.8	-0.555556	0.2225	0.306867	0.39484	0.428571	0.373533
0.5	0.95	0.5	0.5	0.05	0.88	0.88	0.05	0.5	0.05	0.12	0.88	0.5	0.02	0.12	0.73	0.5	0.02	0.05	0.05	0.51375	0.4625	0.3725	0.39625	0.15125	0.56625	0.5375	0.12375	0.41125	0.175	0.1525	0.51875	0.32125	0.18875	0.185	0.54	0.38625	0.11375	0.33375	0.1975	-4.5	-2.06667	-1.18	-1.8	-1.02222	0.5783	0.433967	0.39412	0.399843	0.429611
0.5	0.73	0.27	0.27	0.05	0.73	0.88	0.05	0.88	0.05	0.12	0.73	0.73	0.27	0.98	0.5	0.27	0.02	0.12	0.05	0.56125	0.45875	0.4775	0.48125	0.155	0.5275	0.50875	0.12375	0.36375	0.18375	0.14375	0.5375	0.245	0.16625	0.105	0.5975	0.415	0.05375	0.30625	0.21625	-3.5	-3.83333	-2.58	-1.35714	-1.24444	0.5011	0.542767	0.42532	0.4053	0.442767
0.73	0.12	0.88	0.98	0.02	0.27	0.98	0.12	0.12	0.27	0.02	0.27	0.05	0.02	0.05	0.73	0.27	0.01	0.05	0.05	0.5325	0.55375	0.35375	0.31625	0.1675	0.50875	0.41125	0.1625	0.45875	0.15625	0.15625	0.57625	0.30125	0.20625	0.22125	0.5875	0.4725	0.06375	0.39125	0.26375	-3.5	-3.4	-3.02	-1.64286	-0.433333	0.5489	0.441933	0.49896	0.473229	0.413089
0.05	0.12	0.27	0.5	0.02	0.12	0.12	0.02	1	0.02	0.02	0.27	0.05	0.05	0.02	0.05	0.05	0.02	0.88	0.27	0.58875	0.5575	0.46125	0.49875	0.16375	0.5275	0.6075	0.17875	0.34	0.1275	0.095	0.585	0.24125	0.07875	0.22875	0.77625	0.48125	0.03	0.1675	0.16	-3.2	-2.36667	-1.76	-1.35714	-1.24444	0.2758	0.4718	0.50236	0.482214	0.426467
0.5	0.88	0.27	0.12	0.05	0.95	0.5	0.27	0.12	0.12	0.12	0.95	0.12	0.05	0.12	0.88	0.5	0.02	0.05	0.12	0.44375	0.45	0.4525	0.54625	0.16625	0.33875	0.55125	0.13875	0.44625	0.08375	0.07875	0.49125	0.22	0.0775	0.20375	0.68625	0.3675	0.02875	0.2675	0.17	-0.4	-0.6	-0.3	-1.21429	-1.16667	0.5907	0.487267	0.45922	0.433914	0.413667
0.5	0.73	0.88	0.95	0.05	0.27	0.5	0.27	0.73	0.12	0.05	0.88	0.12	0.12	0.27	0.73	0.73	0.02	0.12	0.27	0.4725	0.35625	0.32	0.3825	0.27875	0.32	0.4475	0.13875	0.31375	0.11125	0.135	0.39625	0.19125	0.19	0.17625	0.62875	0.395	0.04125	0.3625	0.2075	1.8	1.73333	-0.3	-0.357143	-0.388889	0.5953	0.490467	0.39748	0.377657	0.355
0.5	0.88	0.5	0.12	0.12	0.27	0.27	0.5	0.27	0.12	0.27	0.73	0.27	0.12	0.12	0.88	0.73	0.12	0.88	0.5	0.4725	0.24875	0.33625	0.45375	0.27	0.23125	0.36875	0.10625	0.26375	0.22375	0.155	0.32625	0.115	0.28	0.075	0.55375	0.37625	0.04125	0.315	0.295	3.8	0.7	0.84	0.5	0.466667	0.2854	0.373633	0.36378	0.306429	0.305744
0.5	0.05	0.27	1	0.02	0.12	0.73	0.05	0.05	0.02	0.01	0.12	0.02	0.01	0.05	0.88	0.12	0.01	0.02	0.12	0.39625	0.34	0.2575	0.2225	0.405	0.21875	0.19125	0.14875	0.27875	0.3125	0.295	0.37125	0.25	0.325	0.08	0.46875	0.43375	0.05625	0.4225	0.45875	-3.5	0.933333	1.42	1.55714	1.32222	0.2402	0.210967	0.2557	0.275286	0.248422
0.27	0.02	0.05	0.05	1	0.05	0.05	0.05	0.02	0.02	0.02	0.05	0.02	0.01	0.02	0.99	0.27	0.01	0.02	0.05	0.51	0.33125	0.2525	0.28	0.4025	0.215	0.26375	0.14875	0.15875	0.40125	0.325	0.34875	0.2775	0.3525	0.08375	0.455	0.42375	0.05625	0.31875	0.55875	2.5	0.5	1.9	2.21429	2.14444	0.1073	0.1326	0.1482	0.195614	0.224556
0.73	0.05	0.05	0.02	0.95	0.05	0.05	0.05	0.05	0.27	0.5	0.05	0.27	0.99	0.05	0.12	0.95	0.12	0.88	0.5	0.39625	0.22	0.22	0.27	0.40875	0.09875	0.20375	0.11625	0.1425	0.4775	0.36875	0.2325	0.29375	0.3425	0.0675	0.45625	0.29125	0.04625	0.23875	0.57875	2.5	3.06667	1.98	2.55714	2.68889	0.0503	0.0718	0.09772	0.119286	0.167533
0.5	0.02	0.02	0.01	0.05	0.02	0.02	0.02	0.02	0.95	0.5	0.02	0.27	0.99	0.02	0.05	0.12	0.12	0.5	0.98	0.36875	0.13875	0.11625	0.15375	0.52125	0.075	0.1475	0.0875	0.0575	0.44	0.485	0.12875	0.40375	0.36125	0.04	0.37625	0.31875	0.05	0.2775	0.57625	4.2	3.63333	3.52	2.65714	2.91111	0.0578	0.0470333	0.06188	0.0895857	0.110322
0.12	0.02	0.02	0.01	1	0.02	0.02	0.01	0.02	0.88	0.88	0.02	0.88	0.27	0.02	0.05	0.12	0.02	0.05	0.98	0.445	0.04375	0.145	0.15375	0.4025	0.05625	0.12875	0.04125	0.03875	0.43625	0.40625	0.0525	0.3	0.43875	0.04	0.39	0.3375	0.05	0.23	0.52	4.2	4.2	3.92	3.7	2.4	0.033	0.0506	0.05592	0.0667571	0.0879
0.73	0.02	0.01	0.01	0.98	0.02	0.02	0.02	0.01	0.73	0.27	0.02	0.27	0.27	0.02	0.05	0.12	0.02	0.05	1	0.30875	0.07125	0.14625	0.12	0.40375	0.05625	0.0525	0.03625	0.15875	0.45375	0.4875	0.04375	0.38	0.44375	0.03625	0.28625	0.325	0.05	0.29	0.50375	4.2	4.3	4.18	3.22857	2.43333	0.061	0.0571667	0.06194	0.0633714	0.0861889
0.05	0.02	0.01	0.01	0.05	0.02	0.02	0.01	0.02	0.98	0.95	0.02	0.5	0.95	0.02	0.02	0.12	0.05	0.27	0.73	0.39375	0.07125	0.155	0.12	0.3975	0.0525	0.04875	0.15625	0.1575	0.42	0.4	0.04375	0.35	0.35875	0.03625	0.2	0.2975	0.0475	0.26125	0.5325	4.5	4.16667	3.18	2.41429	2.11111	0.0775	0.0729667	0.0671	0.0883	0.0958222
0.05	0.05	0.02	0.01	0.05	0.05	0.02	0.01	0.02	0.5	0.98	0.02	1	0.27	0.02	0.02	0.12	0.05	0.05	0.73	0.365	0.095	0.18125	0.20875	0.4025	0.07625	0.1525	0.2125	0.16625	0.50875	0.3675	0.07125	0.2875	0.335	0.045	0.21875	0.2125	0.0475	0.19375	0.5325	3.8	2.5	1.7	1.75714	2.11111	0.0804	0.0805	0.10546	0.107757	0.127122
0.73	0.12	0.73	0.12	0.12	0.12	0.12	0.12	0.12	0.02	0.02	0.12	0.05	0.02	0.12	0.99	0.88	0.02	0.05	0.05	0.28	0.14625	0.12375	0.25625	0.4025	0.175	0.2475	0.30625	0.21375	0.465	0.45875	0.11875	0.40625	0.2575	0.06375	0.15375	0.13625	0.05125	0.14625	0.51	-0.8	-0.0666667	0.78	1.51429	1.25556	0.0836	0.1296	0.13206	0.150471	0.171933
0.02	0.27	0.27	0.73	0.01	0.12	0.12	0.02	1	0.01	0.05	0.05	0.05	0.05	0.02	0.05	0.02	0.01	0.5	0.01	0.41625	0.1875	0.24125	0.24125	0.325	0.26375	0.33625	0.35125	0.135	0.39	0.37875	0.1875	0.35875	0.25375	0.13625	0.3275	0.33875	0.08375	0.1175	0.455	-3.2	-1.46667	0.38	0.414286	0.988889	0.2248	0.167467	0.18296	0.207629	0.228689
0.27	0.02	0.12	0.05	0.02	0.02	0.02	1	0.02	0	0	0.05	0.01	0.01	0.02	0.27	0.05	0.02	0.01	0.01	0.385	0.27875	0.35	0.3875	0.235	0.33625	0.40875	0.33625	0.29	0.33375	0.385	0.27625	0.3925	0.25875	0.19625	0.385	0.3825	0.11375	0.20625	0.36375	-0.4	-0.366667	-1.08	0.0285714	0.433333	0.194	0.250267	0.2591	0.274243	0.282456
0.5	0.27	0.27	0.73	0.99	0.27	0.88	0.5	0.12	0.5	0.27	0.27	0.27	0.12	0.12	0.27	0.27	0.12	0.12	0.5	0.4125	0.3075	0.3925	0.36375	0.14125	0.365	0.39	0.43125	0.39875	0.1825	0.26625	0.30875	0.33125	0.16	0.24375	0.47375	0.4025	0.12875	0.22125	0.245	2.5	-0.466667	-0.56	-0.628571	-0.422222	0.332	0.329033	0.35114	0.3406	0.326189
0.5	0.5	0.27	0.5	0.12	0.88	0.88	0.88	0.5	0.12	0.27	0.5	0.27	0.12	0.27	0.5	0.27	0.12	0.12	0.12	0.46875	0.36375	0.4525	0.45375	0.2775	0.345	0.45	0.41625	0.3825	0.23	0.20625	0.34	0.26875	0.16	0.285	0.505	0.45	0.2325	0.2775	0.26375	-3.5	0.266667	-0.08	-0.971429	-0.422222	0.4611	0.445633	0.41516	0.395957	0.368433
0.5	0.5	0.5	0.5	0.27	0.73	0.73	0.27	0.27	0.27	0.27	0.5	0.5	0.27	0.5	0.5	0.88	0.27	0.27	0.5	0.44	0.41125	0.42375	0.53	0.2775	0.44	0.56375	0.54	0.45875	0.2425	0.2375	0.41625	0.2675	0.1725	0.30375	0.44375	0.32625	0.245	0.28625	0.24375	1.8	-0.833333	-0.64	0.0285714	-0.722222	0.5438	0.5166	0.47058	0.429643	0.414844
0.73	0.5	0.73	0.5	0.27	0.5	0.5	0.88	0.27	0.27	0.27	0.73	0.5	0.27	0.5	0.73	0.5	0.27	0.27	0.27	0.4425	0.44	0.395	0.50125	0.29125	0.51625	0.64	0.52375	0.3675	0.30375	0.265	0.44375	0.295	0.2575	0.3925	0.47125	0.43375	0.2775	0.28625	0.33375	-0.8	-0.733333	-0.38	-0.414286	-0.0555556	0.5449	0.519933	0.4963	0.473543	0.435744
0.5	0.5	0.5	0.5	0.27	0.5	0.73	0.27	0.99	0.27	0.27	0.5	0.27	0.27	0.5	0.73	0.5	0.27	0.5	0.27	0.52875	0.5	0.5	0.5575	0.4075	0.605	0.71875	0.50875	0.30875	0.31875	0.28	0.5575	0.35625	0.29	0.48125	0.5	0.49	0.29	0.29	0.36625	-3.2	-0.0666667	-0.38	-0.371429	-0.188889	0.4711	0.4922	0.50434	0.4851	0.476656
0.5	0.73	0.5	0.5	0.27	0.5	0.5	0.27	0.27	0.5	0.5	0.5	0.5	0.27	0.5	0.5	0.5	0.88	0.5	0.5	0.5	0.44375	0.57625	0.57625	0.28625	0.58625	0.72875	0.57	0.39875	0.23	0.22	0.53875	0.3	0.2775	0.585	0.52875	0.47125	0.20125	0.2775	0.2775	3.8	-0.966667	-0.18	-0.1	-0.511111	0.4606	0.477667	0.47816	0.499543	0.493333
0.5	0.5	0.73	0.73	0.27	0.73	0.88	0.5	0.5	0.27	0.27	0.73	0.27	0.27	0.5	0.5	0.5	0.27	0.27	0.27	0.52875	0.44375	0.5475	0.595	0.28625	0.53875	0.63375	0.5225	0.37	0.30625	0.24875	0.53875	0.32875	0.29625	0.56625	0.52875	0.52875	0.2775	0.35375	0.35375	-3.5	1.03333	-0.34	-0.414286	0.0777778	0.5013	0.458267	0.48162	0.490729	0.492056
0.27	0.5	0.27	0.5	0.12	0.5	0.5	0.5	0.27	0.5	0.27	0.5	0.27	0.73	0.73	0.5	0.5	0.27	0.5	0.5	0.51	0.3875	0.54875	0.56375	0.28625	0.51	0.59625	0.49125	0.3675	0.36625	0.30625	0.53875	0.3575	0.22	0.48125	0.5	0.48125	0.24625	0.30625	0.385	2.8	-0.766667	0.22	-0.0428571	0.344444	0.4129	0.492133	0.48382	0.477114	0.451711
0.73	0.5	0.73	0.5	0.95	0.73	0.88	0.27	0.27	0.12	0.12	0.73	0.27	0.27	0.73	0.5	0.5	0.12	0.27	0.27	0.3675	0.33125	0.40625	0.50375	0.24	0.43375	0.52	0.4125	0.425	0.4425	0.40125	0.4525	0.3575	0.35375	0.42125	0.415	0.425	0.29375	0.42625	0.395	-1.6	0.266667	-0.18	1.01429	0.288889	0.5622	0.485733	0.48162	0.435629	0.423467
0.27	0.05	0.88	0.88	0.02	0.12	0.73	0.99	0.12	0.02	0.02	0.12	0.05	0.02	0.95	0.27	0.12	0.02	0.02	0.02	0.45375	0.34	0.35875	0.4275	0.32875	0.48125	0.4625	0.4125	0.43	0.4275	0.38625	0.48125	0.3575	0.41375	0.365	0.44375	0.4725	0.27875	0.41	0.39875	-0.4	-0.0666667	1.36	0.285714	0.6	0.4821	0.497967	0.4175	0.411357	0.412556
0.73	0.27	0.27	0.88	0.12	0.73	0.5	0.73	0.5	0.5	0.27	0.73	0.27	0.27	0.12	0.5	0.73	0.12	0.5	0.5	0.39625	0.255	0.435	0.4275	0.3925	0.37625	0.52	0.445	0.3825	0.33875	0.3075	0.405	0.30125	0.36375	0.42125	0.44375	0.44375	0.17125	0.37875	0.3675	1.8	1.86667	0.54	0.728571	0.1	0.4496	0.3708	0.39306	0.393014	0.414589
0.12	0.05	0.05	0.02	0.12	0.27	0.05	0.02	0.02	0.98	0.73	0.27	0.73	0.12	0.05	0.27	0.5	0.02	0.12	0.98	0.41625	0.235	0.49	0.56875	0.36125	0.37625	0.5575	0.48625	0.395	0.2475	0.21875	0.43375	0.2125	0.35125	0.37375	0.44375	0.425	0.15125	0.395	0.27625	4.2	1.56667	0.78	0.228571	0.1	0.1807	0.307	0.3552	0.402443	0.4078
0.05	0.05	0.05	0.02	0.73	0.12	0.27	0.02	0.73	0.5	0.88	0.27	0.5	0.88	0.02	0.05	0.05	0.5	1	0.12	0.45375	0.235	0.49	0.56875	0.285	0.395	0.53	0.54625	0.2875	0.26	0.18125	0.405	0.2225	0.17125	0.30125	0.5	0.48125	0.0725	0.2375	0.355	-1.3	0.833333	0.72	-0.0428571	-0.255556	0.2907	0.281433	0.35456	0.385014	0.416189
0.73	0.12	0.27	0.27	0.05	0.27	0.12	0.99	0.88	0.05	0.05	0.12	0.05	0.5	0.27	0.73	0.5	0.05	0.12	0.05	0.34	0.22625	0.43375	0.5375	0.37	0.37625	0.50125	0.425	0.26875	0.36375	0.30375	0.42375	0.27875	0.2	0.27	0.44375	0.45375	0.12875	0.3475	0.42125	-0.4	-0.8	-0.34	-0.0428571	0.2	0.3729	0.380833	0.35268	0.385914	0.407889
0.5	0.27	0.5	0.5	0.88	0.27	0.73	0.27	0.27	0.27	0.12	0.5	0.27	0.12	0.12	0.73	0.88	0.12	0.73	0.73	0.3975	0.235	0.32875	0.49	0.27875	0.42375	0.425	0.425	0.42125	0.3675	0.355	0.42375	0.3075	0.26	0.28875	0.4725	0.425	0.1325	0.3025	0.39625	-0.7	-1.53333	-1.26	0.0571429	0.0666667	0.4789	0.430667	0.41422	0.391329	0.402889
0.05	0.12	0.95	1	0.02	0.27	0.73	0.12	0.12	0.02	0.02	0.5	0.02	0.02	0.05	0.27	0.12	0.01	0.02	0.02	0.39625	0.235	0.25375	0.32375	0.405	0.3475	0.3775	0.35875	0.3925	0.44625	0.44375	0.3475	0.39625	0.30125	0.2975	0.4825	0.49125	0.165	0.43875	0.54125	-3.5	-1.53333	-0.5	-0.771429	0.333333	0.4402	0.469167	0.45358	0.427957	0.3652
0.5	0.5	0.27	0.5	0.12	0.5	0.5	0.98	0.12	0.12	0.12	0.27	0.12	0.05	0.12	0.73	0.5	0.12	0.12	0.27	0.35875	0.2725	0.395	0.49375	0.38375	0.395	0.49125	0.26375	0.4525	0.3175	0.355	0.4525	0.3075	0.28875	0.3925	0.4825	0.415	0.155	0.42625	0.4025	-0.4	-0.466667	-0.74	0.0142857	-0.222222	0.4884	0.472033	0.46642	0.4022	0.400267
0.5	0.5	0.5	0.5	0.95	0.73	0.5	0.27	0.27	0.5	0.27	0.73	0.27	0.12	0.73	0.73	0.73	0.12	0.27	0.73	0.38625	0.28125	0.36625	0.4975	0.20375	0.36625	0.4725	0.35625	0.34875	0.32625	0.345	0.37625	0.33625	0.20375	0.37625	0.49125	0.41375	0.1075	0.31625	0.44	2.5	0.166667	0.24	-0.0428571	0.388889	0.4875	0.471	0.39272	0.419829	0.385656
0.5	0.27	0.27	0.73	0.12	0.5	0.73	0.27	0.73	0.27	0.5	0.5	0.5	0.12	0.95	0.5	0.27	0.12	0.27	0.5	0.32875	0.38625	0.4525	0.55375	0.3075	0.47125	0.53875	0.2475	0.29125	0.355	0.31625	0.48125	0.31625	0.15625	0.33	0.49125	0.47125	0.11625	0.36375	0.4775	-1.6	1.7	0.78	0.657143	0.0444444	0.4371	0.345	0.40394	0.374157	0.415667
0.27	0.12	0.12	0.05	0.27	0.12	0.12	0.05	0.12	0.88	0.88	0.12	0.73	0.5	0.12	0.12	0.5	0.27	0.88	0.95	0.32875	0.405	0.51875	0.695	0.185	0.5475	0.6425	0.25625	0.425	0.25125	0.26	0.57625	0.26875	0.09625	0.43375	0.48125	0.45125	0.085	0.2025	0.36375	4.2	0.6	1.7	0.657143	-0.311111	0.1104	0.347933	0.3381	0.403129	0.4102
0.27	0.73	0.5	0.88	0.05	0.88	0.73	0.12	0.5	0.05	0.12	0.88	0.12	0.05	0.88	0.73	0.27	0.05	0.12	0.12	0.3375	0.31625	0.35375	0.4675	0.21625	0.42125	0.4775	0.23375	0.365	0.47625	0.47125	0.42125	0.405	0.24125	0.335	0.37375	0.48	0.1175	0.31	0.575	-0.8	2.53333	0.5	0.157143	0.577778	0.4963	0.2553	0.3692	0.394743	0.3628
0.27	0.12	0.05	0.05	0.12	0.12	0.12	0.05	0.05	0.95	0.95	0.12	0.88	0.27	0.5	0.12	0.27	0.12	0.27	0.88	0.29	0.36375	0.41	0.515	0.19875	0.46875	0.525	0.1225	0.42125	0.3825	0.38625	0.545	0.405	0.33125	0.37375	0.37375	0.5275	0.2125	0.395	0.50875	4.2	-0.0333333	0.04	0.442857	1.08889	0.1592	0.432833	0.36772	0.327043	0.333222
0.27	0.73	0.73	0.95	0.05	0.88	0.88	0.12	0.88	0.05	0.05	0.73	0.12	0.12	0.12	0.5	0.5	0.12	0.5	0.12	0.29	0.31625	0.3725	0.45	0.095	0.40125	0.45875	0.11375	0.34625	0.43875	0.47125	0.41125	0.48125	0.34125	0.345	0.32625	0.47	0.20375	0.395	0.51875	-3.5	-1.06667	0.1	1.27143	0.422222	0.643	0.410633	0.34836	0.296343	0.328933
0.27	0.27	0.88	0.95	0.05	0.5	0.95	0.12	0.73	0.05	0.05	0.88	0.12	0.02	0.12	0.27	0.95	0.02	0.05	0.27	0.26125	0.34625	0.32625	0.365	0.095	0.42	0.42125	0.0825	0.3925	0.515	0.51875	0.345	0.5375	0.43	0.2325	0.3075	0.4425	0.21625	0.50875	0.52875	-3.9	-0.966667	1.1	0.171429	1.1	0.4297	0.3621	0.29354	0.3447	0.304389
0.12	0.02	0.01	0.01	0.05	0.02	0.02	0.01	0.02	0.99	0.95	0.02	0.5	0.73	0.02	0.02	0.12	0.05	0.12	0.88	0.24875	0.365	0.42125	0.4775	0.06375	0.46625	0.52375	0.09125	0.4725	0.32125	0.40625	0.43875	0.49	0.40375	0.23125	0.32625	0.49	0.2125	0.48125	0.3675	4.5	1.6	-0.44	0.928571	0.944444	0.0136	0.221833	0.35148	0.304686	0.296389
0.12	0.27	0.27	0.05	0.05	0.12	0.27	0.02	0.12	0.27	0.27	0.5	0.88	0.99	0.05	0.12	0.88	0.95	0.95	0.5	0.23	0.3525	0.45	0.4725	0.06375	0.435	0.435	0.09	0.43125	0.41125	0.4825	0.33125	0.46125	0.37125	0.1325	0.25625	0.47125	0.1	0.36875	0.40625	4.2	1.73333	1.16	0.728571	0.644444	0.2222	0.228233	0.26612	0.287429	0.285822
0.5	0.73	0.88	0.88	0.05	0.95	0.73	0.27	0.5	0.05	0.05	0.27	0.12	0.05	0.12	0.73	0.5	0.05	0.5	0.05	0.24	0.295	0.49	0.39625	0.06375	0.35	0.3775	0.17125	0.3925	0.335	0.425	0.36	0.46125	0.46125	0.07625	0.2275	0.595	0.20375	0.3975	0.38625	-3.5	1.73333	2.5	0.728571	0.133333	0.4489	0.295767	0.18786	0.252886	0.329489
0.27	0.05	0.05	0.05	0.12	0.27	0.5	0.02	0.95	0.88	0.88	0.12	0.95	0.73	0.05	0.12	0.5	0.12	0.73	0.73	0.32625	0.39875	0.565	0.5	0.1675	0.35875	0.33	0.2025	0.24125	0.24	0.34875	0.35	0.405	0.37625	0.085	0.3325	0.595	0.18625	0.36875	0.32	4.5	1.26667	0.9	1.22857	0.444444	0.2162	0.2345	0.26538	0.270386	0.330578
0.02	0.02	0.01	0.01	0.02	0.01	0.01	0.01	0.05	0.27	0.88	0.01	0.73	1	0.01	0.02	0.05	0.27	0.73	0.27	0.33875	0.46	0.5825	0.44875	0.265	0.39125	0.30625	0.20375	0.3725	0.3125	0.345	0.36375	0.42375	0.355	0.08125	0.4025	0.62375	0.17125	0.45375	0.35	2.8	1.26667	-0.02	0.485714	0.788889	0.0384	0.2186	0.33138	0.3617	0.3367
0.12	0.88	0.99	0.88	0.05	0.73	0.27	0.12	0.27	0.05	0.05	0.5	0.27	0.05	0.12	0.27	0.88	0.05	0.05	0.05	0.345	0.35125	0.46125	0.34	0.38	0.30125	0.2725	0.19125	0.345	0.2225	0.33625	0.3025	0.425	0.38875	0.0675	0.375	0.53875	0.195	0.615	0.33	-3.5	-0.366667	0.54	-0.228571	0.566667	0.4012	0.3306	0.37216	0.399214	0.340022
0.73	0.12	0.98	0.27	0.12	0.27	0.12	0.95	0.12	0.12	0.27	0.12	0.12	0.05	0.12	0.5	0.88	0.05	0.05	0.27	0.26875	0.5225	0.44375	0.44375	0.3675	0.45375	0.34875	0.09125	0.36375	0.18625	0.30875	0.37875	0.34875	0.2675	0.18625	0.39375	0.44375	0.07875	0.5025	0.24625	-0.4	-1.53333	-0.52	0.628571	-0.0777778	0.5522	0.5354	0.42588	0.3413	0.376722
0.73	0.88	0.5	0.95	0.95	0.27	0.27	0.12	0.12	0.12	0.27	0.5	0.5	0.12	0.12	0.73	0.5	0.05	0.5	0.27	0.2975	0.4275	0.485	0.26375	0.2725	0.36875	0.2725	0.195	0.31625	0.21375	0.3175	0.33125	0.30125	0.2675	0.18625	0.39625	0.52	0.07875	0.475	0.27375	-0.7	-0.633333	-0.58	-0.242857	0.222222	0.6528	0.563267	0.4269	0.389343	0.364156
0.12	0.73	0.98	0.5	0.73	0.5	0.27	0.12	0.88	0.02	0.02	0.88	0.05	0.12	0.05	0.73	0.73	0.05	0.73	0.05	0.34625	0.4425	0.42	0.315	0.29125	0.30875	0.21125	0.1925	0.10375	0.2075	0.36375	0.27125	0.30125	0.21	0.19	0.38375	0.435	0.07	0.36125	0.24375	-0.8	0.333333	-0.2	-0.757143	0.144444	0.4848	0.3937	0.45716	0.431829	0.341678
0.27	0.01	0.02	0.01	1	0.02	0.01	0.02	0.02	0.05	0.05	0.02	0.05	0.05	0.02	0.05	0.27	0.02	0.73	0.5	0.41625	0.64875	0.5725	0.39	0.26125	0.45875	0.27625	0.2375	0.29625	0.20375	0.28375	0.4875	0.24375	0.10875	0.2075	0.5	0.54875	0.15	0.36125	0.21625	2.5	0.0333333	-0.28	0.285714	-0.211111	0.0435	0.360267	0.41388	0.3765	0.387356
0.12	0.88	0.12	0.27	0.02	0.88	0.73	0.05	0.12	0.05	0.27	0.73	0.12	0.02	1	0.5	0.12	0.02	0.05	0.05	0.45375	0.445	0.555	0.37	0.38	0.275	0.24375	0.34125	0.265	0.2	0.2525	0.35125	0.20375	0.10875	0.07625	0.44375	0.4725	0.14625	0.47375	0.26875	-1.6	0.0333333	0.62	0.285714	0.133333	0.5525	0.3106	0.2861	0.361829	0.408833
0.73	0.73	0.73	0.12	0.12	0.27	0.27	0.27	0.12	0.27	0.12	0.27	0.12	0.12	0.12	0.98	0.73	0.05	0.73	0.27	0.30125	0.54	0.37125	0.37	0.355	0.38	0.32	0.20125	0.34125	0.16	0.24	0.51875	0.195	0.0925	0.1775	0.33625	0.30125	0.13875	0.38875	0.24125	-0.8	0.466667	0.7	0.328571	-0.255556	0.3358	0.300733	0.27904	0.3535	0.379656
0.05	0.02	0.01	0.01	0.05	0.02	0.01	0	0.01	0.73	1	0.02	0.5	0.27	0.01	0.02	0.05	0.05	0.05	0.27	0.30125	0.52125	0.40125	0.2675	0.24625	0.38	0.325	0.22125	0.34125	0.08875	0.0975	0.49375	0.08625	0.05875	0.30125	0.37125	0.33	0.1325	0.4125	0.20875	3.8	0.866667	0.12	-0.114286	-0.355556	0.0139	0.2664	0.38924	0.325614	0.334289
0.73	0.95	0.27	0.12	0.05	0.73	0.27	0.27	0.73	0.27	0.27	0.88	0.27	0.12	0.12	0.27	0.5	0.88	0.73	0.5	0.2075	0.37625	0.26125	0.1975	0.15625	0.2625	0.2925	0.175	0.1475	0.145	0.1875	0.40125	0.115	0.06375	0.2875	0.26375	0.18875	0.02375	0.23875	0.17625	-0.4	1	-0.34	-0.7	-0.7	0.4495	0.352633	0.33666	0.354329	0.312311
0.27	0.12	0.95	0.98	0.02	0.12	0.73	0.98	0.12	0.02	0.02	0.12	0.02	0.02	0.05	0.27	0.12	0.02	0.27	0.02	0.24625	0.48125	0.17625	0.09	0.05	0.3425	0.23625	0.085	0.22375	0.28875	0.33125	0.49625	0.2625	0.10375	0.29625	0.26375	0.2175	0.13125	0.22	0.29625	-0.4	-1.56667	-0.5	-1.02857	-0.555556	0.5945	0.444533	0.3184	0.3164	0.311711
0.12	0.73	0.12	0.12	0.02	0.5	0.27	0.05	0.73	0.02	0.02	1	0.05	0.02	0.05	0.12	0.12	0.02	0.05	0.27	0.25625	0.2975	0.26625	0.165	0.05375	0.1875	0.20375	0.19625	0.13875	0.40125	0.4075	0.2975	0.2775	0.22625	0.1725	0.2225	0.20875	0.1625	0.35125	0.35	-3.9	-1.96667	-2.04	-0.371429	-0.0666667	0.2896	0.3762	0.37302	0.273871	0.261089
0.05	0.02	0.02	0.02	0.01	0.02	0.05	0.01	0.01	0.01	0.01	0.05	0.01	0	1	0.05	0.05	0	0.01	0.01	0.18	0.2975	0.18875	0.16375	0.04625	0.21625	0.2	0.16875	0.21625	0.4925	0.485	0.385	0.3775	0.3375	0.04125	0.11125	0.14125	0.17375	0.3275	0.44	-1.6	-3.13333	-1.2	-0.514286	0.333333	0.2445	0.2737	0.29074	0.285729	0.2326
0.05	0.5	0.12	0.05	0.01	0.27	0.27	0.02	0.05	0.01	0.01	1	0.05	0.01	0.05	0.12	0.05	0.01	0.02	0.02	0.18875	0.2375	0.17625	0.16	0.04625	0.185	0.17375	0.16875	0.2125	0.52625	0.45125	0.26625	0.42	0.39375	0.16125	0.1025	0.15	0.16875	0.335	0.52375	-3.9	-0.566667	-0.56	-0.0571429	0.411111	0.287	0.189867	0.19122	0.232857	0.242967
0.12	0.02	0.02	0.01	0.12	0.05	0.02	0.01	0.02	0.95	0.95	0.02	0.98	0.27	0.02	0.05	0.12	0.02	0.12	0.98	0.095	0.2125	0.17	0.15625	0.0275	0.24625	0.23375	0.13875	0.14	0.37625	0.30125	0.3125	0.27625	0.34625	0.24125	0.0925	0.085	0.06	0.23375	0.3425	3.8	0.9	0.78	0.642857	0.0666667	0.0381	0.140667	0.14918	0.163243	0.223322
0.05	0.02	0.01	0.01	0.05	0.02	0.01	0.01	0.05	0.95	0.88	0.02	0.27	1	0.01	0.02	0.05	0.27	0.88	0.73	0.19375	0.20375	0.05875	0.04	0.04875	0.25	0.15	0.03125	0.1275	0.43625	0.3225	0.3125	0.3775	0.315	0.2425	0.15375	0.1125	0.02875	0.11125	0.43375	2.8	3.13333	2	0.7	0.311111	0.0969	0.0714667	0.12172	0.160829	0.185989
0.05	0.02	0.01	0.01	0.05	0.02	0.02	0.01	0.02	0.99	0.73	0.02	0.88	0.99	0.02	0.02	0.12	0.12	0.5	0.73	0.19375	0.11375	0.04625	0.02625	0.17125	0.18875	0.11625	0.0275	0.04125	0.435	0.345	0.18875	0.30125	0.31625	0.2375	0.145	0.095	0.0475	0.155	0.40625	2.8	3.36667	2.08	1.18571	1.02222	0.0794	0.0945	0.11886	0.162829	0.187633
0.12	0.02	0.01	0.01	0.05	0.02	0.02	0.01	0.02	1	0.73	0.02	0.88	0.73	0.02	0.02	0.12	0.02	0.12	0.95	0.19375	0.23625	0.05875	0.03	0.26125	0.30875	0.14375	0.06	0.055	0.435	0.3775	0.245	0.315	0.35125	0.11875	0.15375	0.10375	0.0625	0.2075	0.38375	4.5	1.26667	1.68	2.1	1.15556	0.1072	0.1531	0.16294	0.165314	0.220967
0.05	0.27	0.12	0.05	0.01	1	0.5	0.02	0.12	0.01	0.01	0.27	0.05	0	0.73	0.12	0.05	0.02	0.02	0.01	0.25875	0.145	0.12125	0.025	0.375	0.15875	0.08375	0.18125	0.0425	0.55875	0.4675	0.095	0.415	0.4425	0.02625	0.14125	0.1125	0.06375	0.21875	0.50125	-3.5	0.933333	1.62	1.5	1.78889	0.2727	0.2128	0.20444	0.237657	0.239311
0.99	0.05	0.05	0.05	0.12	0.12	0.05	0.12	0.05	0.5	0.12	0.12	0.12	0.5	0.05	0.73	0.27	0.02	0.05	0.5	0.18875	0.20375	0.21875	0.1425	0.3525	0.325	0.25625	0.23	0.06375	0.385	0.36875	0.2025	0.29875	0.3525	0.12375	0.12125	0.16125	0.06375	0.20625	0.3325	1.8	0.266667	0.98	1.35714	1.28889	0.2585	0.278533	0.29746	0.2884	0.290033
0.12	0.01	0.02	0.01	1	0.01	0.01	0.02	0.01	0.05	0.05	0.01	0.05	0.02	0.02	0.05	0.05	0.02	0.02	0.05	0.30625	0.2975	0.34	0.20875	0.23875	0.4275	0.37875	0.2475	0.125	0.32875	0.2825	0.305	0.365	0.29375	0.23625	0.2375	0.1975	0.12125	0.10625	0.30375	2.5	1.3	0.44	0.857143	0.8	0.3044	0.369133	0.36644	0.347714	0.327589
0.12	1	0.12	0.05	0.73	0.98	0.27	0.27	0.12	0.02	0.27	0.5	0.12	0.02	0.05	0.12	0.12	0.02	0.05	0.05	0.315	0.28125	0.3325	0.20875	0.2725	0.31875	0.35	0.2175	0.2	0.27125	0.27375	0.275	0.30875	0.28	0.245	0.26	0.2075	0.14	0.1625	0.275	-0.4	1.3	1	-0.0142857	0.8	0.5445	0.433667	0.41082	0.394529	0.362244
0.5	0.02	0.73	0.05	0.88	0.05	0.27	1	0.05	0.01	0.01	0.05	0.02	0.01	0.02	0.12	0.05	0.02	0.01	0.02	0.2675	0.46375	0.3175	0.33125	0.25	0.5425	0.43875	0.1875	0.2975	0.15375	0.2175	0.42	0.2175	0.1925	0.2525	0.32	0.21625	0.13875	0.15875	0.16625	1.8	0.233333	0.32	0.885714	-0.0888889	0.4521	0.497067	0.4461	0.411471	0.398344
0.5	0.27	0.73	0.95	0.05	0.5	0.95	0.5	0.12	0.05	0.27	0.73	0.12	0.05	0.12	0.5	0.73	0.02	0.05	0.12	0.295	0.50875	0.365	0.3225	0.35875	0.47125	0.3825	0.2625	0.33625	0.1625	0.19	0.3925	0.21375	0.2025	0.16375	0.3675	0.21625	0.1425	0.2425	0.1675	-0.7	-0.166667	0.38	0.128571	0.211111	0.4946	0.460533	0.46348	0.436271	0.416333
0.12	0.73	0.95	0.5	0.02	0.73	0.95	0.05	0.5	0.05	0.12	0.73	0.73	0.05	0.88	0.27	0.12	0.73	0.05	0.05	0.28125	0.5075	0.4225	0.435	0.35375	0.46125	0.41	0.36625	0.2975	0.10625	0.2	0.49625	0.1375	0.1425	0.0775	0.42375	0.32125	0.05375	0.2425	0.1475	-1.6	0.166667	-0.24	-0.342857	-0.0777778	0.4349	0.440267	0.441	0.454871	0.423944
0.12	0.88	0.05	0.05	0.05	0.12	0.05	0.02	0.73	0.5	0.88	0.27	0.5	0.88	0.12	0.27	0.27	0.27	0.98	0.5	0.32875	0.5025	0.53875	0.4925	0.24	0.55125	0.5275	0.37375	0.27375	0.1625	0.19	0.615	0.2225	0.07	0.185	0.4325	0.35875	0.115	0.215	0.20375	2.8	-0.766667	-0.76	-0.4	0.0666667	0.3913	0.419433	0.4375	0.4238	0.433056
0.12	0.5	0.5	0.99	0.02	0.88	0.73	0.5	0.73	0.05	0.02	0.73	0.05	0.02	0.05	0.5	0.12	0.01	0.05	0.05	0.32	0.43125	0.47375	0.375	0.15375	0.39625	0.47125	0.2825	0.3825	0.2175	0.265	0.51	0.26625	0.17625	0.3125	0.4225	0.36875	0.14625	0.33125	0.25625	-3.5	-0.5	-0.78	-0.114286	-0.0666667	0.4321	0.419333	0.40398	0.414414	0.417689
0.27	0.88	0.5	0.88	0.05	0.88	0.73	0.12	0.5	0.12	0.05	0.73	0.12	0.12	0.12	0.88	0.73	0.05	0.73	0.12	0.30125	0.39625	0.47375	0.41625	0.055	0.405	0.4525	0.21125	0.41125	0.29875	0.29375	0.51875	0.28875	0.1775	0.3075	0.45125	0.405	0.14125	0.26	0.36375	-0.8	-1.7	0.3	-0.242857	-0.344444	0.4346	0.3979	0.39428	0.401786	0.422667
0.5	0.5	0.73	0.5	0.05	0.27	0.27	0.5	0.12	0.05	0.05	0.95	0.12	0.02	0.12	0.95	0.5	0.02	0.05	0.27	0.225	0.52	0.36875	0.37875	0.05125	0.52875	0.515	0.11625	0.5625	0.3075	0.275	0.4625	0.28875	0.24625	0.355	0.395	0.3575	0.14875	0.43	0.33625	-0.8	0.733333	-0.58	-0.114286	-0.444444	0.327	0.382667	0.39726	0.410643	0.412278
0.5	0.12	0.05	0.02	0.12	0.12	0.05	0.05	0.05	0.95	0.73	0.5	0.5	0.27	0.12	0.12	0.5	0.05	0.73	0.95	0.32875	0.51	0.35	0.39125	0.055	0.49	0.4575	0.2	0.52375	0.2225	0.19	0.54625	0.165	0.215	0.26	0.575	0.43375	0.06	0.345	0.26	3.8	0.466667	-0.02	-0.742857	-0.355556	0.3864	0.3732	0.41022	0.412043	0.3971
0.05	0.05	0.05	0.05	0.01	0.5	0.5	0.02	0.99	0.01	0.01	0.12	0.02	0.01	1	0.27	0.05	0.01	0.05	0.02	0.3725	0.415	0.435	0.50625	0.06375	0.4425	0.48625	0.2075	0.32125	0.27875	0.17	0.575	0.16375	0.13875	0.14125	0.5375	0.4625	0.03125	0.30875	0.315	-1.6	0.5	-0.18	-0.357143	-1.05556	0.4062	0.429833	0.40352	0.392929	0.381578
0.5	0.12	0.73	0.27	0.12	0.12	0.12	0.05	0.05	0.73	0.27	0.12	0.27	0.12	0.05	0.73	0.95	0.02	0.12	0.95	0.31625	0.34625	0.29375	0.3575	0.05375	0.38625	0.445	0.14375	0.35375	0.2925	0.1975	0.49	0.245	0.2475	0.25625	0.4325	0.42625	0.0625	0.385	0.28375	-0.7	-1.3	-0.18	-0.742857	-0.166667	0.4969	0.434733	0.39778	0.366786	0.346767
0.12	0.88	0.12	0.27	0.02	0.88	0.99	0.12	0.95	0.05	0.12	0.5	0.12	0.5	0.5	0.12	0.12	0.05	0.73	0.05	0.33625	0.14375	0.30875	0.24875	0.06625	0.18375	0.2475	0.12125	0.18125	0.48625	0.3325	0.35375	0.34	0.2475	0.1875	0.40125	0.45375	0.05875	0.2325	0.4725	-1.6	-1.03333	-1.64	0.0142857	0.233333	0.4011	0.398767	0.37082	0.337043	0.311978
0.95	0.27	0.12	0.12	0.12	0.27	0.27	0.27	0.12	0.27	0.12	0.95	0.12	0.05	0.12	0.88	0.73	0.05	0.05	0.12	0.28	0.22	0.22375	0.21125	0.16625	0.26	0.31875	0.04625	0.36125	0.54375	0.38875	0.19375	0.41625	0.36375	0.22625	0.22125	0.34875	0.07125	0.42125	0.54	-0.8	-1.96667	-0.42	-0.128571	0.788889	0.2983	0.317	0.31334	0.2992	0.2988
0.02	0.05	0.73	1	0.01	0.12	0.73	0.05	0.05	0.01	0	0.12	0.01	0.01	0.05	0.12	0.05	0	0.01	0.01	0.44375	0.26625	0.15625	0.105	0.28375	0.27875	0.26125	0.15875	0.37	0.54875	0.34625	0.2975	0.40125	0.4575	0.22625	0.36375	0.405	0.08625	0.3975	0.4975	-3.5	0.0666667	0.28	0.7	0.277778	0.2516	0.2229	0.23826	0.270943	0.274356
0.12	0.02	0.05	0.02	0.05	0.05	0.02	0.02	0.05	0.88	0.5	0.05	0.95	1	0.02	0.12	0.73	0.27	0.73	0.73	0.43125	0.27	0.24125	0.22375	0.40125	0.23125	0.29375	0.1625	0.35625	0.45375	0.31625	0.35375	0.4	0.4425	0.1075	0.33625	0.32	0.11375	0.42625	0.42	4.5	1.26667	1.44	0.685714	0.311111	0.1188	0.163967	0.19972	0.223729	0.258178
0.05	0.02	0.01	0.01	0.05	0.02	0.02	0.01	0.02	0.99	0.98	0.02	0.73	0.5	0.02	0.02	0.12	0.05	0.12	0.73	0.49625	0.27	0.18875	0.20625	0.40125	0.235	0.29375	0.1725	0.36	0.35125	0.225	0.3575	0.4	0.4925	0.11625	0.38125	0.34	0.14125	0.49375	0.3075	2.8	3.83333	1.44	0.728571	0.3	0.1215	0.149567	0.17334	0.203657	0.223678
0.88	0.5	0.05	0.05	0.95	0.27	0.12	0.05	0.73	0.73	0.5	0.12	0.73	0.5	0.05	0.27	0.27	0.12	0.88	0.88	0.44	0.115	0.26	0.23	0.39625	0.10875	0.1725	0.1675	0.1675	0.3925	0.27625	0.2975	0.4	0.43625	0.065	0.45375	0.43	0.1325	0.39875	0.31625	4.2	2.06667	1.88	0.728571	0.4	0.2084	0.165433	0.17514	0.187671	0.219556
0.88	0.27	0.12	0.05	0.95	0.12	0.05	0.73	0.05	0.73	0.27	0.5	0.27	0.98	0.05	0.5	0.27	0.12	0.5	0.5	0.4125	0.11625	0.25125	0.22125	0.39625	0.10875	0.15375	0.055	0.24375	0.42125	0.38125	0.14625	0.47625	0.4325	0.05625	0.34875	0.46125	0.1325	0.455	0.4675	-0.8	0.7	0.82	1.12857	0.8	0.1664	0.2118	0.18866	0.203729	0.226056
0.05	0.05	0.05	0.02	0.99	0.05	0.05	0.02	0.88	0.12	0.27	0.5	0.95	0.88	0.02	0.05	0.05	0.5	1	0.12	0.5475	0.14375	0.23125	0.1625	0.3925	0.1175	0.15375	0.14375	0.14	0.49875	0.38375	0.19375	0.3925	0.445	0.17875	0.405	0.4975	0.08625	0.39375	0.51625	-1.3	-0.966667	0.12	0.885714	1.01111	0.2606	0.204467	0.23716	0.237729	0.266322
0.95	0.12	0.27	0.12	0.12	0.12	0.12	0.12	0.05	0.02	0.02	0.12	0.05	0.02	0.12	0.99	0.5	0.02	0.05	0.05	0.4825	0.13875	0.28875	0.26625	0.4975	0.165	0.1575	0.2525	0.36	0.4025	0.35375	0.25	0.38875	0.43	0.17	0.30625	0.365	0.115	0.4275	0.43625	-0.8	-0.933333	-0.16	0.257143	0.466667	0.1864	0.270333	0.26684	0.308086	0.307756
0.5	0.12	0.73	0.5	0.88	0.12	0.12	0.12	0.12	0.12	0.05	0.12	0.12	0.05	0.12	0.95	0.99	0.05	0.73	0.27	0.53875	0.1425	0.34875	0.22375	0.515	0.1775	0.16125	0.2575	0.44	0.2725	0.2425	0.25375	0.30375	0.4825	0.17	0.32375	0.39875	0.13875	0.4525	0.32375	-0.7	0.433333	-0.32	-0.4	0.466667	0.364	0.3024	0.35636	0.348557	0.336133
0.73	0.05	0.12	0.05	0.12	0.12	0.05	0.05	0.05	0.5	0.73	0.12	0.27	0.5	0.05	0.27	0.98	0.05	0.12	0.95	0.4625	0.09125	0.42125	0.27625	0.55375	0.15	0.16125	0.2625	0.36375	0.225	0.1575	0.245	0.2275	0.455	0.20625	0.39	0.38125	0.13875	0.5375	0.2525	2.8	0.166667	-0.14	0.114286	0.466667	0.3568	0.444933	0.40258	0.378629	0.349644
0.27	0.05	0.5	0.5	0.02	0.12	0.73	0.05	0.05	0.02	0.02	0.5	0.02	0.01	1	0.12	0.12	0.01	0.02	0.02	0.52	0.0725	0.3925	0.22875	0.4625	0.15	0.085	0.18625	0.36375	0.2	0.24625	0.15	0.24	0.39625	0.09625	0.47	0.54625	0.13125	0.49375	0.32125	-1.6	0.266667	0.58	0.9	0.466667	0.614	0.4875	0.44068	0.388543	0.355389
0.5	0.05	0.73	0.95	0.02	0.5	0.12	0.99	0.98	0.01	0.01	0.12	0.02	0.02	0.05	0.27	0.12	0.02	0.05	0.02	0.4875	0.06875	0.36	0.17125	0.34125	0.1025	0.1575	0.0675	0.25625	0.24875	0.2475	0.1375	0.2125	0.37625	0.21375	0.4475	0.5425	0.1925	0.48875	0.3125	-0.4	0.266667	1.56	0.9	0.511111	0.4917	0.4942	0.43388	0.393071	0.374833
0.05	0.05	0.95	0.05	0.95	0.12	0.05	0.05	0.73	0.05	0.12	0.05	0.12	0.95	0.02	0.12	0.88	0.27	1	0.05	0.43125	0.17875	0.31375	0.275	0.21125	0.16875	0.21375	0.20375	0.29625	0.2425	0.23375	0.2225	0.2	0.25875	0.205	0.3575	0.39125	0.16	0.36625	0.305	2.8	2.2	0.84	0.871429	0.1	0.3769	0.399533	0.40614	0.4033	0.422222
0.5	0.02	0.02	0.02	0.5	0.05	0.05	0.02	0.05	0.73	0.5	0.05	0.27	0.73	0.27	0.12	0.12	0.12	0.95	0.99	0.31875	0.1825	0.46125	0.34	0.16	0.19625	0.26125	0.19875	0.49125	0.145	0.18625	0.2225	0.1725	0.2825	0.165	0.2725	0.3775	0.17375	0.29625	0.16	4.2	2.06667	0.98	-0.171429	-0.211111	0.33	0.308333	0.37046	0.439886	0.435478
0.88	0.12	0.27	0.12	0.12	0.12	0.12	0.12	0.05	0.05	0.27	0.12	0.12	0.02	0.12	0.99	0.73	0.02	0.05	0.12	0.21375	0.1975	0.44875	0.4125	0.19875	0.20625	0.30875	0.21375	0.5	0.20125	0.1575	0.26125	0.1725	0.315	0.30125	0.22125	0.2975	0.1825	0.4	0.18375	-0.8	0.833333	0.16	-0.442857	-0.7	0.2181	0.3279	0.3947	0.421214	0.456911
0.02	0.02	0.02	0.01	0.02	0.05	0.02	0.01	0.95	0.5	0.27	0.02	0.73	0.73	0.01	0.02	0.02	1	0.99	0.05	0.35	0.2375	0.48	0.455	0.215	0.29125	0.32125	0.255	0.415	0.1575	0.17	0.32125	0.15625	0.24	0.205	0.39	0.48125	0.065	0.37125	0.2525	-0.9	-2.06667	-1.1	-0.614286	-0.955556	0.4356	0.4222	0.41598	0.4295	0.449333
0.05	1	0.12	0.05	0.01	0.27	0.5	0.27	0.12	0.01	0.02	0.73	0.05	0.01	0.02	0.12	0.05	0.01	0.02	0.02	0.3175	0.2275	0.48625	0.4225	0.22	0.26375	0.30875	0.1325	0.43	0.2325	0.215	0.3275	0.30125	0.33375	0.2125	0.435	0.55375	0.1925	0.50125	0.2875	-4.5	-2.96667	-2.26	-1.57143	-1	0.6129	0.5106	0.45992	0.453629	0.439267
0.05	0.12	0.98	0.99	0.02	0.27	0.5	0.05	1	0.02	0.05	0.12	0.05	0.02	0.05	0.27	0.12	0.01	0.12	0.05	0.345	0.33375	0.275	0.305	0.1025	0.255	0.33625	0.27875	0.23125	0.225	0.1975	0.40375	0.28875	0.215	0.20875	0.41625	0.44125	0.16125	0.365	0.27875	-3.5	-3.2	-2.88	-2.28571	-1.35556	0.4833	0.548633	0.52546	0.463786	0.422222
0.27	0.27	0.27	0.73	0.05	0.27	0.5	0.27	0.12	0.27	0.27	0.5	0.12	0.05	0.99	0.73	0.95	0.02	0.05	0.27	0.28875	0.31875	0.395	0.35	0.0425	0.26375	0.345	0.26375	0.34125	0.105	0.11	0.365	0.2525	0.1225	0.06375	0.46875	0.41375	0.14625	0.2575	0.13375	-1.6	-3	-2.86	-2.22857	-1.91111	0.5497	0.526267	0.51856	0.464557	0.409033
0.5	0.27	0.5	0.73	0.05	0.73	0.73	0.27	0.27	0.12	0.12	0.88	0.5	0.12	0.12	0.5	0.88	0.05	0.73	0.5	0.15625	0.30625	0.335	0.3975	0.09	0.19375	0.30375	0.255	0.31875	0.15125	0.1575	0.305	0.205	0.145	0.22	0.37625	0.3375	0.265	0.2575	0.18125	-3.9	-2.1	-2.04	-2.21429	-1.92222	0.5458	0.498867	0.44068	0.432514	0.402711
0.27	0.95	0.88	0.73	0.05	0.5	0.5	0.27	0.27	0.12	0.12	0.88	0.5	0.05	0.12	0.73	0.73	0.05	0.12	0.27	0.185	0.22125	0.2875	0.3975	0.09	0.21875	0.33125	0.255	0.215	0.10375	0.13875	0.305	0.12875	0.1875	0.22	0.3475	0.36	0.2025	0.335	0.26625	-0.8	-1.7	-1.5	-1.7	-1.96667	0.4011	0.390133	0.38628	0.367986	0.361433
0.27	0.02	0.12	0.05	0.02	0.05	0.27	1	0.02	0	0.01	0.05	0.02	0.01	0.02	0.12	0.05	0.02	0.01	0.01	0.185	0.21375	0.36875	0.4775	0.09875	0.24375	0.29875	0.13125	0.2325	0.2425	0.2125	0.32	0.2925	0.20625	0.2325	0.41125	0.45375	0.2075	0.3525	0.40625	-0.4	-0.666667	-1.36	-1.38571	-1	0.2235	0.278633	0.30858	0.3081	0.3204
0.27	0.05	0.27	0.12	0.05	0.12	0.12	0.12	0.05	0.02	0.02	0.12	0.05	0.02	0.05	1	0.73	0.01	0.02	0.05	0.2125	0.22875	0.26125	0.36	0.095	0.32625	0.365	0.26875	0.1375	0.27125	0.21125	0.33	0.2975	0.20875	0.22875	0.33	0.445	0.21375	0.4275	0.40125	-0.8	-0.7	-0.84	-0.557143	-1	0.2113	0.198667	0.21224	0.264371	0.302844
0.05	0.02	0.02	0.5	0.5	0.02	0.02	0.05	0.02	0.27	0.5	0.02	0.12	0.27	0.5	0.02	0.05	1	0.73	0.73	0.2975	0.29	0.2925	0.28375	0.0475	0.39625	0.425	0.25875	0.2175	0.2125	0.12375	0.37125	0.28875	0.1775	0.06375	0.47125	0.52125	0.09	0.3475	0.2975	-0.9	-1	0.16	-0.5	-0.9	0.1612	0.145533	0.18074	0.232871	0.2626
0.02	0.02	0.02	0.01	0.02	0.02	0.01	0.01	0.12	0.12	0.12	0.02	0.12	1	0.01	0.02	0.05	0.5	1	0.5	0.245	0.25875	0.23125	0.255	0.1075	0.3075	0.3375	0.23125	0.17375	0.3075	0.28	0.26375	0.3175	0.1625	0.1125	0.41125	0.4175	0.1525	0.2375	0.32625	-1.3	0.666667	-0.46	-0.485714	-0.0444444	0.0641	0.1563	0.2011	0.202357	0.210344
0.05	0.01	0.01	0.01	0.05	0.02	0.01	0.01	0.01	1	0.5	0.02	0.88	0.12	0.02	0.02	0.12	0.02	0.05	0.88	0.2225	0.1425	0.125	0.1975	0.2225	0.2475	0.2775	0.2	0.15625	0.305	0.25125	0.15625	0.175	0.2725	0.09875	0.32625	0.38	0.20875	0.3475	0.33625	4.2	-0.2	-0.44	0.114286	-0.344444	0.2436	0.211	0.19634	0.181214	0.1886
0.27	0.27	0.27	0.12	0.02	1	0.88	0.27	0.27	0.27	0.05	0.27	0.12	0.05	0.05	0.5	0.73	0.05	0.73	0.05	0.22375	0.17	0.14	0.29625	0.23	0.22875	0.25375	0.0575	0.18375	0.4025	0.3125	0.21	0.2825	0.28625	0.1075	0.3425	0.4075	0.20875	0.32375	0.445	-3.5	7.40149e-17	0.5	-0.271429	-0.688889	0.3253	0.252133	0.1792	0.180371	0.222478
0.73	0.73	0.27	0.5	0.12	0.73	0.88	0.12	0.73	0.05	0.05	0.73	0.12	0.05	0.12	0.88	0.88	0.02	0.12	0.12	0.22375	0.12125	0.12125	0.24	0.33375	0.2625	0.2725	0.0675	0.23	0.51875	0.3725	0.17125	0.38625	0.3175	0.09875	0.20375	0.33125	0.2175	0.48875	0.54	-0.7	-0.133333	0.06	-0.642857	-0.1	0.1875	0.1961	0.20746	0.232829	0.214122
0.05	0.02	0.01	0.01	0.05	0.02	0.02	0.01	0.02	0.73	0.99	0.02	0.73	0.73	0.02	0.02	0.05	0.05	0.12	0.5	0.30875	0.21	0.15375	0.24	0.28625	0.355	0.38	0.07625	0.3225	0.51	0.315	0.26	0.4175	0.3225	0.05125	0.31125	0.435	0.10375	0.46	0.46375	3.8	-0.133333	-1.48	0.185714	0.311111	0.0755	0.156133	0.26442	0.243114	0.204789
0.12	0.01	0.02	0.27	1	0.02	0.02	0.02	0.02	0.98	0.27	0.02	0.12	0.05	0.02	0.05	0.5	0.02	0.05	0.73	0.36	0.3275	0.24125	0.2975	0.17125	0.4625	0.47	0.1075	0.34125	0.47875	0.39625	0.3675	0.49375	0.285	0.065	0.3675	0.40625	0.0475	0.35	0.3875	-3.5	-1.06667	0.12	-0.0142857	0.0666667	0.2054	0.269767	0.22658	0.219343	0.254667
0.5	0.5	0.5	0.95	0.05	0.88	0.95	0.12	0.5	0.05	0.05	0.73	0.12	0.05	0.12	0.73	0.88	0.05	0.5	0.05	0.36875	0.35625	0.21375	0.3025	0.29	0.4625	0.47125	0.1	0.3425	0.50375	0.395	0.395	0.39875	0.27625	0.065	0.31375	0.40625	0.0475	0.32125	0.3775	-3.5	-0.833333	0.82	-0.0142857	-0.788889	0.5284	0.289967	0.20452	0.246157	0.297333
0.73	0.12	0.12	0.05	0.98	0.12	0.27	0.05	0.88	0.73	0.5	0.27	0.88	0.27	0.05	0.27	0.27	0.05	0.73	0.88	0.32125	0.46125	0.31875	0.49125	0.28125	0.4475	0.46125	0.08125	0.385	0.39125	0.3475	0.4525	0.30375	0.3525	0.07	0.32375	0.40625	0.16375	0.325	0.27375	4.5	1.26667	-0.64	-0.414286	-0.5	0.1361	0.247233	0.29202	0.309029	0.293789
0.05	0.02	0.02	0.01	0.05	0.05	0.02	0.01	0.05	0.88	0.98	0.02	0.98	0.99	0.02	0.02	0.05	0.12	0.5	0.5	0.4375	0.3975	0.3125	0.44875	0.445	0.38	0.3975	0.18125	0.40375	0.3725	0.2875	0.455	0.2825	0.25875	0.16875	0.355	0.3575	0.155	0.345	0.32125	2.8	1.26667	-0.64	-1.08571	-0.222222	0.0772	0.2421	0.37646	0.340157	0.296778
0.5	0.95	0.73	0.73	0.05	0.88	0.73	0.27	0.27	0.12	0.05	0.88	0.12	0.02	0.12	0.5	0.27	0.02	0.05	0.12	0.40875	0.37	0.285	0.3725	0.5575	0.33625	0.36875	0.23875	0.4975	0.37875	0.28625	0.455	0.305	0.30375	0.16	0.355	0.3575	0.28625	0.42	0.3125	-3.5	-1.4	-0.12	-0.328571	-1	0.513	0.405933	0.32946	0.341443	0.342022
0.5	0.73	0.27	0.73	0.05	0.88	0.95	0.05	0.5	0.27	0.27	0.95	0.12	0.05	0.12	0.27	0.5	0.05	0.27	0.12	0.4275	0.4875	0.37375	0.44875	0.55625	0.3675	0.40125	0.32625	0.52875	0.24375	0.23125	0.50625	0.29625	0.35625	0.1725	0.49625	0.3	0.28625	0.40125	0.2275	-3.5	-2.63333	-0.66	-0.285714	-0.7	0.6276	0.478	0.34512	0.334914	0.382433
0.12	0.73	0.73	0.73	0.88	0.12	0.12	0.05	0.99	0.05	0.12	0.27	0.12	0.88	0.02	0.12	0.12	0.98	0.99	0.05	0.4275	0.45875	0.26875	0.3925	0.57125	0.415	0.4775	0.3175	0.49625	0.29875	0.335	0.515	0.39125	0.28	0.17625	0.4575	0.3	0.17875	0.31125	0.26375	-0.9	-0.866667	-1.86	-1.04286	-0.7	0.2934	0.378467	0.42622	0.396771	0.360833
0.98	0.12	0.12	0.12	0.5	0.12	0.12	0.88	0.05	0.05	0.05	0.5	0.05	0.02	0.88	0.88	0.27	0.02	0.05	0.12	0.235	0.535	0.42125	0.58625	0.4975	0.43375	0.5625	0.2225	0.62875	0.21	0.2875	0.4675	0.29625	0.35625	0.125	0.34375	0.2625	0.29375	0.3525	0.1475	1.8	-0.766667	-1.32	-1.94286	-1.58889	0.2144	0.330167	0.43744	0.433457	0.3848
0.27	0.73	0.5	0.12	0.95	0.5	0.5	0.73	0.99	0.02	0.05	0.88	0.05	0.12	0.05	0.5	0.27	1	0.27	0.05	0.3325	0.45875	0.37375	0.5875	0.45	0.38625	0.515	0.24125	0.5075	0.22625	0.2875	0.42	0.265	0.33	0.22875	0.395	0.29	0.1625	0.2775	0.20375	-3.2	-0.733333	-1.32	-1.94286	-1.47778	0.4827	0.422067	0.37872	0.410429	0.381289
0.27	0.73	0.27	0.88	0.99	0.27	0.5	0.5	0.5	0.05	0.05	0.5	0.05	0.5	0.12	0.95	0.27	0.05	0.12	0.05	0.3325	0.355	0.32625	0.41625	0.445	0.39625	0.5425	0.27	0.55	0.27	0.39125	0.39125	0.3725	0.31375	0.21125	0.31	0.29	0.285	0.305	0.25125	-0.8	-2.5	-1.84	-0.9	-1.47778	0.5691	0.461933	0.3904	0.327286	0.355233
0.12	0.27	0.12	0.5	1	0.5	0.73	0.05	0.73	0.27	0.73	0.12	0.88	0.27	0.05	0.27	0.5	0.12	0.5	0.27	0.35125	0.33625	0.345	0.495	0.44	0.34875	0.5175	0.335	0.56875	0.21125	0.275	0.35375	0.26	0.33875	0.22	0.4525	0.29	0.2725	0.23	0.215	-3.5	-2.6	-1.44	-1.27143	-1.17778	0.334	0.4183	0.35664	0.325157	0.3418
0.05	0.12	0.73	0.99	0.01	0.27	0.95	0.12	1	0.02	0.05	0.12	0.05	0.02	0.5	0.12	0.12	0.01	0.12	0.02	0.37875	0.26625	0.18	0.345	0.46875	0.36875	0.4775	0.3225	0.41375	0.36	0.46375	0.3225	0.45875	0.29375	0.16375	0.4625	0.3375	0.17	0.16875	0.35	-3.5	-1.06667	-1.5	-1.64286	-0.655556	0.3518	0.2438	0.3158	0.366914	0.315889
0.12	0.02	0.02	0.02	0.12	0.05	0.02	0.01	0.02	0.98	0.98	0.02	0.73	0.88	0.02	0.05	0.27	0.05	0.12	0.88	0.25375	0.26625	0.255	0.4525	0.39875	0.38375	0.58125	0.2275	0.5325	0.325	0.46375	0.275	0.43	0.3075	0.11625	0.36375	0.31875	0.1775	0.225	0.26125	3.8	-1.06667	-1.5	-0.642857	-0.433333	0.0456	0.2253	0.30332	0.306557	0.302633
0.5	0.12	0.12	0.12	0.05	0.73	0.95	0.27	0.12	0.5	0.88	0.27	0.98	0.27	0.05	0.27	0.27	0.05	0.12	0.5	0.1875	0.28125	0.21375	0.4875	0.295	0.27	0.4175	0.11	0.41125	0.3975	0.5325	0.19625	0.42625	0.375	0.1125	0.3075	0.40875	0.055	0.1975	0.365	-3.5	-0.166667	-0.04	0.0142857	0.344444	0.2785	0.276933	0.24856	0.238843	0.301389
0.5	0.12	0.27	0.98	0.02	0.73	0.98	0.12	0.88	0.02	0.02	0.27	0.05	0.02	0.12	0.73	0.73	0.02	0.05	0.05	0.16875	0.30875	0.17625	0.285	0.20875	0.29875	0.46125	0.1	0.26875	0.51375	0.6675	0.25625	0.6275	0.40625	0.095	0.14625	0.3325	0.05875	0.20625	0.43	-0.8	-0.166667	1.42	1.05714	-0.0666667	0.5067	0.2818	0.19722	0.258486	0.286989
0.27	0.02	0.02	0.02	0.12	0.05	0.02	0.02	0.02	0.99	0.95	0.02	0.88	0.27	0.02	0.05	0.12	0.05	0.12	0.88	0.1975	0.29375	0.195	0.345	0.08625	0.3275	0.4925	0.1075	0.2875	0.45	0.49375	0.30625	0.5325	0.35625	0.10375	0.20375	0.40875	0.0425	0.14125	0.4175	3.8	2.26667	1.42	0.914286	0.788889	0.0602	0.220667	0.2824	0.271014	0.253356
0.05	0.02	0.01	0.01	0.05	0.02	0.02	0.01	0.02	0.73	0.98	0.02	0.5	0.99	0.02	0.02	0.27	0.12	0.5	0.27	0.28125	0.37	0.22875	0.25625	0.185	0.42	0.4075	0.10875	0.19625	0.495	0.5175	0.325	0.58875	0.26625	0.0475	0.255	0.4375	0.035	0.085	0.50625	3.8	3.8	1.22	0.971429	1.37778	0.0951	0.208933	0.3146	0.268971	0.240078
0.12	0.95	0.27	0.5	0.05	0.27	0.12	0.05	0.12	0.12	0.5	0.5	0.27	0.05	0.05	0.27	0.99	0.02	0.05	0.5	0.29125	0.37	0.30375	0.255	0.1725	0.4925	0.48375	0.1175	0.3	0.455	0.47	0.35375	0.54125	0.33625	0.0475	0.28	0.32875	0.05625	0.2175	0.37375	3.8	1.03333	2.22	1.72857	0.566667	0.4715	0.335367	0.21952	0.262371	0.296944
0.12	0.95	0.12	0.12	0.27	0.5	0.88	0.27	0.12	0.5	0.27	0.98	0.73	0.5	0.05	0.12	0.12	0.05	0.12	0.12	0.32	0.465	0.37	0.35	0.145	0.435	0.3325	0.07125	0.3	0.35125	0.4225	0.37875	0.395	0.2525	0.05625	0.375	0.46625	0.04875	0.2	0.37375	-4.5	1.16667	1.82	1.34286	1.15556	0.4395	0.3141	0.25394	0.269614	0.303756
0.12	0.05	0.02	0.02	0.12	0.05	0.02	0.01	0.02	0.73	0.27	0.27	0.95	0.12	0.02	0.05	0.5	0.02	0.05	1	0.2725	0.565	0.35125	0.2425	0.1675	0.4025	0.3325	0.09	0.205	0.41125	0.45375	0.43625	0.4525	0.42125	0.0475	0.29875	0.3425	0.065	0.265	0.38125	4.2	0.5	0.36	1.05714	1.71111	0.0313	0.234367	0.3464	0.309557	0.250111
0.5	0.73	0.99	0.27	0.73	0.98	0.27	0.12	0.27	0.12	0.27	0.27	0.12	0.02	0.05	0.5	0.5	0.02	0.05	0.12	0.31	0.51125	0.26125	0.27125	0.09125	0.3425	0.4175	0.13625	0.18625	0.37	0.34125	0.525	0.46125	0.4025	0.05625	0.34625	0.36125	0.06125	0.25625	0.415	1.8	0.833333	-0.04	1.11429	1.2	0.2323	0.273667	0.32006	0.299386	0.279511
0.27	0.95	0.88	0.5	0.02	0.88	0.73	0.12	0.95	0.05	0.12	0.73	0.12	0.5	0.05	0.5	0.12	0.12	0.73	0.05	0.36625	0.54375	0.38375	0.30375	0.2925	0.44375	0.42	0.15	0.11375	0.32125	0.3	0.575	0.46125	0.225	0.06875	0.3775	0.46625	0.04	0.12375	0.4525	-3.5	0.0333333	1.7	0.457143	1.24444	0.5574	0.3765	0.23694	0.278429	0.342222
0.73	0.88	0.5	0.5	0.05	0.5	0.5	0.12	0.12	0.05	0.27	0.95	0.27	0.05	0.12	0.88	0.5	0.02	0.05	0.12	0.35625	0.54375	0.43125	0.35125	0.285	0.54875	0.525	0.15875	0.265	0.30875	0.22125	0.60375	0.415	0.2775	0.1775	0.33	0.31	0.0525	0.20875	0.3875	1.8	0.833333	0.7	1.7	0.388889	0.3398	0.307033	0.29564	0.309857	0.3498
0.12	0.02	0.02	0.02	0.05	0.02	0.12	0.01	0.02	0.73	0.27	0.02	0.73	0.99	0.02	0.05	0.12	0.12	0.5	0.99	0.4325	0.6425	0.59875	0.50625	0.25375	0.60875	0.5725	0.20125	0.385	0.16375	0.19	0.66	0.2725	0.1	0.19	0.4525	0.3575	0.03625	0.1525	0.26625	4.2	1.73333	1.18	0.542857	0.844444	0.0239	0.2295	0.38108	0.382486	0.366044
0.95	0.27	0.27	0.5	0.12	0.5	0.95	0.5	0.12	0.05	0.05	0.73	0.12	0.02	0.12	0.88	0.27	0.02	0.05	0.27	0.405	0.63875	0.59875	0.50625	0.245	0.605	0.52875	0.24875	0.385	0.24875	0.2175	0.57125	0.2925	0.24	0.19	0.405	0.3675	0.0525	0.2175	0.29375	-0.8	2.53333	1.1	0.228571	0.877778	0.3248	0.336067	0.37754	0.432971	0.435956
0.27	0.5	0.88	0.5	0.95	0.73	0.5	0.12	0.12	0.27	0.5	0.88	0.5	0.05	0.12	0.27	0.73	0.05	0.12	0.5	0.4425	0.6375	0.46125	0.4875	0.0525	0.545	0.61375	0.29625	0.41375	0.22125	0.16125	0.64125	0.2925	0.2675	0.19	0.4525	0.2625	0.06125	0.32125	0.265	4.2	-0.166667	0.66	1.37143	0.533333	0.6595	0.508	0.42672	0.4477	0.451656
0.5	0.88	0.27	0.88	0.02	0.73	0.73	0.12	0.5	0.02	0.02	0.95	0.05	0.02	0.99	0.27	0.12	0.02	0.05	0.05	0.47125	0.53375	0.46125	0.3925	0.1725	0.4975	0.5275	0.29625	0.2625	0.26125	0.22125	0.665	0.34875	0.21125	0.09	0.48125	0.38625	0.0525	0.245	0.33	-3.9	-0.0333333	0.72	0.928571	0.488889	0.5397	0.594967	0.55404	0.452529	0.447589
0.12	0.88	0.98	0.88	0.02	0.5	0.88	0.5	0.98	0.02	0.02	0.5	0.05	0.02	0.05	0.27	0.12	0.02	0.12	0.02	0.46125	0.4575	0.325	0.345	0.16875	0.58875	0.5375	0.24	0.22125	0.26125	0.2025	0.63625	0.4375	0.2075	0.19875	0.38625	0.3575	0.05625	0.23625	0.3525	-0.4	0.0666667	0.62	-0.228571	-0.1	0.5857	0.5953	0.5638	0.523514	0.420456
0.73	0.27	0.27	0.5	0.12	0.5	0.5	0.88	0.12	0.73	0.27	0.27	0.5	0.27	0.12	0.5	0.73	0.05	0.12	0.5	0.385	0.5375	0.47375	0.39625	0.24125	0.64875	0.57625	0.19375	0.3325	0.2	0.22875	0.66875	0.415	0.0675	0.19	0.36625	0.28125	0.04375	0.18875	0.27875	4.5	0.933333	-1	-0.614286	-0.355556	0.6605	0.539933	0.53606	0.490771	0.458222
0.12	0.95	0.5	0.12	0.02	0.73	0.5	0.12	0.5	0.12	0.27	0.98	0.5	0.27	0.05	0.27	0.12	0.12	0.95	0.12	0.3575	0.42125	0.4175	0.3875	0.24125	0.56375	0.46375	0.22875	0.2725	0.2725	0.2375	0.495	0.4025	0.06625	0.30875	0.31875	0.38625	0.03375	0.08	0.295	-1.3	-0.233333	-0.92	-0.942857	-0.444444	0.3736	0.5183	0.44724	0.448529	0.428033
0.73	0.5	0.27	0.12	0.05	0.5	0.27	0.12	0.12	0.12	0.12	0.99	0.12	0.02	0.12	0.73	0.5	0.02	0.05	0.12	0.28125	0.43	0.39875	0.34	0.24375	0.5925	0.54	0.305	0.32	0.245	0.2	0.39875	0.4025	0.0975	0.29125	0.26125	0.36625	0.15875	0.18375	0.2475	-3.9	-2.9	-0.46	-0.614286	-0.955556	0.5208	0.33	0.40286	0.379014	0.391178
0.27	0.27	0.12	0.12	0.02	1	0.73	0.05	0.27	0.05	0.12	0.27	0.98	0.02	0.05	0.12	0.27	0.05	0.05	0.27	0.33875	0.355	0.39	0.23625	0.355	0.50125	0.3975	0.305	0.245	0.37	0.26	0.385	0.38	0.1575	0.23875	0.31875	0.47125	0.15875	0.24	0.3325	-3.5	-1.83333	-1.68	-0.614286	-0.244444	0.0956	0.326733	0.28138	0.342171	0.360633
0.12	0.05	0.5	0.05	0.73	0.5	0.05	0.02	0.05	0.95	0.73	0.05	1	0.12	0.02	0.12	0.12	0.05	0.12	0.88	0.37625	0.335	0.25375	0.1975	0.355	0.5925	0.49125	0.28	0.18375	0.28875	0.19625	0.4125	0.405	0.205	0.25125	0.31875	0.56625	0.17125	0.3075	0.31625	1.9	-1.06667	-1.5	-0.9	0.111111	0.3638	0.170833	0.27222	0.285643	0.3421
0.12	0.02	0.05	0.05	0.02	0.05	0.05	0.02	0.02	0.02	0.12	0.05	0.02	0.01	1	0.27	0.5	0.01	0.01	0.02	0.31875	0.4275	0.3675	0.1975	0.435	0.62	0.4625	0.20375	0.1875	0.31625	0.245	0.44125	0.47125	0.27625	0.12	0.36	0.49	0.17625	0.32125	0.3675	-1.6	-0.0333333	-0.22	-0.314286	-0.777778	0.0531	0.248233	0.22102	0.292114	0.318833
0.27	0.12	0.5	0.12	1	0.73	0.88	0.73	0.12	0.05	0.05	0.12	0.12	0.05	0.05	0.27	0.95	0.95	0.05	0.12	0.3475	0.33	0.31125	0.18	0.3725	0.45875	0.31125	0.10625	0.1275	0.36	0.31125	0.325	0.51875	0.32875	0.23875	0.38875	0.52875	0.05	0.2125	0.43125	-0.4	0.166667	1.04	-0.257143	-0.322222	0.3278	0.215233	0.28568	0.282157	0.325167
0.5	0.05	0.05	0.05	0.88	0.5	0.05	0.05	0.05	0.95	0.5	0.12	0.73	0.5	0.5	0.12	0.73	0.05	0.5	0.88	0.2425	0.2825	0.34	0.18	0.39625	0.43125	0.3875	0.17875	0.1275	0.295	0.3625	0.2075	0.49	0.3325	0.17375	0.4075	0.60375	0.16625	0.165	0.355	2.5	1.63333	-0.04	0.642857	0.533333	0.2648	0.337167	0.30314	0.330014	0.289622
0.27	0.5	0.27	0.5	0.73	0.73	0.95	0.27	0.27	0.27	0.12	0.5	0.27	0.5	0.12	0.27	0.73	0.12	0.73	0.5	0.2525	0.315	0.36	0.115	0.5225	0.31125	0.19875	0.15125	0.08125	0.4075	0.48625	0.16	0.5475	0.345	0.22125	0.4075	0.68	0.1575	0.145	0.4025	2.8	0.6	0.84	0.914286	0.422222	0.4189	0.378267	0.37864	0.306743	0.348822
0.27	0.98	0.73	0.5	0.05	0.27	0.27	0.27	0.12	0.02	0.05	0.5	0.05	0.73	0.05	0.98	0.5	0.05	0.12	0.05	0.2525	0.3675	0.27375	0.12375	0.5225	0.41625	0.31125	0.155	0.10875	0.32625	0.41	0.2775	0.465	0.30375	0.2425	0.3375	0.81625	0.1625	0.2125	0.355	-3.5	0.7	1.68	0.5	-0.222222	0.4511	0.433533	0.35326	0.388929	0.394578
0.5	0.27	0.5	0.05	0.5	0.12	0.12	0.05	0.12	0.5	0.73	0.12	0.98	0.73	0.05	0.5	0.88	0.05	0.12	0.73	0.22375	0.57625	0.33	0.18875	0.46625	0.52	0.43375	0.18625	0.225	0.27875	0.325	0.44125	0.36125	0.305	0.12375	0.3975	0.72125	0.16375	0.22625	0.27375	2.8	1.03333	0.28	-1.90324e-16	-0.477778	0.4306	0.360867	0.42598	0.4529	0.460933
0.12	0.05	0.05	0.05	0.12	0.05	0.05	0.02	0.05	0.5	0.98	0.05	0.5	0.5	0.05	0.73	0.88	0.05	0.12	0.27	0.2525	0.65125	0.33	0.18	0.45125	0.4525	0.33875	0.10125	0.23375	0.335	0.41	0.46875	0.46875	0.4375	0.12	0.35	0.6175	0.07875	0.33875	0.4075	3.8	0.7	-1.06	-0.914286	-0.0111111	0.2009	0.419967	0.49732	0.507971	0.4567
0.12	0.98	0.5	0.05	0.88	0.27	0.12	0.05	0.12	0.27	0.73	0.27	0.98	0.12	0.05	0.27	0.88	0.05	0.12	0.27	0.19625	0.5625	0.27	0.175	0.3375	0.36875	0.32625	0.09375	0.31	0.26	0.39375	0.4325	0.3325	0.5475	0.05875	0.39875	0.5325	0.135	0.40125	0.33125	-4.5	-1.53333	-1.14	-0.771429	0.0222222	0.6284	0.534967	0.53716	0.489514	0.464122
0.12	0.95	0.27	0.12	0.05	0.88	0.27	0.05	0.12	0.05	0.05	0.99	0.12	0.02	0.12	0.27	0.98	0.02	0.05	0.05	0.16875	0.50625	0.2675	0.105	0.3525	0.20375	0.19125	0.06125	0.31	0.2875	0.555	0.2825	0.44	0.6225	0.03625	0.3675	0.435	0.18625	0.44375	0.31125	-3.9	-4.1	-0.94	0.128571	0.0222222	0.7756	0.684767	0.50898	0.472443	0.4512
0.12	0.98	0.27	0.12	0.02	0.73	0.88	0.05	0.95	0.12	0.12	0.98	0.12	0.02	0.05	0.27	0.12	0.02	0.12	0.05	0.16875	0.47125	0.21	0.07625	0.35625	0.31125	0.1725	0.0425	0.25375	0.2825	0.54625	0.34	0.4675	0.53375	0.1575	0.3075	0.51375	0.18625	0.435	0.31125	-3.9	-1.33333	-1.14	0.128571	-0.0222222	0.6503	0.571867	0.53512	0.454157	0.4758
0.12	0.5	0.05	0.05	0.5	0.12	0.05	0.02	0.12	0.5	0.98	0.27	0.5	0.88	0.02	0.12	0.12	0.27	0.95	0.73	0.16875	0.53125	0.2375	0.1125	0.2675	0.40625	0.295	0.07375	0.37625	0.20625	0.3625	0.4475	0.33125	0.35	0.18875	0.3825	0.52625	0.155	0.33125	0.16875	3.8	0.9	0.32	-0.971429	-0.411111	0.2897	0.423867	0.46996	0.521529	0.507978
0.05	0.27	0.02	0.01	0.73	0.05	0.02	0.02	0.73	0.12	0.12	0.05	0.12	1	0.01	0.05	0.05	0.5	1	0.27	0.25375	0.5875	0.32625	0.17375	0.2575	0.47125	0.355	0.13375	0.3275	0.1975	0.35375	0.53125	0.33125	0.27875	0.2175	0.4225	0.51625	0.12625	0.325	0.2075	2.8	3.13333	0.32	-0.428571	-0.922222	0.3316	0.307967	0.44934	0.534643	0.604356
