0.12	0.5	0.73	0.27	0.05	0.5	0.5	0.12	1	0.05	0.05	0.27	0.12	0.27	0.12	0.27	0.12	0.12	0.88	0.05	0.18625	0.39625	0.5875	0.31875	0.06375	0.44375	0.4575	0.22125	0.73625	0.1025	0.1025	0.28125	0.15875	0.30625	0.12625	0.30875	0.13875	0.1875	0.69	0.08625	-3.2	-3.2	-3.2	-3.24286	-2.25556	0.7383	0.727267	0.72726	0.720643	0.733622
0.12	0.5	0.73	0.27	0.05	0.5	0.5	0.12	1	0.05	0.05	0.27	0.12	0.27	0.12	0.27	0.12	0.12	0.88	0.05	0.13875	0.39625	0.61625	0.41	0.05125	0.49125	0.5525	0.13	0.755	0.10625	0.1025	0.3	0.15875	0.3025	0.12625	0.30875	0.1575	0.17375	0.69	0.08625	-3.2	-3.2	-3.26	-2.38571	-2.6	0.7266	0.7401	0.7004	0.628529	0.637111
0.12	0.5	0.73	0.27	0.05	0.5	0.5	0.12	1	0.05	0.05	0.27	0.12	0.27	0.12	0.27	0.12	0.12	0.88	0.05	0.1575	0.425	0.5875	0.43875	0.05125	0.55375	0.6	0.13	0.6925	0.10625	0.11125	0.3575	0.20625	0.275	0.145	0.3375	0.17625	0.17375	0.595	0.095	-3.2	-3.3	-2.06	-2.42857	-2.63333	0.7554	0.682267	0.59674	0.598786	0.597578
0.27	0.5	0.5	0.88	0.02	0.88	0.99	0.12	0.5	0.05	0.05	0.73	0.12	0.05	0.27	0.5	0.27	0.05	0.12	0.12	0.23375	0.3775	0.54	0.335	0.0825	0.45875	0.49125	0.14875	0.63625	0.21	0.1675	0.28125	0.25375	0.3025	0.12625	0.3375	0.205	0.17375	0.595	0.19875	-3.5	-1.3	-2.12	-2.47143	-1.81111	0.5648	0.506267	0.54726	0.566029	0.547256
0.12	0.05	0.05	0.05	0.12	0.05	0.05	0.05	0.27	0.5	0.5	0.05	0.5	1	0.02	0.12	0.12	0.73	0.95	0.27	0.27125	0.4625	0.5675	0.4675	0.07	0.62375	0.665	0.1575	0.6025	0.15375	0.11125	0.42375	0.225	0.15625	0.17625	0.41375	0.2425	0.08875	0.39625	0.18875	2.8	-1.4	-2.18	-1.41429	-1.84444	0.1986	0.4181	0.49946	0.495729	0.5196
0.12	0.12	0.73	1	0.02	0.5	0.88	0.27	0.27	0.05	0.02	0.27	0.05	0.02	0.12	0.5	0.27	0.01	0.05	0.05	0.27125	0.40625	0.40625	0.32125	0.0825	0.52	0.51375	0.12125	0.5875	0.21875	0.19875	0.3775	0.3	0.36375	0.155	0.3475	0.22375	0.27375	0.52375	0.24375	-3.5	-1.4	-0.7	-1.45714	-1.63333	0.4909	0.392367	0.39762	0.458786	0.464556
0.27	0.73	0.5	0.5	0.05	1	0.88	0.12	0.5	0.05	0.12	0.73	0.5	0.05	0.27	0.5	0.27	0.12	0.12	0.12	0.27125	0.30125	0.35875	0.4125	0.0875	0.4575	0.57	0.13125	0.44875	0.30375	0.2425	0.32	0.29125	0.34125	0.13625	0.3475	0.27125	0.25125	0.42	0.3475	-3.5	-0.933333	-0.7	-1.18571	-1.66667	0.4876	0.408233	0.37826	0.385571	0.4238
0.88	0.12	0.12	0.05	0.27	0.12	0.12	0.27	0.05	0.88	0.5	0.12	0.5	0.27	0.12	0.5	0.5	0.05	0.12	0.95	0.195	0.34875	0.44	0.52625	0.06	0.5675	0.665	0.13125	0.47125	0.19625	0.19125	0.425	0.29125	0.28625	0.155	0.405	0.29	0.2475	0.325	0.24375	4.2	-0.933333	-1.52	-1.18571	-1.7	0.2462	0.4006	0.38712	0.356286	0.373389
0.27	0.73	0.5	0.5	0.05	0.99	0.95	0.12	0.5	0.05	0.05	0.73	0.27	0.05	0.27	0.5	0.27	0.12	0.12	0.12	0.3	0.30125	0.3925	0.39375	0.1	0.4675	0.52875	0.15	0.38625	0.30875	0.25625	0.3675	0.33875	0.31375	0.13625	0.43375	0.40375	0.23875	0.325	0.36625	-3.5	-0.2	-1.52	-2.08571	-1.38889	0.468	0.319033	0.3609	0.371014	0.356067
0.12	0.12	0.12	0.05	0.05	0.12	0.12	0.05	0.88	0.12	0.27	0.12	0.27	0.95	0.05	0.12	0.12	0.88	1	0.27	0.31875	0.38625	0.43625	0.44625	0.11875	0.585	0.6325	0.155	0.31125	0.3475	0.28875	0.44375	0.38625	0.13875	0.1675	0.4725	0.44125	0.0675	0.13	0.405	-1.3	-2.76667	-1.52	-1.68571	-1.27778	0.2429	0.3569	0.32372	0.3593	0.347
0.27	0.27	0.12	0.5	0.12	0.5	0.95	0.05	0.12	0.73	0.5	0.27	0.5	0.12	0.12	0.27	0.5	0.05	0.12	0.95	0.31875	0.4625	0.4075	0.3275	0.11375	0.585	0.5375	0.13625	0.40625	0.27125	0.26375	0.51375	0.36625	0.24625	0.1775	0.45375	0.39375	0.17625	0.24875	0.32	-3.5	-2.76667	-2.5	-0.642857	-1.32222	0.3598	0.301467	0.35626	0.306357	0.373444
0.12	0.27	1	0.73	0.05	0.5	0.5	0.27	0.73	0.02	0.02	0.5	0.12	0.05	0.12	0.73	0.5	0.02	0.12	0.05	0.31875	0.405	0.36	0.3275	0.1225	0.5225	0.54625	0.1275	0.35875	0.35625	0.31125	0.45625	0.36625	0.255	0.15875	0.425	0.4225	0.1675	0.24875	0.42375	-3.5	-2.56667	-1.04	-1.8	-1.32222	0.3017	0.3568	0.28606	0.375314	0.364656
0.5	0.73	0.5	0.27	0.12	0.95	0.73	0.12	0.27	0.12	0.12	0.88	0.27	0.05	0.27	0.73	0.95	0.05	0.12	0.27	0.17625	0.33875	0.41375	0.38125	0.08625	0.4575	0.505	0.11875	0.44375	0.29625	0.29875	0.4	0.3475	0.34625	0.1275	0.36875	0.31875	0.24875	0.3525	0.31125	-0.7	-0.133333	-1.56	-1.8	-1.47778	0.4089	0.275867	0.38326	0.366814	0.353878
0.12	0.12	0.02	0.02	0.27	0.12	0.05	0.02	0.05	0.88	0.98	0.05	0.88	0.5	0.05	0.05	0.27	0.12	0.27	0.73	0.22375	0.44625	0.47375	0.38375	0.0675	0.52875	0.5625	0.13125	0.4425	0.20125	0.19125	0.535	0.2525	0.29	0.155	0.45375	0.40375	0.23125	0.33375	0.245	3.8	-0.266667	-1.56	-1.21429	-1.52222	0.117	0.418267	0.393	0.353429	0.365022
0.27	0.88	0.5	0.5	0.05	0.88	0.95	0.12	0.27	0.05	0.05	0.98	0.12	0.05	0.27	0.5	0.27	0.05	0.12	0.05	0.22375	0.3425	0.40125	0.32375	0.1225	0.425	0.4375	0.115	0.3075	0.4125	0.38375	0.41	0.405	0.29	0.1275	0.38875	0.4225	0.13625	0.26125	0.415	-3.9	-1.2	-0.3	-1.27143	-0.877778	0.7289	0.418133	0.3625	0.383214	0.359278
0.12	0.27	1	0.73	0.05	0.5	0.5	0.27	0.73	0.02	0.02	0.5	0.12	0.05	0.12	0.73	0.5	0.02	0.12	0.05	0.22375	0.51	0.3575	0.2475	0.11	0.50125	0.4375	0.09625	0.2975	0.33125	0.34	0.54625	0.3575	0.28125	0.14625	0.36	0.365	0.14	0.26125	0.3025	-3.5	-1.53333	-0.94	-0.128571	-0.988889	0.4085	0.428867	0.39438	0.367429	0.367033
0.12	0.05	0.05	0.02	0.05	0.05	0.02	0.05	0.27	0.5	0.5	0.05	0.5	1	0.02	0.05	0.12	0.73	0.95	0.27	0.2425	0.56625	0.41375	0.355	0.10625	0.605	0.55875	0.105	0.32625	0.27125	0.28375	0.63125	0.31	0.15875	0.1775	0.41625	0.38375	0.055	0.1575	0.275	2.8	-1.53333	-0.8	-0.671429	-0.988889	0.1492	0.375333	0.40922	0.370386	0.373033
0.27	0.98	0.5	0.27	0.05	0.73	0.73	0.12	0.27	0.05	0.05	0.98	0.12	0.05	0.27	0.5	0.27	0.05	0.12	0.05	0.22375	0.42125	0.3575	0.32375	0.10625	0.52375	0.47	0.09625	0.32625	0.3275	0.34	0.4675	0.3575	0.2775	0.14625	0.36	0.365	0.14875	0.26125	0.3025	-3.9	1.13333	-0.92	-1.71429	-1.3	0.5683	0.3029	0.34936	0.404486	0.380789
0.27	0.05	0.02	0.05	0.27	0.05	0.02	0.02	0.02	0.98	0.88	0.05	0.73	0.5	0.05	0.05	0.27	0.05	0.27	0.95	0.2425	0.61375	0.4775	0.41125	0.05125	0.71875	0.6625	0.12125	0.41375	0.1075	0.12875	0.66875	0.205	0.165	0.20125	0.4725	0.365	0.14875	0.22375	0.11375	4.5	-1.3	-0.92	-1.65714	-2.11111	0.1912	0.396367	0.3388	0.368743	0.394111
0.12	1	0.27	0.12	0.02	0.73	0.5	0.05	0.5	0.05	0.12	0.88	0.12	0.05	0.12	0.27	0.27	0.05	0.12	0.05	0.26125	0.39125	0.4175	0.355	0.0825	0.53	0.49	0.225	0.335	0.2325	0.25125	0.4575	0.3	0.3375	0.165	0.41625	0.34625	0.17625	0.31875	0.235	-4.5	-1.16667	-2.18	-1.65714	-1.36667	0.4296	0.3255	0.4047	0.344229	0.3878
0.27	0.5	0.5	0.88	0.02	0.88	0.99	0.12	0.5	0.02	0.05	0.73	0.12	0.02	0.27	0.5	0.27	0.05	0.12	0.05	0.2425	0.45375	0.3825	0.29125	0.0825	0.4825	0.42875	0.1975	0.30625	0.24	0.26375	0.4475	0.3	0.3975	0.14625	0.35875	0.3175	0.2075	0.4225	0.235	-3.5	-3.83333	-2.1	-1.65714	-1.36667	0.3557	0.421333	0.33842	0.418929	0.4225
0.5	0.5	0.5	0.27	0.12	0.98	0.73	0.12	0.27	0.12	0.12	0.5	0.27	0.05	0.27	0.73	0.95	0.12	0.12	0.27	0.21375	0.48125	0.50125	0.45625	0.07	0.52625	0.52125	0.225	0.3925	0.1675	0.195	0.5325	0.23375	0.275	0.15875	0.415	0.28	0.11	0.31875	0.18	-3.5	-3.5	-2.44	-1.6	-2.06667	0.4787	0.3571	0.4346	0.440714	0.430733
0.27	0.73	0.5	0.5	0.05	1	0.88	0.12	0.5	0.05	0.12	0.73	0.27	0.05	0.27	0.5	0.27	0.12	0.12	0.12	0.3	0.36375	0.50125	0.4275	0.10625	0.46625	0.445	0.32875	0.36375	0.17625	0.195	0.415	0.23375	0.275	0.15875	0.50375	0.4225	0.11	0.31875	0.2075	-3.5	-1.4	-2.24	-2.74286	-1.72222	0.2369	0.462567	0.49284	0.4453	0.398678
0.27	0.05	0.27	0.12	0.05	0.05	0.05	0.98	0.12	0.12	0.27	0.12	0.27	0.98	0.05	0.27	0.12	0.27	0.73	0.12	0.2725	0.44875	0.53	0.47	0.07875	0.59375	0.5525	0.225	0.415	0.05125	0.08125	0.49125	0.1575	0.1875	0.1825	0.5325	0.41375	0.21	0.31875	0.095	2.8	-1.4	-2.24	-2.21429	-2.32222	0.6721	0.543267	0.46636	0.4239	0.393111
0.12	0.27	0.95	0.98	0.05	0.27	0.5	0.12	0.5	0.05	0.05	0.27	0.12	0.5	0.12	0.5	0.27	0.27	0.95	0.05	0.3675	0.3025	0.4175	0.35375	0.20125	0.48125	0.44	0.34125	0.31125	0.0875	0.1275	0.36875	0.195	0.2475	0.17375	0.5325	0.395	0.21	0.29125	0.13125	-3.5	-1.4	-1.7	-1.84286	-1.62222	0.7208	0.538733	0.42658	0.393243	0.362622
0.12	0.27	1	0.73	0.05	0.5	0.5	0.27	0.73	0.02	0.02	0.5	0.12	0.05	0.12	0.73	0.5	0.02	0.12	0.05	0.45625	0.255	0.36375	0.29	0.26125	0.37625	0.35	0.37	0.235	0.1225	0.14	0.2825	0.21375	0.31625	0.17375	0.5325	0.395	0.24125	0.395	0.1875	-3.5	-2.6	-1.18	-1.08571	-1.03333	0.2233	0.407967	0.40742	0.347029	0.339878
0.73	0.27	0.5	0.27	0.27	0.27	0.27	0.95	0.27	0.05	0.05	0.27	0.12	0.05	0.27	0.98	0.73	0.05	0.12	0.12	0.38	0.19875	0.42625	0.3475	0.225	0.2975	0.3025	0.395	0.27375	0.10625	0.12375	0.26375	0.18625	0.31625	0.13625	0.4725	0.2625	0.22875	0.38625	0.15125	-0.8	-1.73333	-1.38	-0.328571	-0.688889	0.2798	0.214733	0.30404	0.334757	0.307289
0.05	0.05	0.02	0.01	0.05	0.12	0.05	0.05	0.05	0.05	0.12	0.05	0.12	0.73	0.02	0.05	0.05	1	0.88	0.05	0.44625	0.15	0.43	0.32	0.2525	0.20625	0.22625	0.49875	0.33	0.13375	0.1625	0.20625	0.18625	0.34875	0.13625	0.54125	0.32875	0.205	0.40125	0.17875	-0.9	0.0333333	-0.32	-0.785714	0.0111111	0.1411	0.192033	0.19008	0.265229	0.294389
0.73	0.05	0.05	0.05	1	0.05	0.05	0.12	0.05	0.27	0.27	0.05	0.27	0.05	0.12	0.5	0.27	0.05	0.12	0.27	0.41875	0.1775	0.455	0.33375	0.16125	0.27125	0.25375	0.40125	0.34875	0.125	0.125	0.225	0.1675	0.32625	0.15125	0.57	0.40875	0.29625	0.42	0.17	1.8	0.9	0.3	0.114286	-0.388889	0.1552	0.1491	0.1825	0.179514	0.231833
0.98	0.12	0.12	0.12	0.5	0.27	0.27	0.5	0.12	0.27	0.12	0.27	0.27	0.12	0.27	0.73	0.5	0.05	0.12	0.5	0.40625	0.15	0.3425	0.20875	0.2325	0.24375	0.17875	0.345	0.2925	0.21	0.2475	0.17875	0.2775	0.3175	0.12375	0.49375	0.38	0.2775	0.335	0.22625	1.8	1.06667	1.02	0.5	0.211111	0.151	0.163867	0.1507	0.1632	0.160622
0.5	0.05	0.5	0.27	0.05	0.12	0.12	1	0.12	0.02	0.02	0.12	0.05	0.05	0.12	0.5	0.12	0.05	0.05	0.05	0.57	0.15875	0.2325	0.1325	0.31625	0.2625	0.16875	0.31125	0.235	0.25375	0.2725	0.1975	0.32375	0.32625	0.16125	0.55	0.45625	0.28125	0.34375	0.31	-0.4	1.4	1.04	0.885714	0.8	0.1854	0.1524	0.1443	0.134643	0.1529
0.12	0.12	0.05	0.02	0.05	0.12	0.05	0.05	0.73	0.27	0.5	0.05	0.27	0.99	0.02	0.12	0.12	0.88	1	0.27	0.64875	0.13125	0.24125	0.145	0.345	0.2625	0.1775	0.37375	0.14	0.25	0.22125	0.20625	0.315	0.2175	0.17375	0.56625	0.4275	0.1775	0.225	0.33	2.8	0.533333	1.06	1.27143	1.08889	0.1208	0.138433	0.12924	0.136457	0.140289
0.73	0.27	0.5	0.27	0.27	0.5	0.27	0.27	0.27	0.27	0.12	0.27	0.27	0.12	0.27	0.95	0.98	0.05	0.12	0.27	0.58125	0.12125	0.185	0.115	0.345	0.215	0.15	0.3425	0.1975	0.35375	0.37625	0.17875	0.41	0.2975	0.14625	0.4625	0.3475	0.17125	0.25875	0.415	-0.8	1.3	1.06	1.27143	1.61111	0.1091	0.103267	0.1298	0.138043	0.135622
0.27	0.12	0.12	0.05	0.12	0.27	0.12	0.05	0.12	0.73	0.88	0.12	1	0.5	0.05	0.12	0.27	0.12	0.27	0.73	0.5625	0.14875	0.22875	0.13875	0.2725	0.2525	0.16875	0.3575	0.21625	0.3725	0.37	0.1975	0.395	0.30625	0.165	0.51	0.43625	0.17125	0.25875	0.415	1.9	0.966667	1.5	1.55714	1.83333	0.0799	0.114267	0.12598	0.130629	0.129333
0.95	0.27	0.5	0.27	0.27	0.5	0.27	0.5	0.27	0.12	0.12	0.5	0.27	0.05	0.27	0.95	0.73	0.05	0.12	0.27	0.37	0.14875	0.29125	0.1875	0.1975	0.2525	0.17875	0.2725	0.27375	0.4175	0.4525	0.17875	0.4675	0.35375	0.11875	0.40625	0.37875	0.17625	0.2775	0.41625	1.8	1.83333	1.7	2.15714	1.24444	0.1538	0.133333	0.12164	0.118229	0.142633
0.98	0.12	0.12	0.12	0.5	0.27	0.27	0.5	0.12	0.27	0.12	0.27	0.27	0.12	0.27	0.73	0.5	0.05	0.12	0.5	0.42625	0.17625	0.29125	0.1875	0.225	0.3	0.1975	0.21	0.2925	0.43	0.465	0.22625	0.495	0.35375	0.1375	0.4625	0.455	0.17625	0.28625	0.44375	1.8	2.46667	2.62	1.25714	1.48889	0.1663	0.139733	0.11954	0.139643	0.138867
0.12	0.12	0.02	0.02	0.27	0.12	0.05	0.02	0.05	0.88	0.98	0.05	0.88	0.5	0.05	0.05	0.27	0.12	0.27	0.73	0.58125	0.195	0.36	0.23125	0.28125	0.3375	0.2525	0.27875	0.225	0.35375	0.32875	0.28125	0.41875	0.1975	0.19625	0.62375	0.5925	0.06375	0.1575	0.44375	3.8	3.13333	1.54	1.62857	1.1	0.0991	0.121333	0.1577	0.1457	0.145056
0.12	0.12	0.02	0.02	0.27	0.12	0.05	0.02	0.05	0.88	0.98	0.05	0.88	0.5	0.05	0.05	0.27	0.12	0.27	0.73	0.52375	0.2525	0.33125	0.2125	0.25375	0.3375	0.28125	0.26	0.2825	0.335	0.32875	0.36625	0.41875	0.2925	0.1775	0.53875	0.50375	0.14875	0.26625	0.425	3.8	1.36667	1.54	1.25714	0.755556	0.0986	0.156133	0.15724	0.1595	0.178211
0.12	0.27	1	0.73	0.05	0.5	0.5	0.27	0.73	0.02	0.02	0.5	0.12	0.05	0.12	0.73	0.5	0.02	0.12	0.05	0.505	0.2525	0.31875	0.20875	0.2725	0.31875	0.2725	0.25625	0.27375	0.35375	0.34125	0.3575	0.40375	0.2925	0.1775	0.53	0.50375	0.14875	0.26625	0.425	-3.5	0.7	1.04	0.442857	0.155556	0.2707	0.1736	0.15928	0.195743	0.235856
0.98	0.12	0.12	0.12	0.5	0.27	0.27	0.5	0.12	0.27	0.12	0.27	0.27	0.12	0.27	0.73	0.5	0.05	0.12	0.5	0.34125	0.27125	0.42875	0.285	0.21625	0.31875	0.30125	0.18	0.33125	0.34125	0.3475	0.3575	0.385	0.2925	0.15875	0.5025	0.53625	0.145	0.26625	0.3975	1.8	-0.8	-0.5	-0.314286	-0.122222	0.1515	0.199567	0.22096	0.257514	0.256689
0.5	0.27	0.5	0.27	0.27	0.27	0.27	0.12	0.12	0.27	0.27	0.27	0.27	0.12	0.27	0.73	0.99	0.05	0.12	0.5	0.29375	0.27125	0.49	0.375	0.18875	0.3475	0.35875	0.19875	0.37875	0.31375	0.31625	0.38625	0.3575	0.28	0.14	0.47375	0.44625	0.14125	0.2575	0.34125	-0.7	-0.933333	-1.96	-0.957143	-0.711111	0.1765	0.245167	0.32098	0.292114	0.306144
0.27	0.73	0.27	0.12	0.05	0.5	0.5	0.12	0.73	0.12	0.12	0.95	0.27	0.88	0.12	0.27	0.27	0.73	0.99	0.12	0.34125	0.3175	0.57875	0.425	0.1975	0.36625	0.38625	0.21125	0.33	0.2375	0.2275	0.41375	0.28125	0.12875	0.18625	0.61625	0.62125	0.0475	0.13	0.33125	-3.9	-2.7	-1.4	-2	-1.21111	0.4075	0.394233	0.3351	0.365371	0.3589
0.12	0.27	1	0.73	0.05	0.5	0.5	0.27	0.73	0.02	0.02	0.5	0.12	0.05	0.12	0.73	0.5	0.02	0.12	0.05	0.36	0.375	0.5	0.3525	0.17	0.36625	0.395	0.19625	0.43375	0.155	0.15125	0.47875	0.22375	0.28875	0.18625	0.5675	0.57375	0.23125	0.33	0.2825	-3.5	-2.7	-2.46	-1.6	-1.77778	0.5987	0.449167	0.42708	0.408686	0.361678
0.5	0.27	0.5	0.27	0.27	0.27	0.27	0.12	0.12	0.27	0.27	0.27	0.27	0.12	0.27	0.73	0.99	0.05	0.12	0.5	0.3125	0.40375	0.56125	0.41	0.1425	0.395	0.42375	0.215	0.5425	0.12375	0.12	0.5075	0.205	0.28	0.1675	0.53875	0.5125	0.2275	0.34875	0.22625	-0.7	-2.56667	-2.46	-2.04286	-1.77778	0.3413	0.517133	0.50656	0.4047	0.380344
0.12	0.27	0.99	0.99	0.05	0.5	0.73	0.27	0.5	0.05	0.02	0.5	0.05	0.02	0.12	0.5	0.27	0.02	0.05	0.05	0.36	0.40375	0.5	0.32	0.17	0.36625	0.36625	0.19625	0.495	0.15125	0.15125	0.47875	0.2325	0.2925	0.18625	0.5675	0.6025	0.23125	0.3575	0.2825	-3.5	-1.63333	-1.94	-2.44286	-1.77778	0.6114	0.508867	0.44978	0.442157	0.372267
0.27	0.95	0.5	0.27	0.12	0.5	0.5	0.12	0.27	0.12	0.12	0.95	0.27	0.05	0.27	0.73	0.95	0.05	0.12	0.27	0.3125	0.3475	0.56125	0.4675	0.13	0.42375	0.48375	0.215	0.63375	0.11125	0.11125	0.45125	0.18625	0.28875	0.14875	0.48125	0.4275	0.2275	0.39625	0.19875	-0.7	-1.83333	-1.94	-1.62857	-2.05556	0.5739	0.4363	0.41778	0.3952	0.417122
0.12	0.12	0.12	0.05	0.05	0.12	0.12	0.05	0.88	0.12	0.27	0.12	0.27	0.95	0.05	0.12	0.12	0.88	1	0.27	0.4075	0.39375	0.66625	0.6025	0.1475	0.47125	0.56	0.2425	0.5	0.1025	0.08375	0.47	0.1675	0.0725	0.195	0.63375	0.56	0.035	0.1775	0.19875	-1.3	-1.83333	-1.44	-1.58571	-2.01111	0.1236	0.378733	0.36528	0.392557	0.421722
0.12	0.5	0.99	0.73	0.05	0.5	0.5	0.27	0.99	0.02	0.02	0.5	0.12	0.05	0.12	0.5	0.5	0.02	0.27	0.05	0.42625	0.31875	0.43875	0.4325	0.175	0.3675	0.45625	0.18375	0.40125	0.235	0.20375	0.36625	0.2625	0.2125	0.1775	0.51	0.5125	0.14625	0.2875	0.3425	-3.5	-1	-1.38	-1.98571	-1.12222	0.4387	0.2137	0.35904	0.407929	0.359967
0.98	0.12	0.12	0.12	0.5	0.27	0.27	0.5	0.12	0.27	0.12	0.27	0.27	0.12	0.27	0.73	0.5	0.05	0.12	0.5	0.29	0.3475	0.5	0.48125	0.1	0.39625	0.46625	0.14625	0.51	0.26125	0.2675	0.37625	0.335	0.25125	0.13125	0.405	0.4225	0.15125	0.325	0.315	1.8	-1.63333	-1.94	-0.842857	-0.833333	0.0788	0.3659	0.33404	0.326714	0.329422
0.27	0.5	0.5	0.73	0.02	0.73	0.98	0.12	1	0.02	0.05	0.5	0.12	0.12	0.12	0.27	0.27	0.05	0.5	0.05	0.37875	0.39125	0.3625	0.29625	0.15625	0.3675	0.34875	0.16625	0.4	0.2925	0.28875	0.395	0.3625	0.255	0.15	0.43375	0.45125	0.155	0.28625	0.37125	-3.2	-1.63333	-0.78	-0.471429	-0.944444	0.5802	0.3693	0.3179	0.254214	0.306422
0.88	0.27	0.73	0.98	0.12	0.5	0.73	0.27	0.27	0.05	0.05	0.27	0.12	0.05	0.27	0.88	0.5	0.02	0.12	0.12	0.3025	0.31625	0.305	0.24625	0.14375	0.34875	0.3325	0.13875	0.52	0.3075	0.3075	0.32	0.3625	0.38	0.1125	0.32875	0.4225	0.215	0.44125	0.3625	-3.5	-0.733333	0.3	-0.928571	-0.944444	0.4489	0.357333	0.24344	0.294329	0.287278
0.27	0.05	0.05	0.05	0.27	0.05	0.05	0.02	0.05	0.98	0.73	0.05	0.73	0.27	0.05	0.12	0.5	0.05	0.27	0.98	0.37875	0.34375	0.3775	0.35875	0.1525	0.405	0.40875	0.16625	0.44375	0.28625	0.31125	0.33875	0.3625	0.29625	0.14	0.415	0.44125	0.11625	0.33125	0.3125	4.5	0.966667	-0.96	-0.528571	-0.377778	0.0429	0.186067	0.30856	0.289029	0.291689
0.27	0.12	0.12	0.05	0.12	0.27	0.12	0.05	0.12	0.73	0.88	0.12	1	0.5	0.05	0.12	0.27	0.12	0.27	0.73	0.37875	0.30625	0.3075	0.2825	0.17125	0.3775	0.37125	0.135	0.43625	0.33	0.305	0.30125	0.3475	0.3525	0.13125	0.38625	0.4225	0.19625	0.42125	0.3525	1.9	0.633333	-0.46	-0.242857	-0.133333	0.0664	0.171233	0.27284	0.3011	0.2582
0.12	1	0.27	0.12	0.02	0.73	0.5	0.05	0.5	0.05	0.12	0.88	0.12	0.05	0.12	0.27	0.27	0.05	0.12	0.05	0.30875	0.19625	0.28875	0.27375	0.1275	0.32	0.32375	0.0875	0.38875	0.3875	0.39125	0.20625	0.43	0.39625	0.21375	0.31	0.39375	0.20125	0.43125	0.38125	-4.5	-1.1	1	0.0285714	-0.511111	0.4044	0.2908	0.21572	0.237829	0.307222
0.27	0.12	0.27	0.12	0.12	0.12	0.12	0.05	0.5	0.27	0.27	0.12	0.27	0.98	0.12	0.5	0.95	0.5	0.98	0.27	0.29	0.30625	0.35	0.27375	0.11875	0.39625	0.3675	0.10625	0.32625	0.36	0.3725	0.30125	0.41125	0.27125	0.21375	0.31	0.3375	0.14125	0.27625	0.35375	-0.7	-0.466667	-0.16	0.3	-0.544444	0.4016	0.3231	0.2346	0.247986	0.330778
0.12	0.12	0.02	0.02	0.27	0.12	0.05	0.02	0.05	0.88	0.98	0.05	0.88	0.5	0.05	0.05	0.27	0.12	0.27	0.73	0.2325	0.27875	0.29625	0.16625	0.11875	0.34875	0.29125	0.07875	0.355	0.3875	0.39625	0.2825	0.43	0.3875	0.195	0.27125	0.39375	0.20125	0.38375	0.4	3.8	0.6	-0.86	-0.842857	0.311111	0.1633	0.234067	0.32532	0.355029	0.302422
0.12	0.27	0.5	0.12	0.05	0.5	0.27	0.05	1	0.12	0.12	0.27	0.27	0.73	0.05	0.27	0.12	0.73	0.99	0.12	0.26125	0.3725	0.2925	0.18125	0.1275	0.41375	0.34875	0.10625	0.2925	0.36625	0.4275	0.34	0.44875	0.33125	0.2225	0.3475	0.4125	0.125	0.275	0.36875	-1.3	0.3	-0.66	-0.514286	-0.277778	0.1373	0.273533	0.40288	0.373214	0.376844
0.27	0.12	0.12	0.12	0.05	0.27	0.27	0.12	0.12	0.05	0.05	0.27	0.05	0.02	1	0.27	0.27	0.02	0.05	0.05	0.27125	0.41	0.3875	0.2375	0.11875	0.47125	0.4525	0.21375	0.42125	0.28625	0.32875	0.3875	0.3575	0.36375	0.1125	0.395	0.39375	0.205	0.365	0.2925	-1.6	-2.13333	0.32	0.0142857	-0.877778	0.52	0.483167	0.3613	0.417257	0.448556
0.27	0.5	0.99	0.73	0.05	0.73	0.95	0.27	0.5	0.02	0.05	0.5	0.12	0.05	0.12	0.5	0.5	0.02	0.12	0.05	0.29	0.32875	0.3075	0.18	0.1225	0.44625	0.415	0.20375	0.435	0.29	0.32	0.34	0.3675	0.36	0.2225	0.395	0.365	0.21375	0.40375	0.2925	-3.5	-0.3	-0.6	-0.385714	-0.766667	0.7922	0.501967	0.47118	0.461571	0.4844
0.27	0.05	0.05	0.02	0.27	0.12	0.05	0.02	0.05	0.88	0.95	0.05	0.88	0.5	0.05	0.12	0.27	0.12	0.27	0.95	0.27125	0.40375	0.4825	0.3775	0.0825	0.62625	0.6225	0.24375	0.4625	0.155	0.18	0.44375	0.25375	0.18375	0.23125	0.4425	0.30875	0.14125	0.26875	0.1525	4.2	-0.0333333	-1.04	-1.42857	-1.07778	0.1937	0.5662	0.58608	0.5421	0.5034
0.5	0.95	0.5	0.27	0.12	0.95	0.73	0.27	0.5	0.05	0.12	0.73	0.27	0.05	0.27	0.95	0.5	0.05	0.12	0.12	0.2425	0.2825	0.43	0.34625	0.0825	0.51375	0.5375	0.2125	0.415	0.24	0.28	0.35875	0.31125	0.30125	0.2	0.33875	0.26125	0.1975	0.36375	0.2275	-0.8	-0.0333333	-1.42	-1.74286	-1.07778	0.7127	0.5394	0.62748	0.604286	0.494844
0.5	0.27	0.5	0.5	0.05	0.5	0.95	0.98	0.27	0.02	0.02	0.5	0.05	0.05	0.12	0.5	0.27	0.05	0.05	0.05	0.26125	0.39625	0.40125	0.33625	0.09125	0.63	0.5675	0.1325	0.3525	0.235	0.28375	0.41625	0.33875	0.2125	0.3375	0.42375	0.30875	0.1125	0.26375	0.23625	-3.5	-2.6	-1.42	-0.971429	-1.11111	0.7118	0.717167	0.58356	0.542329	0.518767
0.27	0.73	0.5	0.27	0.05	0.99	0.88	0.12	0.99	0.05	0.05	0.73	0.27	0.05	0.12	0.5	0.27	0.12	0.5	0.05	0.27125	0.33875	0.50875	0.4125	0.09125	0.56875	0.5575	0.24	0.31	0.25875	0.3075	0.36875	0.33875	0.33375	0.21875	0.42375	0.30875	0.16375	0.31125	0.245	-3.5	-3.5	-1.5	-0.7	-1.32222	0.727	0.670467	0.56208	0.479529	0.505389
0.12	0.27	0.73	0.99	0.02	0.95	0.88	0.12	0.27	0.05	0.05	0.5	0.12	0.02	0.12	0.5	0.27	0.02	0.05	0.05	0.31875	0.34875	0.39	0.24625	0.21375	0.4975	0.45375	0.22125	0.3525	0.29	0.335	0.35	0.37625	0.34625	0.21875	0.4525	0.365	0.18	0.3675	0.30125	-3.5	-1.06667	-1.66	-1.8	-0.655556	0.5726	0.461967	0.49006	0.508943	0.458878
0.12	0.05	0.05	0.02	0.12	0.05	0.05	0.02	0.12	0.73	0.95	0.05	0.73	0.99	0.02	0.05	0.12	0.5	0.88	0.5	0.40375	0.385	0.5025	0.38	0.20125	0.62875	0.56625	0.355	0.38	0.10125	0.11	0.43375	0.205	0.16875	0.24	0.55625	0.38375	0.11125	0.23625	0.14125	3.8	-0.433333	-1.66	-1.32857	-0.922222	0.0863	0.337167	0.42762	0.4605	0.487833
0.27	0.5	0.27	0.27	0.05	0.98	0.73	0.12	0.27	0.05	0.05	0.5	0.27	0.02	1	0.5	0.27	0.05	0.12	0.12	0.35625	0.225	0.4275	0.33	0.22875	0.40875	0.405	0.315	0.31375	0.27125	0.32625	0.30125	0.32	0.3175	0.09875	0.44375	0.42125	0.17625	0.35	0.23625	-1.6	-0.433333	-0.46	-0.571429	-0.911111	0.3526	0.2795	0.35694	0.423714	0.432444
0.12	0.12	0.98	0.5	0.05	0.27	0.12	0.12	0.5	0.27	0.27	0.12	0.27	0.99	0.05	0.27	0.27	0.5	0.88	0.12	0.34625	0.25375	0.31	0.25375	0.2375	0.45	0.3775	0.2075	0.26625	0.275	0.35875	0.30125	0.37625	0.3125	0.2175	0.4725	0.50625	0.17625	0.34	0.2925	-3.5	-0.866667	0.6	-0.171429	-0.211111	0.3996	0.375267	0.33328	0.350457	0.405144
0.5	0.12	0.27	0.12	1	0.12	0.12	0.12	0.12	0.27	0.27	0.12	0.27	0.12	0.12	0.73	0.95	0.05	0.12	0.5	0.3275	0.1775	0.37	0.30125	0.1275	0.37875	0.30125	0.2075	0.205	0.275	0.35875	0.24375	0.3575	0.4175	0.31875	0.4625	0.45	0.22	0.37875	0.25375	2.5	0.266667	-0.3	0.728571	-9.86865e-17	0.3736	0.409167	0.35886	0.335243	0.359589
0.95	0.12	0.27	0.12	0.27	0.27	0.12	0.99	0.12	0.05	0.05	0.27	0.12	0.05	0.12	0.5	0.27	0.05	0.05	0.12	0.27125	0.2625	0.4025	0.26875	0.2225	0.30375	0.25375	0.1175	0.23375	0.3025	0.38625	0.25375	0.37625	0.43	0.31875	0.49125	0.56375	0.22	0.39625	0.30125	1.8	1.2	0.58	-0.0428571	-4.93432e-17	0.4543	0.347367	0.38156	0.3682	0.359856
0.27	0.12	0.12	0.12	0.27	0.12	0.12	0.05	0.12	0.73	0.95	0.12	0.73	0.27	0.12	0.5	0.95	0.12	0.27	0.5	0.375	0.31875	0.4775	0.3575	0.21	0.43875	0.37	0.2475	0.28125	0.1325	0.16125	0.3575	0.2425	0.285	0.35	0.5475	0.4975	0.155	0.27375	0.1975	-0.7	1.3	0.96	-0.314286	-0.811111	0.2142	0.3782	0.36504	0.399971	0.3854
0.27	0.12	0.27	0.12	0.12	0.12	0.12	0.12	0.12	0.27	0.5	0.12	0.5	0.98	0.12	0.5	0.95	0.5	0.73	0.5	0.375	0.27125	0.44	0.33	0.2375	0.35	0.29375	0.23	0.2625	0.275	0.32125	0.31	0.3625	0.25625	0.23125	0.5	0.4975	0.11625	0.235	0.27375	2.8	0.166667	-0.24	-0.314286	-0.422222	0.4661	0.332433	0.40532	0.388057	0.350267
0.5	0.12	0.27	0.27	0.12	0.27	0.27	0.12	0.12	0.05	0.05	0.27	0.12	0.02	1	0.88	0.5	0.02	0.05	0.12	0.34625	0.2625	0.32	0.25125	0.265	0.30375	0.26625	0.2175	0.20625	0.39125	0.4625	0.2825	0.4675	0.315	0.12125	0.425	0.55375	0.12	0.24375	0.41625	-1.6	-0.766667	-1.3	-0.4	0.466667	0.317	0.4527	0.3777	0.339886	0.317111
0.12	0.95	0.99	0.73	0.05	0.5	0.5	0.27	0.5	0.05	0.05	0.73	0.12	0.05	0.12	0.5	0.5	0.02	0.12	0.05	0.365	0.2625	0.23	0.24125	0.155	0.35125	0.34125	0.19	0.20625	0.36375	0.44375	0.30125	0.44875	0.35875	0.23125	0.415	0.46875	0.1475	0.3425	0.3775	-3.5	-2.86667	-0.78	-0.0142857	-0.2	0.575	0.402733	0.34214	0.289443	0.330911
0.27	0.5	0.5	0.73	0.02	0.98	0.98	0.12	0.5	0.05	0.05	0.73	0.27	0.05	0.27	0.5	0.27	0.05	0.12	0.05	0.2425	0.31875	0.26375	0.22875	0.13125	0.2725	0.2725	0.09125	0.25375	0.39125	0.5	0.27375	0.4775	0.47625	0.2	0.3675	0.47875	0.2475	0.46125	0.39625	-3.5	-1.7	-0.44	-0.414286	-0.544444	0.3162	0.3092	0.26916	0.329957	0.292811
0.27	0.12	0.12	0.05	0.12	0.27	0.12	0.05	0.12	0.73	0.88	0.12	1	0.5	0.05	0.12	0.27	0.12	0.27	0.73	0.27125	0.3575	0.35875	0.3325	0.09125	0.36125	0.38	0.21875	0.30125	0.2175	0.28	0.35	0.30125	0.3925	0.2275	0.415	0.375	0.23	0.415	0.255	1.9	0.966667	-0.82	-1	-0.511111	0.0364	0.151267	0.30532	0.279286	0.2857
0.12	0.05	0.02	0.02	0.27	0.05	0.05	0.02	0.05	0.98	0.95	0.05	0.73	0.5	0.05	0.05	0.27	0.05	0.27	0.88	0.29	0.47375	0.4	0.355	0.06375	0.4925	0.465	0.2225	0.3575	0.15875	0.22375	0.46625	0.30625	0.27625	0.24625	0.42375	0.29	0.1825	0.33875	0.18	4.5	0.966667	-0.38	-0.828571	-1.25556	0.1012	0.2118	0.2126	0.255457	0.292411
0.27	0.95	0.27	0.5	0.05	0.73	0.95	0.05	0.5	0.05	0.12	0.73	0.12	0.5	0.12	0.27	0.27	0.27	0.98	0.12	0.3	0.38	0.3975	0.295	0.11	0.43625	0.38125	0.2375	0.32	0.28375	0.33625	0.41	0.40125	0.28	0.14625	0.40875	0.34625	0.15875	0.25875	0.29375	-3.5	-0.1	0.24	-0.885714	-1.16667	0.4978	0.2368	0.1794	0.248529	0.303789
0.12	0.12	0.05	0.02	0.05	0.12	0.05	0.05	0.5	0.27	0.5	0.05	0.5	0.99	0.02	0.12	0.12	0.88	1	0.27	0.3375	0.45625	0.36375	0.32625	0.11	0.575	0.54125	0.21875	0.32	0.25625	0.2975	0.495	0.3725	0.21875	0.1775	0.4275	0.33625	0.095	0.25625	0.28375	-1.3	-1.73333	-0.92	-0.5	-1.16667	0.1114	0.253133	0.27742	0.263271	0.280822
0.5	0.05	0.5	0.27	0.05	0.12	0.12	1	0.12	0.02	0.02	0.12	0.05	0.05	0.12	0.5	0.12	0.05	0.05	0.05	0.31875	0.40875	0.3075	0.2375	0.11375	0.4675	0.425	0.21	0.32	0.28375	0.35375	0.41	0.40125	0.33625	0.14625	0.38	0.3175	0.19875	0.36625	0.31125	-0.4	-1.86667	-1.98	-1.27143	-0.822222	0.1502	0.2627	0.34106	0.310686	0.318022
0.27	0.98	0.5	0.27	0.05	0.95	0.73	0.12	0.5	0.05	0.12	0.98	0.27	0.05	0.27	0.5	0.27	0.05	0.12	0.05	0.32875	0.4025	0.32625	0.24625	0.10125	0.42125	0.39625	0.32	0.32	0.195	0.24625	0.3975	0.26375	0.28	0.13625	0.39875	0.29875	0.19	0.33875	0.22625	-3.9	-1.7	-1.98	-1.97143	-1.53333	0.5265	0.365367	0.31516	0.389229	0.350944
0.73	0.27	0.5	0.27	0.27	0.5	0.5	0.27	0.27	0.12	0.12	0.5	0.27	0.05	0.27	0.98	0.95	0.05	0.12	0.27	0.29	0.51875	0.4425	0.36625	0.04625	0.53375	0.51	0.3325	0.37625	0.07	0.13375	0.51375	0.17875	0.22375	0.145	0.4425	0.2425	0.18625	0.31125	0.095	-0.8	-2.73333	-1.8	-2.11429	-2.42222	0.4194	0.438067	0.42308	0.365643	0.413711
0.27	0.73	0.5	0.5	0.05	1	0.88	0.12	0.5	0.05	0.12	0.73	0.27	0.05	0.27	0.5	0.27	0.12	0.12	0.12	0.3475	0.3575	0.42375	0.29	0.0825	0.395	0.35875	0.35125	0.29125	0.1825	0.18125	0.40875	0.22625	0.195	0.2525	0.5025	0.40375	0.15	0.20375	0.19	-3.5	-1.56667	-2.62	-2.42857	-1.53333	0.3683	0.479567	0.45958	0.444886	0.3671
0.5	0.05	0.5	0.27	0.05	0.12	0.12	1	0.12	0.02	0.02	0.12	0.05	0.05	0.12	0.5	0.12	0.05	0.05	0.05	0.3375	0.49	0.48	0.35	0.0825	0.6125	0.53875	0.25	0.40125	0.15875	0.1375	0.57	0.225	0.08625	0.28375	0.52125	0.44125	0.06375	0.15	0.17125	-0.4	-2.8	-2.54	-1.72857	-1.74444	0.651	0.450667	0.4875	0.434614	0.415278
0.12	1	0.27	0.12	0.02	0.73	0.5	0.05	0.5	0.05	0.12	0.88	0.12	0.05	0.12	0.27	0.27	0.05	0.12	0.05	0.3375	0.38	0.4525	0.3375	0.095	0.53625	0.49125	0.24625	0.43	0.215	0.21375	0.475	0.2725	0.19875	0.275	0.5025	0.4225	0.1675	0.26	0.19875	-4.5	-2.8	-1.48	-1.62857	-1.84444	0.3327	0.549933	0.41928	0.437257	0.440433
0.27	0.27	0.95	0.98	0.05	0.5	0.73	0.27	0.27	0.05	0.05	0.5	0.05	0.05	0.12	0.88	0.5	0.02	0.05	0.05	0.31875	0.41125	0.33875	0.21125	0.1	0.56875	0.43375	0.21	0.43	0.27125	0.32625	0.4625	0.33875	0.22625	0.25625	0.3975	0.39375	0.18	0.2875	0.255	-3.5	-1.16667	-1.42	-1.7	-1.8	0.6661	0.359033	0.45462	0.431143	0.407333
0.27	0.12	0.12	0.12	0.12	0.12	0.12	0.05	0.05	0.88	0.5	0.12	0.5	0.27	0.98	0.27	0.88	0.05	0.12	0.73	0.26125	0.45875	0.50375	0.37625	0.06375	0.645	0.56625	0.2375	0.48625	0.155	0.26125	0.51	0.26375	0.19875	0.13	0.41375	0.29	0.1725	0.27875	0.1425	4.5	-0.733333	-1.6	-1.7	-2.1	0.0783	0.4298	0.39974	0.411186	0.440022
0.27	0.5	0.5	0.27	0.05	0.98	0.73	0.12	1	0.05	0.05	0.73	0.27	0.12	0.12	0.27	0.27	0.12	0.5	0.05	0.26125	0.4425	0.45625	0.31	0.0725	0.475	0.41375	0.33625	0.33875	0.255	0.30875	0.43375	0.27375	0.2175	0.21875	0.385	0.36625	0.155	0.23125	0.21875	-3.2	-7.40149e-17	-1.4	-2.14286	-1.75556	0.545	0.3333	0.37892	0.420129	0.4503
0.12	0.12	0.05	0.02	0.12	0.12	0.12	0.02	0.73	0.5	0.73	0.12	0.5	0.95	0.05	0.12	0.12	0.88	1	0.27	0.25125	0.49875	0.45625	0.31375	0.09125	0.60125	0.49	0.23	0.3725	0.30625	0.33125	0.51	0.3625	0.17	0.21875	0.35625	0.4325	0.06875	0.19625	0.30375	-1.3	-2.66667	-1.4	-1.55714	-1.24444	0.3766	0.3834	0.38842	0.438429	0.394044
0.27	0.5	0.27	0.12	0.12	0.98	0.5	0.05	0.27	0.5	0.95	0.5	0.73	0.27	0.12	0.27	0.27	0.12	0.27	0.5	0.28	0.34125	0.42875	0.32	0.10375	0.43625	0.41375	0.235	0.3825	0.315	0.30375	0.38625	0.33375	0.255	0.32	0.395	0.49875	0.16375	0.2875	0.3025	-3.5	-2.76667	-2.38	-0.457143	-0.922222	0.2286	0.4396	0.46492	0.363943	0.371978
0.27	0.5	0.99	0.73	0.05	0.73	0.95	0.27	0.5	0.02	0.05	0.5	0.12	0.05	0.12	0.5	0.5	0.02	0.12	0.05	0.3375	0.34125	0.2825	0.155	0.14	0.4675	0.32875	0.2075	0.35375	0.38375	0.425	0.38625	0.4375	0.2825	0.33875	0.37875	0.52625	0.18	0.315	0.38625	-3.5	-2.46667	-0.9	-1.32857	-0.622222	0.7136	0.467667	0.38486	0.371914	0.344889
0.27	0.98	0.5	0.12	0.05	0.5	0.27	0.98	0.27	0.02	0.05	0.73	0.12	0.05	0.12	0.27	0.27	0.05	0.12	0.05	0.31875	0.28125	0.34375	0.2225	0.13125	0.49625	0.41375	0.11875	0.48625	0.28875	0.39625	0.3575	0.40875	0.3675	0.2225	0.38875	0.46	0.28	0.425	0.32875	-0.4	0.1	-0.96	-0.985714	-1.26667	0.4608	0.4397	0.33636	0.354386	0.351067
0.27	0.12	0.05	0.05	0.27	0.27	0.12	0.05	0.12	0.88	0.88	0.12	0.99	0.5	0.05	0.12	0.5	0.12	0.27	0.95	0.3	0.36	0.4625	0.28875	0.10375	0.465	0.40375	0.25375	0.47125	0.1775	0.28875	0.405	0.28125	0.3025	0.23125	0.465	0.46	0.25875	0.35875	0.21625	4.2	0.733333	-0.42	-0.985714	-1.3	0.1447	0.246533	0.3751	0.319714	0.350444
0.5	0.12	0.27	0.27	0.12	0.27	0.27	0.12	0.12	0.12	0.12	0.27	0.12	0.05	1	0.73	0.95	0.05	0.12	0.27	0.29	0.4075	0.49125	0.35	0.11	0.5725	0.4925	0.2575	0.4425	0.21625	0.29875	0.4625	0.36125	0.24625	0.14	0.43625	0.4225	0.16375	0.2675	0.27375	-1.6	0.6	0.02	-0.985714	-1.54444	0.1341	0.2337	0.25916	0.364114	0.347022
0.73	0.27	0.5	0.27	0.27	0.5	0.5	0.27	0.27	0.12	0.12	0.5	0.27	0.05	0.27	0.98	0.95	0.05	0.12	0.27	0.29	0.3325	0.435	0.34125	0.11	0.43625	0.4075	0.23875	0.39625	0.2725	0.27125	0.38625	0.3425	0.24625	0.2225	0.38625	0.45125	0.155	0.2675	0.33375	-0.8	-1.23333	-0.6	-0.985714	-0.688889	0.4223	0.2301	0.27488	0.311571	0.329067
0.12	0.12	0.12	0.05	0.05	0.12	0.12	0.05	0.88	0.12	0.27	0.12	0.27	0.95	0.05	0.12	0.12	0.88	1	0.27	0.3475	0.30375	0.45	0.4025	0.13375	0.455	0.44625	0.26625	0.29125	0.27625	0.24875	0.405	0.33375	0.13	0.25	0.49375	0.52625	0.05	0.14875	0.33375	-1.3	-1.86667	-2.14	-0.328571	-0.688889	0.1339	0.3652	0.3151	0.255314	0.283678
0.12	0.27	1	0.73	0.05	0.5	0.5	0.27	0.73	0.02	0.02	0.5	0.12	0.05	0.12	0.73	0.5	0.02	0.12	0.05	0.3475	0.25375	0.39625	0.365	0.13375	0.46875	0.475	0.13125	0.33875	0.2925	0.28	0.3575	0.37125	0.2425	0.24125	0.44625	0.47875	0.1575	0.25875	0.36125	-3.5	-2.76667	-0.98	-1.42857	-1.03333	0.5394	0.3397	0.30168	0.278229	0.294267
0.27	0.5	0.5	0.73	0.02	0.98	0.98	0.12	0.5	0.05	0.05	0.73	0.27	0.05	0.27	0.5	0.27	0.05	0.12	0.05	0.31	0.225	0.455	0.36125	0.1375	0.39	0.40625	0.14625	0.35875	0.28875	0.28875	0.32	0.33875	0.2425	0.2225	0.46625	0.47875	0.15375	0.25875	0.33375	-3.5	-0.933333	-1.52	-1.7	-1.07778	0.3458	0.3174	0.27824	0.338514	0.300933
0.5	0.05	0.05	0.05	0.27	0.12	0.05	0.05	0.05	0.95	0.73	0.12	0.73	0.27	0.05	0.12	0.5	0.05	0.27	0.98	0.28125	0.3	0.54	0.44625	0.125	0.4975	0.5225	0.155	0.415	0.195	0.2225	0.39625	0.3	0.22375	0.15875	0.51375	0.455	0.15375	0.24	0.24625	4.2	-0.933333	-1.96	-1.04286	-0.977778	0.067	0.2393	0.36268	0.307429	0.305456
0.12	0.12	0.73	1	0.02	0.5	0.88	0.27	0.27	0.05	0.02	0.27	0.05	0.02	0.12	0.5	0.27	0.01	0.05	0.05	0.27125	0.3675	0.455	0.3275	0.1375	0.47875	0.41875	0.10875	0.3875	0.3075	0.31125	0.4375	0.385	0.255	0.15	0.40625	0.475	0.15875	0.2675	0.34375	-3.5	-0.933333	-0.5	-0.957143	-1.32222	0.3051	0.3094	0.29574	0.313271	0.325989
0.27	0.73	0.95	0.5	0.05	0.99	0.88	0.12	0.5	0.05	0.05	0.73	0.27	0.05	0.12	0.5	0.27	0.05	0.12	0.05	0.2525	0.31	0.53625	0.5075	0.13375	0.465	0.495	0.155	0.31125	0.29875	0.27625	0.4275	0.33	0.135	0.15875	0.45375	0.49375	0.04625	0.14	0.31625	-3.5	-1.06667	0.06	-1.01429	-1.56667	0.5561	0.3553	0.26154	0.322943	0.383767
0.12	0.12	0.02	0.02	0.27	0.12	0.05	0.02	0.05	0.88	0.98	0.05	0.88	0.5	0.05	0.05	0.27	0.12	0.27	0.73	0.27125	0.38625	0.6525	0.5675	0.10625	0.57375	0.59875	0.1675	0.3675	0.195	0.16	0.5125	0.25375	0.07875	0.1675	0.51	0.49375	0.0375	0.12125	0.23125	3.8	-0.133333	-1.56	-1.01429	-1.56667	0.2047	0.311867	0.36956	0.366957	0.375667
0.5	0.27	0.5	0.27	0.27	0.27	0.27	0.12	0.12	0.27	0.27	0.27	0.27	0.12	0.27	0.73	0.99	0.05	0.12	0.5	0.22375	0.3675	0.56375	0.46	0.11875	0.55125	0.51125	0.155	0.33	0.35625	0.27625	0.50375	0.35875	0.135	0.12125	0.39625	0.4325	0.04625	0.14	0.36375	-0.7	-0.266667	-1.56	-2.11429	-0.711111	0.1748	0.328867	0.43932	0.424029	0.387711
0.27	0.88	0.5	0.27	0.12	0.73	0.5	0.12	0.27	0.12	0.12	0.98	0.27	0.05	0.27	0.5	0.88	0.05	0.12	0.12	0.2525	0.29125	0.62	0.4875	0.11	0.49375	0.49125	0.27375	0.32	0.25875	0.20625	0.415	0.27375	0.11625	0.13	0.4725	0.39875	0.04625	0.1125	0.295	-3.9	-2.7	-1.56	-1.01429	-1.22222	0.6071	0.4786	0.4214	0.445329	0.393444
0.12	0.27	0.99	0.99	0.05	0.5	0.73	0.27	0.5	0.05	0.02	0.5	0.05	0.02	0.12	0.5	0.27	0.02	0.05	0.05	0.29	0.35875	0.47	0.27875	0.15	0.46625	0.355	0.22375	0.26	0.38375	0.32625	0.4475	0.38625	0.18	0.14	0.41625	0.475	0.055	0.14875	0.41625	-3.5	-3.63333	-1.48	-0.571429	-0.333333	0.6539	0.575833	0.4713	0.382829	0.364144
0.12	0.27	1	0.73	0.05	0.5	0.5	0.27	0.73	0.02	0.02	0.5	0.12	0.05	0.12	0.73	0.5	0.02	0.12	0.05	0.375	0.2825	0.365	0.255	0.1775	0.37625	0.3075	0.2425	0.18375	0.44375	0.41125	0.39	0.46625	0.20375	0.14	0.3875	0.475	0.06375	0.14	0.4725	-3.5	-0.933333	-1.42	-0.471429	0.266667	0.4665	0.524867	0.46006	0.3595	0.311544
0.27	0.5	0.27	0.12	0.12	0.95	0.5	0.12	0.27	0.73	0.27	0.88	0.5	0.12	0.12	0.27	0.5	0.05	0.12	0.88	0.375	0.245	0.46	0.335	0.16875	0.31125	0.3075	0.26125	0.2375	0.3675	0.34875	0.3425	0.4	0.195	0.14	0.45375	0.475	0.05125	0.14	0.39625	4.2	0.1	0.26	-0.1	0.344444	0.4542	0.346433	0.34692	0.346343	0.296422
0.5	0.05	0.5	0.27	0.05	0.12	0.12	1	0.12	0.02	0.02	0.12	0.05	0.05	0.12	0.5	0.12	0.05	0.05	0.05	0.29875	0.2825	0.37125	0.285	0.1775	0.39625	0.3275	0.13875	0.2475	0.5325	0.46875	0.41	0.5325	0.25125	0.1125	0.34	0.4325	0.06	0.1675	0.52875	-0.4	2.76667	1.34	1.1	0.844444	0.1186	0.204733	0.23268	0.269414	0.289911
0.27	0.05	0.02	0.05	0.27	0.05	0.02	0.02	0.02	0.98	0.88	0.05	0.73	0.5	0.05	0.05	0.27	0.05	0.27	0.95	0.4125	0.1875	0.4025	0.29375	0.16875	0.3475	0.2925	0.37	0.24125	0.40375	0.3525	0.33	0.42875	0.195	0.1025	0.39625	0.3375	0.06	0.13125	0.41625	4.5	2	2.94	2.14286	1.47778	0.0414	0.0809	0.1531	0.1926	0.240033
0.95	0.12	0.12	0.05	0.27	0.27	0.27	0.27	0.12	0.5	0.73	0.27	0.98	0.27	0.12	0.5	0.5	0.12	0.12	0.5	0.375	0.23625	0.32875	0.2325	0.1775	0.38	0.26125	0.33875	0.22875	0.46375	0.375	0.35875	0.425	0.2275	0.1125	0.3875	0.3375	0.055	0.15875	0.48125	1.9	3.63333	2.86	2.9	1.47778	0.0827	0.0642333	0.0855	0.148557	0.214067
0.27	0.05	0.05	0.05	0.27	0.05	0.05	0.02	0.02	0.98	0.73	0.05	0.73	0.5	0.05	0.12	0.27	0.05	0.27	0.95	0.5075	0.33375	0.275	0.175	0.18625	0.43625	0.28875	0.37	0.18375	0.4075	0.37875	0.415	0.45625	0.19875	0.12125	0.45375	0.36625	0.0675	0.14	0.43375	4.5	3.4	3.3	1.8	1.77778	0.0686	0.0891667	0.09342	0.1437	0.205089
0.12	0.12	0.02	0.02	0.27	0.12	0.05	0.02	0.05	0.88	0.98	0.05	0.88	0.5	0.05	0.05	0.27	0.12	0.27	0.73	0.555	0.26875	0.25125	0.17	0.205	0.32375	0.2325	0.36125	0.1525	0.4475	0.405	0.32	0.46625	0.2175	0.1125	0.44375	0.36625	0.05875	0.15875	0.47375	3.8	3.36667	1.7	1.74286	1.77778	0.1162	0.114333	0.16918	0.181857	0.1761
0.95	0.12	0.27	0.12	0.27	0.27	0.12	0.99	0.12	0.05	0.05	0.27	0.12	0.05	0.12	0.5	0.27	0.05	0.05	0.12	0.48	0.325	0.22	0.18625	0.2325	0.3525	0.27125	0.1775	0.19125	0.5825	0.5525	0.34	0.58875	0.30125	0.15125	0.44375	0.4425	0.095	0.21375	0.5775	1.8	0.7	1.16	1.7	1.73333	0.1582	0.231533	0.22978	0.203557	0.218644
0.5	0.73	0.5	0.5	0.12	0.98	0.73	0.27	0.5	0.05	0.05	0.95	0.27	0.05	0.27	0.88	0.5	0.05	0.12	0.12	0.53625	0.305	0.25125	0.22375	0.22	0.38	0.315	0.28	0.20375	0.46625	0.44875	0.34	0.5125	0.245	0.16	0.4525	0.41375	0.095	0.18625	0.465	-3.5	-0.833333	1.1	1.31429	0.844444	0.4202	0.321367	0.25472	0.263386	0.287733
0.5	0.98	0.5	0.27	0.12	0.73	0.5	0.27	0.27	0.05	0.05	0.73	0.12	0.05	0.12	0.88	0.5	0.05	0.12	0.12	0.48	0.2925	0.35875	0.3375	0.20125	0.44	0.3725	0.30875	0.28	0.41	0.36375	0.39625	0.42375	0.2175	0.1975	0.50875	0.4425	0.08625	0.18625	0.4175	-0.8	-0.0333333	0.18	0.171429	0.244444	0.3857	0.333067	0.33178	0.348329	0.325667
0.5	0.05	0.05	0.05	0.27	0.12	0.05	0.05	0.05	0.95	0.73	0.12	0.73	0.27	0.05	0.12	0.5	0.05	0.27	0.98	0.50875	0.52125	0.4425	0.3925	0.16375	0.5725	0.45625	0.34875	0.33875	0.18125	0.19375	0.52875	0.27125	0.13375	0.325	0.68	0.47125	0.08625	0.14875	0.20625	4.2	0.866667	-0.88	-0.871429	-0.433333	0.1933	0.360167	0.43278	0.392314	0.390789
0.73	0.5	0.5	0.5	0.27	0.5	0.5	0.5	0.5	0.27	0.27	0.5	0.27	0.27	0.5	0.95	0.73	0.27	0.27	0.27	0.48	0.48375	0.5075	0.45625	0.13625	0.5725	0.45625	0.32375	0.33875	0.15875	0.13125	0.5375	0.225	0.0775	0.2775	0.6325	0.47125	0.04625	0.12125	0.21	-0.8	-0.0333333	-0.88	-1.35714	-1.24444	0.5015	0.452667	0.43356	0.463243	0.468133
0.27	0.5	0.5	0.73	0.02	0.98	0.98	0.12	0.5	0.05	0.05	0.73	0.27	0.05	0.27	0.5	0.27	0.05	0.12	0.05	0.4525	0.48375	0.53625	0.535	0.14	0.5125	0.44375	0.37	0.33875	0.1825	0.155	0.50875	0.21625	0.10125	0.30625	0.68875	0.52875	0.07375	0.14	0.22875	-3.5	-2.6	-1.04	-1.35714	-1.83333	0.6632	0.5296	0.48736	0.519257	0.519422
0.5	0.27	0.98	0.73	0.12	0.5	0.5	0.5	0.5	0.05	0.05	0.5	0.12	0.05	0.27	0.95	0.73	0.05	0.12	0.12	0.395	0.43625	0.42	0.4875	0.1275	0.48375	0.4275	0.295	0.29125	0.28625	0.21125	0.43375	0.32	0.12875	0.3975	0.55625	0.4425	0.07375	0.14	0.29625	-3.5	-2.86667	-2.58	-1.74286	-1.62222	0.4241	0.580667	0.61116	0.5527	0.546944
0.5	0.95	0.27	0.27	0.12	0.5	0.27	0.12	0.27	0.05	0.05	0.5	0.12	0.05	1	0.73	0.5	0.05	0.12	0.12	0.3475	0.29125	0.5375	0.545	0.11875	0.455	0.45625	0.32375	0.41125	0.2825	0.21125	0.37625	0.32	0.15625	0.30625	0.5075	0.42375	0.07375	0.235	0.2875	-1.6	-2.86667	-3.12	-2.57143	-1.88889	0.6547	0.630367	0.63482	0.6205	0.552978
0.12	0.27	0.99	0.98	0.05	0.5	0.5	0.27	0.5	0.02	0.02	0.5	0.05	0.05	0.12	0.5	0.5	0.02	0.05	0.05	0.45125	0.385	0.45625	0.45625	0.1275	0.47375	0.43625	0.3325	0.39125	0.23	0.23375	0.37625	0.32875	0.15625	0.425	0.58375	0.395	0.08625	0.225	0.23625	-3.5	-2.86667	-2.74	-2.91429	-1.93333	0.8123	0.6956	0.63576	0.611714	0.579922
0.27	0.12	0.5	0.98	0.05	0.27	0.5	0.98	0.12	0.02	0.02	0.27	0.05	0.02	0.12	0.5	0.27	0.05	0.05	0.05	0.40375	0.3475	0.5175	0.4275	0.1	0.455	0.38875	0.30625	0.39125	0.19875	0.2025	0.3575	0.30125	0.1325	0.3775	0.5275	0.3475	0.055	0.1975	0.20875	-3.5	-2.86667	-2.68	-1.87143	-1.88889	0.6198	0.7	0.63894	0.579229	0.592911
0.27	0.12	0.05	0.12	0.12	0.27	0.12	0.05	0.12	0.88	0.5	0.12	0.95	0.27	1	0.27	0.27	0.05	0.12	0.73	0.385	0.3475	0.6025	0.4775	0.095	0.395	0.37625	0.4225	0.45375	0.0875	0.1425	0.31875	0.17	0.12875	0.24875	0.5275	0.32875	0.055	0.28375	0.12375	-1.6	-2.76667	-1.6	-1.42857	-1.85556	0.6679	0.5759	0.59516	0.606986	0.539633
0.12	0.5	0.73	0.27	0.05	0.5	0.5	0.12	1	0.02	0.05	0.27	0.12	0.27	0.12	0.27	0.12	0.05	0.88	0.05	0.46375	0.28125	0.41	0.3825	0.15125	0.3375	0.3	0.41375	0.29625	0.2225	0.2075	0.27125	0.2925	0.1375	0.35875	0.5	0.31875	0.055	0.18875	0.25625	-3.2	-0.333333	-0.98	-1.65714	-1.26667	0.44	0.514567	0.55638	0.5397	0.506089
0.95	0.12	0.12	0.05	0.27	0.27	0.12	0.27	0.12	0.5	0.88	0.12	0.73	0.27	0.12	0.5	0.27	0.12	0.12	0.5	0.33125	0.225	0.45875	0.37875	0.12375	0.3375	0.32	0.38625	0.3875	0.2475	0.21625	0.2425	0.325	0.19375	0.24	0.395	0.27125	0.055	0.3025	0.27625	3.8	0.0666667	-0.92	-0.9	-0.666667	0.4358	0.498067	0.46916	0.441114	0.444011
0.5	0.05	0.5	0.27	0.05	0.12	0.12	1	0.12	0.02	0.02	0.12	0.05	0.05	0.12	0.5	0.12	0.05	0.05	0.05	0.495	0.215	0.3025	0.24375	0.2075	0.3275	0.29125	0.32375	0.34	0.33875	0.33625	0.21375	0.4375	0.23	0.25875	0.42375	0.29	0.0675	0.32	0.38875	-0.4	0.0666667	-0.24	0.142857	-0.0777778	0.6184	0.412633	0.36002	0.366286	0.364022
0.12	0.5	0.73	0.27	0.05	0.5	0.5	0.12	1	0.02	0.05	0.27	0.12	0.27	0.12	0.27	0.12	0.05	0.88	0.05	0.57125	0.15	0.2175	0.1275	0.235	0.26125	0.1875	0.3175	0.22125	0.455	0.42125	0.17625	0.51375	0.23375	0.25	0.405	0.31875	0.0675	0.24375	0.505	-3.2	-0.6	1.16	0.628571	0.777778	0.1837	0.3081	0.29122	0.284071	0.305122
0.98	0.12	0.12	0.12	0.5	0.27	0.27	0.5	0.12	0.27	0.12	0.27	0.27	0.12	0.27	0.73	0.5	0.05	0.12	0.5	0.54	0.1975	0.29375	0.1375	0.1975	0.27125	0.21625	0.27875	0.3225	0.42375	0.4125	0.17625	0.43875	0.2525	0.12125	0.3475	0.3	0.0675	0.3575	0.47625	1.8	0.8	0.76	1.68571	1.42222	0.1222	0.133967	0.22254	0.234029	0.245811
0.27	0.12	0.05	0.02	0.12	0.27	0.05	0.05	0.12	0.73	0.95	0.12	0.99	0.5	0.05	0.12	0.27	0.12	0.27	0.73	0.67625	0.14125	0.27375	0.15	0.245	0.22375	0.19625	0.445	0.2125	0.36625	0.305	0.17625	0.34	0.1775	0.14875	0.4525	0.32875	0.05875	0.235	0.4475	3.8	2.46667	1.68	1.74286	1.73333	0.096	0.103533	0.1168	0.190929	0.226411
0.98	0.12	0.12	0.12	0.5	0.27	0.27	0.5	0.12	0.27	0.12	0.27	0.27	0.12	0.27	0.73	0.5	0.05	0.12	0.5	0.48375	0.16	0.375	0.2225	0.17	0.2525	0.21625	0.38875	0.28875	0.36375	0.30125	0.205	0.35375	0.1975	0.12125	0.405	0.32875	0.055	0.25375	0.42	1.8	3.26667	3.16	1.74286	0.922222	0.0924	0.0927	0.10688	0.1405	0.205067
0.5	0.05	0.05	0.05	0.27	0.12	0.05	0.05	0.05	0.95	0.73	0.12	0.73	0.27	0.05	0.12	0.5	0.05	0.27	0.98	0.60375	0.1775	0.33625	0.2125	0.255	0.29	0.2625	0.3825	0.2975	0.31	0.2375	0.2425	0.32375	0.1875	0.1675	0.51	0.37625	0.055	0.24375	0.41625	4.2	3.4	2.72	1.7	1.16667	0.0897	0.1054	0.13552	0.149071	0.152011
0.88	0.12	0.05	0.05	0.27	0.12	0.12	0.12	0.05	0.88	0.5	0.12	0.5	0.27	0.12	0.27	0.5	0.05	0.27	0.95	0.575	0.21625	0.3075	0.2125	0.255	0.31875	0.2825	0.37375	0.20625	0.3225	0.26625	0.3325	0.3525	0.16	0.1775	0.52	0.395	0.055	0.14875	0.42875	4.2	2.66667	1.26	1.7	1.08889	0.1341	0.163067	0.16506	0.151743	0.175122
0.5	0.05	0.5	0.27	0.05	0.12	0.12	1	0.12	0.02	0.02	0.12	0.05	0.05	0.12	0.5	0.12	0.05	0.05	0.05	0.53375	0.21625	0.2425	0.1725	0.25375	0.29125	0.255	0.20375	0.18875	0.515	0.42125	0.305	0.46625	0.235	0.15	0.415	0.41375	0.055	0.195	0.5975	-0.4	0.1	1.26	0.6	1.38889	0.2654	0.2144	0.17476	0.193986	0.185144
0.12	0.27	1	0.73	0.05	0.5	0.5	0.27	0.73	0.02	0.02	0.5	0.12	0.05	0.12	0.73	0.5	0.02	0.12	0.05	0.5625	0.2075	0.29875	0.20375	0.245	0.2725	0.26375	0.3225	0.18875	0.42625	0.305	0.305	0.34875	0.17875	0.15875	0.4625	0.395	0.04625	0.1675	0.5125	-3.5	-0.7	-0.36	0.985714	0.577778	0.2437	0.216667	0.23516	0.211129	0.239289
0.98	0.12	0.12	0.12	0.5	0.27	0.27	0.5	0.12	0.27	0.12	0.27	0.27	0.12	0.27	0.73	0.5	0.05	0.12	0.5	0.3475	0.245	0.5175	0.38875	0.1325	0.33	0.35	0.265	0.3125	0.3675	0.28	0.3625	0.3025	0.1575	0.12125	0.43375	0.36625	0.03875	0.15875	0.4	1.8	-1.86667	-0.3	-0.114286	-0.0111111	0.1409	0.258767	0.25082	0.281643	0.293556
0.27	0.88	0.5	0.27	0.05	0.73	0.73	0.12	0.27	0.05	0.05	0.99	0.12	0.05	0.27	0.5	0.27	0.05	0.12	0.12	0.4075	0.20625	0.52625	0.3975	0.16125	0.38125	0.3775	0.425	0.35	0.2825	0.20375	0.34875	0.26375	0.13875	0.13	0.51	0.36625	0.0475	0.14	0.33125	-3.9	0.8	-0.92	-1.21429	-0.866667	0.3917	0.248333	0.3144	0.345457	0.345144
0.27	0.05	0.05	0.02	0.27	0.05	0.05	0.02	0.05	0.95	0.88	0.05	0.73	0.5	0.05	0.12	0.27	0.05	0.27	0.95	0.33125	0.3575	0.63875	0.51375	0.1025	0.57375	0.57125	0.4375	0.43375	0.06625	0.04375	0.5425	0.14	0.055	0.17625	0.58625	0.3375	0.0475	0.1025	0.115	4.5	-0.966667	-0.92	-1.65714	-1.72222	0.2124	0.3958	0.38182	0.386686	0.379622
0.12	0.27	1	0.73	0.05	0.5	0.5	0.27	0.73	0.02	0.02	0.5	0.12	0.05	0.12	0.73	0.5	0.02	0.12	0.05	0.32125	0.43375	0.49125	0.425	0.13875	0.59375	0.5625	0.29625	0.3675	0.2425	0.1825	0.59375	0.24375	0.11125	0.18625	0.48125	0.3275	0.05125	0.13	0.3125	-3.5	-0.833333	-1.98	-1.65714	-2.11111	0.5833	0.458833	0.46444	0.415357	0.3791
0.12	0.27	0.99	0.99	0.05	0.5	0.73	0.27	0.5	0.05	0.02	0.5	0.05	0.02	0.12	0.5	0.27	0.02	0.05	0.05	0.34	0.40625	0.37375	0.30375	0.16625	0.5375	0.4775	0.265	0.31125	0.355	0.29875	0.5375	0.3475	0.17125	0.1775	0.43375	0.3275	0.06375	0.1575	0.425	-3.5	-3.5	-1.9	-2.47143	-1.3	0.5808	0.5727	0.47498	0.432471	0.359467
0.27	0.5	0.5	0.27	0.05	0.99	0.73	0.95	0.5	0.05	0.05	0.73	0.27	0.05	0.12	0.5	0.27	0.12	0.12	0.05	0.2325	0.36875	0.4225	0.385	0.1375	0.44875	0.44625	0.12	0.29875	0.44375	0.39	0.48125	0.3775	0.215	0.15	0.34875	0.29875	0.05125	0.1675	0.48125	-3.5	-3.5	-3.58	-1.37143	-1	0.554	0.5264	0.48464	0.386086	0.3512
0.27	0.5	0.5	0.73	0.02	0.98	0.99	0.12	0.5	0.05	0.05	0.73	0.12	0.05	0.27	0.5	0.27	0.05	0.12	0.05	0.21375	0.27375	0.36625	0.29625	0.15	0.37375	0.32875	0.21125	0.3275	0.5475	0.49375	0.3725	0.4725	0.31875	0.10375	0.30125	0.29875	0.145	0.27625	0.5575	-3.5	-3.63333	-2.12	-1.37143	-0.711111	0.4444	0.4197	0.38138	0.365243	0.312833
0.27	0.88	0.27	0.27	0.12	0.73	0.5	0.12	0.27	0.5	0.27	0.98	0.27	0.05	0.27	0.27	0.27	0.05	0.12	0.73	0.18625	0.22625	0.39125	0.3525	0.11	0.41375	0.39	0.215	0.35625	0.37875	0.37125	0.34125	0.3775	0.3475	0.1	0.32125	0.27125	0.26375	0.3525	0.36	-3.9	-1.2	-0.52	-1.05714	-1.31111	0.2607	0.257367	0.27852	0.288543	0.295744
0.27	0.05	0.05	0.02	0.27	0.05	0.05	0.02	0.05	0.95	0.95	0.05	0.88	0.5	0.05	0.12	0.27	0.12	0.27	0.95	0.18625	0.33	0.41875	0.38375	0.09125	0.49875	0.44625	0.2275	0.38375	0.3225	0.28625	0.4575	0.30125	0.29125	0.1275	0.34	0.27125	0.255	0.33375	0.3325	3.8	1.46667	-0.08	-0.685714	-1.31111	0.067	0.1314	0.177	0.213943	0.240656
0.27	0.05	0.02	0.05	0.27	0.05	0.02	0.02	0.02	0.98	0.88	0.05	0.73	0.5	0.05	0.05	0.27	0.05	0.27	0.95	0.205	0.31125	0.31375	0.27125	0.09125	0.47	0.3925	0.20875	0.34	0.31875	0.29875	0.42875	0.32	0.29125	0.2375	0.32	0.27125	0.26375	0.33375	0.3325	4.5	2.33333	0.44	-0.685714	-1.1	0.0665	0.0599667	0.09984	0.1473	0.187133
0.12	0.12	0.05	0.02	0.12	0.12	0.05	0.02	0.5	0.88	0.88	0.12	0.73	0.88	0.05	0.12	0.27	0.73	0.99	0.73	0.19625	0.24625	0.25	0.2425	0.11	0.3525	0.30375	0.09625	0.22375	0.33125	0.3075	0.335	0.30125	0.32875	0.225	0.255	0.24375	0.28875	0.33875	0.36	-1.3	0.766667	0.52	-0.414286	-0.811111	0.0464	0.0571667	0.0652	0.0979714	0.156189
0.05	0.05	0.02	0.01	0.05	0.12	0.05	0.05	0.05	0.05	0.12	0.05	0.12	0.73	0.02	0.05	0.05	1	0.88	0.05	0.18625	0.2075	0.2825	0.2775	0.11875	0.2925	0.29	0.11125	0.25125	0.435	0.39875	0.28625	0.36875	0.34375	0.21	0.26375	0.27125	0.25	0.34375	0.445	-0.9	-1.9	-0.56	0.0142857	-0.811111	0.0586	0.0641667	0.07162	0.100086	0.1317
0.12	0.27	1	0.73	0.05	0.5	0.5	0.27	0.73	0.02	0.02	0.5	0.12	0.05	0.12	0.73	0.5	0.02	0.12	0.05	0.1775	0.10375	0.25	0.21625	0.11875	0.21625	0.205	0.1025	0.195	0.39125	0.3925	0.17	0.35	0.42875	0.17875	0.23625	0.3	0.3725	0.43875	0.3875	-3.5	-2	-1.64	-1.02857	-0.455556	0.0875	0.0817333	0.11342	0.122514	0.189144
0.27	0.12	0.12	0.12	0.05	0.27	0.27	0.12	0.12	0.05	0.05	0.27	0.05	0.02	1	0.27	0.27	0.02	0.05	0.05	0.1875	0.15	0.41625	0.3525	0.09125	0.30125	0.34625	0.24125	0.29875	0.27125	0.2725	0.255	0.255	0.37625	0.0775	0.34125	0.32875	0.36375	0.42	0.275	-1.6	-2	-2.08	-1.77143	-1.26667	0.0991	0.154033	0.14894	0.224114	0.225756
0.05	0.05	0.02	0.01	0.05	0.12	0.05	0.05	0.05	0.05	0.12	0.05	0.12	0.73	0.02	0.05	0.05	1	0.88	0.05	0.19625	0.15875	0.42875	0.3625	0.0725	0.32	0.3775	0.25	0.32	0.24	0.27625	0.2825	0.265	0.3475	0.2	0.36875	0.3375	0.26875	0.37375	0.21875	-0.9	-2	-2.04	-2.08571	-1.34444	0.2755	0.199533	0.29276	0.274129	0.254633
0.12	0.12	0.73	1	0.02	0.5	0.88	0.27	0.27	0.05	0.02	0.27	0.05	0.02	0.12	0.5	0.27	0.01	0.05	0.05	0.235	0.16875	0.3675	0.25125	0.095	0.32	0.30125	0.25375	0.26375	0.1925	0.27	0.27375	0.305	0.36	0.19625	0.4075	0.33875	0.31625	0.3875	0.19	-3.5	-1.7	-2.04	-1.41429	-1.28889	0.224	0.425733	0.35456	0.312386	0.274967
0.27	0.27	0.99	0.5	0.12	0.5	0.27	0.27	0.5	0.12	0.12	0.5	0.12	0.05	0.12	0.73	0.95	0.05	0.12	0.27	0.24375	0.15875	0.36625	0.3275	0.11	0.32	0.38625	0.25375	0.235	0.29625	0.305	0.25375	0.34375	0.29875	0.20875	0.435	0.36625	0.1925	0.28375	0.26625	-0.7	-2.56667	-0.96	-1.02857	-0.688889	0.7777	0.466067	0.40002	0.332657	0.320211
0.5	0.27	0.5	0.5	0.05	0.5	0.95	0.98	0.27	0.02	0.02	0.5	0.05	0.05	0.12	0.5	0.27	0.05	0.05	0.05	0.23375	0.21625	0.365	0.29875	0.11875	0.3825	0.34875	0.14625	0.235	0.3125	0.33	0.2825	0.37125	0.29875	0.2275	0.435	0.4225	0.205	0.2925	0.3025	-3.5	-0.133333	-0.94	-0.157143	-0.688889	0.3965	0.5002	0.3908	0.385043	0.333833
0.12	0.05	0.02	0.02	0.12	0.05	0.05	0.02	0.12	0.73	0.98	0.05	0.88	0.98	0.05	0.05	0.12	0.27	0.73	0.5	0.2625	0.24375	0.50125	0.46875	0.10625	0.4675	0.5375	0.285	0.2725	0.22375	0.20625	0.33875	0.2675	0.1825	0.12625	0.52	0.44125	0.17625	0.2075	0.24625	3.8	-0.166667	0.66	-0.528571	-0.9	0.3264	0.317433	0.43916	0.3757	0.356656
0.5	0.27	0.27	0.12	0.27	0.5	0.27	0.27	0.27	0.5	0.73	0.27	0.98	0.27	0.12	0.88	0.5	0.12	0.27	0.5	0.33125	0.225	0.4825	0.47	0.14375	0.43	0.5375	0.31	0.2625	0.28	0.2375	0.33875	0.27375	0.195	0.14875	0.50125	0.45	0.07625	0.17	0.3025	-0.8	2.5	0.1	-0.528571	-0.6	0.2294	0.340533	0.32564	0.3872	0.351733
0.27	0.12	0.27	0.12	0.27	0.12	0.12	0.05	0.05	0.95	0.5	0.12	0.5	0.27	0.12	0.5	0.95	0.05	0.12	0.88	0.36	0.29125	0.4825	0.4675	0.14375	0.4775	0.5375	0.31875	0.38	0.22375	0.27	0.43375	0.3425	0.19875	0.14875	0.54875	0.39375	0.08625	0.21625	0.255	4.5	0.0666667	0.1	-0.171429	-0.6	0.4658	0.301767	0.30724	0.309129	0.419456
0.27	0.73	0.5	0.5	0.05	1	0.88	0.12	0.5	0.05	0.12	0.73	0.27	0.05	0.27	0.5	0.27	0.12	0.12	0.12	0.4175	0.215	0.44875	0.42	0.19	0.3675	0.47125	0.33875	0.32375	0.3275	0.30875	0.3575	0.37125	0.22625	0.14875	0.58	0.45125	0.0775	0.21625	0.33125	-3.5	-0.833333	-0.3	-0.171429	-0.611111	0.2101	0.3268	0.2882	0.371557	0.387622
0.12	0.12	0.73	1	0.02	0.5	0.88	0.27	0.27	0.05	0.02	0.27	0.05	0.02	0.12	0.5	0.27	0.01	0.05	0.05	0.43625	0.29125	0.48125	0.38625	0.2025	0.43	0.415	0.26	0.38125	0.33125	0.325	0.415	0.4075	0.23	0.1675	0.63625	0.50875	0.0875	0.23375	0.34875	-3.5	-1.73333	-0.84	-0.828571	-0.311111	0.3045	0.2486	0.40902	0.3951	0.392644
0.98	0.12	0.12	0.12	0.5	0.27	0.27	0.5	0.12	0.27	0.12	0.27	0.27	0.12	0.27	0.73	0.5	0.05	0.12	0.5	0.3475	0.29125	0.56125	0.49625	0.16125	0.45875	0.49125	0.23125	0.39125	0.33125	0.30875	0.415	0.38	0.1575	0.14875	0.61625	0.49875	0.06375	0.1675	0.34875	1.8	-1.73333	-1.9	-0.828571	-0.311111	0.2312	0.4564	0.4141	0.425429	0.379456
0.12	0.5	0.73	0.98	0.02	0.5	0.73	0.12	0.99	0.05	0.05	0.88	0.12	0.05	0.12	0.5	0.27	0.02	0.27	0.05	0.4075	0.21625	0.45375	0.37625	0.22125	0.37375	0.40625	0.2475	0.255	0.415	0.345	0.31125	0.38625	0.195	0.15875	0.54125	0.49875	0.0675	0.14875	0.4525	-3.5	-0.833333	-1.36	-0.928571	0.2	0.8335	0.518633	0.46042	0.388557	0.360056
0.73	0.27	0.95	0.5	0.27	0.5	0.5	0.5	0.5	0.05	0.05	0.5	0.12	0.05	0.27	0.98	0.73	0.05	0.12	0.12	0.33125	0.26375	0.42625	0.455	0.1625	0.42125	0.45375	0.20875	0.435	0.3025	0.28875	0.3775	0.33875	0.1675	0.25	0.4525	0.35625	0.06375	0.215	0.34	-0.8	-1.7	0.1	0.114286	-0.655556	0.4912	0.5888	0.44106	0.366371	0.357756
0.5	0.27	0.99	0.73	0.12	0.5	0.5	0.5	0.5	0.05	0.05	0.5	0.12	0.05	0.12	0.95	0.73	0.02	0.12	0.12	0.36	0.17875	0.365	0.36625	0.20875	0.31125	0.35	0.19625	0.37875	0.40625	0.3925	0.2925	0.39625	0.22375	0.24125	0.40875	0.35625	0.0675	0.23375	0.44375	-0.8	0.733333	0.5	0.157143	0.155556	0.4417	0.3802	0.40578	0.386457	0.346567
0.27	0.05	0.05	0.02	0.27	0.05	0.05	0.02	0.05	0.95	0.95	0.05	0.88	0.5	0.05	0.12	0.27	0.12	0.27	0.95	0.465	0.225	0.4825	0.3925	0.22125	0.3675	0.35875	0.285	0.435	0.29375	0.28375	0.3775	0.31	0.17125	0.26875	0.5725	0.47125	0.06	0.22375	0.34875	3.8	2.26667	0.56	0.442857	0.455556	0.2077	0.234733	0.3281	0.369057	0.372344
0.12	0.05	0.02	0.02	0.27	0.05	0.05	0.02	0.05	0.95	0.95	0.05	0.88	0.5	0.05	0.05	0.27	0.12	0.27	0.88	0.37625	0.24375	0.59375	0.44	0.165	0.3675	0.35875	0.2375	0.4825	0.275	0.3025	0.3775	0.31	0.27875	0.24125	0.5525	0.4425	0.0875	0.3	0.31	3.8	1.46667	1.48	0.828571	0.566667	0.0548	0.235867	0.25174	0.326629	0.405333
0.27	0.27	0.27	0.27	0.05	0.5	0.27	0.12	1	0.05	0.05	0.27	0.12	0.05	1	0.27	0.27	0.05	0.5	0.05	0.37625	0.1875	0.59375	0.34875	0.19625	0.2825	0.27375	0.3325	0.27375	0.38375	0.41125	0.27375	0.39625	0.335	0.1225	0.525	0.4425	0.1	0.24375	0.41375	-3.2	1.46667	1.48	1.34286	0.566667	0.4451	0.2031	0.2707	0.3319	0.383578
0.27	0.05	0.05	0.02	0.27	0.12	0.05	0.02	0.05	0.88	0.95	0.05	0.73	0.5	0.05	0.12	0.27	0.12	0.27	0.95	0.3	0.30375	0.59375	0.44125	0.1375	0.33	0.33	0.2975	0.36375	0.28	0.29875	0.33	0.32	0.27875	0.2225	0.455	0.385	0.0875	0.26375	0.2925	3.8	-0.0666667	1.28	0.957143	0.155556	0.1094	0.363667	0.33478	0.3599	0.357544
0.73	0.27	0.73	0.5	0.27	0.5	0.5	0.5	0.27	0.05	0.05	0.5	0.12	0.05	0.27	0.98	0.73	0.05	0.12	0.12	0.195	0.27625	0.47625	0.4125	0.125	0.2825	0.3025	0.19	0.39875	0.38375	0.41125	0.245	0.39625	0.34375	0.195	0.2625	0.25125	0.1	0.33	0.3875	-0.8	1.93333	-0.18	-0.228571	-0.144444	0.5365	0.391333	0.45136	0.366929	0.349611
0.12	0.27	0.98	0.5	0.05	0.27	0.27	0.12	0.5	0.12	0.27	0.27	0.27	0.98	0.05	0.5	0.27	0.27	0.73	0.12	0.2525	0.285	0.45375	0.41625	0.125	0.32	0.34	0.24125	0.47375	0.27125	0.29875	0.2825	0.30125	0.28375	0.2225	0.3225	0.29	0.1675	0.345	0.3025	2.8	-0.5	-0.44	-1.27143	-0.711111	0.5281	0.567433	0.41372	0.412	0.336011
0.27	0.27	0.98	0.5	0.05	0.27	0.27	0.98	0.27	0.02	0.02	0.27	0.05	0.05	0.12	0.5	0.27	0.05	0.05	0.05	0.2525	0.34125	0.57375	0.505	0.0975	0.4325	0.4525	0.165	0.55875	0.17125	0.2175	0.3675	0.23375	0.34375	0.2225	0.37875	0.31875	0.18625	0.41125	0.2075	-3.5	-1.73333	-1.9	-1	-1.52222	0.6377	0.474233	0.4659	0.3606	0.382611
0.12	0.98	0.73	0.99	0.02	0.5	0.73	0.12	0.27	0.05	0.05	0.73	0.12	0.05	0.12	0.27	0.27	0.02	0.05	0.05	0.24375	0.225	0.57375	0.41125	0.10125	0.35625	0.3675	0.26375	0.44	0.1675	0.2225	0.2825	0.225	0.42875	0.1	0.38	0.29125	0.30875	0.45875	0.2075	-4.5	-3.83333	-2	-2.04286	-1.26667	0.2569	0.421633	0.37566	0.412714	0.339278
0.12	0.27	0.73	0.98	0.02	0.5	0.73	0.12	1	0.05	0.05	0.27	0.12	0.12	0.12	0.27	0.12	0.05	0.5	0.05	0.225	0.3225	0.5825	0.41625	0.07375	0.35625	0.37625	0.2675	0.4525	0.0725	0.1375	0.34875	0.1675	0.47625	0.1	0.38	0.29125	0.4	0.49375	0.1225	-3.5	-3.1	-3.26	-2.05714	-1.83333	0.3703	0.2375	0.36488	0.343943	0.376267
0.12	0.12	0.12	0.05	0.05	0.12	0.12	0.05	0.88	0.12	0.27	0.12	0.27	0.95	0.05	0.12	0.12	0.88	1	0.27	0.24375	0.3225	0.63	0.50375	0.07	0.375	0.42375	0.33625	0.44875	0.06375	0.11	0.33875	0.14875	0.3725	0.10875	0.38625	0.2625	0.29625	0.43125	0.095	-1.3	-2.76667	-2.74	-2.64286	-1.78889	0.0853	0.309933	0.24836	0.331686	0.328544
0.27	0.5	0.98	0.73	0.05	0.95	0.95	0.27	0.5	0.05	0.05	0.73	0.12	0.05	0.12	0.5	0.5	0.05	0.12	0.05	0.30125	0.275	0.49125	0.41875	0.0975	0.3	0.34875	0.35625	0.4675	0.06375	0.11	0.29125	0.14875	0.36875	0.1275	0.39875	0.2725	0.3725	0.465	0.1225	-3.5	-1.9	-2.1	-2.2	-2.18889	0.4742	0.204867	0.28544	0.255871	0.278578
0.05	0.05	0.02	0.01	0.05	0.12	0.05	0.05	0.05	0.05	0.12	0.05	0.12	0.73	0.02	0.05	0.05	1	0.88	0.05	0.32875	0.3125	0.495	0.4525	0.125	0.385	0.43375	0.26375	0.49625	0.18	0.20875	0.3575	0.265	0.34	0.13125	0.4075	0.32875	0.2625	0.3975	0.22625	-0.9	-1.9	-1.48	-1.67143	-1.58889	0.0551	0.323867	0.23278	0.230371	0.216444
0.12	0.12	0.12	0.05	0.05	0.12	0.12	0.05	0.88	0.12	0.27	0.12	0.27	0.95	0.05	0.12	0.12	0.88	1	0.27	0.32	0.19625	0.3975	0.33	0.1375	0.3375	0.34	0.25125	0.42125	0.28375	0.24625	0.2725	0.29375	0.41625	0.11875	0.38	0.32	0.36625	0.5	0.28375	-1.3	-0.866667	-1.38	-0.9	-0.588889	0.4423	0.201467	0.2314	0.188686	0.228978
0.88	0.12	0.5	0.27	0.27	0.27	0.27	0.98	0.12	0.05	0.05	0.27	0.12	0.05	0.27	0.88	0.5	0.05	0.12	0.12	0.2725	0.16875	0.32125	0.21375	0.11375	0.27125	0.245	0.245	0.40625	0.28875	0.27	0.235	0.30375	0.52	0.09125	0.31375	0.2725	0.47	0.55375	0.3025	-0.4	-0.833333	-0.3	-0.0714286	-0.244444	0.107	0.209233	0.15226	0.229314	0.260722
0.73	0.27	0.73	0.5	0.27	0.5	0.5	0.5	0.27	0.05	0.05	0.5	0.12	0.05	0.27	0.98	0.73	0.05	0.12	0.12	0.29125	0.15	0.2925	0.185	0.11375	0.2425	0.21625	0.305	0.3875	0.28875	0.27	0.20625	0.30375	0.52	0.09125	0.30125	0.24375	0.47	0.55375	0.3025	-0.8	0.233333	0.78	0.371429	-0.244444	0.0784	0.0879667	0.21518	0.255286	0.319611
