0.27	0.73	0.5	0.5	0.05	1	0.88	0.12	0.73	0.05	0.12	0.73	0.5	0.02	0.27	0.5	0.27	0.12	0.12	0.12	0.3	0.1975	0.2575	0.17875	0.14125	0.30375	0.22875	0.22625	0.3075	0.44375	0.4625	0.2175	0.50625	0.455	0.11	0.29625	0.27125	0.265	0.38125	0.405	-3.5	-0.333333	-0.52	-0.0857143	0.388889	0.5972	0.454767	0.51152	0.543657	0.609844
0.12	0.12	0.02	0.02	0.27	0.12	0.05	0.02	0.05	0.88	0.98	0.05	0.88	0.5	0.05	0.05	0.27	0.12	0.27	0.73	0.27125	0.32125	0.38	0.29625	0.11375	0.46125	0.38	0.17625	0.46875	0.34	0.355	0.35	0.4675	0.395	0.1375	0.38125	0.31875	0.26125	0.37125	0.32875	3.8	-1.06667	-0.34	0.671429	0.0444444	0.3942	0.444667	0.4043	0.418314	0.4458
0.27	0.73	0.5	0.5	0.05	1	0.88	0.12	0.73	0.05	0.12	0.73	0.5	0.02	0.27	0.5	0.27	0.12	0.12	0.12	0.17625	0.22625	0.23125	0.17625	0.14125	0.30375	0.22	0.10375	0.35625	0.53875	0.57875	0.20875	0.61	0.5025	0.0825	0.20875	0.26125	0.27	0.40875	0.48125	-3.5	1.03333	0.82	-0.1	0.555556	0.3426	0.350467	0.34092	0.3183	0.345944
0.12	0.05	0.05	0.02	0.05	0.02	0.02	0.05	0.27	0.5	0.5	0.05	0.5	1	0.02	0.05	0.12	0.73	0.95	0.27	0.22375	0.3025	0.27875	0.2325	0.16	0.37875	0.31875	0.10875	0.405	0.51	0.5125	0.285	0.57625	0.35125	0.11375	0.265	0.30875	0.185	0.305	0.49375	2.8	1.26667	0.82	0.628571	0.811111	0.3146	0.237733	0.2516	0.269986	0.267256
0.27	0.05	0.02	0.02	0.27	0.05	0.02	0.02	0.02	0.98	0.88	0.05	0.73	0.5	0.05	0.05	0.27	0.05	0.27	0.95	0.205	0.3025	0.2825	0.2325	0.1325	0.375	0.31875	0.1125	0.43625	0.45	0.465	0.285	0.5475	0.41375	0.11	0.265	0.29	0.27	0.39	0.40875	4.5	1.26667	0.82	1.72857	0.811111	0.056	0.173733	0.1797	0.205029	0.249689
0.12	0.5	1	0.73	0.05	0.5	0.5	0.5	0.73	0.02	0.02	0.5	0.12	0.05	0.12	0.73	0.5	0.02	0.12	0.05	0.205	0.17	0.18875	0.20625	0.15625	0.25625	0.25875	0.07125	0.29	0.56625	0.56	0.17125	0.5675	0.47	0.0825	0.18	0.26125	0.26	0.4	0.50875	-3.5	1.6	2.36	1	0.811111	0.1506	0.0804333	0.13968	0.1794	0.240756
0.12	0.12	0.02	0.02	0.27	0.12	0.05	0.02	0.05	0.88	0.98	0.05	0.88	0.5	0.05	0.05	0.27	0.12	0.27	0.73	0.2525	0.23625	0.37125	0.32625	0.12875	0.3225	0.3425	0.14375	0.38375	0.3825	0.35125	0.255	0.39625	0.36625	0.11875	0.36875	0.38	0.23875	0.3625	0.395	3.8	1.5	1.54	1	0.311111	0.0347	0.109267	0.11972	0.204286	0.233778
0.5	0.05	0.05	0.02	0.27	0.12	0.05	0.02	0.05	0.95	0.73	0.05	0.73	0.27	0.05	0.12	0.5	0.05	0.27	0.98	0.23375	0.1875	0.3675	0.2975	0.15625	0.23125	0.26625	0.14375	0.3075	0.40125	0.40125	0.1975	0.38625	0.4075	0.11875	0.4075	0.44125	0.23875	0.3625	0.41125	4.2	2.23333	-0.06	0.5	0.622222	0.1425	0.130667	0.21188	0.206686	0.263211
0.12	0.12	0.12	0.05	0.05	0.12	0.12	0.05	0.88	0.27	0.27	0.12	0.27	0.95	0.05	0.12	0.12	0.88	1	0.27	0.3	0.2825	0.415	0.325	0.18375	0.32	0.34625	0.14875	0.20375	0.43	0.4025	0.30625	0.39625	0.20375	0.15	0.46375	0.5075	0.05	0.1675	0.4725	-1.3	-0.2	0.5	-0.242857	-0.122222	0.2148	0.291367	0.24804	0.285471	0.302711
0.12	0.12	0.73	1	0.02	0.5	0.88	0.27	0.27	0.02	0.02	0.27	0.05	0.02	0.12	0.5	0.27	0.01	0.05	0.02	0.28125	0.29125	0.33875	0.20625	0.1875	0.28125	0.255	0.12125	0.28375	0.44875	0.44625	0.2875	0.4425	0.32	0.14125	0.41625	0.48875	0.1675	0.28625	0.47625	-3.5	-1.83333	-0.4	-0.3	-0.2	0.5168	0.354333	0.3626	0.359686	0.323011
0.5	0.27	0.5	0.27	0.27	0.27	0.27	0.12	0.12	0.27	0.27	0.27	0.27	0.12	0.27	0.88	0.99	0.05	0.12	0.5	0.28125	0.24375	0.305	0.24	0.18375	0.28125	0.3025	0.0925	0.22625	0.44875	0.44625	0.25875	0.43375	0.31625	0.14125	0.3875	0.46	0.16625	0.2775	0.4725	-0.7	-1.63333	-2.02	-0.3	0.111111	0.3314	0.485233	0.46812	0.388829	0.358689
0.5	0.27	0.5	0.27	0.27	0.27	0.27	0.12	0.12	0.27	0.27	0.27	0.27	0.12	0.27	0.88	0.99	0.05	0.12	0.5	0.28125	0.29125	0.39375	0.27125	0.15625	0.3575	0.35875	0.105	0.345	0.34125	0.33	0.28625	0.33875	0.2875	0.15	0.415	0.44125	0.1575	0.35375	0.3875	-0.7	-1.76667	-1	-1	-0.666667	0.6075	0.536333	0.4729	0.435857	0.4324
0.27	0.88	0.5	0.27	0.05	0.73	0.73	0.12	0.27	0.05	0.05	0.99	0.12	0.05	0.27	0.5	0.27	0.05	0.12	0.05	0.2625	0.22375	0.39	0.27125	0.18375	0.3	0.30125	0.105	0.32625	0.36	0.38875	0.19625	0.37625	0.325	0.15	0.45375	0.5025	0.16625	0.35375	0.4125	-3.9	-0.266667	-0.44	-1.27143	-0.711111	0.6701	0.505433	0.46388	0.5049	0.464044
0.12	0.12	0.02	0.02	0.27	0.12	0.05	0.02	0.05	0.88	0.98	0.05	0.88	0.5	0.05	0.05	0.27	0.12	0.27	0.73	0.3	0.36625	0.4975	0.40625	0.1525	0.47125	0.49625	0.12625	0.30625	0.225	0.245	0.39	0.2625	0.1525	0.205	0.5575	0.52125	0.05375	0.225	0.3	3.8	-0.266667	-0.94	-0.228571	-0.955556	0.2387	0.460167	0.53722	0.492114	0.481333
0.5	0.27	0.5	0.27	0.27	0.27	0.27	0.12	0.12	0.27	0.27	0.27	0.27	0.12	0.27	0.88	0.99	0.05	0.12	0.5	0.27125	0.42375	0.40875	0.3125	0.15625	0.515	0.46875	0.095	0.355	0.305	0.34625	0.42	0.395	0.2	0.19625	0.45375	0.43125	0.07625	0.2525	0.34125	-0.7	-0.0333333	-0.04	-0.628571	-0.955556	0.4717	0.4695	0.50118	0.497686	0.469744
0.12	0.5	0.73	0.27	0.05	0.73	0.5	0.12	1	0.02	0.05	0.27	0.12	0.27	0.12	0.27	0.12	0.05	0.88	0.05	0.31875	0.395	0.38	0.3125	0.18375	0.4575	0.44	0.095	0.245	0.33625	0.37375	0.42	0.41375	0.18125	0.215	0.53	0.54	0.07625	0.1575	0.3975	-3.2	-0.0333333	0.04	-1.02857	-0.955556	0.6981	0.532367	0.44124	0.469829	0.488889
0.12	0.12	0.02	0.02	0.27	0.12	0.05	0.02	0.05	0.88	0.98	0.05	0.88	0.5	0.05	0.05	0.27	0.12	0.27	0.73	0.27125	0.47125	0.53125	0.40125	0.12875	0.5625	0.525	0.155	0.44	0.1975	0.22625	0.47625	0.3	0.14375	0.205	0.53875	0.46	0.06375	0.23375	0.25625	3.8	-0.966667	-1.42	-0.571429	-1.26667	0.4273	0.4986	0.476	0.446057	0.436411
0.27	0.5	0.5	0.88	0.02	0.88	1	0.12	0.5	0.02	0.05	0.73	0.12	0.02	0.27	0.5	0.27	0.05	0.12	0.05	0.2525	0.32	0.41125	0.2625	0.1875	0.3825	0.3175	0.13	0.3525	0.42125	0.44625	0.27375	0.47125	0.26	0.15	0.42625	0.46	0.0725	0.27125	0.45375	-3.5	-1.06667	-1.42	-1.61429	-0.333333	0.3704	0.4034	0.4824	0.431271	0.365978
0.27	0.73	0.5	0.5	0.05	1	0.88	0.12	0.73	0.05	0.12	0.73	0.5	0.02	0.27	0.5	0.27	0.12	0.12	0.12	0.2525	0.33875	0.53375	0.39875	0.15625	0.415	0.38875	0.19	0.40875	0.31	0.3175	0.33	0.32875	0.20375	0.15875	0.51125	0.48875	0.05125	0.2525	0.36	-3.5	-2.56667	-1.48	-0.871429	-1.14444	0.4125	0.428867	0.36982	0.369057	0.396056
0.5	0.27	0.5	0.27	0.27	0.27	0.27	0.12	0.12	0.27	0.27	0.27	0.27	0.12	0.27	0.88	0.99	0.05	0.12	0.5	0.17625	0.3775	0.47375	0.39625	0.12875	0.4875	0.4375	0.1775	0.47625	0.35875	0.3875	0.36	0.43375	0.23875	0.13125	0.36	0.30875	0.06875	0.27125	0.34125	-0.7	-2.56667	-1.34	-0.914286	-0.644444	0.5037	0.350467	0.2916	0.3421	0.367111
0.12	0.5	1	0.73	0.05	0.5	0.5	0.5	0.73	0.02	0.02	0.5	0.12	0.05	0.12	0.73	0.5	0.02	0.12	0.05	0.22375	0.2925	0.32625	0.3075	0.15625	0.37	0.34875	0.12125	0.30875	0.45	0.475	0.30375	0.5	0.33875	0.1375	0.35125	0.37	0.1575	0.28	0.425	-3.5	0.1	-1.34	-0.914286	0.0222222	0.1352	0.225033	0.3194	0.311229	0.296289
0.27	0.05	0.02	0.02	0.27	0.05	0.02	0.02	0.02	0.98	0.88	0.05	0.73	0.5	0.05	0.05	0.27	0.05	0.27	0.95	0.22375	0.34	0.44875	0.39625	0.12875	0.4175	0.405	0.18125	0.39375	0.3425	0.355	0.36	0.405	0.2825	0.14625	0.43625	0.39875	0.145	0.26125	0.34	4.5	-0.833333	0.12	-0.0142857	0.1	0.0362	0.226933	0.27914	0.266986	0.276422
0.12	0.5	1	0.73	0.05	0.5	0.5	0.5	0.73	0.02	0.02	0.5	0.12	0.05	0.12	0.73	0.5	0.02	0.12	0.05	0.27125	0.2275	0.32625	0.23125	0.16	0.26625	0.235	0.23125	0.2575	0.4625	0.45875	0.2275	0.4725	0.3425	0.11875	0.35125	0.35125	0.14875	0.27125	0.44875	-3.5	1.6	0.82	1.12857	0.444444	0.5094	0.252267	0.19054	0.243557	0.259211
0.12	0.12	0.02	0.02	0.27	0.12	0.05	0.02	0.05	0.88	0.98	0.05	0.88	0.5	0.05	0.05	0.27	0.12	0.27	0.73	0.2525	0.24625	0.51125	0.34875	0.1325	0.25125	0.24375	0.33875	0.3425	0.35125	0.32625	0.255	0.33	0.29	0.10875	0.465	0.40875	0.12375	0.2525	0.355	3.8	1.03333	2.42	1.17143	0.444444	0.2112	0.260433	0.2132	0.202386	0.266844
0.12	0.05	0.05	0.02	0.05	0.02	0.02	0.05	0.27	0.5	0.5	0.05	0.5	1	0.02	0.05	0.12	0.73	0.95	0.27	0.19625	0.2275	0.4475	0.31625	0.1325	0.245	0.22	0.32625	0.30625	0.37125	0.3675	0.2275	0.35875	0.30375	0.08125	0.36125	0.31	0.16625	0.2625	0.35625	2.8	3.7	1.44	1.17143	0.422222	0.0607	0.173467	0.24906	0.251814	0.217911
0.27	0.05	0.02	0.02	0.27	0.05	0.02	0.02	0.02	0.98	0.88	0.05	0.73	0.5	0.05	0.05	0.27	0.05	0.27	0.95	0.25375	0.19875	0.4175	0.2875	0.1325	0.24125	0.22	0.33	0.28	0.315	0.32375	0.2275	0.33	0.36625	0.09625	0.3925	0.33875	0.255	0.3475	0.28	4.5	2.3	1.44	0.4	0.722222	0.2485	0.1749	0.24342	0.255686	0.225256
0.5	0.05	0.5	0.27	0.05	0.12	0.12	1	0.12	0.02	0.02	0.12	0.05	0.05	0.12	0.5	0.12	0.05	0.05	0.02	0.20625	0.255	0.48	0.345	0.1325	0.28875	0.2675	0.2675	0.35625	0.315	0.32375	0.275	0.33875	0.36625	0.09625	0.42125	0.38625	0.25125	0.35625	0.28375	-0.4	0.2	0.5	0.785714	-0.166667	0.2155	0.315067	0.21384	0.211671	0.241378
0.12	0.5	1	0.73	0.05	0.5	0.5	0.5	0.73	0.02	0.02	0.5	0.12	0.05	0.12	0.73	0.5	0.02	0.12	0.05	0.25375	0.19875	0.38375	0.23	0.1325	0.27	0.22	0.2825	0.31375	0.315	0.3275	0.19875	0.33	0.39375	0.09625	0.335	0.29125	0.25875	0.4425	0.28	-3.5	-1.6	-0.22	-0.257143	-0.133333	0.4812	0.253333	0.24196	0.2074	0.263078
0.05	0.05	0.02	0.01	0.05	0.12	0.05	0.05	0.05	0.05	0.12	0.05	0.12	0.73	0.02	0.05	0.05	1	0.88	0.05	0.28125	0.33125	0.56625	0.38	0.105	0.4275	0.38	0.35125	0.48375	0.2075	0.2075	0.34	0.2825	0.24875	0.13625	0.47625	0.3475	0.13625	0.32875	0.20375	-0.9	-1.73333	-1.82	-1.11429	-0.944444	0.0633	0.2486	0.22852	0.2994	0.327389
0.73	0.27	0.73	0.5	0.27	0.5	0.5	0.5	0.27	0.05	0.05	0.5	0.12	0.05	0.27	0.98	0.88	0.05	0.12	0.12	0.19625	0.3125	0.47375	0.31875	0.105	0.3925	0.3275	0.29125	0.42875	0.255	0.27625	0.28375	0.33	0.27125	0.10875	0.36	0.2625	0.17875	0.33875	0.2525	-0.8	-1.73333	-2.38	-2.25714	-0.833333	0.2013	0.148633	0.32636	0.376757	0.364789
0.12	0.5	1	0.73	0.05	0.5	0.5	0.5	0.73	0.02	0.02	0.5	0.12	0.05	0.12	0.73	0.5	0.02	0.12	0.05	0.2725	0.36875	0.5	0.35	0.105	0.51125	0.435	0.30375	0.46	0.1425	0.185	0.36875	0.30125	0.21125	0.155	0.4475	0.31	0.19125	0.32	0.1575	-3.5	-2.5	-2.38	-1.65714	-1.72222	0.1813	0.362433	0.38812	0.402729	0.3884
0.12	0.5	0.73	0.27	0.05	0.73	0.5	0.12	1	0.02	0.05	0.27	0.12	0.27	0.12	0.27	0.12	0.05	0.88	0.05	0.24375	0.4725	0.53375	0.4075	0.105	0.55875	0.51125	0.24125	0.445	0.14625	0.185	0.50625	0.31	0.18375	0.17375	0.505	0.37625	0.1875	0.23375	0.16125	-3.2	-3.4	-1.44	-1.65714	-2.11111	0.7047	0.558667	0.45492	0.399843	0.401533
0.27	0.73	0.5	0.5	0.05	1	0.88	0.12	0.73	0.05	0.12	0.73	0.5	0.02	0.27	0.5	0.27	0.12	0.12	0.12	0.30125	0.415	0.52875	0.35	0.1325	0.525	0.46375	0.24125	0.42125	0.14625	0.18	0.44875	0.2625	0.215	0.17375	0.5075	0.405	0.1825	0.32875	0.16125	-3.5	-0.966667	-1.98	-2.08571	-1.81111	0.79	0.630667	0.50686	0.438471	0.373667
0.12	0.12	0.02	0.02	0.27	0.12	0.05	0.02	0.05	0.88	0.98	0.05	0.88	0.5	0.05	0.05	0.27	0.12	0.27	0.73	0.3475	0.49125	0.58875	0.41125	0.1325	0.62625	0.56375	0.25	0.5025	0.15875	0.1675	0.53375	0.29125	0.12625	0.205	0.56375	0.4325	0.06375	0.23375	0.1975	3.8	-1.06667	-2.06	-2.08571	-1.21111	0.3973	0.549433	0.53734	0.442629	0.374356
0.27	0.73	0.5	0.5	0.05	1	0.88	0.12	0.73	0.05	0.12	0.73	0.5	0.02	0.27	0.5	0.27	0.12	0.12	0.12	0.3	0.38375	0.44375	0.29125	0.25125	0.46	0.4	0.18125	0.39	0.29	0.3025	0.3925	0.33875	0.18625	0.15	0.41875	0.35625	0.06375	0.24375	0.2925	-3.5	-1.2	-1.58	-0.942857	-0.844444	0.461	0.397333	0.44248	0.426657	0.367078
0.27	0.88	0.5	0.27	0.05	0.73	0.73	0.12	0.27	0.05	0.05	0.99	0.12	0.05	0.27	0.5	0.27	0.05	0.12	0.05	0.31875	0.30875	0.32125	0.23125	0.27875	0.4375	0.35875	0.12125	0.35875	0.41	0.41875	0.30375	0.4625	0.23875	0.14125	0.33375	0.3275	0.07625	0.2625	0.41375	-3.9	-2.73333	0.02	-0.128571	0.0444444	0.3337	0.3417	0.29838	0.345386	0.3516
0.73	0.27	0.73	0.5	0.27	0.5	0.5	0.5	0.27	0.05	0.05	0.5	0.12	0.05	0.27	0.98	0.88	0.05	0.12	0.12	0.26125	0.4475	0.26375	0.18375	0.2475	0.46625	0.3875	0.065	0.29625	0.41375	0.4275	0.44125	0.4625	0.21125	0.14125	0.27375	0.27	0.07625	0.1675	0.405	-0.8	-0.0666667	-0.24	1.01429	-0.1	0.2304	0.2112	0.24608	0.238529	0.332122
0.27	0.05	0.02	0.02	0.27	0.05	0.02	0.02	0.02	0.98	0.88	0.05	0.73	0.5	0.05	0.05	0.27	0.05	0.27	0.95	0.3	0.44625	0.38125	0.215	0.2475	0.48875	0.4	0.125	0.36125	0.29375	0.315	0.44	0.33875	0.18625	0.15	0.36125	0.3275	0.0675	0.24375	0.2925	4.5	2.06667	1.36	-0.171429	-0.0666667	0.0695	0.145233	0.16228	0.2574	0.291611
0.5	0.02	0.05	0.02	1	0.05	0.02	0.05	0.05	0.27	0.27	0.05	0.12	0.05	0.05	0.27	0.27	0.05	0.05	0.27	0.31875	0.44125	0.4375	0.24625	0.12875	0.48875	0.40875	0.24375	0.36625	0.275	0.27125	0.44875	0.31125	0.18625	0.15875	0.39	0.30875	0.05875	0.24375	0.28875	2.5	3.83333	1.24	-0.128571	-0.533333	0.1358	0.0824333	0.20142	0.252314	0.272711
0.27	0.05	0.02	0.02	0.27	0.05	0.02	0.02	0.02	0.98	0.88	0.05	0.73	0.5	0.05	0.05	0.27	0.05	0.27	0.95	0.32875	0.36125	0.47	0.30875	0.21625	0.42625	0.40875	0.26625	0.3125	0.1825	0.1825	0.39125	0.17875	0.13	0.14	0.4175	0.30875	0.045	0.2075	0.19125	4.5	0.833333	0.76	0.371429	-0.533333	0.042	0.235733	0.24042	0.2371	0.279444
0.12	1	0.5	0.12	0.02	0.73	0.5	0.05	0.5	0.05	0.12	0.88	0.12	0.05	0.12	0.27	0.27	0.05	0.12	0.05	0.32875	0.1475	0.43875	0.3875	0.24375	0.3125	0.3675	0.28125	0.2525	0.295	0.27375	0.1975	0.24625	0.1825	0.1125	0.39	0.30875	0.04	0.2175	0.3	-4.5	-1.06667	-0.22	-0.0142857	-0.488889	0.5294	0.332267	0.27196	0.2787	0.329789
0.12	0.5	0.73	0.27	0.05	0.73	0.5	0.12	1	0.02	0.05	0.27	0.12	0.27	0.12	0.27	0.12	0.05	0.88	0.05	0.3	0.21	0.38125	0.34	0.24	0.28375	0.33875	0.225	0.17125	0.32625	0.31	0.245	0.265	0.16375	0.1125	0.3775	0.34125	0.04	0.1225	0.3475	-3.2	-2.7	-1.42	-1.15714	-0.477778	0.4254	0.394	0.34912	0.381171	0.386622
0.5	0.05	0.5	0.27	0.05	0.12	0.12	1	0.12	0.02	0.02	0.12	0.05	0.05	0.12	0.5	0.12	0.05	0.05	0.02	0.31	0.29375	0.49875	0.4	0.24	0.41625	0.44625	0.175	0.3125	0.21	0.21	0.32	0.1975	0.135	0.14	0.465	0.4175	0.04	0.2075	0.2475	-0.4	-2.36667	-3.02	-1.61429	-1.06667	0.2272	0.3914	0.49808	0.467757	0.409556
0.12	0.12	0.73	1	0.02	0.5	0.88	0.27	0.27	0.02	0.02	0.27	0.05	0.02	0.12	0.5	0.27	0.01	0.05	0.02	0.31	0.345	0.555	0.34	0.125	0.45375	0.41125	0.275	0.4125	0.17875	0.1825	0.32875	0.1975	0.16625	0.14875	0.465	0.38	0.045	0.31125	0.22	-3.5	-2.46667	-2.26	-2.37143	-1.7	0.5216	0.511867	0.54058	0.501171	0.472444
0.12	0.12	0.73	1	0.02	0.5	0.88	0.27	0.27	0.02	0.02	0.27	0.05	0.02	0.12	0.5	0.27	0.01	0.05	0.02	0.29125	0.40125	0.6775	0.42875	0.0975	0.51	0.47125	0.335	0.50125	0.05875	0.075	0.385	0.12125	0.11	0.1575	0.55	0.40875	0.04125	0.2925	0.1075	-3.5	-2.56667	-1.78	-2.18571	-2.58889	0.7868	0.683433	0.51068	0.5258	0.522067
0.5	0.27	0.5	0.27	0.27	0.27	0.27	0.12	0.12	0.27	0.27	0.27	0.27	0.12	0.27	0.88	0.99	0.05	0.12	0.5	0.2625	0.34875	0.70625	0.5675	0.07	0.5725	0.595	0.3625	0.54875	0.0275	0.04375	0.36625	0.14125	0.09375	0.1575	0.53125	0.31875	0.045	0.28375	0.05625	-0.7	-1.66667	-2.34	-2.22857	-2.47778	0.7419	0.601533	0.6056	0.534829	0.491156
0.73	0.27	0.73	0.5	0.27	0.5	0.5	0.5	0.27	0.05	0.05	0.5	0.12	0.05	0.27	0.98	0.88	0.05	0.12	0.12	0.23375	0.30125	0.60125	0.51125	0.07	0.4675	0.51875	0.30625	0.515	0.08625	0.09875	0.31875	0.17875	0.1875	0.14875	0.5	0.3325	0.14875	0.29875	0.13125	-0.8	-1.56667	-2.34	-2.67143	-2.26667	0.2759	0.5732	0.599	0.538257	0.454967
0.12	0.5	0.73	0.27	0.05	0.73	0.5	0.12	1	0.02	0.05	0.27	0.12	0.27	0.12	0.27	0.12	0.05	0.88	0.05	0.2625	0.32875	0.63	0.54	0.0975	0.515	0.56625	0.24375	0.53375	0.09	0.1025	0.36625	0.1875	0.1875	0.1675	0.56	0.4275	0.14875	0.3075	0.14375	-3.2	-2.5	-2.34	-2.35714	-2.57778	0.7018	0.488767	0.49188	0.477986	0.477589
0.12	0.5	1	0.73	0.05	0.5	0.5	0.5	0.73	0.02	0.02	0.5	0.12	0.05	0.12	0.73	0.5	0.02	0.12	0.05	0.28125	0.32	0.5075	0.36	0.12875	0.4875	0.45875	0.165	0.53625	0.21	0.21375	0.31	0.2725	0.275	0.15875	0.44625	0.38	0.1575	0.43	0.26	-3.5	-3.4	-2.46	-2.31429	-1.68889	0.4886	0.480533	0.36344	0.427129	0.435889
0.27	0.73	0.5	0.5	0.05	1	0.88	0.12	0.73	0.05	0.12	0.73	0.5	0.02	0.27	0.5	0.27	0.12	0.12	0.12	0.2625	0.29125	0.48125	0.26625	0.16	0.3775	0.3075	0.18125	0.50875	0.31375	0.32125	0.25375	0.32875	0.33875	0.13125	0.41875	0.40875	0.15875	0.4575	0.34	-3.5	-2.76667	-2.94	-1.57143	-0.877778	0.2512	0.279833	0.39442	0.342043	0.389267
0.12	0.12	0.12	0.05	0.05	0.12	0.12	0.05	0.88	0.27	0.27	0.12	0.27	0.95	0.05	0.12	0.12	0.88	1	0.27	0.23375	0.34	0.4725	0.29125	0.1325	0.45625	0.37125	0.18125	0.50875	0.315	0.33125	0.3025	0.38625	0.3325	0.1275	0.3625	0.31875	0.14875	0.45125	0.2925	-1.3	-2.66667	-1.4	-0.914286	-0.488889	0.0997	0.260567	0.28332	0.355086	0.352778
0.12	0.5	0.73	0.27	0.05	0.73	0.5	0.12	1	0.02	0.05	0.27	0.12	0.27	0.12	0.27	0.12	0.05	0.88	0.05	0.17625	0.265	0.3075	0.20375	0.1325	0.32375	0.26375	0.1125	0.4625	0.4625	0.4625	0.2275	0.48125	0.47375	0.09125	0.2275	0.2425	0.2525	0.485	0.42375	-3.2	0	0.06	-0.0571429	0.1	0.4308	0.2256	0.25904	0.3139	0.334767
0.27	0.05	0.02	0.02	0.27	0.05	0.02	0.02	0.02	0.98	0.88	0.05	0.73	0.5	0.05	0.05	0.27	0.05	0.27	0.95	0.1575	0.27375	0.39625	0.32625	0.10125	0.38	0.37125	0.14375	0.49375	0.3425	0.355	0.255	0.39625	0.41375	0.1	0.28375	0.2425	0.2475	0.4575	0.3075	4.5	1.7	1.32	1.08571	0.0666667	0.1463	0.314767	0.2915	0.260357	0.275622
0.12	0.12	0.02	0.02	0.27	0.12	0.05	0.02	0.05	0.88	0.98	0.05	0.88	0.5	0.05	0.05	0.27	0.12	0.27	0.73	0.22375	0.23625	0.33375	0.26875	0.12875	0.3425	0.33875	0.09625	0.41375	0.38625	0.37375	0.22625	0.39625	0.4225	0.11875	0.3025	0.30375	0.2425	0.4575	0.39125	3.8	3.7	2.48	1.08571	0.377778	0.3672	0.309	0.29432	0.248686	0.2606
0.12	0.05	0.05	0.02	0.05	0.02	0.02	0.05	0.27	0.5	0.5	0.05	0.5	1	0.02	0.05	0.12	0.73	0.95	0.27	0.3125	0.16875	0.2825	0.22125	0.2125	0.26375	0.26625	0.14	0.31	0.46125	0.43375	0.16875	0.415	0.3725	0.1225	0.33125	0.35125	0.1575	0.3725	0.49625	2.8	3.7	2.42	1.17143	0.966667	0.4135	0.298167	0.24206	0.284929	0.297267
0.27	0.05	0.02	0.02	0.27	0.05	0.02	0.02	0.02	0.98	0.88	0.05	0.73	0.5	0.05	0.05	0.27	0.05	0.27	0.95	0.29375	0.21625	0.3625	0.24875	0.185	0.33625	0.31375	0.1525	0.35625	0.37	0.35875	0.1875	0.3675	0.35	0.1275	0.35	0.3325	0.13875	0.4425	0.38375	4.5	1.26667	1.38	1.88571	0.755556	0.1138	0.232267	0.28348	0.306414	0.352089
0.12	0.12	0.73	1	0.02	0.5	0.88	0.27	0.27	0.02	0.02	0.27	0.05	0.02	0.12	0.5	0.27	0.01	0.05	0.02	0.33125	0.23625	0.245	0.155	0.21625	0.31375	0.25375	0.12125	0.29125	0.49375	0.475	0.2175	0.5	0.37875	0.1375	0.3225	0.35125	0.1525	0.375	0.50875	-3.5	0.1	0.98	0.785714	0.722222	0.1695	0.212233	0.32628	0.370243	0.353256
0.5	0.27	0.5	0.27	0.27	0.27	0.27	0.12	0.12	0.27	0.27	0.27	0.27	0.12	0.27	0.88	0.99	0.05	0.12	0.5	0.265	0.33625	0.33375	0.25875	0.15375	0.4275	0.39	0.14375	0.37	0.34625	0.34875	0.32125	0.39625	0.31	0.1275	0.3025	0.26125	0.1475	0.3475	0.33625	-0.7	-0.8	-0.22	-0.257143	-0.277778	0.3534	0.368033	0.3622	0.380829	0.371622
0.98	0.12	0.12	0.12	0.5	0.27	0.27	0.5	0.12	0.27	0.12	0.27	0.27	0.12	0.27	0.73	0.5	0.05	0.12	0.5	0.22375	0.34625	0.38125	0.2775	0.125	0.41875	0.38625	0.09625	0.36625	0.35875	0.355	0.32125	0.3775	0.31	0.1275	0.32125	0.3225	0.13875	0.3475	0.36375	1.8	-0.7	-1.82	-1.3	-0.2	0.5812	0.509233	0.4277	0.366271	0.337967
0.12	0.5	0.73	0.27	0.05	0.73	0.5	0.12	1	0.02	0.05	0.27	0.12	0.27	0.12	0.27	0.12	0.05	0.88	0.05	0.35	0.4025	0.36125	0.29	0.18125	0.45	0.44625	0.1525	0.25625	0.33375	0.3075	0.43875	0.34875	0.1725	0.1775	0.435	0.38875	0.05375	0.14875	0.3925	-3.2	-1.63333	-2.02	-1.3	-0.944444	0.5931	0.538533	0.45612	0.3592	0.331633
0.27	0.73	0.5	0.5	0.05	1	0.88	0.12	0.73	0.05	0.12	0.73	0.5	0.02	0.27	0.5	0.27	0.12	0.12	0.12	0.3125	0.37375	0.39375	0.26125	0.15375	0.4125	0.39875	0.15625	0.32125	0.27	0.25125	0.38125	0.2725	0.26625	0.155	0.40625	0.35125	0.13	0.32875	0.29875	-3.5	-3.73333	-0.98	-1.35714	-1.13333	0.4413	0.448667	0.3983	0.385914	0.326522
0.12	1	0.5	0.12	0.02	0.73	0.5	0.05	0.5	0.05	0.12	0.88	0.12	0.05	0.12	0.27	0.27	0.05	0.12	0.05	0.4075	0.35875	0.39375	0.24625	0.18875	0.44625	0.39875	0.19375	0.35	0.27375	0.255	0.39125	0.32875	0.26625	0.1925	0.495	0.4275	0.14375	0.3375	0.32	-4.5	-1.16667	-2.12	-0.857143	-0.833333	0.3116	0.2724	0.35336	0.345114	0.323233
0.27	0.05	0.02	0.02	0.27	0.05	0.02	0.02	0.02	0.98	0.88	0.05	0.73	0.5	0.05	0.05	0.27	0.05	0.27	0.95	0.4175	0.4775	0.4825	0.2875	0.1575	0.56	0.4875	0.245	0.42875	0.13	0.1325	0.52375	0.23375	0.20125	0.20125	0.535	0.41375	0.14375	0.31875	0.16	4.5	-1.3	-0.92	-1.22857	-0.844444	0.0643	0.244133	0.2483	0.282071	0.312311
0.27	0.88	0.5	0.27	0.05	0.73	0.73	0.12	0.27	0.05	0.05	0.99	0.12	0.05	0.27	0.5	0.27	0.05	0.12	0.05	0.31	0.365	0.41375	0.24375	0.1375	0.4475	0.3675	0.1725	0.3975	0.33125	0.3125	0.37875	0.3675	0.36625	0.1425	0.39375	0.385	0.2	0.4325	0.30125	-3.9	1.13333	-0.38	-0.885714	-0.733333	0.3565	0.162867	0.18802	0.233786	0.287533
0.12	0.05	0.05	0.02	0.05	0.02	0.02	0.05	0.27	0.5	0.5	0.05	0.5	1	0.02	0.05	0.12	0.73	0.95	0.27	0.32875	0.42125	0.47	0.36625	0.13375	0.5075	0.50375	0.2	0.30625	0.275	0.2525	0.49625	0.31125	0.21625	0.17375	0.47875	0.4225	0.11	0.225	0.27	2.8	-0.633333	0.36	0.0142857	-0.766667	0.0678	0.188067	0.17672	0.221914	0.317922
0.73	0.27	0.73	0.5	0.27	0.5	0.5	0.5	0.27	0.05	0.05	0.5	0.12	0.05	0.27	0.98	0.88	0.05	0.12	0.12	0.23375	0.365	0.4475	0.335	0.10625	0.385	0.39625	0.19125	0.30625	0.3275	0.29625	0.41125	0.31125	0.33875	0.12375	0.39125	0.35625	0.1825	0.32875	0.28	-0.8	0.4	0.02	0.157143	-0.766667	0.1399	0.154267	0.2355	0.3012	0.313156
0.73	0.27	0.73	0.5	0.27	0.5	0.5	0.5	0.27	0.05	0.05	0.5	0.12	0.05	0.27	0.98	0.88	0.05	0.12	0.12	0.2525	0.3025	0.4475	0.43	0.10625	0.40375	0.45875	0.2	0.30625	0.32375	0.2875	0.3925	0.31125	0.335	0.1425	0.42	0.35625	0.1825	0.32875	0.28	-0.8	0.4	0.1	-0.985714	-0.655556	0.2551	0.251067	0.33752	0.348929	0.335167
0.12	0.05	0.05	0.02	0.12	0.05	0.02	0.02	0.12	0.95	0.73	0.05	0.73	0.99	0.02	0.05	0.27	0.5	0.88	0.73	0.32875	0.38625	0.5925	0.5975	0.09375	0.56375	0.64125	0.2725	0.385	0.09125	0.09875	0.53375	0.15875	0.1575	0.20125	0.5925	0.4325	0.12625	0.215	0.09125	2.8	-0.5	-1.16	-0.928571	-1.54444	0.3582	0.4933	0.40364	0.370814	0.3806
0.12	0.12	0.73	1	0.02	0.5	0.88	0.27	0.27	0.02	0.02	0.27	0.05	0.02	0.12	0.5	0.27	0.01	0.05	0.02	0.32875	0.27375	0.4475	0.44375	0.13375	0.4225	0.445	0.22875	0.335	0.32375	0.29125	0.38875	0.32	0.335	0.16125	0.48	0.4325	0.1875	0.3375	0.2925	-3.5	-1.4	-1.7	-1.82857	-0.611111	0.8666	0.541067	0.4776	0.428729	0.366678
0.12	0.5	1	0.73	0.05	0.5	0.5	0.5	0.73	0.02	0.02	0.5	0.12	0.05	0.12	0.73	0.5	0.02	0.12	0.05	0.3475	0.22625	0.41	0.4775	0.1575	0.42625	0.4925	0.19625	0.24625	0.38375	0.33875	0.36	0.34	0.26875	0.165	0.45125	0.4225	0.10125	0.24375	0.37375	-3.5	-3.5	-2.24	-1.07143	-0.422222	0.3984	0.591567	0.52122	0.441771	0.377211
0.27	0.5	0.5	0.88	0.02	0.88	1	0.12	0.5	0.02	0.05	0.73	0.12	0.02	0.27	0.5	0.27	0.05	0.12	0.05	0.2525	0.2075	0.39625	0.4025	0.13375	0.33125	0.3825	0.1875	0.35125	0.41125	0.3625	0.28375	0.35875	0.385	0.11875	0.3725	0.35625	0.20125	0.35375	0.3925	-3.5	-3.5	-1.9	-0.314286	-0.477778	0.5097	0.460433	0.49582	0.428557	0.385189
0.27	0.5	0.5	0.88	0.02	0.88	1	0.12	0.5	0.02	0.05	0.73	0.12	0.02	0.27	0.5	0.27	0.05	0.12	0.05	0.195	0.18	0.3075	0.3425	0.13375	0.275	0.3225	0.1275	0.32	0.5275	0.46625	0.2275	0.435	0.44125	0.09125	0.25625	0.28	0.20125	0.3725	0.49625	-3.5	-0.833333	-0.3	-0.9	0.111111	0.4732	0.4047	0.35502	0.407629	0.365056
0.27	0.05	0.02	0.02	0.27	0.05	0.02	0.02	0.02	0.98	0.88	0.05	0.73	0.5	0.05	0.05	0.27	0.05	0.27	0.95	0.195	0.245	0.36375	0.45	0.12125	0.3875	0.44875	0.14	0.37125	0.39875	0.39375	0.3125	0.3775	0.32	0.1225	0.3125	0.28	0.15375	0.2775	0.38375	4.5	1.83333	0.14	0.242857	0.222222	0.2312	0.289	0.31768	0.294386	0.332989
0.27	0.05	0.02	0.02	0.27	0.05	0.02	0.02	0.02	0.98	0.88	0.05	0.73	0.5	0.05	0.05	0.27	0.05	0.27	0.95	0.195	0.245	0.36375	0.45	0.12125	0.3875	0.44875	0.14	0.37125	0.39875	0.39375	0.3125	0.3775	0.32	0.1225	0.3125	0.28	0.15375	0.2775	0.38375	4.5	2.56667	1.74	1.28571	0.222222	0.1626	0.201833	0.23052	0.247414	0.264667
0.12	0.12	0.12	0.05	0.05	0.12	0.12	0.05	0.88	0.27	0.27	0.12	0.27	0.95	0.05	0.12	0.12	0.88	1	0.27	0.21375	0.18875	0.24125	0.36125	0.14875	0.33125	0.38875	0.08	0.2825	0.51875	0.50125	0.25625	0.45375	0.37625	0.11375	0.2275	0.25125	0.1575	0.29625	0.49625	-1.3	2.56667	3.2	1.28571	0.466667	0.2117	0.1494	0.1498	0.210557	0.253844
0.27	0.05	0.02	0.02	0.27	0.05	0.02	0.02	0.02	0.98	0.88	0.05	0.73	0.5	0.05	0.05	0.27	0.05	0.27	0.95	0.17625	0.15	0.2825	0.38	0.12125	0.2925	0.38625	0.1025	0.36125	0.43	0.42125	0.2075	0.3875	0.4325	0.095	0.23625	0.2325	0.25625	0.37875	0.4075	4.5	2.33333	1.6	1.6	0.466667	0.0739	0.1184	0.1539	0.185957	0.2644
0.12	0.12	0.02	0.02	0.27	0.12	0.05	0.02	0.05	0.88	0.98	0.05	0.88	0.5	0.05	0.05	0.27	0.12	0.27	0.73	0.17625	0.09375	0.31125	0.395	0.12125	0.23625	0.3675	0.12125	0.32875	0.4425	0.405	0.15	0.36	0.4325	0.07625	0.23625	0.2325	0.2425	0.37	0.43125	3.8	1.6	0.44	0.457143	0.466667	0.0696	0.131733	0.18158	0.239314	0.260156
0.12	0.12	0.73	1	0.02	0.5	0.88	0.27	0.27	0.02	0.02	0.27	0.05	0.02	0.12	0.5	0.27	0.01	0.05	0.02	0.205	0.12125	0.2825	0.30375	0.1525	0.21625	0.295	0.1025	0.31375	0.46125	0.44875	0.15	0.40625	0.445	0.095	0.28375	0.3225	0.25625	0.37875	0.46375	-3.5	-0.333333	1.77636e-16	-0.685714	-0.111111	0.2517	0.207433	0.26018	0.278229	0.295333
0.12	0.12	0.12	0.05	0.05	0.12	0.12	0.05	0.88	0.27	0.27	0.12	0.27	0.95	0.05	0.12	0.12	0.88	1	0.27	0.205	0.20625	0.41875	0.4825	0.12125	0.3825	0.4975	0.1425	0.32625	0.31375	0.3225	0.25375	0.35	0.26875	0.13125	0.3875	0.34125	0.15625	0.24125	0.32875	-1.3	-2.76667	-1.6	-0.6	-1	0.301	0.3858	0.3324	0.326243	0.3239
0.12	0.12	0.73	1	0.02	0.5	0.88	0.27	0.27	0.02	0.02	0.27	0.05	0.02	0.12	0.5	0.27	0.01	0.05	0.02	0.205	0.25375	0.41875	0.39125	0.125	0.41125	0.45	0.12375	0.4175	0.31375	0.32625	0.25375	0.35875	0.3	0.13125	0.35875	0.3225	0.16125	0.345	0.3325	-3.5	-2.76667	-2.5	-1.74286	-1.21111	0.6047	0.4469	0.42804	0.375643	0.329633
0.12	0.12	0.73	1	0.02	0.5	0.88	0.27	0.27	0.02	0.02	0.27	0.05	0.02	0.12	0.5	0.27	0.01	0.05	0.02	0.205	0.25375	0.41875	0.39125	0.125	0.41125	0.45	0.12375	0.4175	0.31375	0.32625	0.25375	0.35875	0.3	0.13125	0.35875	0.3225	0.16125	0.345	0.3325	-3.5	-2.56667	-2.5	-2.74286	-1.21111	0.435	0.529167	0.46164	0.403314	0.327089
0.5	0.27	0.5	0.27	0.27	0.27	0.27	0.12	0.12	0.27	0.27	0.27	0.27	0.12	0.27	0.88	0.99	0.05	0.12	0.5	0.1575	0.235	0.4475	0.4825	0.09375	0.44	0.52625	0.1425	0.43625	0.2825	0.295	0.25375	0.33125	0.2875	0.1125	0.31125	0.2325	0.15625	0.33625	0.2725	-0.7	-2.56667	-2.88	-1.6	-1.21111	0.5478	0.4675	0.4541	0.374643	0.338133
0.27	0.73	0.5	0.5	0.05	1	0.88	0.12	0.73	0.05	0.12	0.73	0.5	0.02	0.27	0.5	0.27	0.12	0.12	0.12	0.205	0.1775	0.37125	0.335	0.13375	0.34875	0.355	0.115	0.34125	0.39875	0.42125	0.1775	0.42125	0.36	0.10375	0.31125	0.3225	0.16125	0.36375	0.40875	-3.5	-2.46667	-1.28	-0.871429	-0.611111	0.4197	0.410267	0.34336	0.355786	0.326222
0.12	0.5	0.73	0.27	0.05	0.73	0.5	0.12	1	0.02	0.05	0.27	0.12	0.27	0.12	0.27	0.12	0.05	0.88	0.05	0.2425	0.2825	0.39	0.42	0.13375	0.4925	0.4975	0.12375	0.28875	0.375	0.41125	0.31125	0.4975	0.2125	0.15	0.3875	0.36	0.075	0.15875	0.39875	-3.2	-0.733333	0.18	-0.1	-0.855556	0.2633	0.244667	0.29016	0.290043	0.324344
0.27	0.05	0.02	0.02	0.27	0.05	0.02	0.02	0.02	0.98	0.88	0.05	0.73	0.5	0.05	0.05	0.27	0.05	0.27	0.95	0.27125	0.3575	0.45	0.36	0.1375	0.54875	0.48125	0.1175	0.3925	0.28625	0.33875	0.33875	0.44875	0.19625	0.1775	0.4625	0.43125	0.08	0.24375	0.34625	4.5	1.7	0.7	-0.1	-0.544444	0.051	0.1611	0.2095	0.268486	0.301222
0.12	0.12	0.02	0.02	0.27	0.12	0.05	0.02	0.05	0.88	0.98	0.05	0.88	0.5	0.05	0.05	0.27	0.12	0.27	0.73	0.36625	0.3675	0.45	0.2975	0.16875	0.54	0.43	0.14625	0.38875	0.3025	0.33	0.3675	0.43875	0.2	0.19625	0.5225	0.5075	0.07625	0.2525	0.38625	3.8	3.4	0.7	-0.1	-0.244444	0.169	0.1215	0.18238	0.246886	0.286856
0.27	0.12	0.12	0.05	0.12	0.5	0.12	0.05	0.12	0.73	0.88	0.12	1	0.5	0.05	0.12	0.27	0.12	0.27	0.73	0.37625	0.3675	0.46625	0.3225	0.1875	0.52125	0.45	0.19	0.39875	0.29375	0.315	0.3875	0.405	0.19125	0.19625	0.52625	0.49375	0.07625	0.2525	0.33875	1.9	0.733333	1.2	0.285714	-0.255556	0.1445	0.1992	0.20904	0.2306	0.266122
0.27	0.73	0.5	0.5	0.05	1	0.88	0.12	0.73	0.05	0.12	0.73	0.5	0.02	0.27	0.5	0.27	0.12	0.12	0.12	0.37625	0.31	0.41875	0.2375	0.19625	0.425	0.33625	0.18125	0.265	0.37875	0.40125	0.34375	0.42	0.255	0.16875	0.47875	0.49375	0.0675	0.27125	0.40625	-3.5	-0.766667	0.14	0.628571	-0.3	0.2841	0.275067	0.25998	0.244586	0.2893
0.5	0.27	0.5	0.27	0.27	0.27	0.27	0.12	0.12	0.27	0.27	0.27	0.27	0.12	0.27	0.88	0.99	0.05	0.12	0.5	0.36625	0.39625	0.39	0.295	0.16875	0.55	0.46	0.18125	0.3075	0.355	0.39125	0.45875	0.49625	0.21125	0.1875	0.46	0.4225	0.085	0.17625	0.3675	-0.7	-1.66667	-0.78	-0.571429	-0.333333	0.3966	0.3288	0.29842	0.327057	0.352767
0.73	0.27	0.73	0.5	0.27	0.5	0.5	0.5	0.27	0.05	0.05	0.5	0.12	0.05	0.27	0.98	0.88	0.05	0.12	0.12	0.36625	0.39625	0.42125	0.2975	0.14125	0.53	0.44375	0.25625	0.30125	0.2625	0.31125	0.43875	0.43	0.16375	0.19625	0.50375	0.4175	0.085	0.14875	0.29875	-0.8	-0.766667	-1.94	-1.61429	-0.877778	0.3057	0.3545	0.39518	0.422129	0.409656
0.73	0.27	0.73	0.5	0.27	0.5	0.5	0.5	0.27	0.05	0.05	0.5	0.12	0.05	0.27	0.98	0.88	0.05	0.12	0.12	0.385	0.3875	0.42125	0.2975	0.14125	0.52125	0.44	0.25625	0.2975	0.275	0.29875	0.43875	0.41125	0.16375	0.19625	0.50375	0.4175	0.07625	0.14875	0.32625	-0.8	-1.83333	-1.94	-1.94286	-0.8	0.3612	0.431733	0.50526	0.481914	0.4817
0.27	0.88	0.5	0.27	0.05	0.73	0.73	0.12	0.27	0.05	0.05	0.99	0.12	0.05	0.27	0.5	0.27	0.05	0.12	0.05	0.47125	0.3025	0.4975	0.35375	0.16	0.445	0.41125	0.4225	0.2975	0.18625	0.19125	0.3775	0.2925	0.1075	0.205	0.61125	0.475	0.0675	0.12125	0.24625	-3.9	-2.73333	-1.88	-0.8	-1.05556	0.6283	0.608	0.53854	0.5581	0.532622
0.27	0.73	0.5	0.5	0.05	1	0.88	0.12	0.73	0.05	0.12	0.73	0.5	0.02	0.27	0.5	0.27	0.12	0.12	0.12	0.5	0.26375	0.4975	0.29625	0.1875	0.32	0.31625	0.4225	0.16375	0.21375	0.20125	0.3525	0.21625	0.12375	0.205	0.65875	0.565	0.05	0.12125	0.285	-3.5	-2.6	-0.82	-0.757143	-0.744444	0.8345	0.675267	0.64088	0.587557	0.561389
0.5	0.05	0.5	0.27	0.05	0.12	0.12	1	0.12	0.02	0.02	0.12	0.05	0.05	0.12	0.5	0.12	0.05	0.05	0.02	0.5	0.34875	0.52625	0.35375	0.1875	0.45875	0.44	0.36	0.25875	0.19	0.18625	0.4575	0.25375	0.11125	0.22375	0.67125	0.57	0.05875	0.13	0.25	-0.4	0.2	-0.74	-0.742857	-0.755556	0.563	0.7383	0.6892	0.621457	0.566811
0.27	0.05	0.02	0.02	0.27	0.05	0.02	0.02	0.02	0.98	0.88	0.05	0.73	0.5	0.05	0.05	0.27	0.05	0.27	0.95	0.4525	0.44	0.5575	0.3375	0.12875	0.49625	0.4525	0.42625	0.3	0.07	0.0875	0.51375	0.16875	0.055	0.21375	0.63875	0.475	0.05875	0.1025	0.125	4.5	1.23333	-0.1	-0.742857	-1.16667	0.8174	0.661067	0.67214	0.633486	0.622878
0.5	0.05	0.5	0.27	0.05	0.12	0.12	1	0.12	0.02	0.02	0.12	0.05	0.05	0.12	0.5	0.12	0.05	0.05	0.02	0.36625	0.42125	0.42125	0.25875	0.12875	0.45875	0.41125	0.25625	0.26875	0.19	0.195	0.47625	0.245	0.1075	0.29625	0.49375	0.4175	0.055	0.12125	0.2325	-0.4	1.13333	0.44	-0.828571	-1.25556	0.6028	0.6544	0.59432	0.659486	0.633678
0.5	0.27	0.5	0.27	0.27	0.27	0.27	0.12	0.12	0.27	0.27	0.27	0.27	0.12	0.27	0.88	0.99	0.05	0.12	0.5	0.36625	0.29	0.36125	0.2275	0.12875	0.355	0.30375	0.35375	0.2375	0.275	0.2675	0.34	0.29375	0.155	0.25	0.39	0.30875	0.055	0.13125	0.285	-0.7	-0.633333	-0.38	-0.557143	-0.322222	0.543	0.5304	0.64378	0.605757	0.602233
0.73	0.27	0.73	0.5	0.27	0.5	0.5	0.5	0.27	0.05	0.05	0.5	0.12	0.05	0.27	0.98	0.88	0.05	0.12	0.12	0.36625	0.205	0.27625	0.13875	0.15625	0.21625	0.17125	0.29375	0.13375	0.415	0.37125	0.22625	0.34125	0.195	0.2225	0.33	0.35125	0.04625	0.15	0.44	-0.8	-2	-1.6	0.142857	0.533333	0.4454	0.599567	0.57198	0.574657	0.553722
0.12	1	0.5	0.12	0.02	0.73	0.5	0.05	0.5	0.05	0.12	0.88	0.12	0.05	0.12	0.27	0.27	0.05	0.12	0.05	0.395	0.1225	0.2575	0.15875	0.1875	0.1875	0.17125	0.23125	0.2	0.44625	0.39375	0.17875	0.36875	0.3075	0.2325	0.37125	0.4275	0.15	0.26875	0.48	-4.5	-2.3	-0.62	0.1	0.433333	0.8103	0.571367	0.52048	0.514729	0.5004
0.27	0.12	0.12	0.12	0.05	0.27	0.27	0.12	0.12	0.05	0.05	0.27	0.05	0.02	1	0.27	0.27	0.02	0.05	0.05	0.37625	0.28875	0.365	0.26625	0.1525	0.34875	0.3225	0.235	0.3075	0.32625	0.29875	0.34	0.30125	0.25125	0.15	0.4275	0.4275	0.15375	0.25875	0.3675	-1.6	-0.533333	0.36	-0.0285714	-0.455556	0.4584	0.538	0.49146	0.440486	0.468689
0.27	0.05	0.02	0.02	0.27	0.05	0.02	0.02	0.02	0.98	0.88	0.05	0.73	0.5	0.05	0.05	0.27	0.05	0.27	0.95	0.32875	0.41625	0.3775	0.26	0.12125	0.4525	0.40125	0.12875	0.3675	0.21375	0.2075	0.4625	0.225	0.19125	0.26875	0.42625	0.44625	0.15	0.24	0.25875	4.5	2.36667	0.26	-0.428571	-0.911111	0.3453	0.400533	0.419	0.438914	0.445256
0.5	0.05	0.05	0.02	0.27	0.12	0.05	0.02	0.05	0.95	0.73	0.05	0.73	0.27	0.05	0.12	0.5	0.05	0.27	0.98	0.2525	0.3975	0.31375	0.22875	0.12125	0.425	0.37	0.11625	0.355	0.29375	0.315	0.435	0.30125	0.2675	0.24125	0.31375	0.3275	0.15875	0.25875	0.28375	4.2	2.46667	0.46	-0.957143	-0.411111	0.3979	0.275433	0.36334	0.431271	0.441489
0.12	0.12	0.12	0.05	0.05	0.12	0.12	0.05	0.88	0.27	0.27	0.12	0.27	0.95	0.05	0.12	0.12	0.88	1	0.27	0.27125	0.36125	0.22	0.165	0.14875	0.3775	0.305	0.0525	0.22375	0.49125	0.4575	0.37	0.435	0.21	0.21375	0.20625	0.3275	0.055	0.18625	0.48	-1.3	-0.2	-0.12	0.228571	0.144444	0.0831	0.337667	0.35004	0.388243	0.492011
