0.27	0.5	0.5	0.88	0.02	0.88	0.99	0.12	0.5	0.05	0.05	0.73	0.12	0.05	0.27	0.5	0.27	0.05	0.12	0.05	0.46875	0.1875	0.31875	0.22625	0.21625	0.2425	0.225	0.35125	0.17875	0.28875	0.25875	0.225	0.28125	0.22625	0.17375	0.53125	0.49	0.17375	0.225	0.38875	-3.5	-0.133333	0.1	-0.485714	-0.255556	0.4113	0.453533	0.51444	0.554229	0.594644
0.5	0.27	0.5	0.27	0.27	0.27	0.27	0.12	0.12	0.27	0.27	0.27	0.27	0.12	0.27	0.73	0.99	0.05	0.12	0.5	0.3925	0.1975	0.25875	0.27125	0.185	0.3	0.2875	0.33875	0.2175	0.3375	0.32	0.255	0.33875	0.265	0.14625	0.4175	0.31	0.1825	0.24375	0.36125	-0.7	-1.7	-0.34	0.271429	0.244444	0.3069	0.406133	0.4751	0.502329	0.559833
0.05	0.05	0.02	0.01	0.05	0.12	0.05	0.05	0.05	0.05	0.12	0.05	0.12	0.73	0.02	0.05	0.05	1	0.88	0.05	0.49625	0.1775	0.25625	0.24625	0.2125	0.29	0.34375	0.40875	0.15	0.36125	0.33875	0.25375	0.34875	0.18875	0.1775	0.47375	0.38	0.0675	0.14	0.4175	-0.9	-0.666667	-0.74	0.557143	0.588889	0.5002	0.4406	0.4325	0.504914	0.5679
0.5	0.05	0.27	0.27	0.05	0.12	0.12	1	0.12	0.02	0.02	0.12	0.05	0.05	0.12	0.5	0.12	0.05	0.05	0.05	0.35125	0.28125	0.2725	0.2325	0.15625	0.37875	0.3925	0.2425	0.25125	0.3375	0.3425	0.3025	0.3575	0.27375	0.14625	0.36	0.3425	0.195	0.29125	0.36125	-0.4	0.166667	0.72	-0.0428571	-4.93432e-17	0.5147	0.481433	0.49614	0.536757	0.570522
0.98	0.12	0.12	0.12	0.27	0.27	0.27	0.5	0.12	0.5	0.27	0.27	0.27	0.12	0.27	0.73	0.5	0.05	0.12	0.73	0.31	0.2725	0.38	0.3725	0.10125	0.37875	0.45875	0.425	0.26	0.17	0.19125	0.31125	0.22625	0.205	0.13625	0.3875	0.295	0.1825	0.255	0.19125	1.8	1.73333	0.78	-0.0428571	-0.811111	0.4294	0.557867	0.60782	0.583	0.598144
0.12	0.12	0.02	0.02	0.27	0.12	0.05	0.02	0.05	0.88	0.98	0.05	0.88	0.5	0.05	0.05	0.27	0.12	0.27	0.73	0.39875	0.21625	0.3325	0.28125	0.1325	0.29375	0.365	0.4725	0.20875	0.24	0.20625	0.25375	0.22625	0.21375	0.13625	0.41625	0.32375	0.17375	0.23625	0.30375	3.8	1.73333	0.26	-0.442857	0.0777778	0.7295	0.674733	0.65478	0.666443	0.592156
0.5	0.12	0.5	0.27	0.05	0.27	0.73	0.99	0.12	0.02	0.02	0.27	0.05	0.05	0.12	0.5	0.12	0.05	0.05	0.05	0.3225	0.21625	0.33375	0.32625	0.1325	0.30375	0.30875	0.37	0.2475	0.32	0.29875	0.255	0.31125	0.26125	0.10875	0.36	0.32875	0.17875	0.26375	0.34125	-0.4	-0.0333333	-0.36	0.328571	-0.233333	0.8653	0.7766	0.73004	0.646043	0.629989
0.27	0.95	0.5	0.27	0.05	0.98	0.73	0.12	1	0.05	0.05	0.73	0.27	0.12	0.12	0.27	0.27	0.12	0.5	0.05	0.36	0.12125	0.33375	0.3275	0.16	0.215	0.30875	0.475	0.1375	0.42	0.4025	0.1975	0.37875	0.22375	0.1125	0.38875	0.3375	0.06	0.13125	0.42625	-3.5	-2.46667	0.18	-0.114286	0.288889	0.735	0.830433	0.71564	0.665	0.614056
0.27	0.12	0.73	0.99	0.05	0.27	0.73	0.98	0.12	0.02	0.02	0.27	0.05	0.02	0.12	0.5	0.27	0.02	0.05	0.05	0.3125	0.2525	0.39375	0.3275	0.16	0.35125	0.385	0.27625	0.295	0.4275	0.40625	0.27375	0.40625	0.2325	0.1125	0.36	0.35625	0.06875	0.1875	0.42625	-3.5	-0.833333	-1.28	0.171429	-0.0555556	0.891	0.661133	0.69922	0.654629	0.632589
0.12	0.05	0.02	0.05	0.27	0.05	0.02	0.02	0.02	0.99	0.88	0.05	0.73	0.5	0.05	0.05	0.27	0.05	0.12	0.95	0.22375	0.2525	0.47	0.43625	0.1325	0.35125	0.4425	0.33625	0.295	0.3675	0.375	0.27375	0.37875	0.22	0.09375	0.33125	0.3275	0.065	0.17875	0.34125	4.5	-0.833333	-0.44	-0.871429	0.244444	0.3574	0.631933	0.59752	0.647771	0.616122
0.27	0.27	0.99	0.88	0.05	0.5	0.5	0.27	0.5	0.05	0.05	0.5	0.12	0.05	0.12	0.73	0.88	0.02	0.12	0.12	0.22375	0.225	0.36125	0.345	0.1325	0.295	0.41	0.30875	0.235	0.38125	0.3625	0.245	0.35125	0.21625	0.20375	0.27375	0.25125	0.05625	0.15125	0.36	-3.5	1.6	-0.44	-0.171429	-0.355556	0.6474	0.453867	0.58682	0.564329	0.601189
0.12	0.12	0.02	0.02	0.27	0.12	0.05	0.02	0.05	0.88	0.98	0.05	0.88	0.5	0.05	0.05	0.27	0.12	0.27	0.73	0.27125	0.2625	0.53875	0.5375	0.11375	0.37125	0.4375	0.25	0.31	0.28125	0.25	0.30125	0.265	0.16	0.23125	0.40625	0.375	0.04	0.14125	0.2925	3.8	-1.06667	1.16	0.1	-0.4	0.3568	0.5619	0.46486	0.544343	0.605122
0.12	0.27	0.98	0.99	0.05	0.5	0.73	0.27	0.5	0.05	0.02	0.27	0.05	0.02	0.12	0.5	0.27	0.02	0.05	0.05	0.2525	0.13125	0.3625	0.385	0.15	0.2075	0.26375	0.20625	0.14375	0.48875	0.455	0.18875	0.3975	0.33	0.21	0.3225	0.35625	0.1	0.21625	0.43375	-3.5	1.6	-0.06	0.485714	0.3	0.6815	0.439833	0.5124	0.545729	0.556089
0.12	0.05	0.02	0.05	0.27	0.05	0.02	0.02	0.02	0.99	0.88	0.05	0.73	0.5	0.05	0.05	0.27	0.05	0.12	0.95	0.2525	0.235	0.45375	0.4125	0.1225	0.35375	0.37125	0.13	0.25125	0.375	0.35125	0.30125	0.34	0.27	0.2375	0.37875	0.35625	0.10875	0.21625	0.32125	4.5	-0.2	0.48	0.242857	0.3	0.2812	0.519267	0.56306	0.536629	0.543144
0.27	0.12	0.12	0.12	0.05	0.12	0.27	0.05	0.05	0.05	0.05	0.27	0.05	0.02	1	0.27	0.27	0.02	0.05	0.05	0.2525	0.235	0.445	0.4	0.13125	0.3725	0.34375	0.13	0.26	0.46	0.46375	0.2825	0.45875	0.33	0.11875	0.36	0.35625	0.12125	0.24375	0.40625	-1.6	0.7	0.28	0.242857	0.0111111	0.5951	0.592333	0.55044	0.554786	0.549967
0.73	0.27	0.95	0.95	0.12	0.5	0.5	0.27	0.27	0.05	0.05	0.27	0.12	0.05	0.27	0.88	0.5	0.02	0.12	0.12	0.2525	0.21625	0.28	0.22	0.15	0.325	0.28625	0.1025	0.20375	0.46875	0.4725	0.2825	0.46875	0.32625	0.22875	0.315	0.33625	0.125	0.235	0.41625	-0.8	0.133333	0.28	-0.0285714	0.311111	0.9007	0.5965	0.56904	0.563643	0.529944
0.12	0.05	0.05	0.02	0.12	0.05	0.02	0.02	0.12	0.88	0.73	0.05	0.5	1	0.02	0.05	0.12	0.5	0.88	0.5	0.32875	0.24375	0.48125	0.45875	0.11875	0.42875	0.45875	0.14625	0.25	0.2575	0.2675	0.3375	0.3175	0.1475	0.26875	0.475	0.38375	0.0525	0.1125	0.28375	2.8	-0.5	-0.24	0.357143	-0.5	0.2937	0.6563	0.59656	0.533029	0.578211
0.27	0.73	0.5	0.27	0.05	0.99	0.88	0.12	0.5	0.05	0.05	0.95	0.27	0.02	0.27	0.5	0.27	0.12	0.12	0.05	0.31	0.14	0.365	0.4275	0.1275	0.2825	0.35125	0.115	0.25875	0.44625	0.365	0.225	0.37375	0.2825	0.2375	0.39	0.365	0.1	0.235	0.3675	-3.5	0.4	-0.08	-0.785714	-0.5	0.7745	0.495667	0.57098	0.605886	0.584189
0.27	0.12	0.05	0.02	0.12	0.27	0.05	0.05	0.12	0.73	0.95	0.12	1	0.5	0.05	0.12	0.27	0.12	0.27	0.73	0.32875	0.21625	0.425	0.45875	0.11875	0.3725	0.45875	0.12375	0.30625	0.36	0.23375	0.32875	0.2825	0.19375	0.265	0.44625	0.365	0.1	0.235	0.2825	1.9	-0.8	-0.62	-1.05714	-0.5	0.4188	0.5535	0.54908	0.625914	0.577
0.73	0.27	0.5	0.27	0.27	0.5	0.27	0.27	0.27	0.12	0.12	0.5	0.27	0.05	0.27	0.98	0.95	0.05	0.12	0.27	0.27125	0.21625	0.445	0.53625	0.1	0.39125	0.5075	0.12375	0.315	0.445	0.34625	0.31	0.3825	0.25375	0.14625	0.3675	0.28	0.1125	0.2625	0.34875	-0.8	-0.8	-1.88	-0.3	-0.711111	0.4672	0.559067	0.6374	0.528171	0.564956
0.12	0.12	0.73	1	0.02	0.5	0.95	0.12	0.27	0.02	0.02	0.27	0.05	0.02	0.12	0.5	0.27	0.02	0.05	0.05	0.29	0.235	0.38875	0.45	0.1225	0.42	0.47875	0.1425	0.315	0.46625	0.3675	0.3675	0.41	0.26625	0.165	0.38	0.33625	0.12875	0.27125	0.37625	-3.5	-2.6	-0.28	-1.2	-1.01111	0.7912	0.664567	0.5258	0.555743	0.511556
0.12	0.12	0.5	0.99	0.05	0.27	0.73	0.12	0.95	0.73	0.12	0.27	0.27	0.12	0.12	0.27	0.27	0.02	0.27	0.27	0.30875	0.235	0.4175	0.455	0.1375	0.44875	0.51	0.1425	0.2175	0.39	0.355	0.3675	0.41125	0.19125	0.16875	0.4175	0.355	0.0725	0.14875	0.405	-3.5	-0.833333	-1.36	-1.2	-0.822222	0.7353	0.581	0.53938	0.505114	0.494189
0.27	0.05	0.05	0.05	0.27	0.05	0.05	0.02	0.02	0.98	0.73	0.05	0.73	0.27	0.05	0.12	0.27	0.05	0.27	0.95	0.29	0.275	0.47375	0.5725	0.11	0.475	0.57625	0.155	0.33375	0.35875	0.2875	0.395	0.35375	0.17625	0.15875	0.4075	0.355	0.06	0.14875	0.32	4.5	-0.833333	-1.9	-0.828571	-0.866667	0.2165	0.4795	0.52996	0.464914	0.454956
0.27	0.27	0.73	0.99	0.05	0.5	0.88	0.27	0.27	0.12	0.12	0.5	0.12	0.05	0.27	0.5	0.27	0.05	0.12	0.12	0.2625	0.23875	0.385	0.45375	0.12875	0.4	0.4725	0.12375	0.29375	0.38125	0.26	0.33	0.32	0.2325	0.1275	0.35125	0.3275	0.17	0.24375	0.33875	-3.5	-0.833333	-0.3	-1.27143	-1.17778	0.4867	0.374433	0.3992	0.458371	0.437589
0.27	0.27	0.73	0.99	0.05	0.73	0.95	0.27	0.27	0.12	0.12	0.5	0.12	0.12	0.27	0.5	0.27	0.12	0.12	0.12	0.205	0.23875	0.35625	0.4825	0.11	0.37125	0.54875	0.105	0.29375	0.42875	0.33625	0.33	0.34875	0.2325	0.10875	0.32	0.27125	0.16125	0.24375	0.3675	-3.5	-0.833333	-0.38	-0.9	-1.47778	0.4201	0.348067	0.33642	0.382843	0.431489
0.27	0.05	0.05	0.05	0.27	0.05	0.05	0.02	0.02	0.98	0.73	0.05	0.73	0.5	0.05	0.12	0.27	0.05	0.12	0.95	0.22375	0.37375	0.4125	0.50875	0.0825	0.485	0.605	0.13625	0.325	0.325	0.26375	0.47625	0.28125	0.18875	0.13625	0.33875	0.27125	0.17375	0.2525	0.26375	4.5	-0.966667	-1.46	-0.9	-1.52222	0.1374	0.3263	0.34562	0.3367	0.3977
0.27	0.98	0.5	0.27	0.05	0.98	0.73	0.12	0.5	0.05	0.12	0.95	0.27	0.05	0.12	0.27	0.27	0.05	0.12	0.05	0.27125	0.3525	0.35625	0.42	0.11875	0.3975	0.53875	0.2	0.18	0.365	0.34	0.3925	0.33875	0.245	0.14625	0.34875	0.3475	0.18625	0.23375	0.37625	-3.9	-0.1	-1.46	-2.1	-1.21111	0.4214	0.273767	0.33074	0.375357	0.370244
0.05	0.05	0.02	0.01	0.05	0.12	0.05	0.05	0.05	0.05	0.12	0.05	0.12	0.73	0.02	0.05	0.05	1	0.88	0.05	0.35625	0.49625	0.4725	0.48	0.11875	0.5325	0.65125	0.32875	0.2675	0.2575	0.26375	0.5325	0.28125	0.14125	0.18625	0.48	0.40375	0.07625	0.12	0.2725	-0.9	-2.76667	-1.54	-1.7	-1.8	0.2625	0.3654	0.34414	0.375571	0.409456
0.27	0.27	0.27	0.5	0.12	0.5	0.95	0.12	0.27	0.5	0.73	0.5	0.5	0.12	0.12	0.73	0.5	0.05	0.12	0.5	0.3575	0.46875	0.4125	0.41375	0.11875	0.45625	0.49125	0.39625	0.24	0.24875	0.20625	0.4475	0.2525	0.22625	0.17375	0.395	0.3475	0.20375	0.215	0.2925	-3.5	-2.76667	-2.58	-1.31429	-1.8	0.4123	0.3873	0.4143	0.3969	0.421756
0.27	0.98	0.5	0.27	0.02	0.73	0.5	0.12	0.27	0.05	0.05	0.99	0.12	0.05	0.12	0.27	0.27	0.05	0.12	0.05	0.3575	0.4375	0.32625	0.3525	0.14	0.39875	0.49125	0.39625	0.24	0.32375	0.3675	0.4425	0.3475	0.25375	0.17375	0.42375	0.37625	0.20375	0.23375	0.3675	-3.9	-2.7	-1.96	-2.45714	-1.84444	0.4871	0.462533	0.4439	0.462614	0.434167
0.5	0.88	0.5	0.5	0.12	0.5	0.88	0.73	0.27	0.12	0.12	0.5	0.27	0.12	0.27	0.5	0.88	0.12	0.12	0.27	0.3575	0.50625	0.3825	0.35125	0.10875	0.48375	0.47125	0.4275	0.2525	0.2075	0.2825	0.6075	0.27125	0.18875	0.1825	0.47125	0.385	0.195	0.23375	0.255	-0.7	-1.8	-2.48	-2.45714	-2.77778	0.4882	0.5149	0.51088	0.478386	0.473422
0.73	0.27	0.5	0.27	0.27	0.27	0.27	0.98	0.27	0.12	0.12	0.27	0.12	0.12	0.27	0.95	0.5	0.12	0.12	0.12	0.32875	0.55125	0.335	0.36125	0.09875	0.4525	0.49	0.3875	0.205	0.26375	0.38625	0.63625	0.3475	0.21625	0.1825	0.415	0.4325	0.20375	0.23375	0.33	-0.8	-1.66667	-2.56	-2.88571	-2.77778	0.5694	0.551667	0.53478	0.510986	0.468644
0.5	0.27	0.5	0.95	0.12	0.27	0.5	0.88	0.27	0.5	0.27	0.27	0.27	0.12	0.27	0.5	0.27	0.12	0.12	0.73	0.385	0.55125	0.33875	0.28125	0.145	0.44375	0.46125	0.39625	0.20125	0.3325	0.44375	0.63625	0.405	0.15875	0.18625	0.48	0.5175	0.085	0.1575	0.37	-3.5	-2.73333	-2.56	-2.94286	-2.17778	0.5974	0.5662	0.5355	0.506143	0.463389
0.27	0.73	0.27	0.27	0.12	0.5	0.5	0.27	0.27	0.27	0.73	0.95	0.5	0.27	0.27	0.27	0.27	0.12	0.27	0.27	0.5025	0.49375	0.3675	0.31875	0.16375	0.38625	0.37625	0.52	0.29	0.31375	0.31	0.5225	0.3475	0.14	0.205	0.50875	0.48875	0.085	0.1575	0.39875	-3.9	-3.76667	-3.2	-1.74286	-1.58889	0.5318	0.539967	0.51354	0.4673	0.450933
0.5	0.5	0.5	0.27	0.12	0.5	0.27	0.88	0.12	0.12	0.12	0.88	0.27	0.05	0.27	0.73	0.95	0.05	0.12	0.27	0.47375	0.49125	0.33875	0.37625	0.16375	0.4175	0.465	0.44375	0.3375	0.3325	0.38625	0.5175	0.37625	0.16375	0.22375	0.48	0.40375	0.09375	0.17625	0.39875	-3.9	-3.9	-2.14	-1.38571	-1.54444	0.4907	0.466967	0.4427	0.440443	0.452044
0.27	0.73	0.12	0.12	0.12	0.5	0.27	0.05	0.12	0.5	0.95	0.95	0.73	0.27	0.12	0.27	0.27	0.12	0.12	0.5	0.44625	0.35875	0.33	0.335	0.155	0.3575	0.3575	0.45875	0.31875	0.3325	0.33	0.44875	0.3475	0.24625	0.21125	0.48125	0.39375	0.16125	0.28	0.37	-3.9	-1.1	-1.08	-1.77143	-1.15556	0.3784	0.361433	0.38326	0.430114	0.418756
0.27	0.05	0.05	0.05	0.27	0.05	0.05	0.02	0.02	0.98	0.73	0.05	0.73	0.27	0.05	0.12	0.5	0.05	0.27	0.98	0.38875	0.5325	0.33875	0.34375	0.105	0.47125	0.41375	0.355	0.33125	0.26375	0.34875	0.65125	0.3475	0.2375	0.20125	0.415	0.33625	0.16125	0.26125	0.30125	4.5	0.8	-1	-0.871429	-1.56667	0.2152	0.297933	0.37632	0.371714	0.398689
0.98	0.27	0.27	0.12	0.27	0.27	0.27	0.5	0.98	0.12	0.12	0.27	0.27	0.12	0.27	0.73	0.27	0.05	0.27	0.27	0.27125	0.59	0.35875	0.27875	0.0925	0.50125	0.43375	0.2	0.24	0.315	0.3975	0.70875	0.38625	0.2475	0.155	0.33875	0.365	0.1525	0.26125	0.305	1.8	0.933333	0.34	-0.957143	-1.61111	0.3002	0.3375	0.3159	0.351286	0.399278
0.27	0.73	0.5	0.73	0.02	0.98	0.98	0.12	0.5	0.05	0.05	0.88	0.12	0.02	0.27	0.5	0.27	0.05	0.12	0.05	0.38875	0.50375	0.35875	0.23125	0.115	0.44125	0.40125	0.33625	0.3	0.2925	0.32125	0.62375	0.3575	0.2325	0.13625	0.39625	0.365	0.14375	0.2525	0.305	-3.5	0.366667	0.22	-0.957143	-1.56667	0.4971	0.328633	0.31798	0.367286	0.409867
0.05	0.05	0.05	0.02	0.05	0.02	0.02	0.02	0.12	0.5	0.5	0.02	0.5	1	0.02	0.05	0.12	0.73	0.95	0.27	0.3875	0.6175	0.415	0.32	0.1025	0.59	0.55	0.25375	0.36625	0.23625	0.28375	0.74375	0.38625	0.11	0.1675	0.4525	0.3275	0.05875	0.14875	0.25875	2.8	-1.73333	-1.46	-0.9	-1.56667	0.1886	0.358167	0.39548	0.402814	0.428611
0.27	0.98	0.5	0.27	0.02	0.73	0.5	0.12	0.27	0.05	0.05	0.99	0.12	0.05	0.12	0.27	0.27	0.05	0.12	0.05	0.36	0.4725	0.40625	0.3925	0.0975	0.53	0.575	0.25	0.36625	0.245	0.23625	0.595	0.43375	0.20125	0.25875	0.425	0.30875	0.135	0.2525	0.23875	-4.5	-1.86667	-2.52	-2.1	-1.52222	0.3888	0.393367	0.46086	0.466271	0.451322
0.27	0.95	0.88	0.5	0.02	0.73	0.88	0.12	0.5	0.05	0.05	0.95	0.12	0.05	0.12	0.5	0.27	0.05	0.12	0.05	0.36	0.50375	0.38625	0.42	0.07875	0.58625	0.63125	0.2625	0.35	0.1375	0.16	0.65625	0.3575	0.17375	0.37625	0.44375	0.365	0.135	0.23375	0.15	-3.9	-3.96667	-2.6	-2.85714	-2.1	0.6027	0.539533	0.49332	0.506643	0.480233
0.5	0.5	0.5	0.5	0.05	0.73	0.95	0.98	0.27	0.02	0.05	0.88	0.12	0.05	0.12	0.5	0.27	0.05	0.05	0.05	0.22375	0.5325	0.40625	0.4075	0.05625	0.55875	0.595	0.095	0.27125	0.18875	0.255	0.6375	0.415	0.28375	0.345	0.35875	0.34625	0.19125	0.31875	0.15	-3.5	-3.76667	-3.86	-2.45714	-1.98889	0.6271	0.629733	0.57216	0.503543	0.483467
0.27	0.73	0.5	0.27	0.05	0.73	0.5	0.12	0.27	0.12	0.27	0.98	0.88	0.05	0.27	0.73	0.5	0.05	0.12	0.12	0.28125	0.475	0.3775	0.37875	0.06875	0.54625	0.62	0.2025	0.2425	0.20375	0.3125	0.625	0.3675	0.29625	0.3075	0.35875	0.34625	0.19125	0.31	0.16875	-3.9	-3.63333	-3.1	-2.45714	-2.03333	0.6594	0.6231	0.58948	0.523643	0.484244
0.27	0.5	0.5	0.95	0.05	0.73	0.95	0.12	0.27	0.12	0.12	0.73	0.73	0.05	0.95	0.27	0.27	0.05	0.12	0.12	0.30875	0.58875	0.405	0.35375	0.06875	0.635	0.68375	0.215	0.26125	0.20375	0.28375	0.7725	0.3575	0.1775	0.25375	0.44375	0.39375	0.10625	0.20625	0.16875	-3.5	-2.7	-1.76	-2.37143	-2.73333	0.5828	0.572533	0.5348	0.540114	0.529756
0.27	0.27	0.27	0.5	0.12	0.5	0.88	0.12	0.12	0.12	0.12	0.5	0.12	0.05	0.99	0.5	0.95	0.05	0.12	0.27	0.3375	0.58625	0.43375	0.48625	0.0725	0.69125	0.72125	0.23375	0.28	0.20375	0.28375	0.79625	0.43375	0.1775	0.2675	0.49125	0.3375	0.10625	0.20625	0.15875	-0.7	-0.466667	-1.84	-2.31429	-2.66667	0.4754	0.4625	0.5102	0.539471	0.554778
0.12	0.05	0.05	0.02	0.12	0.05	0.05	0.02	0.12	0.5	0.88	0.05	0.73	1	0.02	0.05	0.12	0.5	0.88	0.27	0.35625	0.52875	0.4425	0.6075	0.0725	0.71875	0.825	0.3225	0.25125	0.15625	0.185	0.825	0.34875	0.055	0.38875	0.5475	0.44125	0.04625	0.1025	0.15875	2.8	-0.6	-1.76	-2.37143	-2.62222	0.3293	0.436267	0.49796	0.5376	0.557822
0.5	0.5	0.27	0.27	0.12	0.88	0.73	0.12	0.27	0.27	0.73	0.88	0.5	0.12	0.12	0.73	0.5	0.05	0.12	0.27	0.35625	0.44375	0.38625	0.57625	0.1	0.58625	0.73125	0.22125	0.2325	0.1975	0.2125	0.67375	0.39625	0.165	0.395	0.49125	0.47875	0.1025	0.20625	0.18625	-3.9	-1.53333	-1.84	-2.31429	-2.31111	0.5041	0.4772	0.5042	0.533414	0.528278
0.27	0.73	0.27	0.5	0.05	0.73	0.98	0.12	0.27	0.5	0.12	0.95	0.27	0.05	0.27	0.27	0.27	0.05	0.12	0.27	0.36625	0.33875	0.33	0.51625	0.1175	0.52875	0.6525	0.2125	0.29	0.1875	0.3175	0.5575	0.43375	0.29	0.34875	0.4725	0.46	0.1875	0.31625	0.205	-3.5	-3.76667	-2.4	-1.91429	-2.02222	0.5982	0.5721	0.53514	0.501757	0.471867
0.5	0.73	0.5	0.88	0.12	0.95	0.73	0.27	0.27	0.05	0.05	0.95	0.12	0.05	0.27	0.88	0.5	0.05	0.12	0.12	0.3375	0.33875	0.2725	0.4125	0.10875	0.50125	0.6875	0.19375	0.29	0.2625	0.32625	0.57625	0.395	0.29	0.245	0.39625	0.43125	0.1875	0.31625	0.3	-3.9	-3.63333	-3.1	-2	-2.02222	0.614	0.6141	0.54152	0.455514	0.452833
0.27	0.27	0.73	0.99	0.02	0.5	0.88	0.73	0.27	0.05	0.02	0.73	0.05	0.02	0.12	0.5	0.27	0.02	0.05	0.05	0.36625	0.36875	0.21625	0.33875	0.14	0.50125	0.565	0.12375	0.28125	0.36625	0.43375	0.5475	0.48	0.35	0.14625	0.39625	0.375	0.19125	0.34375	0.39375	-3.5	-2.7	-2.58	-2.9	-1.52222	0.6301	0.5351	0.47104	0.467257	0.4427
0.88	0.27	0.27	0.5	0.27	0.5	0.88	0.27	0.27	0.12	0.12	0.5	0.27	0.05	0.27	0.73	0.95	0.05	0.12	0.27	0.30875	0.36875	0.27375	0.4	0.10875	0.50125	0.565	0.18125	0.2725	0.405	0.43	0.57625	0.4525	0.34	0.13125	0.37625	0.30875	0.15875	0.2875	0.4425	-0.7	-1.83333	-2.58	-1.8	-1.41111	0.3612	0.381	0.4337	0.450129	0.437944
0.12	0.12	0.05	0.02	0.12	0.12	0.12	0.05	0.73	0.27	0.5	0.12	0.95	0.98	0.05	0.12	0.12	0.73	1	0.27	0.45125	0.41625	0.30125	0.46	0.1275	0.50125	0.63125	0.3125	0.215	0.35875	0.2975	0.6325	0.32	0.215	0.1775	0.42375	0.38375	0.07375	0.1775	0.42375	-1.3	-1.83333	-1.04	-0.757143	-1.41111	0.1517	0.308133	0.38774	0.4056	0.473844
0.27	0.5	0.27	0.5	0.05	0.73	0.98	0.12	0.27	0.27	0.12	0.88	0.27	0.05	0.12	0.27	0.27	0.05	0.12	0.73	0.41375	0.31125	0.365	0.42875	0.13625	0.39625	0.46375	0.3225	0.30125	0.29875	0.3325	0.48125	0.3775	0.33125	0.15	0.43375	0.39375	0.155	0.2875	0.33875	-3.5	-0.333333	0.42	-0.757143	-1.41111	0.4115	0.3158	0.31902	0.436057	0.475744
0.27	0.05	0.05	0.02	0.27	0.05	0.05	0.02	0.05	0.95	0.95	0.05	0.73	0.5	0.05	0.12	0.27	0.05	0.27	0.95	0.46125	0.29125	0.36375	0.39375	0.10875	0.3775	0.50375	0.425	0.31	0.21375	0.22875	0.48125	0.32	0.275	0.14	0.405	0.365	0.155	0.26	0.31125	3.8	1.36667	-0.22	-0.757143	-1.02222	0.3842	0.360733	0.41222	0.433943	0.449356
0.27	0.05	0.05	0.02	0.12	0.05	0.05	0.02	0.05	0.88	0.95	0.05	0.73	0.95	0.05	0.12	0.27	0.27	0.5	0.88	0.51875	0.29125	0.335	0.38	0.15875	0.34875	0.45625	0.3675	0.31	0.23125	0.24125	0.42375	0.3475	0.2225	0.15875	0.46125	0.45	0.13125	0.24	0.3475	3.8	1.23333	-0.66	-0.714286	-0.433333	0.2865	0.4993	0.50494	0.436129	0.427311
0.88	0.73	0.27	0.27	0.12	0.5	0.5	0.95	0.27	0.05	0.05	0.95	0.12	0.05	0.27	0.5	0.27	0.05	0.12	0.12	0.3475	0.1875	0.27625	0.28875	0.14	0.245	0.29625	0.22	0.255	0.41125	0.46125	0.255	0.5	0.39125	0.10375	0.32875	0.365	0.1675	0.30625	0.5	-3.9	-1.2	-0.04	-0.271429	0.0666667	0.8272	0.576333	0.49794	0.476129	0.421956
0.12	0.27	1	0.73	0.05	0.5	0.5	0.27	0.5	0.02	0.02	0.5	0.05	0.05	0.12	0.5	0.5	0.02	0.12	0.05	0.46125	0.3525	0.24125	0.2625	0.14	0.32125	0.34375	0.31375	0.16875	0.3875	0.40875	0.42	0.405	0.275	0.15	0.37625	0.355	0.08625	0.19625	0.48125	-3.5	-2.6	-0.44	0.771429	-0.222222	0.6153	0.606333	0.50744	0.462057	0.451444
0.88	0.12	0.27	0.12	0.12	0.12	0.12	0.99	0.12	0.05	0.05	0.12	0.12	0.05	0.12	0.5	0.27	0.05	0.05	0.12	0.3475	0.315	0.30125	0.27875	0.15875	0.28375	0.275	0.21125	0.18875	0.4725	0.5	0.36375	0.45375	0.33125	0.14125	0.34875	0.38375	0.0825	0.22375	0.49125	-0.4	-0.7	-0.44	-0.328571	0.666667	0.3765	0.4745	0.51274	0.466757	0.427222
0.73	0.27	0.5	0.88	0.27	0.27	0.5	0.27	0.27	0.12	0.12	0.27	0.27	0.05	0.27	0.95	0.95	0.05	0.12	0.27	0.36625	0.4	0.32875	0.215	0.1125	0.35	0.3125	0.31375	0.1975	0.35125	0.37875	0.4625	0.35875	0.275	0.15	0.34	0.29875	0.0825	0.19625	0.36	1.8	1.73333	-0.44	-0.228571	-0.188889	0.4317	0.373733	0.43072	0.453471	0.440311
0.12	0.12	0.02	0.02	0.12	0.12	0.05	0.02	0.05	0.73	0.98	0.05	0.88	0.5	0.05	0.05	0.27	0.12	0.27	0.73	0.42375	0.475	0.505	0.3825	0.1225	0.425	0.425	0.37625	0.34375	0.1675	0.15875	0.575	0.20625	0.115	0.18625	0.5	0.38375	0.04625	0.1775	0.19875	3.8	0.566667	1.16	-0.228571	-0.966667	0.313	0.387267	0.34636	0.407014	0.487822
0.27	0.98	0.5	0.27	0.05	0.73	0.5	0.12	0.27	0.05	0.05	0.99	0.12	0.05	0.27	0.5	0.27	0.05	0.12	0.05	0.32875	0.29125	0.4175	0.32	0.15	0.30125	0.3125	0.2475	0.28875	0.35625	0.3875	0.35375	0.405	0.2275	0.13125	0.39625	0.38375	0.06375	0.215	0.37875	-3.9	1.46667	0.46	-0.185714	-0.111111	0.4171	0.307867	0.37146	0.421129	0.431378
0.12	0.05	0.02	0.02	0.27	0.05	0.05	0.02	0.05	0.98	0.88	0.05	0.73	0.5	0.05	0.05	0.27	0.05	0.27	0.88	0.36625	0.465	0.415	0.3225	0.1225	0.4425	0.41625	0.24125	0.2875	0.2525	0.315	0.5275	0.4325	0.17125	0.1775	0.4525	0.4125	0.0675	0.19625	0.3025	4.5	-1.1	-0.54	0.414286	-0.155556	0.1935	0.370867	0.42794	0.412943	0.413533
0.27	0.88	0.5	0.27	0.05	0.73	0.73	0.12	0.27	0.05	0.05	0.99	0.12	0.05	0.27	0.5	0.27	0.05	0.12	0.05	0.27125	0.46875	0.355	0.29125	0.15	0.405	0.35	0.11125	0.27875	0.425	0.50375	0.48625	0.55625	0.255	0.15	0.3675	0.47	0.0675	0.22375	0.45375	-3.9	-0.866667	-0.54	-0.4	-0.188889	0.502	0.469867	0.42918	0.416229	0.458656
0.12	0.5	0.98	0.5	0.05	0.5	0.5	0.27	1	0.02	0.05	0.73	0.12	0.12	0.12	0.5	0.27	0.05	0.5	0.05	0.2325	0.51625	0.3425	0.275	0.13125	0.43375	0.37875	0.07375	0.26375	0.47625	0.50375	0.51875	0.55625	0.255	0.15	0.31125	0.46125	0.0675	0.17625	0.45375	-3.2	-1.1	-0.54	-1.04286	-0.777778	0.7141	0.511767	0.4367	0.483314	0.500322
0.27	0.12	0.05	0.02	0.27	0.12	0.05	0.02	0.05	0.88	0.95	0.12	0.95	0.5	0.05	0.12	0.27	0.12	0.27	0.88	0.21375	0.56375	0.5475	0.4575	0.09125	0.52875	0.52	0.1175	0.495	0.28	0.27125	0.6225	0.34875	0.15125	0.1675	0.38625	0.46125	0.04625	0.18625	0.26125	3.8	-1.1	-1.58	-0.985714	-1.58889	0.3192	0.496	0.55452	0.538971	0.489544
0.27	0.73	0.5	0.5	0.05	0.95	0.88	0.12	0.27	0.12	0.27	0.95	0.88	0.05	0.27	0.5	0.73	0.05	0.12	0.27	0.29	0.4275	0.49125	0.42625	0.1275	0.4525	0.46375	0.12375	0.4675	0.375	0.365	0.4575	0.37625	0.2075	0.14	0.38625	0.4325	0.055	0.205	0.34625	-3.9	-0.266667	-1.5	-2.12857	-1.54444	0.4547	0.518833	0.61546	0.542186	0.494067
0.27	0.98	0.27	0.12	0.12	0.5	0.27	0.05	0.27	0.5	0.73	0.73	0.5	0.27	0.12	0.27	0.73	0.05	0.12	0.5	0.3375	0.405	0.58	0.59	0.09125	0.53625	0.5675	0.25375	0.47625	0.2075	0.2	0.5125	0.33875	0.12	0.1675	0.47125	0.41375	0.055	0.1775	0.21375	-0.7	-2.7	-1.56	-2.07143	-2.43333	0.7826	0.681333	0.51584	0.535871	0.508467
0.27	0.27	0.88	0.98	0.12	0.27	0.5	0.12	0.88	0.5	0.12	0.27	0.27	0.12	0.12	0.5	0.88	0.05	0.12	0.27	0.36625	0.39875	0.475	0.4825	0.11875	0.5075	0.48125	0.245	0.38125	0.2925	0.30375	0.48	0.415	0.1475	0.14875	0.47125	0.48375	0.055	0.1775	0.29875	-3.5	-2.56667	-3.02	-2.11429	-1.5	0.8067	0.601767	0.54356	0.480014	0.505944
0.12	0.12	0.73	1	0.02	0.5	0.73	0.12	0.95	0.02	0.02	0.27	0.05	0.05	0.12	0.27	0.27	0.02	0.12	0.02	0.385	0.37	0.38625	0.42	0.13125	0.43125	0.405	0.21375	0.3575	0.365	0.34375	0.40375	0.46125	0.26	0.14	0.4525	0.54125	0.1625	0.24	0.33875	-3.5	-3.5	-2.94	-2.01429	-1.28889	0.216	0.4935	0.51724	0.502886	0.448867
0.88	0.5	0.5	0.5	0.12	0.95	0.88	0.27	0.27	0.05	0.12	0.5	0.27	0.05	0.27	0.88	0.5	0.05	0.12	0.12	0.29	0.4175	0.5275	0.5425	0.09125	0.45125	0.4425	0.22625	0.49875	0.2575	0.21875	0.4825	0.33	0.20375	0.13	0.42375	0.5125	0.14625	0.22125	0.2225	-3.5	-3.5	-1.9	-1.64286	-2.14444	0.4578	0.3323	0.45658	0.466557	0.476633
0.5	0.12	0.5	0.95	0.05	0.27	0.27	0.99	0.12	0.02	0.02	0.27	0.05	0.02	0.12	0.5	0.12	0.05	0.05	0.05	0.36625	0.38	0.47125	0.42625	0.2175	0.42375	0.415	0.1275	0.49	0.35625	0.26	0.39875	0.31	0.235	0.12125	0.42375	0.53125	0.14625	0.23	0.32	-3.5	-0.833333	-1.46	-2.1	-1.24444	0.3231	0.420067	0.33532	0.436057	0.455456
0.5	0.12	0.27	0.27	0.27	0.27	0.27	0.12	0.12	0.73	0.27	0.27	0.5	0.12	0.12	0.73	0.98	0.05	0.12	0.5	0.395	0.29125	0.52875	0.60625	0.19	0.395	0.415	0.245	0.51875	0.23875	0.17125	0.34125	0.2825	0.25125	0.12125	0.47125	0.42375	0.17375	0.325	0.235	4.5	-0.1	-1.54	-1	-1.25556	0.4793	0.334267	0.40594	0.358543	0.407956
0.12	0.12	0.12	0.02	0.05	0.12	0.12	0.02	0.88	0.12	0.27	0.12	0.27	0.95	0.05	0.12	0.12	0.88	1	0.12	0.5	0.26375	0.44375	0.52125	0.23625	0.395	0.3775	0.24875	0.32	0.375	0.2475	0.34125	0.36875	0.16625	0.13	0.51875	0.455	0.07	0.215	0.3675	-1.3	-0.233333	0	-0.614286	-0.366667	0.2004	0.416267	0.3672	0.378414	0.348567
0.27	0.88	0.95	0.5	0.05	0.73	0.5	0.27	0.5	0.05	0.05	0.98	0.12	0.05	0.12	0.5	0.27	0.02	0.12	0.05	0.48125	0.16875	0.255	0.3425	0.24875	0.27125	0.245	0.205	0.34	0.4725	0.335	0.215	0.415	0.3825	0.1125	0.4525	0.4175	0.26625	0.435	0.43625	-3.9	-0.333333	0.54	0.528571	-0.122222	0.5691	0.344533	0.3736	0.3519	0.350278
0.5	0.05	0.05	0.02	0.99	0.05	0.05	0.05	0.05	0.88	0.5	0.05	0.5	0.27	0.05	0.12	0.5	0.05	0.12	0.98	0.37625	0.225	0.39625	0.4625	0.13125	0.27125	0.25375	0.29	0.3775	0.36875	0.27	0.3025	0.34875	0.355	0.1025	0.48125	0.43625	0.25875	0.42625	0.32	4.2	-0.166667	0.54	0.842857	-0.122222	0.2641	0.3961	0.33218	0.3388	0.331822
0.5	0.27	0.5	0.88	0.12	0.27	0.27	0.12	0.5	0.27	0.27	0.27	0.73	0.5	0.12	0.88	0.73	0.27	0.95	0.27	0.37625	0.21625	0.34	0.27	0.2675	0.24375	0.22625	0.19125	0.32125	0.47625	0.31125	0.275	0.3475	0.33	0.1125	0.4425	0.515	0.23125	0.33125	0.43625	-0.8	2.63333	0.54	-0.3	0.188889	0.3551	0.297133	0.33838	0.312	0.389089
0.73	0.05	0.05	0.05	0.27	0.12	0.05	0.05	0.05	0.98	0.73	0.12	0.73	0.27	0.12	0.27	0.27	0.05	0.12	0.95	0.31875	0.32	0.48125	0.45	0.22125	0.32	0.31125	0.21875	0.425	0.3025	0.22625	0.3825	0.3	0.35	0.1125	0.49	0.48375	0.255	0.435	0.295	4.5	0.8	0.62	-0.214286	-0.744444	0.2722	0.286233	0.2829	0.403157	0.417189
0.12	0.12	0.05	0.05	0.12	0.12	0.05	0.02	0.73	0.73	0.5	0.12	0.27	0.88	0.05	0.12	0.12	0.73	1	0.5	0.4425	0.3025	0.5	0.4625	0.24	0.32	0.31125	0.345	0.245	0.32125	0.22375	0.3825	0.33	0.1575	0.13	0.55625	0.5025	0.06625	0.20625	0.33875	-1.3	-0.1	-0.36	-0.214286	-0.644444	0.2314	0.2651	0.39778	0.426457	0.432211
0.27	0.12	0.73	0.98	0.12	0.27	0.5	0.73	0.12	0.05	0.05	0.27	0.12	0.05	0.12	0.73	0.88	0.02	0.05	0.12	0.42375	0.28375	0.33	0.3175	0.24	0.30125	0.255	0.2375	0.2925	0.415	0.3075	0.36375	0.44375	0.26125	0.14	0.48	0.465	0.15875	0.325	0.41375	-3.5	-1.83333	-0.98	-0.871429	-0.644444	0.2917	0.453867	0.4732	0.436671	0.418189
0.5	0.27	0.5	0.27	0.27	0.27	0.27	0.27	0.12	0.27	0.12	0.27	0.27	0.05	0.27	0.95	0.98	0.05	0.12	0.27	0.36625	0.36875	0.47625	0.46625	0.10375	0.3575	0.34	0.3225	0.34875	0.28375	0.2425	0.42	0.3775	0.23375	0.13	0.52875	0.5	0.155	0.31625	0.2875	-0.7	-2.7	-1.96	-1.31429	-1.5	0.8385	0.6208	0.48588	0.449214	0.428667
0.27	0.73	0.95	0.88	0.05	0.73	0.73	0.27	0.5	0.05	0.05	0.98	0.12	0.05	0.12	0.5	0.27	0.02	0.12	0.05	0.36625	0.3875	0.3725	0.28625	0.15	0.3	0.26375	0.31375	0.245	0.39625	0.30875	0.33125	0.3675	0.205	0.14	0.49	0.56	0.13125	0.23125	0.4	-3.9	-1.66667	-2.48	-2.45714	-0.944444	0.7322	0.635433	0.52818	0.461529	0.437856
0.5	0.05	0.27	0.12	0.05	0.12	0.12	1	0.12	0.02	0.02	0.12	0.05	0.02	0.12	0.5	0.12	0.05	0.05	0.02	0.26125	0.48125	0.45375	0.3775	0.15	0.37625	0.34	0.21875	0.2925	0.3875	0.34375	0.43	0.395	0.2375	0.13125	0.4625	0.57875	0.13625	0.25875	0.37625	-0.4	-2.73333	-2.48	-1.67143	-1.02222	0.3356	0.503567	0.54152	0.491014	0.439367
0.27	0.73	0.27	0.27	0.05	0.73	0.5	0.12	0.27	0.12	0.27	0.98	0.88	0.05	0.27	0.5	0.73	0.05	0.12	0.27	0.30875	0.44375	0.51	0.47125	0.1375	0.395	0.41	0.34125	0.245	0.29	0.25625	0.39875	0.2725	0.12625	0.14	0.51	0.52125	0.05125	0.14	0.28875	-3.9	-2.6	-1.5	-0.628571	-1.26667	0.4429	0.378967	0.46138	0.490171	0.473678
0.27	0.88	0.99	0.5	0.05	0.5	0.5	0.27	0.5	0.05	0.05	0.5	0.12	0.05	0.12	0.73	0.88	0.05	0.12	0.12	0.30875	0.52	0.39125	0.3825	0.12875	0.48125	0.4575	0.24625	0.235	0.29875	0.28375	0.5475	0.3675	0.12625	0.1775	0.4525	0.42625	0.055	0.14875	0.29875	-3.5	-1.06667	0.04	-1.02857	-1.31111	0.3584	0.413033	0.3721	0.447557	0.508778
0.27	0.88	0.12	0.05	0.27	0.27	0.12	0.05	0.05	0.95	0.73	0.27	0.5	0.27	0.05	0.12	0.5	0.05	0.27	0.95	0.3375	0.50125	0.47125	0.515	0.10125	0.51	0.505	0.255	0.29125	0.24375	0.2175	0.57625	0.34875	0.1075	0.1675	0.4725	0.47	0.055	0.13	0.2525	4.2	1.5	-0.58	-1.02857	-0.733333	0.4378	0.360667	0.41302	0.429757	0.4656
0.12	0.12	0.02	0.02	0.27	0.12	0.05	0.02	0.05	0.88	0.98	0.05	0.88	0.5	0.05	0.05	0.27	0.12	0.27	0.73	0.3375	0.51125	0.37125	0.41125	0.11	0.44375	0.42875	0.2275	0.24375	0.3375	0.29	0.4875	0.3775	0.19625	0.155	0.425	0.48	0.10625	0.225	0.33625	3.8	1.5	-0.58	-0.328571	0.0111111	0.2858	0.421267	0.44596	0.446086	0.424011
0.27	0.5	0.5	0.95	0.02	0.88	0.99	0.12	0.5	0.05	0.05	0.73	0.12	0.02	0.27	0.5	0.27	0.05	0.12	0.05	0.27125	0.49125	0.36875	0.405	0.1375	0.39625	0.3875	0.105	0.295	0.445	0.40625	0.42125	0.4725	0.26	0.1275	0.36875	0.49875	0.11125	0.27125	0.425	-3.5	-1.2	1.02	0.628571	-0.333333	0.5402	0.477867	0.46426	0.433943	0.441489
0.27	0.88	0.5	0.5	0.05	0.73	0.88	0.12	0.27	0.05	0.05	0.98	0.12	0.05	0.27	0.5	0.27	0.05	0.12	0.05	0.27125	0.3675	0.3375	0.43	0.16125	0.33875	0.345	0.0925	0.29625	0.54	0.495	0.27375	0.4725	0.3125	0.1	0.32125	0.44125	0.12	0.29	0.50125	-3.9	-0.966667	0.74	0.628571	0.522222	0.6076	0.532567	0.44828	0.453157	0.4144
0.73	0.12	0.27	0.88	0.27	0.27	0.27	0.12	0.12	0.73	0.27	0.27	0.5	0.12	0.12	0.5	0.95	0.05	0.12	0.73	0.21375	0.475	0.305	0.35375	0.13375	0.425	0.42125	0.07375	0.28625	0.455	0.4675	0.41875	0.425	0.30375	0.1375	0.32125	0.30875	0.12	0.29	0.41625	4.5	1.13333	-0.72	0.571429	0.477778	0.4499	0.4718	0.4897	0.419057	0.440567
0.12	0.05	0.05	0.02	0.12	0.05	0.05	0.02	0.12	0.73	0.88	0.05	0.73	0.99	0.02	0.05	0.12	0.5	0.88	0.5	0.27125	0.38	0.32	0.4575	0.1525	0.425	0.44	0.0825	0.28625	0.45875	0.41	0.41875	0.425	0.22375	0.15	0.36875	0.38375	0.06375	0.195	0.43625	2.8	1.26667	0.74	-0.528571	0.511111	0.3579	0.433567	0.42148	0.463071	0.424967
0.12	0.27	0.73	1	0.02	0.5	0.73	0.12	0.98	0.05	0.02	0.27	0.05	0.05	0.12	0.5	0.27	0.02	0.27	0.05	0.29	0.37125	0.2475	0.3475	0.14625	0.4725	0.41125	0.07375	0.20625	0.49625	0.51375	0.4475	0.49125	0.3125	0.14625	0.34	0.365	0.12375	0.27125	0.46375	-3.5	1.03333	0.74	0.614286	-0.3	0.4929	0.349967	0.41874	0.428386	0.469356
0.27	0.12	0.02	0.02	0.27	0.12	0.05	0.02	0.05	0.88	0.98	0.05	0.88	0.5	0.05	0.12	0.27	0.12	0.27	0.88	0.27125	0.39	0.33625	0.46125	0.115	0.52	0.49625	0.08625	0.3225	0.38875	0.39375	0.475	0.3875	0.25625	0.155	0.3875	0.365	0.11125	0.27125	0.36	3.8	-1.2	0.74	0.671429	-0.3	0.1991	0.428633	0.38824	0.439486	0.494644
0.27	0.98	0.5	0.27	0.05	0.73	0.5	0.12	0.27	0.05	0.05	0.95	0.12	0.05	0.27	0.73	0.5	0.05	0.12	0.12	0.2525	0.2975	0.2475	0.3825	0.13875	0.44375	0.3925	0.065	0.32375	0.4925	0.51875	0.35	0.50125	0.3125	0.10875	0.2825	0.33625	0.12	0.29	0.455	-3.9	1.46667	-0.52	-0.471429	-0.366667	0.5939	0.363467	0.45372	0.4849	0.535211
