0.27	0.05	0.05	0.05	0.27	0.05	0.05	0.02	0.05	0.98	0.88	0.05	0.73	0.5	0.05	0.12	0.27	0.05	0.27	0.95	0.4525	0.38625	0.425	0.31125	0.15875	0.49875	0.4525	0.3075	0.33875	0.28875	0.25	0.47125	0.38625	0.21625	0.18625	0.49625	0.405	0.18875	0.29625	0.35125	4.5	-0.1	-0.84	-0.114286	-0.611111	0.1308	0.2776	0.31666	0.380529	0.463667
0.12	0.12	0.12	0.05	0.12	0.27	0.12	0.05	0.88	0.27	0.27	0.12	0.27	0.95	0.05	0.12	0.12	0.88	1	0.27	0.395	0.35875	0.34	0.255	0.15875	0.4425	0.39625	0.2475	0.31125	0.39625	0.345	0.415	0.44375	0.26375	0.15875	0.38875	0.3475	0.18	0.315	0.43625	-1.3	0.933333	0.7	-0.557143	-0.666667	0.3242	0.198	0.26826	0.335957	0.405278
0.5	0.12	0.5	0.27	0.12	0.12	0.12	1	0.12	0.02	0.02	0.12	0.05	0.05	0.12	0.5	0.12	0.12	0.05	0.05	0.31875	0.34	0.26375	0.19875	0.14	0.41375	0.34875	0.19125	0.3875	0.415	0.36375	0.3675	0.44375	0.3675	0.13125	0.28125	0.27125	0.28375	0.425	0.455	-0.4	0.833333	0.62	-0.242857	-0.622222	0.139	0.277567	0.27248	0.332157	0.376678
0.5	0.12	0.05	0.05	0.27	0.12	0.12	0.05	0.05	0.95	0.73	0.12	0.73	0.27	0.12	0.12	0.5	0.05	0.27	0.98	0.3	0.31125	0.3825	0.255	0.12125	0.3525	0.30125	0.3575	0.425	0.29875	0.26625	0.33875	0.31125	0.34	0.1125	0.3575	0.2525	0.28	0.37875	0.33	4.2	-0.0333333	-0.54	0.2	-0.622222	0.3695	0.302467	0.3633	0.342971	0.370722
0.5	0.73	0.27	0.12	0.12	0.5	0.5	0.12	0.12	0.73	0.5	0.95	0.5	0.12	0.12	0.27	0.5	0.05	0.27	0.88	0.32875	0.15875	0.29875	0.19	0.1675	0.19625	0.15875	0.34	0.36	0.43875	0.37125	0.15875	0.36875	0.38625	0.09375	0.29125	0.28125	0.27125	0.37875	0.45	-3.9	-0.333333	-0.36	-0.942857	0.233333	0.3989	0.4511	0.38916	0.403986	0.336544
0.12	0.12	0.12	0.05	0.12	0.27	0.12	0.05	0.88	0.27	0.27	0.12	0.27	0.95	0.05	0.12	0.12	0.88	1	0.27	0.405	0.2625	0.37375	0.22625	0.1675	0.2525	0.23375	0.36125	0.27375	0.4075	0.32375	0.29	0.34	0.235	0.13	0.38625	0.41875	0.17625	0.26875	0.47	-1.3	-1.86667	-0.98	-0.157143	-0.344444	0.5849	0.4791	0.47294	0.3677	0.364222
0.5	0.12	0.5	0.27	0.12	0.12	0.12	1	0.12	0.02	0.02	0.12	0.05	0.05	0.12	0.5	0.12	0.12	0.05	0.05	0.3575	0.25375	0.3175	0.19875	0.1675	0.24375	0.225	0.2425	0.2925	0.4675	0.38375	0.28125	0.39625	0.35375	0.1175	0.33875	0.41875	0.2525	0.38125	0.4975	-0.4	-1.73333	-0.98	-0.2	0.111111	0.4535	0.5321	0.41308	0.402114	0.329156
0.12	0.5	1	0.73	0.05	0.5	0.5	0.5	0.73	0.05	0.05	0.5	0.12	0.05	0.12	0.73	0.5	0.02	0.12	0.05	0.3575	0.25375	0.28375	0.14125	0.1675	0.24375	0.225	0.195	0.32625	0.4675	0.38375	0.2525	0.39625	0.38125	0.1175	0.28125	0.37125	0.265	0.47625	0.4975	-3.5	0.1	-0.34	-0.4	-0.2	0.5579	0.360533	0.40928	0.350557	0.366222
0.5	0.12	0.05	0.05	0.27	0.12	0.12	0.05	0.05	0.95	0.73	0.12	0.73	0.27	0.12	0.12	0.5	0.05	0.27	0.98	0.31	0.30125	0.4025	0.22625	0.14	0.29125	0.2725	0.25125	0.41125	0.355	0.29875	0.3	0.32	0.35375	0.1175	0.3575	0.37125	0.26125	0.4575	0.38125	4.2	7.40149e-17	0.48	-0.3	-0.2	0.0702	0.336	0.29402	0.361086	0.342044
0.5	0.27	0.5	0.27	0.27	0.27	0.27	0.12	0.12	0.27	0.27	0.27	0.27	0.12	0.27	0.73	0.99	0.12	0.12	0.5	0.28125	0.20625	0.3275	0.2175	0.13125	0.24375	0.225	0.2425	0.4025	0.355	0.3	0.19625	0.33	0.36	0.20875	0.28125	0.28125	0.24875	0.44875	0.34625	-0.7	2.1	-0.08	0.485714	0.0555556	0.3799	0.1529	0.29784	0.299229	0.350644
0.12	0.05	0.05	0.05	0.12	0.05	0.05	0.05	0.27	0.5	0.5	0.05	0.5	1	0.02	0.12	0.12	0.73	0.95	0.27	0.405	0.2525	0.46	0.30125	0.16875	0.3	0.3	0.3075	0.3075	0.3075	0.2525	0.27125	0.30125	0.14625	0.2675	0.465	0.46625	0.06875	0.235	0.35625	2.8	-0.366667	1.46	0.314286	0.111111	0.0086	0.287033	0.21664	0.302486	0.350911
0.12	0.5	0.73	0.27	0.05	0.5	0.5	0.12	1	0.05	0.05	0.27	0.12	0.27	0.12	0.27	0.12	0.12	0.88	0.05	0.3575	0.24375	0.4375	0.33125	0.16875	0.29125	0.29125	0.23625	0.2925	0.3675	0.3125	0.29125	0.3575	0.2375	0.255	0.475	0.51375	0.1325	0.2525	0.38375	-3.2	1.26667	0.3	0.7	-0.233333	0.4726	0.211033	0.29786	0.306686	0.368033
0.5	0.12	0.05	0.05	0.27	0.12	0.12	0.05	0.05	0.95	0.73	0.12	0.73	0.27	0.12	0.12	0.5	0.05	0.27	0.98	0.3575	0.29125	0.43125	0.30125	0.15	0.395	0.33875	0.1975	0.35375	0.34	0.28375	0.31	0.32875	0.24625	0.255	0.43625	0.46625	0.15375	0.3475	0.37125	4.2	-0.2	0.28	-0.4	-0.233333	0.1519	0.366933	0.33934	0.383457	0.3514
0.27	0.12	0.12	0.27	0.05	0.27	0.27	0.12	0.12	0.05	0.05	0.27	0.12	0.02	1	0.27	0.27	0.02	0.05	0.12	0.3575	0.29125	0.43125	0.30125	0.15	0.395	0.33875	0.1975	0.35375	0.34	0.28375	0.31	0.32875	0.24625	0.255	0.43625	0.46625	0.15375	0.3475	0.37125	-1.6	0.6	-0.98	-0.8	-0.877778	0.4763	0.405167	0.45914	0.3875	0.397367
0.73	0.27	0.73	0.5	0.27	0.5	0.5	0.5	0.27	0.12	0.12	0.5	0.27	0.12	0.27	0.98	0.73	0.05	0.12	0.12	0.27125	0.25375	0.29875	0.24125	0.1225	0.3475	0.2825	0.1375	0.32625	0.4075	0.36375	0.2625	0.38625	0.28125	0.31875	0.27125	0.31875	0.15	0.3575	0.4	-0.8	-1.96667	-1.04	-1.42857	-0.377778	0.5873	0.557067	0.44626	0.4554	0.374033
0.12	0.5	1	0.73	0.05	0.5	0.5	0.5	0.73	0.05	0.05	0.5	0.12	0.05	0.12	0.73	0.5	0.02	0.12	0.05	0.36625	0.32875	0.32125	0.24	0.14125	0.4325	0.3675	0.14625	0.26875	0.36	0.325	0.37875	0.37625	0.17125	0.36875	0.35	0.36625	0.06875	0.25375	0.39	-3.5	-2.6	-2.2	-0.428571	-1.12222	0.6076	0.534367	0.51266	0.412157	0.441678
0.5	0.5	0.27	0.27	0.12	0.95	0.5	0.12	0.27	0.73	0.5	0.5	0.5	0.12	0.12	0.27	0.5	0.12	0.27	0.88	0.3375	0.32875	0.38375	0.355	0.12875	0.42375	0.42875	0.19375	0.26375	0.275	0.26875	0.43625	0.32875	0.135	0.3875	0.43625	0.385	0.0475	0.14	0.295	-3.5	-2.86667	-1.12	-1.58571	-1.15556	0.4082	0.4999	0.45138	0.478657	0.4296
0.27	0.12	0.12	0.27	0.05	0.27	0.27	0.12	0.12	0.05	0.05	0.27	0.12	0.02	1	0.27	0.27	0.02	0.05	0.12	0.36625	0.37625	0.4025	0.355	0.1375	0.50875	0.4575	0.19375	0.2825	0.36	0.325	0.465	0.37625	0.1475	0.2775	0.43625	0.41375	0.06	0.1675	0.39	-1.6	-0.433333	-1.74	-1.85714	-1.15556	0.4839	0.354	0.4574	0.4626	0.417156
0.27	0.12	0.05	0.02	0.27	0.12	0.05	0.02	0.05	0.88	0.98	0.12	0.88	0.5	0.05	0.12	0.27	0.12	0.27	0.73	0.36625	0.37625	0.4025	0.355	0.1375	0.50875	0.4575	0.19375	0.2825	0.36	0.325	0.465	0.37625	0.1475	0.2775	0.43625	0.41375	0.06	0.1675	0.39	3.8	-0.566667	-1.74	-1.14286	-0.555556	0.1699	0.423733	0.40866	0.3844	0.388278
0.27	0.88	0.5	0.27	0.05	0.73	0.73	0.12	0.27	0.05	0.12	0.98	0.27	0.05	0.27	0.5	0.27	0.05	0.12	0.12	0.28125	0.25375	0.2575	0.26375	0.14625	0.385	0.31625	0.13375	0.23625	0.455	0.4325	0.30125	0.4525	0.28	0.21875	0.2725	0.3375	0.1875	0.28125	0.4575	-3.9	-1.2	-0.2	-0.1	-0.566667	0.6174	0.383733	0.335	0.328514	0.324656
0.27	0.5	0.5	0.73	0.02	0.88	0.99	0.12	0.5	0.05	0.05	0.73	0.12	0.05	0.27	0.5	0.27	0.05	0.12	0.12	0.3	0.34875	0.195	0.14875	0.15	0.395	0.3125	0.08625	0.15	0.455	0.45	0.3925	0.49	0.28	0.2375	0.24375	0.30875	0.19125	0.28125	0.46625	-3.5	-1.06667	0.88	0.271429	-0.611111	0.3639	0.3404	0.2815	0.2723	0.280322
0.5	0.12	0.05	0.05	0.27	0.12	0.12	0.05	0.05	0.95	0.73	0.12	0.73	0.27	0.12	0.12	0.5	0.05	0.27	0.98	0.2425	0.44375	0.28	0.23375	0.11	0.4625	0.45	0.095	0.20625	0.2575	0.3175	0.52875	0.385	0.24375	0.275	0.32	0.25125	0.1825	0.24375	0.26375	4.2	1.5	-0.06	-0.0571429	-0.655556	0.0399	0.206733	0.25046	0.232971	0.253
0.27	0.12	0.05	0.02	0.27	0.12	0.05	0.02	0.05	0.88	0.98	0.12	0.88	0.5	0.05	0.12	0.27	0.12	0.27	0.73	0.27125	0.52	0.3275	0.26625	0.11	0.5525	0.535	0.09875	0.25375	0.26625	0.295	0.58625	0.41375	0.21875	0.1925	0.34875	0.28	0.18625	0.27125	0.295	3.8	2.36667	-0.06	-1.15714	-0.866667	0.2164	0.0903333	0.1687	0.231886	0.253167
0.05	0.05	0.02	0.02	0.12	0.12	0.05	0.12	0.12	0.05	0.12	0.05	0.27	0.73	0.02	0.05	0.12	1	0.88	0.05	0.29875	0.62375	0.3875	0.2975	0.10125	0.62875	0.62	0.09875	0.2725	0.26625	0.295	0.7025	0.41375	0.13375	0.22375	0.405	0.29875	0.0675	0.17625	0.30375	-0.9	-0.333333	-0.14	-1.1	-1.72222	0.0147	0.146567	0.12838	0.213029	0.310856
0.27	0.88	0.5	0.27	0.05	0.73	0.73	0.12	0.27	0.05	0.12	0.98	0.27	0.05	0.27	0.5	0.27	0.05	0.12	0.12	0.2525	0.425	0.35625	0.3575	0.11	0.52375	0.535	0.1175	0.25375	0.26625	0.2825	0.4975	0.38625	0.21875	0.1925	0.34875	0.28	0.1825	0.2625	0.28625	-3.9	-2.9	-1.68	-1.15714	-1.67778	0.2086	0.128533	0.21748	0.259486	0.307844
0.27	0.88	0.5	0.27	0.05	0.73	0.73	0.12	0.27	0.05	0.12	0.98	0.27	0.05	0.27	0.5	0.27	0.05	0.12	0.12	0.2525	0.4725	0.35625	0.3	0.11375	0.505	0.5025	0.1175	0.225	0.26625	0.29125	0.52875	0.405	0.21875	0.1925	0.34875	0.28	0.1825	0.2625	0.28625	-3.9	-3.76667	-3.22	-2.25714	-1.72222	0.1623	0.285433	0.31202	0.338114	0.309589
0.27	0.73	0.5	0.5	0.05	0.99	0.88	0.12	0.5	0.05	0.12	0.73	0.5	0.05	0.27	0.5	0.27	0.12	0.27	0.12	0.2525	0.49125	0.35625	0.27125	0.11375	0.4725	0.48375	0.1175	0.19625	0.26625	0.29125	0.56	0.37625	0.21875	0.1925	0.34875	0.28	0.17375	0.24375	0.28625	-3.5	-3.76667	-3.74	-3.35714	-1.72222	0.4854	0.4456	0.42714	0.361429	0.314522
0.27	0.88	0.5	0.27	0.05	0.73	0.73	0.12	0.27	0.05	0.12	0.98	0.27	0.05	0.27	0.5	0.27	0.05	0.12	0.12	0.34125	0.49125	0.365	0.3125	0.1425	0.52375	0.53	0.1775	0.23375	0.19	0.2025	0.5475	0.32875	0.17125	0.22	0.425	0.30875	0.17375	0.24375	0.2575	-3.9	-3.63333	-3.74	-2.62857	-1.94444	0.6891	0.588267	0.46134	0.371371	0.303044
0.12	0.12	0.73	1	0.05	0.5	0.73	0.27	0.27	0.05	0.02	0.27	0.05	0.05	0.27	0.5	0.27	0.02	0.05	0.05	0.3875	0.6425	0.39625	0.31	0.13	0.6475	0.6475	0.15875	0.28125	0.19	0.20625	0.72125	0.3375	0.08625	0.25125	0.48125	0.3275	0.05875	0.1575	0.275	-3.5	-3.76667	-2.12	-1.81429	-2.23333	0.5903	0.553	0.44574	0.357729	0.332544
0.27	0.88	0.5	0.27	0.05	0.73	0.73	0.12	0.27	0.05	0.12	0.98	0.27	0.05	0.27	0.5	0.27	0.05	0.12	0.12	0.36875	0.4525	0.36875	0.37	0.1575	0.5425	0.5625	0.165	0.25375	0.29375	0.30125	0.525	0.38625	0.1425	0.22375	0.43375	0.3275	0.06375	0.1675	0.3425	-3.9	-1.06667	-1.06	-1.75714	-1.37778	0.3796	0.3514	0.37128	0.374571	0.325533
0.5	0.12	0.05	0.05	0.27	0.12	0.12	0.05	0.05	0.95	0.73	0.12	0.73	0.27	0.12	0.12	0.5	0.05	0.27	0.98	0.34	0.5	0.425	0.455	0.12625	0.6375	0.67125	0.17375	0.31	0.18125	0.21625	0.60125	0.31	0.115	0.2425	0.48125	0.29875	0.06375	0.14875	0.235	4.2	0.7	-0.98	-0.714286	-1.33333	0.0843	0.192333	0.2895	0.326014	0.363767
0.98	0.27	0.12	0.12	0.5	0.27	0.27	0.5	0.12	0.27	0.27	0.27	0.27	0.12	0.27	0.73	0.5	0.05	0.12	0.5	0.26125	0.4525	0.47875	0.475	0.0975	0.5575	0.605	0.165	0.33	0.26625	0.265	0.55375	0.32	0.13375	0.205	0.43375	0.3275	0.05125	0.14875	0.28625	1.8	0.833333	0.48	-0.657143	-1.33333	0.1131	0.1592	0.20054	0.299914	0.369444
0.27	0.5	0.5	0.73	0.02	0.88	0.99	0.12	0.5	0.05	0.05	0.73	0.12	0.05	0.27	0.5	0.27	0.05	0.12	0.12	0.4075	0.3475	0.46	0.4275	0.185	0.4525	0.48625	0.26	0.2825	0.3025	0.2925	0.43625	0.33875	0.15125	0.205	0.5225	0.41375	0.05125	0.14875	0.33375	-3.5	0.7	0.56	-0.657143	-0.988889	0.2802	0.1796	0.2259	0.292229	0.367622
0.27	0.12	0.05	0.02	0.27	0.12	0.05	0.02	0.05	0.88	0.98	0.12	0.88	0.5	0.05	0.12	0.27	0.12	0.27	0.73	0.42625	0.4425	0.4875	0.4825	0.15	0.595	0.63625	0.25375	0.3675	0.19875	0.18	0.57	0.2525	0.095	0.2325	0.57	0.41375	0.04625	0.13875	0.26625	3.8	-1.06667	-0.98	-0.214286	-0.988889	0.1455	0.3107	0.31634	0.3341	0.365611
0.27	0.5	0.5	0.73	0.02	0.88	0.99	0.12	0.5	0.05	0.05	0.73	0.12	0.05	0.27	0.5	0.27	0.05	0.12	0.12	0.4075	0.29125	0.375	0.36625	0.19	0.415	0.43375	0.2325	0.31125	0.35875	0.34375	0.3775	0.37625	0.27	0.17375	0.475	0.395	0.14	0.26125	0.36125	-3.5	-1.06667	-1.5	-1.31429	-0.244444	0.5064	0.396133	0.42826	0.4038	0.366156
0.12	0.5	1	0.73	0.05	0.5	0.5	0.5	0.73	0.05	0.05	0.5	0.12	0.05	0.12	0.73	0.5	0.02	0.12	0.05	0.3975	0.4	0.36875	0.375	0.15875	0.53875	0.5425	0.19375	0.33875	0.24625	0.2675	0.50125	0.31875	0.2425	0.1925	0.465	0.3375	0.14375	0.2425	0.2625	-3.5	-2.6	-1.5	-1.17143	-1.21111	0.5365	0.571867	0.48666	0.442571	0.413467
0.73	0.27	0.73	0.5	0.27	0.5	0.5	0.5	0.27	0.12	0.12	0.5	0.27	0.12	0.27	0.98	0.73	0.05	0.12	0.12	0.32125	0.42875	0.4025	0.40375	0.13125	0.53875	0.5425	0.19375	0.39625	0.2375	0.25875	0.50125	0.3	0.23375	0.17375	0.43375	0.30875	0.14	0.2425	0.25375	-0.8	-2.6	-1.7	-1.31429	-1.21111	0.6727	0.5938	0.53446	0.475414	0.422844
0.27	0.5	0.5	0.73	0.02	0.88	0.99	0.12	0.5	0.05	0.05	0.73	0.12	0.05	0.27	0.5	0.27	0.05	0.12	0.12	0.36	0.34375	0.375	0.29	0.175	0.3875	0.36375	0.2325	0.33875	0.3025	0.32375	0.3875	0.36625	0.36125	0.1425	0.44625	0.3475	0.225	0.34625	0.2725	-3.5	-0.5	-1.9	-1.6	-0.511111	0.5722	0.543133	0.5352	0.482843	0.405767
0.12	0.05	0.05	0.05	0.12	0.05	0.05	0.05	0.27	0.5	0.5	0.05	0.5	1	0.02	0.12	0.12	0.73	0.95	0.27	0.43625	0.41875	0.51625	0.435	0.1625	0.53875	0.5375	0.30125	0.395	0.15125	0.16	0.52	0.2425	0.195	0.20125	0.60125	0.42375	0.13125	0.22375	0.1775	2.8	-1.73333	-0.84	-0.7	-1.02222	0.3845	0.488933	0.4674	0.428571	0.4562
0.27	0.99	0.5	0.12	0.05	0.73	0.5	0.12	0.5	0.05	0.12	0.88	0.27	0.05	0.12	0.27	0.27	0.05	0.12	0.12	0.475	0.2725	0.48875	0.3975	0.2025	0.40625	0.42	0.34	0.3375	0.21625	0.21625	0.3875	0.29	0.3225	0.18875	0.6425	0.4625	0.21625	0.3275	0.19625	-4.5	0.0333333	-0.12	-0.314286	-0.722222	0.5101	0.364033	0.35816	0.437557	0.452389
0.98	0.27	0.12	0.12	0.5	0.27	0.27	0.5	0.12	0.27	0.27	0.27	0.27	0.12	0.27	0.73	0.5	0.05	0.12	0.5	0.38625	0.30625	0.4175	0.3125	0.155	0.4075	0.3925	0.23625	0.3275	0.245	0.25375	0.4075	0.3375	0.4325	0.1575	0.50875	0.38625	0.305	0.43125	0.17625	1.8	0.0333333	0.42	-0.314286	-0.0222222	0.1975	0.278033	0.3636	0.4089	0.397144
0.12	0.05	0.05	0.05	0.12	0.05	0.05	0.05	0.27	0.5	0.5	0.05	0.5	1	0.02	0.12	0.12	0.73	0.95	0.27	0.43625	0.41	0.3975	0.2925	0.175	0.46375	0.44875	0.245	0.30875	0.2075	0.225	0.495	0.30875	0.31375	0.18875	0.525	0.37625	0.22	0.3275	0.205	2.8	1.26667	-0.3	0.585714	-0.366667	0.1265	0.3078	0.38112	0.332771	0.378467
0.73	0.27	0.73	0.5	0.27	0.5	0.5	0.5	0.27	0.12	0.12	0.5	0.27	0.12	0.27	0.98	0.73	0.05	0.12	0.12	0.34125	0.3825	0.375	0.23625	0.16	0.36	0.33125	0.23625	0.3375	0.255	0.2725	0.41	0.3375	0.42375	0.13875	0.44625	0.32875	0.30125	0.43125	0.215	-0.8	0.4	1.16	-0.371429	-0.366667	0.5994	0.399333	0.28696	0.349929	0.4144
0.73	0.27	0.73	0.5	0.27	0.5	0.5	0.5	0.27	0.12	0.12	0.5	0.27	0.12	0.27	0.98	0.73	0.05	0.12	0.12	0.36	0.5	0.43125	0.245	0.15125	0.445	0.3875	0.245	0.36625	0.19875	0.225	0.51375	0.30875	0.305	0.15125	0.465	0.3475	0.21625	0.3275	0.19625	-0.8	0.4	0.02	-0.228571	-1.17778	0.4721	0.370267	0.34838	0.405	0.389767
0.12	0.05	0.05	0.05	0.12	0.05	0.05	0.05	0.27	0.5	0.5	0.05	0.5	1	0.02	0.12	0.12	0.73	0.95	0.27	0.465	0.41875	0.46	0.2925	0.1975	0.425	0.39625	0.2925	0.31	0.26375	0.25375	0.475	0.3375	0.2225	0.1825	0.55375	0.4525	0.13125	0.2425	0.285	2.8	-0.633333	-1.24	-1.12857	-0.211111	0.0393	0.338667	0.5022	0.400043	0.346444
0.27	0.88	0.5	0.27	0.05	0.73	0.73	0.12	0.27	0.05	0.12	0.98	0.27	0.05	0.27	0.5	0.27	0.05	0.12	0.12	0.33875	0.29625	0.40375	0.25625	0.15875	0.34	0.2925	0.2275	0.405	0.32	0.30125	0.34	0.36625	0.445	0.12375	0.43	0.38625	0.32	0.45625	0.275	-3.9	-1.53333	-1.98	-0.928571	-0.555556	0.5046	0.479833	0.41488	0.399143	0.380211
0.12	0.5	1	0.73	0.05	0.5	0.5	0.5	0.73	0.05	0.05	0.5	0.12	0.05	0.12	0.73	0.5	0.02	0.12	0.05	0.37625	0.3525	0.34125	0.195	0.1775	0.3775	0.32125	0.17625	0.32	0.3675	0.37	0.40875	0.4325	0.3825	0.14625	0.40125	0.37625	0.2475	0.37125	0.34125	-3.5	-3.96667	-0.98	-1	-0.444444	0.8956	0.521	0.3445	0.385143	0.373722
0.27	0.99	0.5	0.12	0.05	0.73	0.5	0.12	0.5	0.05	0.12	0.88	0.27	0.05	0.12	0.27	0.27	0.05	0.12	0.12	0.28125	0.2725	0.40375	0.33375	0.15	0.34875	0.35	0.195	0.34875	0.35875	0.34875	0.3325	0.38625	0.37375	0.14625	0.39875	0.3475	0.24	0.3625	0.32375	-4.5	-1.26667	-1.8	-0.342857	-0.744444	0.1628	0.392867	0.43692	0.327429	0.341667
0.5	0.12	0.05	0.05	0.27	0.12	0.12	0.05	0.05	0.95	0.73	0.12	0.73	0.27	0.12	0.12	0.5	0.05	0.27	0.98	0.22375	0.38125	0.43125	0.31375	0.1225	0.39625	0.36875	0.15625	0.38625	0.265	0.29125	0.39875	0.32875	0.34625	0.14625	0.38625	0.35125	0.24875	0.34375	0.26375	4.2	-0.533333	-0.26	-1.24286	-0.733333	0.1202	0.261467	0.34962	0.366229	0.336433
0.12	0.12	0.12	0.05	0.12	0.27	0.12	0.05	0.88	0.27	0.27	0.12	0.27	0.95	0.05	0.12	0.12	0.88	1	0.27	0.31875	0.46625	0.45	0.3225	0.14125	0.43375	0.425	0.165	0.26375	0.37875	0.34875	0.51125	0.38625	0.15125	0.1675	0.405	0.44625	0.06	0.1675	0.42875	-1.3	2.23333	-0.26	-0.785714	-1.47778	0.5014	0.2299	0.23268	0.354857	0.404833
0.27	0.12	0.05	0.02	0.27	0.12	0.05	0.02	0.05	0.88	0.98	0.12	0.88	0.5	0.05	0.12	0.27	0.12	0.27	0.73	0.3575	0.39	0.4875	0.355	0.15	0.42375	0.405	0.21625	0.3675	0.31125	0.26	0.45125	0.31	0.21625	0.1675	0.465	0.485	0.155	0.25875	0.37125	3.8	-0.333333	0.5	-0.842857	-1.13333	0.0681	0.293467	0.28512	0.320471	0.384611
0.12	0.12	0.73	1	0.05	0.5	0.73	0.27	0.27	0.05	0.02	0.27	0.05	0.05	0.27	0.5	0.27	0.02	0.05	0.05	0.42375	0.3425	0.34	0.175	0.18625	0.32875	0.2725	0.2475	0.26375	0.41125	0.37625	0.385	0.405	0.2725	0.14	0.38875	0.4375	0.18	0.2775	0.45625	-3.5	-0.133333	-1.12	-0.314286	-0.788889	0.3109	0.268	0.39206	0.3433	0.2922
0.5	0.27	0.5	0.27	0.27	0.27	0.27	0.12	0.12	0.27	0.27	0.27	0.27	0.12	0.27	0.73	0.99	0.12	0.12	0.5	0.43375	0.23375	0.3975	0.31375	0.18625	0.32875	0.33	0.31375	0.25375	0.3925	0.345	0.3375	0.3775	0.2725	0.15875	0.44875	0.405	0.1675	0.26875	0.4	-0.7	-2.7	-1.02	-0.971429	-0.377778	0.425	0.4636	0.3563	0.335257	0.290244
0.5	0.73	0.27	0.12	0.12	0.5	0.5	0.12	0.12	0.73	0.5	0.95	0.5	0.12	0.12	0.27	0.5	0.05	0.27	0.88	0.405	0.17625	0.42625	0.32875	0.205	0.3	0.2925	0.31	0.25375	0.32625	0.3475	0.2525	0.3675	0.30125	0.16875	0.50625	0.4375	0.185	0.25	0.32125	-3.9	-1.8	-1.86	-0.9	-0.422222	0.6549	0.4675	0.35546	0.284371	0.277889
0.73	0.27	0.73	0.5	0.27	0.5	0.5	0.5	0.27	0.12	0.12	0.5	0.27	0.12	0.27	0.98	0.73	0.05	0.12	0.12	0.42375	0.2525	0.41625	0.30875	0.205	0.3	0.31125	0.27125	0.14	0.4025	0.395	0.3275	0.39625	0.1975	0.1775	0.49375	0.5175	0.09	0.15875	0.445	-0.8	-1.7	-1.32	-0.9	-0.355556	0.3226	0.347133	0.32232	0.275929	0.245722
0.5	0.12	0.5	0.27	0.12	0.12	0.12	1	0.12	0.02	0.02	0.12	0.05	0.05	0.12	0.5	0.12	0.12	0.05	0.05	0.4525	0.2625	0.445	0.34125	0.22375	0.33875	0.35875	0.20875	0.15875	0.4275	0.395	0.36625	0.405	0.20625	0.19625	0.55375	0.59375	0.0725	0.1675	0.48125	-0.4	-0.666667	-0.42	-0.5	-0.277778	0.0639	0.177233	0.23912	0.261786	0.240056
0.73	0.27	0.73	0.5	0.27	0.5	0.5	0.5	0.27	0.12	0.12	0.5	0.27	0.12	0.27	0.98	0.73	0.05	0.12	0.12	0.42375	0.24375	0.34	0.19375	0.21375	0.2625	0.235	0.24375	0.21625	0.4425	0.41375	0.3	0.405	0.31	0.15	0.44625	0.49875	0.18875	0.2775	0.5	-0.8	0.866667	0.22	0.242857	-0.0333333	0.1452	0.0727	0.15052	0.203514	0.252878
0.27	0.12	0.05	0.02	0.27	0.12	0.05	0.02	0.05	0.88	0.98	0.12	0.88	0.5	0.05	0.12	0.27	0.12	0.27	0.73	0.43375	0.29125	0.4875	0.31125	0.18625	0.33875	0.32	0.35125	0.32	0.32	0.27875	0.37625	0.31	0.25375	0.15875	0.55375	0.495	0.1675	0.25875	0.3675	3.8	0.766667	1.28	0.614286	-0.344444	0.009	0.122033	0.08942	0.170857	0.267689
0.5	0.27	0.5	0.27	0.27	0.27	0.27	0.12	0.12	0.27	0.27	0.27	0.27	0.12	0.27	0.73	0.99	0.12	0.12	0.5	0.37625	0.19625	0.40375	0.2675	0.205	0.2725	0.23625	0.32625	0.3025	0.415	0.4275	0.25375	0.43375	0.34875	0.1225	0.45875	0.37625	0.17625	0.2775	0.3775	-0.7	2.53333	1.1	0.228571	0.511111	0.2119	0.0793333	0.1619	0.204529	0.197767
0.27	0.05	0.05	0.05	0.27	0.05	0.05	0.02	0.05	0.98	0.88	0.05	0.73	0.5	0.05	0.12	0.27	0.05	0.27	0.95	0.37625	0.22375	0.43125	0.26625	0.205	0.27125	0.235	0.29125	0.2925	0.345	0.37	0.2525	0.37625	0.30125	0.15	0.50375	0.49875	0.19375	0.25875	0.36875	4.5	0.833333	0.56	0.828571	0.522222	0.0171	0.218433	0.24452	0.199057	0.206944
0.12	0.12	0.12	0.05	0.12	0.27	0.12	0.05	0.88	0.27	0.27	0.12	0.27	0.95	0.05	0.12	0.12	0.88	1	0.27	0.42375	0.23375	0.45125	0.295	0.2425	0.29125	0.27375	0.225	0.2075	0.44625	0.45875	0.29125	0.46125	0.25375	0.16875	0.56375	0.59375	0.08125	0.17625	0.4625	-1.3	-0.1	0.56	0.842857	0.477778	0.4263	0.3339	0.24784	0.2362	0.257756
0.12	0.5	1	0.73	0.05	0.5	0.5	0.5	0.73	0.05	0.05	0.5	0.12	0.05	0.12	0.73	0.5	0.02	0.12	0.05	0.42375	0.18625	0.34125	0.21	0.25125	0.2625	0.22625	0.16875	0.22625	0.47375	0.48625	0.24375	0.48	0.36625	0.16	0.4875	0.54625	0.18875	0.28625	0.49	-3.5	-0.333333	0.56	0.185714	0.477778	0.5583	0.336733	0.2865	0.309371	0.319556
0.27	0.12	0.05	0.02	0.27	0.12	0.05	0.02	0.05	0.88	0.98	0.12	0.88	0.5	0.05	0.12	0.27	0.12	0.27	0.73	0.38625	0.23375	0.545	0.42125	0.19625	0.3575	0.3675	0.26	0.33875	0.26625	0.25	0.31	0.28125	0.25375	0.19625	0.61125	0.575	0.16375	0.24	0.32	3.8	-0.133333	-0.5	0.171429	-0.333333	0.0256	0.3297	0.38732	0.3793	0.327367
0.5	0.27	0.5	0.27	0.27	0.27	0.27	0.12	0.12	0.27	0.27	0.27	0.27	0.12	0.27	0.73	0.99	0.12	0.12	0.5	0.32875	0.24375	0.48875	0.4475	0.165	0.415	0.43	0.2475	0.3775	0.315	0.31125	0.34875	0.33875	0.2925	0.16875	0.50625	0.395	0.155	0.25875	0.30125	-0.7	0.766667	-0.4	-0.971429	-0.644444	0.4052	0.317333	0.44234	0.388186	0.345533
0.73	0.27	0.73	0.5	0.27	0.5	0.5	0.5	0.27	0.12	0.12	0.5	0.27	0.12	0.27	0.98	0.73	0.05	0.12	0.12	0.28125	0.2525	0.545	0.5375	0.1375	0.4425	0.48625	0.23125	0.38625	0.2175	0.2225	0.3475	0.25375	0.23625	0.19625	0.5225	0.4275	0.16	0.23125	0.23625	-0.8	-0.766667	-0.4	-1.28571	-1.53333	0.5212	0.5426	0.34654	0.380914	0.368067
0.73	0.27	0.73	0.5	0.27	0.5	0.5	0.5	0.27	0.12	0.12	0.5	0.27	0.12	0.27	0.98	0.73	0.05	0.12	0.12	0.3	0.3	0.5925	0.6225	0.125	0.51875	0.595	0.24	0.33875	0.19	0.195	0.42375	0.235	0.12375	0.22375	0.57	0.44625	0.05625	0.12125	0.2175	-0.8	-1.7	-1.86	-1.28571	-1.77778	0.7014	0.433967	0.4165	0.332571	0.3615
0.12	0.12	0.73	1	0.05	0.5	0.73	0.27	0.27	0.05	0.02	0.27	0.05	0.05	0.27	0.5	0.27	0.02	0.05	0.05	0.37625	0.27125	0.4825	0.475	0.16125	0.49	0.51875	0.2125	0.3575	0.22625	0.235	0.405	0.28125	0.245	0.215	0.55375	0.45625	0.1675	0.24	0.25375	-3.5	-2.6	-2.42	-2.32857	-1.53333	0.0793	0.385367	0.37944	0.381371	0.300944
0.27	0.5	0.5	0.73	0.02	0.88	0.99	0.12	0.5	0.05	0.05	0.73	0.12	0.05	0.27	0.5	0.27	0.05	0.12	0.12	0.3575	0.27125	0.5675	0.5975	0.13375	0.5375	0.60375	0.24375	0.385	0.1225	0.115	0.42375	0.1775	0.18875	0.2425	0.60125	0.45625	0.155	0.2125	0.16875	-3.5	-3.5	-2.96	-2.41429	-2.34444	0.3754	0.224867	0.34864	0.325386	0.324567
0.12	0.12	0.73	1	0.05	0.5	0.73	0.27	0.27	0.05	0.02	0.27	0.05	0.05	0.27	0.5	0.27	0.02	0.05	0.05	0.3475	0.31875	0.49125	0.53625	0.13	0.61375	0.6175	0.21625	0.41375	0.18	0.195	0.48125	0.27625	0.23625	0.22375	0.54375	0.36625	0.1775	0.24	0.20625	-3.5	-3.5	-3.06	-2.8	-2.05556	0.2199	0.320833	0.21102	0.284957	0.284833
0.27	0.5	0.5	0.73	0.02	0.88	0.99	0.12	0.5	0.05	0.05	0.73	0.12	0.05	0.27	0.5	0.27	0.05	0.12	0.12	0.27125	0.3	0.49125	0.59875	0.1025	0.61375	0.64625	0.1875	0.41375	0.17125	0.1825	0.4525	0.24875	0.2275	0.22375	0.48375	0.30875	0.17375	0.23125	0.1975	-3.5	-2.76667	-3.06	-2.41429	-2.35556	0.3672	0.200133	0.2428	0.191557	0.272244
0.12	0.12	0.12	0.05	0.12	0.27	0.12	0.05	0.88	0.27	0.27	0.12	0.27	0.95	0.05	0.12	0.12	0.88	1	0.27	0.29	0.3475	0.53875	0.68375	0.09	0.69	0.755	0.19625	0.36625	0.14375	0.155	0.52875	0.23	0.115	0.25125	0.53125	0.3275	0.07	0.12125	0.17875	-1.3	-2.76667	-1.98	-2.41429	-2.35556	0.0133	0.206233	0.17724	0.2385	0.212156
0.27	0.5	0.5	0.73	0.02	0.88	0.99	0.12	0.5	0.05	0.05	0.73	0.12	0.05	0.27	0.5	0.27	0.05	0.12	0.12	0.29	0.3	0.415	0.5075	0.1025	0.585	0.58875	0.16875	0.395	0.17125	0.18625	0.4525	0.2575	0.22375	0.315	0.455	0.30875	0.17375	0.23125	0.20625	-3.5	-0.966667	-1.98	-2.02857	-2.14444	0.2382	0.0997	0.21484	0.207814	0.263078
0.27	0.27	0.12	0.05	0.27	0.5	0.12	0.05	0.12	0.73	0.88	0.27	0.99	0.5	0.12	0.27	0.27	0.27	0.27	0.73	0.27125	0.32875	0.525	0.5925	0.075	0.585	0.63625	0.225	0.47125	0.08625	0.0825	0.48125	0.14875	0.1675	0.315	0.5125	0.3375	0.1425	0.2125	0.12125	1.9	-1.7	-1.44	-1.75714	-2.14444	0.0476	0.231233	0.17352	0.2532	0.279056
0.27	0.5	0.5	0.73	0.02	0.88	0.99	0.12	0.5	0.05	0.05	0.73	0.12	0.05	0.27	0.5	0.27	0.05	0.12	0.12	0.29	0.29125	0.3925	0.38875	0.13375	0.48125	0.4425	0.185	0.39625	0.2875	0.29375	0.39625	0.3425	0.28	0.26875	0.43625	0.3375	0.17375	0.25875	0.31	-3.5	-0.8	-1.5	-1.75714	-1.25556	0.4079	0.205367	0.27838	0.274914	0.291322
0.73	0.27	0.73	0.5	0.27	0.5	0.5	0.5	0.27	0.12	0.12	0.5	0.27	0.12	0.27	0.98	0.73	0.05	0.12	0.12	0.26125	0.29125	0.36375	0.36	0.13375	0.4525	0.41375	0.1375	0.3775	0.30625	0.3125	0.3675	0.3425	0.28	0.26875	0.405	0.37	0.1825	0.25875	0.3575	-0.8	-1.96667	-1.5	-0.928571	-0.944444	0.1606	0.3687	0.33458	0.3202	0.308889
0.27	0.12	0.12	0.27	0.05	0.27	0.27	0.12	0.12	0.05	0.05	0.27	0.12	0.02	1	0.27	0.27	0.02	0.05	0.12	0.31875	0.31	0.51625	0.5075	0.1525	0.51	0.51875	0.2125	0.32	0.2875	0.29	0.415	0.33375	0.18	0.205	0.54125	0.44625	0.07875	0.14875	0.33	-1.6	-1.96667	-0.98	-0.528571	-1.18889	0.5376	0.4058	0.39112	0.361214	0.362633
0.12	0.5	1	0.73	0.05	0.5	0.5	0.5	0.73	0.05	0.05	0.5	0.12	0.05	0.12	0.73	0.5	0.02	0.12	0.05	0.395	0.23375	0.40625	0.3925	0.18375	0.43375	0.42875	0.18375	0.215	0.315	0.29875	0.3575	0.3525	0.185	0.315	0.54	0.5025	0.07875	0.14	0.3575	-3.5	-0.2	-0.42	-1.3	-0.888889	0.5192	0.462367	0.4146	0.425414	0.383467
0.27	0.05	0.05	0.05	0.27	0.05	0.05	0.02	0.05	0.98	0.88	0.05	0.73	0.5	0.05	0.12	0.27	0.05	0.27	0.95	0.37625	0.29	0.525	0.4775	0.15625	0.49	0.485	0.24375	0.3	0.19875	0.195	0.41375	0.27625	0.12875	0.32375	0.61625	0.53125	0.075	0.12125	0.245	4.5	0.1	-0.96	-0.914286	-0.888889	0.3303	0.458267	0.48188	0.427957	0.399522
0.5	0.27	0.5	0.27	0.27	0.27	0.27	0.12	0.12	0.27	0.27	0.27	0.27	0.12	0.27	0.73	0.99	0.12	0.12	0.5	0.3475	0.31	0.46875	0.3925	0.16	0.44375	0.425	0.23125	0.2625	0.2875	0.28	0.4175	0.3525	0.17625	0.29625	0.54	0.44125	0.06625	0.14	0.30125	-0.7	0.1	-0.8	-0.528571	-0.933333	0.5253	0.450867	0.4595	0.432457	0.396689
0.12	0.12	0.73	1	0.05	0.5	0.73	0.27	0.27	0.05	0.02	0.27	0.05	0.05	0.27	0.5	0.27	0.02	0.05	0.05	0.31875	0.30125	0.355	0.245	0.16875	0.35875	0.31125	0.15625	0.24375	0.3625	0.35875	0.36125	0.40875	0.295	0.265	0.46125	0.455	0.16375	0.2525	0.37625	-3.5	-1.66667	0.28	-0.857143	-0.533333	0.497	0.482667	0.39408	0.410286	0.384467
0.73	0.27	0.5	0.27	0.27	0.5	0.5	0.27	0.27	0.27	0.12	0.5	0.27	0.12	0.27	0.95	0.95	0.05	0.12	0.27	0.22375	0.27375	0.375	0.30875	0.15	0.33125	0.3125	0.1475	0.2625	0.39125	0.4025	0.305	0.42875	0.40875	0.1425	0.38625	0.35125	0.24875	0.35625	0.3675	-0.8	-0.8	-1.4	0.0428571	-0.0444444	0.4257	0.3716	0.4045	0.343343	0.360733
0.27	0.27	0.12	0.05	0.27	0.5	0.12	0.05	0.12	0.73	0.88	0.27	0.99	0.5	0.12	0.27	0.27	0.27	0.27	0.73	0.3	0.22625	0.30375	0.2475	0.1775	0.28375	0.30375	0.115	0.19625	0.4375	0.42375	0.28625	0.43375	0.4175	0.1525	0.395	0.4075	0.23375	0.35625	0.395	1.9	-0.933333	-0.7	-0.2	0.766667	0.1921	0.3334	0.30956	0.342443	0.307922
0.27	0.88	0.5	0.27	0.05	0.73	0.73	0.12	0.27	0.05	0.12	0.98	0.27	0.05	0.27	0.5	0.27	0.05	0.12	0.12	0.28125	0.15875	0.265	0.22	0.18625	0.2825	0.23625	0.11	0.28125	0.43375	0.4425	0.20625	0.46625	0.53	0.13375	0.36625	0.38875	0.365	0.46625	0.38625	-3.9	0.266667	0.56	0.442857	0.122222	0.3824	0.208367	0.27496	0.273671	0.311156
0.12	0.05	0.05	0.05	0.12	0.05	0.05	0.05	0.27	0.5	0.5	0.05	0.5	1	0.02	0.12	0.12	0.73	0.95	0.27	0.3	0.24375	0.265	0.22	0.1775	0.34875	0.3025	0.11	0.2725	0.4625	0.4525	0.30375	0.495	0.43	0.14625	0.3375	0.34625	0.27125	0.38125	0.4275	2.8	0.566667	1.48	0.757143	0.666667	0.0506	0.252333	0.1986	0.254014	0.261633
0.12	0.05	0.05	0.05	0.12	0.05	0.05	0.05	0.27	0.5	0.5	0.05	0.5	1	0.02	0.12	0.12	0.73	0.95	0.27	0.31875	0.24375	0.18875	0.11	0.18625	0.30125	0.22625	0.19875	0.25375	0.51875	0.56	0.285	0.58	0.4575	0.1275	0.30875	0.34625	0.28375	0.39	0.455	2.8	3.13333	0.84	1.47143	1.01111	0.324	0.1395	0.23206	0.204571	0.257044
0.27	0.12	0.05	0.02	0.27	0.12	0.05	0.02	0.05	0.88	0.98	0.12	0.88	0.5	0.05	0.12	0.27	0.12	0.27	0.73	0.2425	0.26375	0.18875	0.17125	0.13625	0.34	0.2875	0.18375	0.31	0.44375	0.49125	0.305	0.51375	0.51125	0.12375	0.2525	0.2425	0.36	0.475	0.37875	3.8	1.76667	2.46	1.14286	0.711111	0.0439	0.242433	0.1715	0.242229	0.293833
0.12	0.12	0.12	0.05	0.12	0.27	0.12	0.05	0.88	0.27	0.27	0.12	0.27	0.95	0.05	0.12	0.12	0.88	1	0.27	0.31875	0.26375	0.25625	0.22375	0.155	0.32125	0.32625	0.23625	0.225	0.44375	0.485	0.33375	0.5	0.4075	0.1425	0.34125	0.31875	0.2375	0.365	0.36	-1.3	2.23333	1.82	1.2	0.411111	0.3594	0.160967	0.25252	0.295714	0.390822
