0.73	0.95	0.27	0.27	0.05	0.88	0.73	0.12	0.27	0.05	0.05	0.95	0.12	0.12	0.12	0.5	0.27	0.12	0.88	0.12	0.31875	0.27	0.39625	0.51125	0.28	0.34875	0.4425	0.21125	0.2325	0.17	0.2325	0.335	0.21625	0.155	0.33625	0.47	0.31875	0.0475	0.1575	0.29375	-4.5	0.733333	-0.42	-1.05714	-0.9	0.5744	0.3406	0.43362	0.488314	0.5016
0.5	0.02	0.05	0.02	1	0.05	0.02	0.05	0.02	0.27	0.12	0.02	0.12	0.05	0.02	0.5	0.27	0.02	0.05	0.88	0.37625	0.43375	0.37625	0.4475	0.165	0.405	0.49875	0.22	0.21625	0.13875	0.22375	0.47	0.2075	0.16	0.43875	0.49875	0.3475	0.05625	0.2525	0.19875	4.2	-0.366667	0.12	-0.0142857	-1.01111	0.1434	0.450667	0.44762	0.410229	0.471256
0.73	0.12	0.27	0.88	0.05	0.27	0.73	0.12	0.12	0.05	0.02	0.27	0.05	0.02	1	0.73	0.27	0.02	0.05	0.05	0.37625	0.30375	0.34875	0.3125	0.29625	0.2825	0.35375	0.2025	0.1475	0.2225	0.3125	0.335	0.27375	0.1725	0.42	0.47	0.405	0.0525	0.24375	0.415	-0.8	0.866667	0.18	-0.157143	-0.0444444	0.6342	0.453233	0.4111	0.437314	0.426367
0.27	0.12	0.95	0.95	0.05	0.27	0.73	0.12	0.5	0.12	0.5	0.27	0.12	0.05	0.12	0.95	0.73	0.02	0.05	0.12	0.43375	0.3225	0.1875	0.195	0.29625	0.3725	0.35375	0.19	0.1	0.2425	0.195	0.3925	0.35375	0.16	0.52125	0.42375	0.3	0.04875	0.235	0.4825	-0.8	0.4	0.18	0.0857143	-0.0888889	0.5821	0.4459	0.43656	0.4316	0.396511
0.12	0.27	0.05	0.05	0.05	0.12	0.05	0.05	0.05	0.5	0.27	0.12	0.73	0.88	0.99	0.27	0.12	0.12	0.73	0.88	0.43375	0.36375	0.395	0.42	0.17375	0.495	0.555	0.09	0.18375	0.19125	0.22	0.49625	0.2775	0.05625	0.525	0.56625	0.395	0.0325	0.15375	0.3875	2.8	-0.833333	0.18	0.171429	-0.755556	0.1214	0.4684	0.46068	0.384314	0.440733
0.5	0.88	0.12	0.12	0.05	0.5	0.73	0.12	0.12	0.02	0.05	0.88	0.05	0.02	0.99	0.73	0.5	0.02	0.05	0.05	0.31	0.18375	0.4775	0.49625	0.17	0.3525	0.4125	0.17625	0.175	0.24625	0.2425	0.345	0.35	0.15	0.51625	0.50875	0.32875	0.03125	0.13125	0.47875	-4.5	0.833333	-0.44	-0.928571	-0.644444	0.7017	0.362367	0.38252	0.464114	0.456078
0.5	0.05	0.5	0.05	0.12	0.12	0.05	0.05	0.05	0.5	0.73	0.12	0.73	0.12	0.95	0.27	0.73	0.02	0.05	0.95	0.25	0.28625	0.425	0.50375	0.03875	0.395	0.49625	0.18	0.1875	0.1675	0.23375	0.43875	0.28375	0.25625	0.52	0.50625	0.26875	0.0625	0.21625	0.27125	4.2	-1.4	-0.98	-1.31429	-0.8	0.264	0.403033	0.4065	0.4753	0.458756
0.12	0.27	0.12	0.12	0.05	0.99	0.5	0.02	0.12	0.5	0.27	0.73	0.98	0.05	0.05	0.12	0.12	0.02	0.05	0.88	0.2125	0.25875	0.5575	0.51	0.0425	0.3625	0.44	0.175	0.17875	0.1625	0.29	0.34375	0.24875	0.265	0.51375	0.49625	0.32625	0.17875	0.2125	0.27625	-3.9	-1.06667	-2.24	-0.8	-1.1	0.2434	0.403133	0.52472	0.416071	0.436222
0.12	0.5	0.88	0.95	0.02	0.88	0.95	0.12	0.27	0.02	0.02	0.73	0.05	0.02	0.95	0.73	0.27	0.02	0.05	0.05	0.27	0.2775	0.35875	0.3025	0.055	0.43375	0.355	0.15375	0.1125	0.27	0.36875	0.40125	0.44125	0.2775	0.44875	0.335	0.27875	0.295	0.22125	0.45625	-3.5	-3.63333	-0.78	-1.7	-1.44444	0.702	0.552633	0.41788	0.460357	0.395622
0.12	0.12	1	0.95	0.02	0.12	0.27	0.88	0.27	0.01	0.01	0.5	0.02	0.01	0.05	0.5	0.12	0.01	0.02	0.02	0.3175	0.35375	0.45625	0.40625	0.055	0.62375	0.54375	0.0675	0.16875	0.215	0.3425	0.50625	0.36875	0.17125	0.4525	0.44	0.37375	0.28375	0.14	0.35625	-3.5	-1.4	-2.32	-1.61429	-1.55556	0.7125	0.527333	0.45136	0.391071	0.457178
0.02	0.01	0.01	0.01	0.02	0.01	0.01	0.01	0.05	0.12	0.73	0.01	0.27	1	0.01	0.02	0.02	0.27	0.73	0.12	0.33	0.38125	0.65625	0.52375	0.05125	0.685	0.51875	0.1675	0.19625	0.20125	0.26125	0.58	0.34625	0.0475	0.34	0.47125	0.33875	0.25125	0.05125	0.34375	2.8	-1.4	-2.32	-1.95714	-1.55556	0.1675	0.437133	0.44602	0.449843	0.434889
0.05	0.12	0.95	1	0.01	0.88	0.73	0.05	0.12	0.01	0.01	0.12	0.02	0.02	0.05	0.5	0.12	0.95	0.02	0.02	0.27	0.36375	0.47875	0.395	0.04	0.56375	0.425	0.1575	0.215	0.215	0.275	0.55375	0.30125	0.27875	0.2175	0.38	0.24125	0.22625	0.25875	0.3	-3.5	-1.53333	-1.26	-2.04286	-1.71111	0.4314	0.271867	0.4407	0.486657	0.410444
0.73	0.5	0.12	0.12	0.12	0.73	0.5	0.05	0.12	0.5	0.88	0.73	0.73	0.12	0.5	0.27	0.5	0.95	0.12	0.73	0.28	0.2975	0.5825	0.49625	0.035	0.56875	0.40625	0.17	0.29125	0.125	0.2425	0.40125	0.2	0.29375	0.17	0.45625	0.24125	0.23	0.255	0.16375	-3.9	-1.86667	-1.46	-1.14286	-1.07778	0.2167	0.441167	0.39842	0.392657	0.4217
0.5	0.5	0.95	0.88	0.05	0.88	0.88	0.12	0.5	0.05	0.05	0.73	0.12	0.02	0.12	0.88	0.73	0.02	0.05	0.05	0.30875	0.2375	0.38375	0.28875	0.04375	0.4425	0.2425	0.27125	0.2125	0.17875	0.34375	0.31625	0.27125	0.305	0.10125	0.30375	0.18125	0.34625	0.25875	0.24375	1.8	-2.2	-1.46	-0.385714	-0.733333	0.6754	0.4644	0.37372	0.340114	0.378933
0.5	0.99	0.73	0.12	0.02	0.88	0.27	0.05	0.12	0.02	0.12	0.98	0.12	0.02	0.05	0.5	0.12	0.02	0.05	0.05	0.35625	0.28375	0.30125	0.27125	0.05125	0.46125	0.3	0.17625	0.24125	0.19625	0.34875	0.3325	0.28375	0.31	0.11	0.3225	0.36125	0.35125	0.31875	0.3325	-4.5	0.0333333	-0.4	-0.842857	-0.422222	0.5011	0.406833	0.35638	0.361486	0.342367
0.05	0.02	0.02	0.01	0.02	0.02	0.02	0.01	0.27	0.5	0.12	0.02	0.12	0.99	0.01	0.02	0.05	0.5	1	0.5	0.41125	0.405	0.38875	0.28375	0.05	0.56875	0.33	0.18125	0.2175	0.1225	0.26	0.45125	0.2525	0.07875	0.11375	0.38	0.36875	0.3825	0.17125	0.26125	2.8	0.0333333	0.3	-0.442857	-0.833333	0.044	0.2966	0.37646	0.354629	0.328244
0.88	0.12	0.12	0.05	0.12	0.88	0.12	0.12	0.73	0.27	0.88	0.12	0.88	0.27	0.12	0.5	0.5	0.05	0.12	0.5	0.30375	0.38375	0.26375	0.155	0.03875	0.3575	0.22875	0.1625	0.26875	0.15625	0.17	0.42625	0.16125	0.28875	0.095	0.26	0.3	0.4425	0.40375	0.265	1.8	1.4	-0.2	-0.0142857	-0.588889	0.3447	0.235267	0.31806	0.329443	0.299633
0.12	0.02	0.12	0.05	0.02	0.02	0.02	1	0.02	0	0	0.05	0.01	0.01	0.02	0.12	0.02	0.02	0.01	0.01	0.4175	0.34875	0.2825	0.23125	0.0425	0.48375	0.30125	0.08	0.3575	0.13375	0.17625	0.3775	0.19375	0.30875	0.06	0.365	0.36	0.33	0.40875	0.26875	-0.4	0.233333	0.52	-0.457143	0.0444444	0.3171	0.3484	0.22592	0.2578	0.289222
0.5	0.98	0.12	0.05	0.05	0.27	0.12	0.05	0.12	0.12	0.12	0.88	0.12	0.05	0.05	0.27	0.95	0.05	0.5	0.73	0.34125	0.1725	0.17	0.12375	0.0475	0.34875	0.185	0.18625	0.28875	0.235	0.2175	0.18875	0.28375	0.36375	0.0475	0.27	0.24375	0.33	0.40375	0.29125	-0.7	-0.666667	-0.3	0.442857	0.0555556	0.3834	0.246967	0.2519	0.203786	0.227844
0.01	0.01	0	0	0.01	0.01	0	0.01	0.01	0.01	0.02	0	0.02	0.12	0	0	0.01	1	0.5	0	0.46375	0.185	0.10875	0.13	0.065	0.33375	0.2	0.27625	0.40625	0.26125	0.23	0.19125	0.29625	0.35875	0.0625	0.30375	0.38	0.215	0.4125	0.39125	-0.9	-0.966667	-0.3	0.314286	0.755556	0.0404	0.199233	0.20756	0.215071	0.190422
0.02	0.05	0.05	0.01	0.02	0.05	0.02	0.01	0.99	0.05	0.05	0.02	0.05	0.98	0.01	0.02	0.02	0.98	1	0.05	0.49	0.26875	0.115	0.16125	0.0675	0.38875	0.305	0.28125	0.265	0.25625	0.3025	0.305	0.36875	0.1425	0.075	0.3325	0.40625	0.16125	0.24	0.35625	-1.3	-0.133333	0.16	0.314286	0.0111111	0.1739	0.112433	0.16874	0.1893	0.204678
0.88	0.12	0.27	0.73	0.05	0.88	0.98	0.27	0.12	0.05	0.05	0.27	0.12	0.02	0.12	0.73	0.5	0.02	0.05	0.27	0.36375	0.33625	0.0875	0.08	0.06375	0.20875	0.2325	0.24875	0.2975	0.285	0.255	0.3775	0.34125	0.29125	0.06125	0.215	0.375	0.28125	0.35875	0.3	1.8	0.8	0.66	-0.185714	-0.622222	0.123	0.139967	0.12492	0.168614	0.181167
0.27	0.05	0.05	0.02	0.12	0.05	0.05	0.02	0.05	0.98	0.5	0.05	0.95	0.5	0.05	0.27	0.73	0.05	0.5	0.95	0.45875	0.405	0.1625	0.28125	0.0675	0.34375	0.40875	0.18875	0.3375	0.23125	0.2325	0.4325	0.25125	0.2925	0.15875	0.3675	0.3775	0.29	0.3925	0.2475	1.9	1.83333	0.06	-0.642857	-0.966667	0.123	0.136767	0.1513	0.132857	0.190322
0.99	0.12	0.12	0.12	0.12	0.5	0.27	0.73	0.95	0.12	0.12	0.12	0.12	0.05	0.12	0.5	0.27	0.05	0.12	0.12	0.3975	0.28875	0.2575	0.29625	0.0675	0.31625	0.4	0.10875	0.225	0.33	0.29875	0.3475	0.355	0.34875	0.2675	0.39625	0.35	0.29	0.38375	0.275	1.8	-0.0666667	-0.46	-1.01429	-1.06667	0.1643	0.1532	0.14314	0.184157	0.170622
0.27	0.73	0.12	0.27	0.05	0.5	0.88	0.05	0.12	0.5	0.73	0.95	0.73	0.12	0.12	0.27	0.27	0.05	0.12	0.27	0.5775	0.22625	0.32	0.31125	0.19375	0.34875	0.43375	0.2075	0.4375	0.29625	0.235	0.2775	0.33875	0.33125	0.33	0.535	0.44	0.17125	0.33625	0.31875	-3.9	-2	-1.52	-1.05714	-1.35556	0.1723	0.156567	0.19844	0.188757	0.240767
0.73	0.73	0.12	0.12	0.12	0.27	0.5	0.12	0.12	0.5	0.5	0.95	0.73	0.5	0.12	0.27	0.73	0.05	0.12	0.27	0.58	0.31125	0.405	0.39125	0.18875	0.405	0.5125	0.28875	0.3475	0.29625	0.26375	0.3375	0.33875	0.17625	0.42	0.65125	0.47125	0.055	0.32125	0.31875	-3.9	-3.76667	-2.22	-1.81429	-1.25556	0.1331	0.234967	0.21506	0.267143	0.303756
0.27	0.5	0.5	0.95	0.12	0.27	0.5	0.27	0.27	0.5	0.27	0.27	0.12	0.5	0.73	0.88	0.27	0.12	0.73	0.27	0.5425	0.34	0.3575	0.2025	0.18875	0.405	0.4525	0.23875	0.405	0.3525	0.3775	0.40375	0.43375	0.29625	0.33125	0.49875	0.48125	0.1675	0.34875	0.3475	-3.5	-3	-3.28	-2.14286	-1.03333	0.3995	0.246233	0.31654	0.3554	0.338522
0.73	0.12	0.95	0.27	0.05	0.5	0.27	0.12	0.12	0.05	0.27	0.27	0.12	0.05	0.99	0.73	0.27	0.05	0.05	0.12	0.46625	0.39625	0.38625	0.31875	0.185	0.46125	0.5975	0.26125	0.4325	0.30125	0.34875	0.43125	0.40625	0.4125	0.355	0.575	0.4525	0.185	0.405	0.2625	-1.6	-2.86667	-2.58	-1.85714	-0.933333	0.2061	0.425767	0.43024	0.3942	0.350956
0.73	0.12	0.5	0.27	0.95	0.27	0.88	0.12	0.88	0.12	0.12	0.27	0.5	0.05	0.5	0.88	0.73	0.05	0.12	0.5	0.3575	0.49125	0.49	0.31875	0.06375	0.5375	0.57875	0.17625	0.23375	0.34	0.44375	0.535	0.435	0.42125	0.4075	0.50875	0.37625	0.185	0.39625	0.2625	-3.5	-1.83333	-1.04	-0.9	-0.711111	0.6717	0.539533	0.4908	0.403143	0.360789
0.5	0.73	0.73	0.5	0.05	0.27	0.27	0.73	0.27	0.05	0.05	0.5	0.05	0.12	0.73	0.95	0.73	0.05	0.88	0.05	0.38625	0.38625	0.46125	0.27125	0.28	0.585	0.63625	0.21625	0.31	0.2925	0.395	0.45	0.415	0.40375	0.37	0.5	0.37625	0.185	0.34875	0.29125	-0.4	-0.0333333	0.22	0.2	-0.666667	0.7408	0.616133	0.45788	0.420243	0.371911
0.12	0.12	0.27	0.05	0.05	0.88	0.5	0.02	0.73	0.5	0.73	0.12	0.27	0.98	0.02	0.12	0.12	0.99	0.88	0.5	0.3575	0.4625	0.62625	0.435	0.27125	0.50875	0.6075	0.32375	0.27125	0.18	0.25375	0.48875	0.3025	0.24	0.45875	0.66125	0.395	0.06375	0.34	0.235	3.8	2.06667	1.3	0.2	-0.622222	0.4359	0.470533	0.46722	0.402086	0.3831
0.12	0.12	0.73	0.27	0.02	0.73	0.98	0.05	0.12	0.12	0.27	0.27	0.73	0.98	0.5	0.73	0.5	0.12	0.27	0.12	0.3575	0.4625	0.625	0.30375	0.385	0.55625	0.5	0.2925	0.32875	0.2275	0.2925	0.47	0.245	0.18375	0.31375	0.5375	0.37625	0.16375	0.33125	0.2825	2.8	3.46667	1.3	-0.0714286	-0.622222	0.2349	0.307867	0.38736	0.406043	0.346278
0.12	0.88	0.5	0.12	0.05	0.88	0.73	0.05	0.12	0.5	0.73	0.95	0.73	0.12	0.05	0.12	0.12	0.05	0.12	0.5	0.32875	0.3675	0.55	0.30375	0.39	0.49	0.53125	0.34	0.32	0.2925	0.2925	0.36625	0.32125	0.31875	0.26125	0.55625	0.4525	0.1725	0.35875	0.33	3.8	1.03333	0.68	-0.0714286	0.0555556	0.2528	0.253367	0.28596	0.319814	0.325256
0.27	0.5	0.12	0.12	0.88	0.88	0.73	0.98	0.12	0.05	0.27	0.5	0.12	0.05	0.05	0.27	0.27	0.05	0.5	0.05	0.28125	0.4625	0.56875	0.3325	0.1825	0.5475	0.455	0.22375	0.30125	0.39625	0.35	0.45125	0.36875	0.33625	0.26125	0.51875	0.46125	0.285	0.33	0.38625	-3.5	-1.06667	-0.78	0.628571	0.911111	0.2724	0.253	0.2124	0.2164	0.274389
0.12	0.73	0.98	0.98	0.05	0.27	0.5	0.27	0.27	0.05	0.05	0.88	0.05	0.05	0.12	0.73	0.27	0.02	0.05	0.27	0.36125	0.3575	0.4325	0.1775	0.295	0.62375	0.465	0.255	0.26375	0.405	0.38625	0.40375	0.4625	0.3275	0.17625	0.43375	0.40375	0.28875	0.29125	0.415	-3.5	-3.5	-0.44	0.685714	1.15556	0.2338	0.191433	0.1688	0.184686	0.1981
0.27	0.5	0.95	0.12	1	0.5	0.12	0.05	0.12	0.5	0.12	0.27	0.12	0.05	0.05	0.5	0.5	0.05	0.05	0.27	0.39	0.405	0.52125	0.34125	0.28	0.57625	0.5725	0.295	0.225	0.2925	0.2925	0.49875	0.435	0.21125	0.2925	0.48125	0.4225	0.1675	0.1875	0.35875	-3.5	-0.833333	-0.36	0.542857	0.344444	0.0681	0.106267	0.16102	0.158871	0.1895
0.5	0.12	0.12	0.12	0.12	0.12	0.27	0.5	0.05	0.95	0.73	0.12	0.73	0.27	0.12	0.27	0.5	0.05	0.12	0.88	0.3525	0.44375	0.54	0.31	0.39375	0.53875	0.4375	0.235	0.28125	0.3125	0.245	0.49	0.35875	0.18	0.22375	0.425	0.36625	0.215	0.27	0.2825	4.5	1.73333	0.7	-0.5	0.344444	0.0169	0.0996333	0.11738	0.173971	0.169878
0.5	0.5	0.27	0.5	0.12	0.73	0.27	0.12	0.73	0.5	0.12	0.5	0.27	0.12	0.5	0.73	0.95	0.95	0.27	0.5	0.37125	0.3775	0.4925	0.28125	0.4025	0.44375	0.4375	0.33875	0.19625	0.3125	0.245	0.43375	0.34	0.19	0.185	0.47125	0.405	0.1025	0.2425	0.2825	4.2	3.5	0.7	0.4	-0.166667	0.2139	0.095	0.14232	0.143386	0.193922
0.99	0.12	0.5	0.12	0.12	0.27	0.12	0.27	0.12	0.12	0.12	0.5	0.73	0.05	0.12	0.73	0.27	0.05	0.12	0.5	0.31	0.3775	0.455	0.32	0.3075	0.40625	0.38	0.20375	0.2725	0.445	0.32125	0.405	0.35875	0.3025	0.2325	0.47125	0.49	0.2425	0.30875	0.38625	1.8	0.833333	1.96	0.785714	0.688889	0.0542	0.208867	0.14036	0.177014	0.193233
0.5	0.27	0.95	0.5	0.88	0.73	0.98	0.12	0.27	0.05	0.05	0.27	0.12	0.05	0.88	0.27	0.5	0.05	0.05	0.05	0.39	0.35875	0.38625	0.26875	0.2125	0.40625	0.30125	0.20375	0.25375	0.4625	0.3575	0.415	0.53875	0.31125	0.185	0.5	0.46125	0.255	0.37375	0.42375	-3.5	0.366667	0.9	1.88571	0.688889	0.3585	0.157	0.23082	0.205314	0.219589
0.05	0.05	0.05	0.02	0.05	0.05	0.05	0.02	0.5	0.73	0.5	0.05	0.73	0.95	0.02	0.05	0.05	0.5	1	0.12	0.44625	0.3575	0.4425	0.4325	0.2825	0.49125	0.525	0.24375	0.24375	0.34875	0.30125	0.4425	0.4625	0.19875	0.32	0.5275	0.5175	0.19875	0.26375	0.39625	2.8	-0.5	0.9	0.742857	0.688889	0.0583	0.295333	0.24128	0.270186	0.317589
0.27	0.73	0.27	0.27	0.12	0.73	0.73	0.5	0.12	0.05	0.12	0.88	0.12	0.05	0.12	0.95	0.88	0.05	0.05	0.12	0.37125	0.29125	0.52375	0.49625	0.265	0.4825	0.46875	0.155	0.395	0.32125	0.26375	0.38625	0.4625	0.28375	0.355	0.44375	0.41375	0.255	0.3825	0.2925	-0.8	2.06667	-0.16	-0.357143	-0.2	0.4692	0.264567	0.32464	0.375357	0.3972
0.27	0.12	0.05	0.05	0.12	0.12	0.12	0.05	0.12	0.73	0.88	0.27	0.73	0.88	0.05	0.27	0.27	0.27	0.88	0.88	0.3425	0.32	0.6275	0.52375	0.25625	0.4825	0.57375	0.32	0.31875	0.18	0.16	0.415	0.35875	0.17125	0.31625	0.47125	0.405	0.115	0.25125	0.14125	4.2	-0.0333333	-0.16	-1.11429	-0.711111	0.2662	0.402133	0.44296	0.472386	0.408733
0.27	0.73	0.88	0.95	0.05	0.73	0.73	0.12	0.27	0.12	0.27	0.73	0.88	0.12	0.5	0.5	0.27	0.12	0.5	0.12	0.2525	0.29125	0.57125	0.43	0.25625	0.435	0.51625	0.34	0.40375	0.25625	0.255	0.41375	0.2825	0.275	0.26	0.4425	0.43375	0.1425	0.375	0.2075	-3.5	-0.933333	-1.42	-0.671429	-1.26667	0.471	0.562433	0.57798	0.466557	0.446333
0.27	0.27	0.5	0.95	0.73	0.5	0.98	0.27	0.27	0.27	0.12	0.27	0.12	0.05	0.27	0.5	0.5	0.05	0.12	0.12	0.22375	0.3775	0.50625	0.37375	0.07625	0.435	0.3775	0.3125	0.385	0.35	0.33	0.5	0.485	0.3875	0.185	0.42375	0.37625	0.16	0.5075	0.31125	-3.5	-3.5	-1.34	-1.52857	-0.666667	0.9501	0.718167	0.54768	0.514314	0.413189
0.12	0.27	0.99	0.88	0.05	0.73	0.5	0.27	0.88	0.05	0.05	0.5	0.12	0.05	0.5	0.5	0.5	0.05	0.12	0.05	0.3275	0.4625	0.53	0.41375	0.17	0.49125	0.49375	0.325	0.28	0.30125	0.31	0.575	0.4275	0.3025	0.245	0.50875	0.48	0.10375	0.3975	0.32	-3.5	-2.46667	-2.82	-1.14286	-1.06667	0.7334	0.667067	0.57296	0.455886	0.447411
0.27	0.12	0.88	0.5	0.05	0.12	0.5	0.99	0.12	0.05	0.05	0.12	0.05	0.05	0.12	0.27	0.27	0.05	0.05	0.05	0.385	0.405	0.51625	0.43375	0.17	0.49125	0.4175	0.17875	0.36625	0.3575	0.32875	0.54625	0.455	0.31125	0.3875	0.48125	0.46125	0.1	0.415	0.4275	-0.4	-2.36667	-1.74	-1.85714	-0.777778	0.3177	0.481233	0.4908	0.470186	0.406589
0.27	0.5	0.88	0.27	0.05	0.5	0.27	0.5	0.95	0.12	0.27	0.95	0.27	0.12	0.12	0.73	0.5	0.12	0.73	0.27	0.385	0.37625	0.525	0.4625	0.17	0.44375	0.44625	0.24	0.2625	0.34875	0.2825	0.47125	0.37	0.255	0.44375	0.48125	0.5175	0.06375	0.2825	0.38125	-3.2	-0.566667	-1.2	-1.1	-1.32222	0.3926	0.256833	0.37404	0.417443	0.4216
0.27	0.5	0.05	0.05	0.12	0.5	0.12	0.05	0.12	0.95	0.5	0.5	0.98	0.88	0.05	0.12	0.27	0.12	0.73	0.88	0.46125	0.3	0.64125	0.405	0.16125	0.415	0.4075	0.29625	0.4425	0.23625	0.22625	0.49875	0.18625	0.15125	0.48125	0.58625	0.6225	0.055	0.2825	0.32375	1.9	-0.7	-0.14	-0.7	-0.733333	0.0602	0.273033	0.24772	0.339043	0.401678
0.73	0.73	0.73	0.27	0.12	0.73	0.5	0.12	0.27	0.12	0.27	0.88	0.27	0.27	0.73	0.73	0.88	0.05	0.12	0.12	0.4325	0.3475	0.585	0.35	0.07625	0.415	0.3475	0.26875	0.4525	0.3125	0.24625	0.53625	0.275	0.2275	0.3775	0.53875	0.5175	0.06375	0.35875	0.41	-0.8	0.966667	-0.2	0.0571429	-0.777778	0.3663	0.1761	0.26444	0.275943	0.349033
0.88	0.12	0.05	0.05	0.12	0.12	0.12	0.05	0.05	0.5	0.27	0.27	0.27	0.12	0.88	0.5	0.5	0.02	0.12	0.98	0.4325	0.405	0.6375	0.2825	0.07625	0.415	0.3475	0.3675	0.385	0.265	0.24625	0.565	0.3225	0.3025	0.3025	0.5675	0.59375	0.07625	0.435	0.3025	1.8	0.1	0.8	-0.442857	-0.433333	0.1018	0.2898	0.24426	0.2986	0.302033
0.27	0.27	0.12	0.05	0.12	0.12	0.12	0.05	0.12	0.73	0.73	0.5	0.27	0.5	0.5	0.73	0.95	0.05	0.5	0.73	0.50875	0.49	0.5525	0.235	0.085	0.43375	0.31875	0.335	0.4525	0.26375	0.21625	0.6125	0.35	0.31125	0.36875	0.53875	0.595	0.08125	0.4725	0.36125	-0.7	0.966667	-0.36	-0.0428571	-0.888889	0.4013	0.264933	0.32748	0.286857	0.297178
0.88	0.12	0.98	0.27	0.05	0.5	0.27	0.12	0.88	0.05	0.05	0.5	0.12	0.05	0.73	0.73	0.88	0.05	0.5	0.27	0.4325	0.46125	0.3975	0.23625	0.1025	0.3575	0.32875	0.27875	0.25375	0.425	0.35875	0.55625	0.3975	0.38625	0.34	0.51	0.60375	0.0725	0.39625	0.50375	1.8	-0.933333	-0.28	-0.957143	-0.0666667	0.2917	0.389767	0.3163	0.3174	0.281844
0.5	0.88	0.73	0.73	0.05	0.73	0.88	0.12	0.5	0.05	0.05	0.95	0.12	0.05	0.12	0.73	0.27	0.05	0.12	0.05	0.48	0.41375	0.545	0.26375	0.1025	0.3	0.32875	0.30625	0.32	0.36875	0.31125	0.5	0.29	0.2825	0.4725	0.5575	0.68	0.06375	0.3675	0.48375	-3.9	-0.833333	-1.54	-0.242857	-0.777778	0.4763	0.359467	0.35074	0.301443	0.332178
0.27	0.12	0.73	0.12	0.05	0.12	0.12	0.99	0.12	0.05	0.05	0.12	0.5	0.5	0.05	0.5	0.73	0.12	0.73	0.05	0.45125	0.45125	0.51625	0.36875	0.1025	0.37625	0.42375	0.245	0.3675	0.445	0.36875	0.55625	0.27125	0.255	0.405	0.5575	0.575	0.06375	0.33875	0.53125	-0.4	-2.93333	-0.56	-1.14286	-0.266667	0.3104	0.353567	0.3214	0.360214	0.342022
0.27	0.95	0.27	0.12	0.12	0.27	0.27	0.73	0.73	0.27	0.27	0.73	0.27	0.5	0.27	0.27	0.73	0.12	0.73	0.27	0.375	0.36625	0.63	0.425	0.09375	0.37625	0.42375	0.305	0.3	0.44625	0.39875	0.48	0.3575	0.33125	0.2825	0.5575	0.60375	0.07625	0.3575	0.4725	-4.5	-0.233333	-1.82	-0.5	-0.0444444	0.274	0.279667	0.3657	0.367871	0.395789
0.27	0.12	0.5	0.5	0.12	0.27	0.5	0.12	0.12	0.73	0.73	0.5	0.5	0.27	0.12	0.5	0.5	0.05	0.12	0.95	0.375	0.49875	0.69625	0.4625	0.09375	0.42375	0.4425	0.46625	0.4525	0.33125	0.265	0.50875	0.31	0.3125	0.33	0.52875	0.605	0.085	0.38625	0.35875	4.2	-1.6	-0.28	-0.214286	-0.355556	0.2546	0.347267	0.36142	0.409871	0.422756
0.27	0.88	0.98	0.73	0.12	0.27	0.73	0.27	0.27	0.5	0.12	0.5	0.12	0.05	0.5	0.5	0.27	0.05	0.12	0.5	0.29875	0.45125	0.6325	0.49125	0.09375	0.4525	0.47125	0.52375	0.3575	0.36875	0.35	0.5375	0.405	0.3675	0.20625	0.5	0.615	0.085	0.33875	0.39625	-4.5	1.16667	0.56	-0.157143	-0.944444	0.5132	0.407567	0.41648	0.433829	0.460311
0.27	0.27	0.5	0.5	0.12	0.73	0.5	0.5	0.27	0.73	0.73	0.5	0.5	0.5	0.12	0.5	0.5	0.12	0.5	0.5	0.25125	0.4325	0.61625	0.49125	0.09375	0.31875	0.48125	0.51375	0.38625	0.39625	0.33	0.43375	0.37625	0.415	0.245	0.42375	0.58625	0.195	0.38625	0.4525	3.8	1.03333	0.76	-0.6	-0.611111	0.4549	0.517933	0.49048	0.479443	0.460889
0.27	0.27	0.5	0.5	0.12	0.27	0.27	0.27	0.12	0.73	0.73	0.27	0.73	0.73	0.12	0.27	0.73	0.12	0.27	0.73	0.28	0.48	0.5875	0.5675	0.1025	0.47125	0.61375	0.48125	0.5	0.405	0.3575	0.53875	0.3475	0.33875	0.2725	0.42375	0.5	0.195	0.38625	0.45125	3.8	1.36667	-0.78	-0.0857143	-0.955556	0.5857	0.561533	0.5655	0.509086	0.479544
0.27	0.5	0.88	0.73	0.12	0.5	0.5	0.73	0.73	0.27	0.12	0.5	0.12	0.12	0.73	0.73	0.73	0.05	0.12	0.5	0.28	0.395	0.52125	0.53875	0.1025	0.4425	0.61375	0.42375	0.3475	0.52	0.49125	0.48125	0.48125	0.38625	0.1775	0.36625	0.47125	0.20375	0.37625	0.5375	-3.5	-1.06667	-0.06	-1.18571	0.0111111	0.644	0.6198	0.55916	0.541043	0.488022
0.27	0.5	0.95	0.73	0.05	0.73	0.73	0.73	0.27	0.12	0.12	0.73	0.5	0.27	0.12	0.5	0.73	0.05	0.12	0.12	0.26125	0.47125	0.465	0.4825	0.22125	0.395	0.61375	0.4425	0.39625	0.51	0.43375	0.4525	0.38625	0.3675	0.30125	0.3475	0.4425	0.20375	0.3675	0.48125	-3.5	-2.63333	-1.52	0.0571429	-0.177778	0.6297	0.585067	0.56384	0.517771	0.508022
0.12	0.12	0.12	0.5	0.05	0.12	0.73	0.27	0.73	0.5	0.5	0.12	0.27	0.88	0.05	0.12	0.27	1	0.88	0.5	0.35625	0.5	0.48	0.4825	0.22125	0.52875	0.585	0.5	0.39625	0.415	0.38625	0.57625	0.415	0.29125	0.2625	0.395	0.5575	0.085	0.2725	0.43375	-0.9	-2.63333	-1.44	-0.128571	0.522222	0.4815	0.529833	0.51676	0.514871	0.479722
0.5	0.5	0.5	0.73	0.12	0.88	0.95	0.5	0.88	0.12	0.27	0.73	0.5	0.12	0.27	0.27	0.27	0.12	0.5	0.27	0.30875	0.43375	0.48	0.51	0.20375	0.43375	0.61375	0.5	0.3775	0.405	0.33875	0.5	0.33875	0.33	0.235	0.3475	0.51	0.18625	0.32	0.43375	-3.5	-0.0666667	-0.24	-0.414286	-0.288889	0.4783	0.4367	0.47488	0.468129	0.490511
0.27	0.5	0.12	0.12	0.12	0.27	0.5	0.73	0.12	0.73	0.73	0.5	0.73	0.27	0.12	0.27	0.5	0.12	0.5	0.73	0.31875	0.415	0.5275	0.58625	0.19125	0.595	0.69875	0.5475	0.4725	0.2525	0.22375	0.5575	0.3425	0.22625	0.245	0.32875	0.405	0.295	0.30125	0.3	4.2	1.06667	0.82	-0.414286	-0.5	0.3503	0.421067	0.40064	0.454986	0.4529
0.12	0.73	0.12	0.05	1	0.12	0.73	0.27	0.05	0.5	0.27	0.5	0.12	0.27	0.5	0.12	0.27	0.05	0.05	0.12	0.395	0.3575	0.4325	0.56625	0.185	0.61375	0.69875	0.52875	0.405	0.33875	0.3	0.58625	0.4375	0.27375	0.12125	0.31875	0.43375	0.30375	0.3575	0.405	2.5	2.83333	0.3	0.357143	0.355556	0.4346	0.3478	0.41474	0.400343	0.415678
0.88	0.73	0.27	0.5	0.12	0.73	0.5	0.27	0.73	0.12	0.12	0.88	0.12	0.05	0.12	0.5	0.73	0.05	0.12	0.5	0.37625	0.38625	0.31	0.43375	0.30375	0.48	0.7275	0.5475	0.30125	0.405	0.3375	0.51	0.40875	0.2825	0.16875	0.27125	0.31875	0.30375	0.39625	0.405	1.8	0.266667	1.38	1.08571	0.7	0.2585	0.415033	0.36852	0.3757	0.360067
0.27	0.12	0.88	0.95	0.05	0.73	0.95	0.73	0.27	0.27	0.12	0.5	0.12	0.05	0.12	0.27	0.12	0.05	0.5	0.27	0.5	0.4625	0.23375	0.33	0.32125	0.49875	0.6425	0.4625	0.2825	0.415	0.30875	0.5575	0.40875	0.2825	0.25375	0.3475	0.48	0.19375	0.34875	0.43375	-3.5	0.0666667	1.38	1.52857	0.722222	0.552	0.352567	0.36026	0.325829	0.352111
0.12	0.12	0.5	0.5	0.02	0.95	0.5	0.88	0.12	0.12	0.27	0.5	0.99	0.05	0.05	0.12	0.12	0.99	0.12	0.12	0.51875	0.4625	0.28125	0.3575	0.31625	0.395	0.595	0.415	0.25375	0.48125	0.29	0.52875	0.3	0.38625	0.32	0.36625	0.46125	0.095	0.4525	0.4525	1.9	0.866667	0.8	0.828571	1.42222	0.2472	0.3694	0.29918	0.334343	0.329078
0.73	0.27	0.12	0.5	0.95	0.5	0.73	0.12	0.12	0.73	0.27	0.73	0.27	0.5	0.12	0.5	0.73	0.05	0.12	0.73	0.47125	0.39625	0.42375	0.37625	0.2	0.45125	0.61375	0.43375	0.25375	0.3475	0.21375	0.47125	0.31375	0.3025	0.35875	0.395	0.44125	0.2	0.39625	0.37625	4.2	1.9	0.3	0.871429	0.877778	0.309	0.228467	0.32946	0.310971	0.345844
0.88	0.73	0.12	0.12	0.12	0.27	0.73	0.88	0.12	0.27	0.27	0.5	0.27	0.12	0.12	0.5	0.27	0.05	0.5	0.5	0.47125	0.28125	0.51875	0.5275	0.185	0.55625	0.61375	0.39625	0.28125	0.3575	0.2425	0.5475	0.36125	0.3225	0.40625	0.41375	0.5275	0.2	0.34875	0.405	-0.4	1.03333	1.56	0.514286	0.211111	0.1292	0.2827	0.27326	0.345643	0.354922
0.5	0.12	0.12	0.12	0.12	0.27	0.5	0.05	0.12	0.73	0.27	0.12	0.27	0.88	0.73	0.5	0.95	0.12	0.88	0.5	0.4425	0.28125	0.5	0.49875	0.185	0.48	0.595	0.52875	0.205	0.3475	0.31875	0.51875	0.40875	0.33125	0.34875	0.41375	0.47	0.2	0.3775	0.405	-0.7	0.566667	1.04	0.514286	-0.0666667	0.4099	0.270033	0.32406	0.340543	0.391911
0.5	0.5	0.5	0.5	0.05	0.27	0.12	0.27	0.5	0.5	0.27	0.5	0.5	0.95	0.73	0.27	0.12	0.27	0.95	0.27	0.47125	0.23375	0.405	0.36625	0.2025	0.4225	0.63375	0.44375	0.215	0.3575	0.36625	0.4425	0.39875	0.3225	0.425	0.51875	0.6775	0.18125	0.32125	0.43375	2.8	0.466667	-0.5	0.142857	-0.0666667	0.271	0.394033	0.36552	0.389714	0.411467
0.5	0.12	0.88	0.27	0.12	0.27	0.88	0.12	0.12	0.27	0.12	0.27	0.12	0.05	0.5	0.88	0.95	0.02	0.05	0.73	0.49	0.3575	0.32875	0.4425	0.1975	0.395	0.58625	0.3675	0.28125	0.38625	0.36625	0.5	0.3375	0.49125	0.4625	0.49	0.66875	0.10375	0.51	0.395	-0.7	-0.466667	-0.56	-0.957143	-0.666667	0.5012	0.4295	0.45796	0.449571	0.429544
0.27	0.27	0.88	0.88	0.05	0.73	0.73	0.73	0.27	0.12	0.5	0.88	0.5	0.05	0.88	0.27	0.5	0.05	0.05	0.12	0.46125	0.31125	0.32875	0.395	0.09	0.36625	0.52875	0.2825	0.25375	0.31625	0.2875	0.395	0.2625	0.43	0.525	0.51875	0.6675	0.09625	0.4975	0.38625	-3.5	-1.63333	-1.12	-1.4	-1.31111	0.5163	0.5363	0.52158	0.489671	0.4432
0.27	0.12	0.12	0.27	0.12	0.12	0.12	0.5	0.12	0.5	0.73	0.27	0.5	0.88	0.27	0.5	0.95	0.12	0.73	0.5	0.47375	0.245	0.42375	0.47125	0.08125	0.42375	0.52875	0.32375	0.26375	0.24125	0.23125	0.42375	0.24375	0.3175	0.60125	0.51875	0.61125	0.0875	0.35625	0.29125	-0.7	-2.56667	-2.38	-1.52857	-1.06667	0.5914	0.6119	0.54936	0.492814	0.4405
0.5	0.12	0.5	0.27	0.12	0.27	0.88	0.27	0.73	0.12	0.5	0.27	0.27	0.05	0.73	0.88	0.95	0.05	0.12	0.27	0.445	0.32125	0.395	0.49	0.0725	0.4625	0.4625	0.40875	0.26375	0.23125	0.2325	0.53125	0.25375	0.3175	0.4675	0.47125	0.52625	0.0875	0.385	0.2725	-3.5	-2.56667	-2.56	-1.67143	-1.42222	0.728	0.576433	0.5355	0.469086	0.421944
0.27	0.73	0.27	0.88	0.05	0.73	0.88	0.12	0.27	0.12	0.12	0.73	0.12	0.5	0.12	0.5	0.88	0.12	0.73	0.27	0.42625	0.18875	0.3675	0.35375	0.09	0.3775	0.45375	0.39625	0.2925	0.26	0.35625	0.4175	0.30125	0.265	0.45875	0.5	0.5825	0.1075	0.31375	0.30125	-3.5	-2.86667	-1.5	-2.12857	-1.42222	0.4099	0.523267	0.45322	0.432186	0.395244
0.27	0.05	0.12	0.73	0.02	0.73	0.12	0.05	0.05	0.02	0.02	0.5	0.05	0.01	1	0.12	0.27	0.02	0.02	0.05	0.3975	0.32125	0.31	0.40125	0.09375	0.40625	0.53	0.4525	0.39625	0.25375	0.36875	0.5225	0.3575	0.335	0.39625	0.5	0.63125	0.1325	0.4875	0.3	-1.6	-1.1	-2.14	-1.22857	-1.77778	0.4319	0.315567	0.38352	0.362814	0.3761
0.98	0.05	0.12	0.12	0.12	0.12	0.12	0.98	0.05	0.05	0.05	0.12	0.12	0.05	0.12	0.73	0.27	0.05	0.05	0.12	0.30875	0.3025	0.20625	0.37375	0.185	0.40625	0.45375	0.3075	0.36875	0.345	0.39375	0.49375	0.41	0.3575	0.4025	0.405	0.6025	0.24125	0.4925	0.38625	1.8	-1.23333	-0.88	-1.68571	-1.17778	0.1049	0.2599	0.24406	0.325314	0.333756
0.5	0.73	0.27	0.27	0.05	0.73	0.73	0.5	0.73	0.27	0.05	0.98	0.12	0.05	0.12	0.5	0.27	0.05	0.5	0.12	0.36875	0.265	0.2825	0.38375	0.28875	0.40625	0.425	0.3675	0.36	0.28875	0.3175	0.4625	0.3625	0.25375	0.38375	0.4625	0.575	0.2325	0.36	0.33875	-3.9	0.233333	-0.96	-0.914286	-1.53333	0.2429	0.126167	0.22786	0.240629	0.315178
0.12	0.05	0.05	0.02	0.12	0.05	0.05	0.02	0.27	0.73	0.88	0.05	0.73	0.98	0.05	0.12	0.5	0.5	0.99	0.5	0.36875	0.3975	0.2625	0.3875	0.27125	0.4725	0.415	0.4	0.38875	0.23125	0.185	0.56	0.28625	0.255	0.3075	0.415	0.4425	0.2325	0.40875	0.2725	2.8	-1.66667	-0.26	-0.971429	-1.28889	0.0307	0.200833	0.16852	0.242671	0.247478
0.27	0.5	0.27	0.5	0.12	0.5	0.73	0.5	0.73	0.12	0.12	0.88	0.5	0.12	0.88	0.5	0.73	0.12	0.73	0.5	0.35	0.28375	0.235	0.28	0.28	0.3875	0.25375	0.34	0.42	0.3075	0.28	0.4275	0.33375	0.41	0.25125	0.3675	0.3375	0.39	0.4125	0.25375	-3.9	0.266667	-1.4	-0.928571	-1	0.3289	0.164933	0.23238	0.197929	0.240689
0.27	0.12	0.05	0.05	0.88	0.12	0.12	0.5	0.05	0.88	0.73	0.27	0.99	0.27	0.05	0.12	0.27	0.95	0.12	0.88	0.35	0.35875	0.33875	0.3075	0.1975	0.3775	0.34875	0.4525	0.5325	0.225	0.235	0.50375	0.3575	0.48125	0.26375	0.4625	0.395	0.29875	0.5775	0.215	1.9	-1.96667	-0.88	-1.31429	-0.866667	0.1352	0.2961	0.20754	0.232771	0.228889
0.27	0.5	0.88	0.5	0.88	0.73	0.5	0.5	0.73	0.27	0.12	0.88	0.12	0.05	0.12	0.73	0.73	0.05	0.12	0.12	0.31875	0.33875	0.25375	0.27	0.21625	0.32	0.32	0.3925	0.45625	0.38625	0.39625	0.44625	0.51375	0.565	0.27375	0.3575	0.36625	0.42	0.605	0.38625	-3.9	-1.1	-1.62	-0.814286	-0.6	0.4242	0.226033	0.27116	0.2446	0.257189
0.12	0.5	0.12	0.05	0.05	0.12	0.12	0.05	0.5	0.12	0.27	0.12	0.27	0.99	0.05	0.12	0.12	0.5	1	0.12	0.36625	0.28125	0.3775	0.32625	0.3475	0.39625	0.33875	0.42	0.485	0.43375	0.405	0.48125	0.51375	0.475	0.3775	0.4625	0.5	0.3725	0.46625	0.43375	-1.3	-2.03333	-0.92	-0.614286	0.0333333	0.1187	0.297233	0.27052	0.291586	0.268178
0.27	0.27	0.27	0.5	0.12	0.5	0.27	0.12	0.98	0.12	0.12	0.5	0.27	0.88	0.5	0.5	0.27	1	0.5	0.12	0.395	0.395	0.38625	0.35875	0.33875	0.37625	0.3475	0.4425	0.425	0.37625	0.3475	0.46125	0.51375	0.4575	0.425	0.51	0.48125	0.28125	0.49625	0.405	-0.9	-0.866667	-0.46	0.2	-0.366667	0.3488	0.2644	0.3154	0.293429	0.315456
0.27	0.27	0.73	0.5	0.12	0.27	0.27	0.95	0.27	0.12	0.27	0.5	0.73	0.73	0.27	0.5	0.27	0.12	0.73	0.12	0.42375	0.3475	0.31	0.31125	0.33875	0.37625	0.31875	0.3675	0.5325	0.42375	0.3475	0.36625	0.4275	0.58	0.35875	0.48125	0.42375	0.43875	0.49875	0.43375	-0.4	0.966667	0.68	-0.185714	0.377778	0.3257	0.3447	0.29892	0.339286	0.309722
0.73	0.27	0.27	0.27	0.27	0.27	0.27	0.5	0.12	0.73	0.73	0.27	0.5	0.5	0.27	0.5	0.5	0.12	0.27	0.73	0.36625	0.36625	0.395	0.39625	0.225	0.4525	0.36625	0.42375	0.57875	0.27125	0.29	0.395	0.42375	0.60875	0.4625	0.52875	0.395	0.44375	0.60375	0.31	4.2	1.86667	0.78	0.771429	0.588889	0.3596	0.342367	0.36642	0.3183	0.333356
0.73	0.27	0.5	0.27	0.27	0.73	0.5	0.27	0.73	0.5	0.27	0.5	0.27	0.27	0.88	0.73	0.73	0.12	0.27	0.5	0.36625	0.3375	0.36625	0.3675	0.13	0.41375	0.3375	0.48125	0.445	0.3	0.36625	0.29	0.47125	0.69375	0.405	0.47125	0.30875	0.47125	0.65125	0.38625	1.8	1.73333	1.52	1.5	0.633333	0.3418	0.385867	0.35212	0.351043	0.336056
0.5	0.73	0.27	0.73	0.12	0.27	0.27	0.27	0.27	0.27	0.27	0.27	0.73	0.73	0.88	0.88	0.5	0.27	0.73	0.27	0.41375	0.28	0.41375	0.31875	0.1575	0.51875	0.385	0.49	0.47375	0.37625	0.395	0.36625	0.49	0.54625	0.41375	0.52875	0.4325	0.405	0.53125	0.49125	-0.8	1.26667	2.36	1.12857	0.344444	0.4562	0.358433	0.35656	0.365286	0.381122
0.5	0.12	0.12	0.12	0.12	0.27	0.5	0.73	0.88	0.5	0.27	0.12	0.27	0.95	0.12	0.27	0.27	0.5	0.98	0.73	0.41375	0.41375	0.4325	0.36625	0.1575	0.51875	0.385	0.5275	0.30875	0.36625	0.395	0.385	0.5475	0.5	0.55625	0.57625	0.46125	0.285	0.5	0.48125	2.8	1.93333	0.82	0.628571	0.4	0.2773	0.360467	0.37434	0.393657	0.3833
0.27	0.27	0.27	0.5	0.12	0.73	0.5	0.5	0.27	0.27	0.73	0.27	0.73	0.27	0.88	0.5	0.27	0.99	0.5	0.5	0.47125	0.395	0.4325	0.3475	0.1575	0.46125	0.4425	0.47125	0.385	0.395	0.3375	0.3375	0.4325	0.55625	0.5375	0.57625	0.51875	0.22375	0.48375	0.52875	3.8	1.03333	-0.32	-0.0285714	0.0555556	0.3479	0.3579	0.41084	0.394914	0.404089
0.27	0.27	0.88	0.27	0.12	0.88	0.5	0.73	0.27	0.27	0.27	0.27	0.27	0.5	0.27	0.5	0.27	0.27	0.5	0.5	0.49	0.37625	0.4325	0.4525	0.13875	0.4425	0.4425	0.47125	0.48	0.31875	0.31875	0.3375	0.4425	0.48	0.595	0.605	0.49	0.31375	0.5125	0.47125	-3.5	-1.2	-0.24	-0.785714	-0.8	0.4485	0.440233	0.39328	0.419343	0.391844
0.27	0.5	0.27	0.12	0.12	0.5	0.27	0.12	0.27	0.5	0.5	0.5	0.88	0.27	0.12	0.73	0.88	0.12	0.5	0.73	0.4325	0.32875	0.5375	0.56	0.11125	0.46125	0.47125	0.5475	0.40375	0.2425	0.2625	0.28	0.3475	0.48125	0.6275	0.51875	0.35625	0.32375	0.485	0.41375	-3.9	-2.6	-1.5	-1.17143	-1.38889	0.5243	0.447067	0.44038	0.3898	0.389789
0.27	0.73	0.27	0.27	0.12	0.5	0.5	0.88	0.27	0.27	0.12	0.5	0.27	0.73	0.88	0.27	0.27	0.27	0.5	0.5	0.40375	0.22375	0.51875	0.45625	0.11125	0.4425	0.42375	0.425	0.4925	0.3	0.33875	0.26125	0.36625	0.4425	0.4375	0.48125	0.4325	0.33375	0.5175	0.5	-0.4	-2.6	-2.96	-2.07143	-1.65556	0.3684	0.4685	0.42068	0.396371	0.347356
0.5	0.27	0.88	0.73	0.12	0.27	0.73	0.27	0.27	0.12	0.27	0.27	0.27	0.5	0.88	0.73	0.73	0.12	0.12	0.27	0.31875	0.2725	0.5375	0.39	0.1025	0.5	0.36625	0.41625	0.3975	0.29	0.30125	0.28125	0.3475	0.44375	0.425	0.39625	0.3475	0.415	0.5525	0.5	-3.5	-2.46667	-2.96	-3.07143	-2.06667	0.5128	0.376867	0.39564	0.357286	0.329689
0.88	0.12	0.88	0.88	0.12	0.27	0.27	0.73	0.88	0.12	0.12	0.27	0.12	0.12	0.12	0.73	0.27	0.12	0.5	0.27	0.2525	0.26	0.50625	0.31125	0.1025	0.415	0.36375	0.29875	0.29	0.37875	0.32	0.25375	0.3375	0.4725	0.41625	0.34	0.38625	0.29375	0.4575	0.56125	-3.5	-3.5	-2.82	-2.7	-1.98889	0.2494	0.361833	0.30564	0.310114	0.293967
0.27	0.12	0.73	0.98	0.05	0.5	0.5	0.27	0.12	0.12	0.05	0.27	0.12	0.05	0.99	0.27	0.27	0.05	0.05	0.27	0.32875	0.2325	0.4175	0.2675	0.11125	0.2825	0.275	0.2675	0.35375	0.46375	0.41375	0.22625	0.41375	0.48125	0.27625	0.34125	0.3675	0.275	0.46625	0.6175	-3.5	-3.4	-2.92	-1.5	-1.1	0.3233	0.215667	0.25562	0.238986	0.253644
0.27	0.12	0.12	0.05	0.12	0.12	0.12	0.05	0.98	0.5	0.5	0.12	0.27	0.88	0.12	0.12	0.5	0.5	0.99	0.73	0.41375	0.185	0.49375	0.49125	0.09375	0.30125	0.39875	0.295	0.30375	0.36	0.30125	0.245	0.29125	0.3775	0.385	0.36	0.2625	0.20625	0.30125	0.475	-3.2	-2.53333	-1.32	-0.8	-1.05556	0.0743	0.171967	0.15834	0.198586	0.218444
0.05	0.05	0.88	0.05	0.05	0.5	0.27	0.05	0.12	0.27	0.12	0.05	0.12	0.73	0.02	0.05	0.05	1	0.88	0.5	0.4225	0.10875	0.38	0.46375	0.09375	0.1975	0.32375	0.1875	0.38	0.4175	0.3675	0.1975	0.29125	0.3075	0.29375	0.36875	0.41	0.1125	0.25875	0.45625	-0.9	0.133333	0.28	-0.8	-1.08889	0.1183	0.073	0.12558	0.154971	0.188067
0.12	0.02	0.02	0.02	0.12	0.05	0.02	0.02	0.02	0.98	0.73	0.05	0.5	0.12	0.05	0.05	0.12	0.02	0.12	0.99	0.35375	0.085	0.4875	0.50125	0.07125	0.235	0.32625	0.16375	0.365	0.315	0.2575	0.17	0.21125	0.32125	0.1825	0.2925	0.31625	0.22	0.34	0.3625	4.5	2.7	0.28	-0.4	-1.08889	0.0264	0.0767667	0.10242	0.132914	0.166956
0.27	0.05	0.02	0.02	0.12	0.05	0.02	0.02	0.02	0.95	0.95	0.05	0.88	0.5	0.02	0.05	0.12	0.05	0.12	0.95	0.23125	0.12875	0.44	0.39375	0.05875	0.2075	0.29875	0.075	0.3175	0.31	0.22125	0.1425	0.155	0.35	0.17375	0.2075	0.28875	0.26375	0.4025	0.34	4.5	1.83333	0.78	-0.4	-0.844444	0.0856	0.1065	0.10656	0.132843	0.158389
0.95	0.12	0.27	0.98	0.05	0.27	0.88	0.12	0.73	0.05	0.05	0.5	0.05	0.27	0.12	0.73	0.27	0.02	0.12	0.05	0.1275	0.12	0.40875	0.275	0.0625	0.18	0.25125	0.035	0.22875	0.41	0.33	0.1625	0.24625	0.37375	0.04375	0.15125	0.27	0.2625	0.39875	0.42125	-3.5	0.1	0.26	-0.128571	-0.844444	0.2075	0.129367	0.14746	0.146843	0.1981
0.12	0.05	0.12	0.05	0.05	0.05	0.05	0.02	0.02	0.5	0.27	0.05	0.12	0.02	0.05	0.27	1	0.02	0.05	0.12	0.23125	0.17625	0.5375	0.47625	0.05	0.28375	0.45	0.05625	0.22875	0.29375	0.2425	0.2375	0.21	0.2975	0.04375	0.25625	0.22625	0.20125	0.29	0.3275	-0.7	-2.56667	-0.9	-0.5	-0.566667	0.095	0.208433	0.17664	0.227186	0.224556
0.02	0.05	0.88	1	0.01	0.12	0.5	0.05	0.05	0.01	0	0.05	0.01	0	0.02	0.12	0.05	0	0.01	0.01	0.24	0.1725	0.335	0.3525	0.05	0.215	0.3625	0.0475	0.32	0.3275	0.2675	0.23375	0.215	0.33125	0.04625	0.27125	0.34125	0.14125	0.31	0.285	-3.5	-1.83333	-2.5	-1.24286	-0.155556	0.3228	0.1967	0.29566	0.268043	0.221311
0.05	0.5	0.5	0.02	0.02	0.05	0.05	0.02	0.5	0.05	0.05	0.05	0.05	0.73	0.02	0.05	0.05	0.5	1	0.05	0.345	0.12	0.395	0.47875	0.04875	0.2325	0.43125	0.0825	0.2675	0.29125	0.20375	0.2425	0.1625	0.23125	0.055	0.38375	0.36	0.07875	0.1775	0.19	-1.3	-2.76667	-1.94	-1.48571	-0.455556	0.1723	0.391933	0.31664	0.268543	0.222233
0.12	0.12	0.73	0.99	0.01	0.5	0.98	0.05	0.12	0.02	0.02	0.88	0.02	0.01	0.05	0.5	0.27	0.01	0.02	0.02	0.3175	0.1675	0.36625	0.3575	0.15375	0.17625	0.315	0.07875	0.31875	0.29875	0.2075	0.13875	0.17875	0.32125	0.05125	0.3275	0.3325	0.14875	0.3475	0.16625	-3.5	-1.83333	-1.24	-0.728571	-0.488889	0.6807	0.388467	0.31546	0.243857	0.215378
0.27	0.5	1	0.73	0.02	0.73	0.88	0.12	0.27	0.02	0.02	0.27	0.05	0.02	0.05	0.5	0.88	0.01	0.05	0.05	0.21375	0.12	0.36125	0.2825	0.16125	0.205	0.25125	0.1175	0.27125	0.38375	0.2925	0.1675	0.26	0.32	0.0425	0.27	0.285	0.1525	0.42	0.26625	-0.7	-0.466667	-0.18	-0.0285714	-0.488889	0.3124	0.360733	0.25784	0.2337	0.199144
0.02	0.02	0.02	0.01	0.01	0.02	0.02	0.01	0.88	0.05	0.05	0.02	0.05	0.98	0.01	0.02	0.02	0.5	1	0.05	0.23625	0.18	0.47125	0.36875	0.26625	0.29375	0.355	0.13125	0.3025	0.32375	0.27	0.195	0.26	0.32	0.04375	0.3025	0.27375	0.21125	0.42	0.2575	2.8	1.3	0.92	-0.0285714	-0.555556	0.0891	0.1454	0.22816	0.196357	0.202633
0.99	0.05	0.12	0.05	0.12	0.12	0.12	0.27	0.05	0.73	0.27	0.12	0.12	0.05	0.12	0.88	0.27	0.02	0.05	0.27	0.20375	0.185	0.44	0.2725	0.26625	0.3575	0.31375	0.12625	0.43375	0.2525	0.27625	0.21	0.28375	0.45125	0.0425	0.3025	0.34625	0.28625	0.62875	0.2625	1.8	2.93333	0.92	-0.0285714	-0.255556	0.0347	0.0492333	0.1043	0.1898	0.193267
0.12	0.05	0.02	0.02	0.95	0.05	0.02	0.02	0.05	0.98	0.95	0.05	0.98	0.5	0.02	0.05	0.12	0.12	0.5	0.73	0.32125	0.125	0.3925	0.27625	0.285	0.3625	0.3225	0.1575	0.37375	0.2775	0.2	0.215	0.17625	0.31	0.055	0.415	0.37375	0.2175	0.45375	0.21375	4.2	0.833333	0.8	0.357143	0.166667	0.0239	0.04	0.0671	0.126629	0.215322
0.27	0.12	0.5	0.12	0.12	0.73	0.27	0.5	0.5	0.73	0.73	0.12	0.73	0.27	0.05	0.27	0.5	0.05	0.73	0.88	0.32125	0.22	0.30375	0.17375	0.4025	0.2775	0.2025	0.10625	0.33625	0.3975	0.25875	0.1875	0.23875	0.3525	0.07875	0.3875	0.4025	0.24	0.4375	0.28375	-3.5	-0.2	0.08	0.814286	0.0555556	0.0614	0.0705667	0.09698	0.134971	0.195367
0.05	0.05	0.02	0.02	0.88	0.05	0.02	0.02	0.88	0.05	0.12	0.02	0.12	0.98	0.02	0.05	0.05	0.98	1	0.05	0.34875	0.22875	0.2725	0.205	0.32	0.305	0.18625	0.16625	0.27	0.5425	0.42375	0.2	0.37125	0.295	0.11	0.415	0.4675	0.1375	0.4125	0.44375	-1.3	-1.86667	0.22	-0.228571	0.555556	0.1264	0.1421	0.1642	0.193829	0.222133
0.73	0.12	0.73	0.27	0.12	0.73	0.27	0.27	0.27	0.12	0.27	0.27	0.27	0.12	0.12	0.98	0.88	0.12	0.73	0.27	0.27625	0.25125	0.19625	0.17875	0.42875	0.25125	0.1675	0.14	0.27	0.61875	0.49	0.22875	0.40875	0.39875	0.11125	0.31125	0.42375	0.245	0.445	0.50125	-0.8	0.133333	-1.52	0.0571429	0.666667	0.2385	0.245233	0.25964	0.267914	0.262122
0.12	0.02	0.02	0.02	1	0.02	0.02	0.02	0.02	0.5	0.12	0.02	0.05	0.05	0.02	0.12	0.12	0.05	0.05	0.12	0.24375	0.34875	0.3925	0.31375	0.31	0.3875	0.275	0.1525	0.4175	0.48625	0.48125	0.355	0.43625	0.4075	0.12375	0.3425	0.51875	0.2575	0.5575	0.4925	2.5	-0.933333	-0.06	0	0.0777778	0.3708	0.370133	0.35802	0.328643	0.314478
0.27	0.95	0.5	0.27	0.12	0.5	0.27	0.12	0.27	0.73	0.27	0.73	0.27	0.12	0.27	0.5	0.88	0.12	0.12	0.73	0.24375	0.26	0.36375	0.31375	0.31625	0.355	0.3325	0.1525	0.41375	0.3975	0.435	0.35125	0.3775	0.4275	0.2	0.3225	0.4425	0.24875	0.52	0.3875	-4.5	0.6	0.96	0	0.0333333	0.5011	0.475067	0.42254	0.392143	0.369689
0.27	0.5	0.27	0.88	0.12	0.27	0.5	0.12	0.12	0.5	0.73	0.27	0.5	0.27	0.27	0.5	0.95	0.12	0.12	0.5	0.225	0.335	0.42125	0.34625	0.3075	0.32625	0.3325	0.105	0.40375	0.35	0.30125	0.45625	0.2725	0.485	0.20875	0.35125	0.405	0.2575	0.4625	0.32125	3.8	1.03333	0.42	0.728571	0.0333333	0.5533	0.501133	0.47602	0.448486	0.427367
0.12	0.27	0.12	0.05	0.12	0.27	0.12	0.05	0.27	0.73	0.73	0.5	0.5	0.95	0.12	0.12	0.5	0.5	0.99	0.73	0.3	0.42	0.5475	0.53875	0.2125	0.3825	0.41125	0.23	0.30875	0.33	0.30125	0.51625	0.2725	0.2925	0.25875	0.48375	0.48875	0.20625	0.2625	0.30125	3.8	1.36667	0.68	0.342857	0.133333	0.449	0.502733	0.50602	0.497343	0.467678
0.12	0.73	0.98	0.88	0.05	0.5	0.73	0.12	0.98	0.05	0.05	0.88	0.12	0.05	0.12	0.27	0.27	0.05	0.27	0.05	0.27125	0.38125	0.44	0.435	0.22125	0.35375	0.36375	0.30625	0.22	0.415	0.3675	0.52625	0.30125	0.42375	0.25875	0.43375	0.49875	0.25375	0.27625	0.38625	-3.5	1.36667	0.88	-0.0714286	0.144444	0.5059	0.4919	0.5219	0.514257	0.488222
0.27	0.27	0.27	0.27	0.12	0.27	0.73	0.12	0.27	0.5	0.73	0.73	0.73	0.73	0.88	0.27	0.27	0.12	0.27	0.5	0.32875	0.47	0.54125	0.52375	0.21125	0.41375	0.37625	0.395	0.3975	0.31125	0.2825	0.63375	0.23375	0.395	0.27125	0.4525	0.5175	0.25375	0.38	0.3775	3.8	-1.06667	0.04	0.471429	0.144444	0.5208	0.535733	0.50908	0.503157	0.484911
0.12	0.27	0.73	0.99	0.05	0.27	0.5	0.12	0.27	0.12	0.12	0.5	0.12	0.88	0.12	0.5	0.27	0.12	0.27	0.12	0.37625	0.4425	0.5125	0.49125	0.22	0.41375	0.405	0.4425	0.4875	0.2825	0.34	0.6625	0.3675	0.37625	0.3475	0.42375	0.47	0.245	0.39875	0.34875	-3.5	-0.0333333	-0.86	0.285714	0.844444	0.5805	0.530167	0.50396	0.472829	0.469222
0.5	0.5	0.88	0.73	0.12	0.5	0.27	0.95	0.27	0.12	0.12	0.73	0.12	0.12	0.27	0.73	0.27	0.95	0.27	0.12	0.32875	0.41375	0.55125	0.52375	0.21125	0.4425	0.48125	0.33875	0.50625	0.235	0.26375	0.63375	0.32	0.5	0.31	0.4425	0.4425	0.1325	0.4175	0.34875	-0.4	-1.53333	0.34	3.17207e-17	0.0333333	0.4892	0.4977	0.47098	0.4601	0.438522
0.5	0.27	0.73	0.27	0.12	0.73	0.5	0.95	0.27	0.12	0.12	0.73	0.12	0.27	0.12	0.73	0.73	0.05	0.12	0.27	0.3475	0.4425	0.64625	0.6975	0.2025	0.47125	0.5475	0.42375	0.50625	0.1775	0.17875	0.6625	0.2725	0.36875	0.32875	0.51875	0.35625	0.18875	0.31875	0.25375	-0.7	0.466667	-0.06	0	-0.477778	0.4234	0.417867	0.4388	0.4274	0.404
0.73	0.27	0.12	0.12	0.99	0.27	0.12	0.73	0.73	0.12	0.12	0.73	0.12	0.5	0.88	0.27	0.27	0.12	0.88	0.5	0.31875	0.36625	0.615	0.6125	0.09375	0.48125	0.51875	0.4425	0.45	0.23375	0.235	0.5675	0.29125	0.45625	0.225	0.5575	0.4425	0.23625	0.31375	0.2525	2.5	1.2	-0.06	-0.657143	-0.233333	0.341	0.374767	0.3781	0.372757	0.356911
0.5	0.73	0.73	0.73	0.12	0.5	0.27	0.5	0.99	0.12	0.12	0.73	0.73	0.12	0.12	0.5	0.5	0.05	0.27	0.12	0.42375	0.29	0.52	0.5175	0.22125	0.4525	0.42375	0.47125	0.39875	0.2625	0.235	0.49125	0.23375	0.44625	0.225	0.605	0.4425	0.245	0.4475	0.32875	1.8	0.266667	-0.14	-0.342857	-0.744444	0.3599	0.325967	0.30792	0.301557	0.299733
0.27	0.5	0.73	0.88	0.12	0.73	0.88	0.12	0.27	0.12	0.12	0.27	0.12	0.5	0.12	0.88	0.73	0.05	0.27	0.5	0.44375	0.29125	0.43125	0.3775	0.22125	0.39625	0.3475	0.50625	0.46125	0.31	0.25375	0.4925	0.31	0.41125	0.2125	0.50125	0.38625	0.355	0.505	0.28125	-3.5	-0.833333	-0.26	-0.4	-0.0444444	0.277	0.2584	0.23966	0.232557	0.246833
0.27	0.27	0.73	0.98	0.05	0.73	0.88	0.73	0.27	0.27	0.05	0.73	0.12	0.05	0.12	0.73	0.27	0.05	0.05	0.12	0.39625	0.26375	0.32375	0.27625	0.23	0.34	0.32	0.31375	0.43	0.4	0.3575	0.35	0.3575	0.48625	0.185	0.435	0.44375	0.2425	0.51375	0.4325	-0.8	-1.86667	-0.92	0.1	0.466667	0.1383	0.1658	0.1727	0.186986	0.1951
0.12	0.12	0.12	0.05	0.05	0.12	0.12	0.05	0.99	0.5	0.5	0.12	0.27	0.98	0.05	0.12	0.5	0.5	0.99	0.27	0.3675	0.255	0.31125	0.36125	0.22125	0.33125	0.355	0.2825	0.3125	0.41875	0.40875	0.34125	0.38625	0.46	0.18125	0.45375	0.33875	0.21375	0.49125	0.41375	-1.3	-0.966667	-0.72	0.342857	0.855556	0.0821	0.0755333	0.1216	0.141643	0.154389
0.88	0.12	0.12	0.12	0.27	0.27	0.12	0.12	0.12	0.73	0.73	0.12	0.88	0.27	0.12	0.88	0.5	0.12	0.73	0.73	0.2725	0.28375	0.3875	0.3525	0.085	0.3125	0.355	0.2925	0.345	0.38125	0.38	0.28375	0.31	0.4925	0.0775	0.4475	0.3675	0.24875	0.42	0.3	-0.8	0.233333	0.82	0.485714	0.777778	0.0062	0.0642333	0.07092	0.0983714	0.118122
0.05	0.05	0.02	0.02	0.05	0.05	0.5	0.02	0.05	0.5	0.27	0.05	0.12	0.98	0.02	0.05	0.05	1	0.73	0.12	0.32	0.32625	0.32375	0.28	0.09875	0.34	0.28875	0.245	0.245	0.39625	0.425	0.31125	0.32	0.39125	0.0775	0.50375	0.3675	0.135	0.3925	0.36375	2.8	2.06667	1.54	1.24286	0.0777778	0.1044	0.0447333	0.05466	0.0608857	0.117578
0.12	0.05	0.02	0.02	0.12	0.05	0.05	0.02	0.02	0.99	0.88	0.05	0.5	0.27	0.05	0.05	0.27	0.05	0.12	0.95	0.34	0.2975	0.35125	0.28	0.09	0.34	0.32625	0.26375	0.2775	0.32625	0.34	0.31125	0.2725	0.42375	0.07375	0.50375	0.35875	0.25	0.45	0.2125	4.2	3.26667	2.16	0.714286	0.0777778	0.0236	0.0616667	0.04116	0.0918429	0.153322
0.12	0.05	0.02	0.02	0.05	0.05	0.02	0.02	0.05	0.5	0.98	0.05	0.5	0.99	0.02	0.27	0.12	0.27	0.88	0.27	0.36875	0.32625	0.26625	0.1725	0.09875	0.26375	0.235	0.17875	0.24625	0.3875	0.355	0.25375	0.2725	0.33375	0.1875	0.41875	0.35875	0.21875	0.355	0.2975	2.8	2.93333	1.42	0.4	-0.0111111	0.057	0.0317333	0.11092	0.165643	0.1826
0.73	0.5	0.73	0.12	0.12	0.27	0.12	0.88	0.12	0.05	0.12	0.27	0.12	0.05	0.12	0.98	0.5	0.02	0.05	0.05	0.2925	0.365	0.285	0.245	0.09	0.3125	0.27	0.08	0.205	0.3875	0.40625	0.3025	0.30125	0.34375	0.18375	0.3775	0.34	0.19375	0.42625	0.2975	1.8	0.0333333	0.16	0.285714	0.0444444	0.0146	0.1422	0.20978	0.222157	0.244533
0.05	1	0.12	0.05	0.01	0.5	0.12	0.02	0.12	0.01	0.02	0.88	0.05	0.02	0.02	0.12	0.05	0.02	0.05	0.02	0.33	0.32125	0.40875	0.2725	0.085	0.28375	0.28875	0.29125	0.28125	0.31625	0.3425	0.245	0.23375	0.3475	0.215	0.46625	0.4525	0.19375	0.42625	0.24375	-4.5	-2.06667	-1	-0.228571	0.0888889	0.355	0.322767	0.28542	0.2986	0.293878
0.5	0.27	0.95	0.88	0.12	0.73	0.73	0.27	0.5	0.05	0.05	0.27	0.12	0.05	0.12	0.88	0.88	0.02	0.12	0.12	0.30125	0.42125	0.3175	0.18125	0.08	0.2825	0.24125	0.2725	0.2425	0.31125	0.42375	0.33	0.30125	0.3125	0.215	0.45625	0.37625	0.08375	0.36	0.27875	-3.5	-3.2	-1.72	-0.885714	0.0888889	0.5987	0.451833	0.40192	0.359557	0.319856
0.5	0.5	0.05	0.12	0.05	0.12	0.12	0.05	0.05	0.27	0.27	0.27	0.12	0.05	1	0.27	0.12	0.02	0.05	0.12	0.32	0.42	0.51875	0.3075	0.08	0.38625	0.345	0.38875	0.31125	0.2225	0.30125	0.3575	0.25375	0.285	0.22375	0.58875	0.47125	0.08375	0.36	0.19375	-1.6	-1.96667	-2.16	-0.885714	-0.466667	0.4018	0.546667	0.48906	0.399729	0.374578
0.12	0.88	0.98	0.73	0.05	0.73	0.5	0.12	0.73	0.05	0.05	0.73	0.12	0.12	0.12	0.5	0.73	0.05	0.73	0.05	0.38625	0.38125	0.415	0.24375	0.08875	0.36625	0.32875	0.3925	0.235	0.22125	0.22125	0.3275	0.30125	0.15875	0.45625	0.58875	0.41375	0.0525	0.17125	0.23125	-0.8	-0.933333	-0.7	-1.25714	-0.955556	0.6395	0.4972	0.4857	0.471371	0.438978
0.5	0.27	0.5	0.27	0.12	0.27	0.27	0.95	0.73	0.12	0.12	0.27	0.27	0.27	0.27	0.73	0.95	0.12	0.73	0.27	0.33875	0.42875	0.44625	0.39625	0.07125	0.48125	0.465	0.19375	0.33875	0.2125	0.20375	0.41375	0.2825	0.14	0.45625	0.5	0.415	0.0475	0.18	0.2125	-0.4	0.533333	-0.16	-0.842857	-1.54444	0.4503	0.476	0.46918	0.5116	0.479589
0.27	0.12	0.12	0.12	0.12	0.27	0.73	0.12	0.12	0.5	0.95	0.12	0.73	0.73	0.12	0.73	0.27	0.12	0.27	0.5	0.4525	0.3375	0.49375	0.4425	0.10375	0.4525	0.4075	0.31	0.415	0.255	0.18875	0.3375	0.32875	0.11375	0.4875	0.5475	0.60375	0.05125	0.24625	0.29125	2.8	0.533333	-0.16	-0.842857	-0.577778	0.3382	0.434867	0.51614	0.480371	0.448289
0.27	0.27	0.73	0.27	0.05	0.27	0.27	0.73	0.12	0.5	0.12	0.27	0.12	0.05	1	0.5	0.27	0.05	0.05	0.27	0.42375	0.37625	0.3325	0.37625	0.10375	0.485	0.49625	0.20625	0.38625	0.26375	0.34875	0.3475	0.42375	0.19875	0.3775	0.5	0.5275	0.06375	0.27375	0.32	-0.8	0.133333	-0.7	-0.0142857	-0.577778	0.5161	0.496967	0.46426	0.433443	0.431956
0.27	0.12	0.12	0.12	0.12	0.5	0.27	0.12	0.12	0.27	0.12	0.27	0.88	0.05	1	0.5	0.27	0.05	0.05	0.5	0.37625	0.455	0.43625	0.395	0.095	0.5325	0.54375	0.2825	0.41375	0.27375	0.3775	0.43625	0.3475	0.19875	0.2675	0.5	0.54625	0.0675	0.2825	0.29125	-1.6	-1.96667	0.22	-0.4	-0.833333	0.6366	0.510933	0.38886	0.406614	0.450289
0.73	0.27	0.5	0.88	0.05	0.73	0.98	0.12	0.95	0.05	0.05	0.5	0.12	0.05	0.27	0.5	0.73	0.05	0.12	0.12	0.3375	0.34125	0.28125	0.22375	0.13125	0.4275	0.4075	0.35875	0.23375	0.41375	0.49	0.33125	0.51875	0.2175	0.35875	0.47125	0.48875	0.07625	0.21625	0.42375	-3.5	-0.3	-1.04	-0.9	-0.244444	0.3801	0.363333	0.41156	0.423257	0.397089
0.73	0.12	0.12	0.27	0.27	0.27	0.12	0.12	0.12	0.73	0.73	0.12	0.88	0.27	0.12	0.5	0.88	0.05	0.12	0.88	0.36625	0.34125	0.3575	0.28125	0.1225	0.46625	0.49625	0.255	0.26125	0.42375	0.4525	0.36	0.4525	0.19	0.35875	0.41375	0.41375	0.0675	0.14	0.41375	4.2	-0.933333	-1.66	-0.657143	0.266667	0.0733	0.3017	0.4217	0.3979	0.354522
0.27	0.73	0.27	0.5	0.05	0.99	0.98	0.05	0.27	0.12	0.5	0.5	0.27	0.05	0.12	0.27	0.27	0.05	0.12	0.12	0.48125	0.36875	0.3575	0.27125	0.15	0.405	0.38875	0.26375	0.26125	0.4525	0.425	0.36	0.47125	0.14125	0.4625	0.385	0.51875	0.05875	0.12125	0.48	-3.5	-1.06667	-0.44	0.0571429	-0.544444	0.4517	0.363933	0.32652	0.333771	0.374711
0.12	0.98	0.27	0.12	0.05	0.73	0.5	0.05	0.27	0.12	0.5	0.98	0.27	0.05	0.12	0.27	0.27	0.05	0.12	0.12	0.5	0.395	0.32875	0.4075	0.15	0.5225	0.50625	0.1875	0.28	0.42375	0.425	0.32875	0.49	0.14125	0.3525	0.385	0.57625	0.05875	0.13	0.50875	-3.9	-0.966667	1.1	-0.357143	-0.844444	0.5668	0.393067	0.26394	0.3171	0.369233
0.27	0.12	0.12	0.12	0.27	0.12	0.12	0.73	0.12	0.95	0.88	0.12	0.73	0.27	0.12	0.27	0.73	0.12	0.27	0.73	0.48125	0.60625	0.36625	0.42625	0.11375	0.64625	0.63	0.1025	0.3175	0.2925	0.3775	0.52125	0.35625	0.2175	0.2425	0.35625	0.51875	0.05875	0.13875	0.385	4.5	1.6	-0.64	-0.357143	-1.16667	0.1607	0.2649	0.35326	0.329486	0.3163
0.73	0.12	0.73	0.12	0.27	0.12	0.12	0.12	0.12	0.88	0.5	0.12	0.5	0.27	0.12	0.27	0.5	0.05	0.12	0.95	0.42375	0.635	0.3375	0.35	0.1225	0.67375	0.57	0.17875	0.2325	0.32875	0.48125	0.55	0.4325	0.32125	0.22375	0.35625	0.49	0.07625	0.17625	0.37625	4.2	1.4	-0.64	-1.6	-1.16667	0.0672	0.249267	0.35628	0.3419	0.303211
0.73	0.95	0.27	0.27	0.12	0.5	0.73	0.12	0.27	0.12	0.5	0.5	0.27	0.12	0.95	0.27	0.5	0.05	0.12	0.27	0.36625	0.57875	0.41375	0.36	0.11375	0.68375	0.60125	0.17	0.2325	0.42375	0.405	0.60625	0.385	0.3125	0.12	0.3275	0.41375	0.07625	0.17625	0.385	-4.5	-1.26667	-0.76	-1.6	-2.02222	0.5199	0.3513	0.27496	0.314843	0.359944
0.27	0.73	0.5	0.98	0.05	0.95	0.73	0.12	0.27	0.27	0.12	0.5	0.27	0.05	0.12	0.5	0.73	0.05	0.12	0.5	0.42375	0.54875	0.47	0.31875	0.11875	0.61375	0.6025	0.17875	0.26125	0.3925	0.39625	0.60625	0.36625	0.3175	0.22375	0.3275	0.385	0.0725	0.1675	0.3475	-3.5	-4.16667	-2.36	-1.54286	-2.02222	0.4668	0.3823	0.29528	0.317286	0.353589
0.27	0.95	0.27	0.27	0.05	0.88	0.88	0.12	0.27	0.05	0.12	0.95	0.27	0.88	0.12	0.27	0.27	0.12	0.27	0.12	0.4425	0.41375	0.48	0.39875	0.1275	0.6225	0.53625	0.26375	0.2425	0.49625	0.4525	0.4425	0.45125	0.24125	0.215	0.3375	0.4425	0.0725	0.14875	0.4425	-4.5	-3.83333	-3.9	-2.68571	-1.16667	0.1602	0.296433	0.39862	0.350686	0.308933
0.73	0.5	0.88	0.27	0.12	0.95	0.5	0.12	0.27	0.27	0.5	0.73	0.5	0.88	0.12	0.5	0.27	0.12	0.27	0.27	0.385	0.47	0.40375	0.39	0.21	0.69	0.58375	0.17875	0.2425	0.38375	0.31	0.47	0.365	0.21375	0.20625	0.36625	0.385	0.06375	0.13	0.42375	-3.5	-3.83333	-3.7	-2.74286	-1.38889	0.2623	0.335467	0.37354	0.364643	0.3278
0.27	0.5	0.27	0.5	0.05	0.73	0.98	0.05	0.27	0.73	0.12	0.95	0.27	0.05	0.12	0.27	0.27	0.05	0.12	0.27	0.36625	0.48875	0.40375	0.36125	0.2	0.73625	0.6	0.17875	0.2425	0.27875	0.41375	0.51875	0.44125	0.375	0.1975	0.37625	0.35625	0.08125	0.1675	0.3675	-3.5	-3.5	-2.24	-1.74286	-1.43333	0.5839	0.413567	0.31316	0.337586	0.343056
0.27	0.27	0.95	0.88	0.02	0.88	0.99	0.12	0.5	0.02	0.05	0.5	0.12	0.02	0.12	0.5	0.27	0.02	0.05	0.05	0.3375	0.4325	0.3475	0.39875	0.20375	0.7175	0.6175	0.17	0.21375	0.3675	0.39375	0.54625	0.46	0.47375	0.09375	0.405	0.3275	0.09375	0.195	0.37625	-3.5	-1.06667	-0.84	-0.7	-0.733333	0.3945	0.3811	0.34722	0.300114	0.312844
0.27	0.12	0.12	0.05	0.12	0.73	0.12	0.73	0.12	0.73	0.95	0.12	0.95	0.27	0.05	0.12	0.27	0.12	0.12	0.5	0.3375	0.4825	0.49875	0.41375	0.19125	0.68	0.66875	0.17	0.26125	0.25125	0.2725	0.6225	0.3375	0.4425	0.1025	0.48125	0.27	0.08125	0.18625	0.26375	3.8	0.933333	0.62	0.2	-0.844444	0.1649	0.296633	0.33566	0.312657	0.331867
0.27	0.12	0.12	0.05	1	0.73	0.12	0.05	0.12	0.27	0.12	0.12	0.27	0.05	0.05	0.73	0.27	0.05	0.12	0.73	0.3375	0.455	0.5275	0.41375	0.08125	0.68875	0.65	0.35	0.26125	0.30875	0.3675	0.62625	0.40375	0.3625	0.1025	0.43375	0.27	0.08125	0.1675	0.22625	2.5	3.36667	1.68	0.0571429	-0.733333	0.3305	0.2333	0.26848	0.366329	0.373522
0.12	0.27	0.12	0.12	0.12	0.27	0.73	0.05	0.12	0.5	0.95	0.73	0.88	0.73	0.05	0.12	0.27	0.12	0.27	0.5	0.28	0.38	0.42375	0.37375	0.1825	0.63375	0.5175	0.3375	0.29	0.28	0.235	0.465	0.29875	0.29125	0.09	0.4625	0.25125	0.14875	0.24	0.255	3.8	2.7	1.48	0.0571429	-0.488889	0.2045	0.261	0.31718	0.359357	0.360556
0.5	0.27	0.5	0.95	0.12	0.5	0.88	0.12	0.27	0.12	0.27	0.27	0.27	0.88	0.12	0.73	0.27	0.12	0.27	0.12	0.2325	0.44	0.37625	0.2225	0.19125	0.605	0.43875	0.32875	0.27125	0.27	0.33875	0.495	0.375	0.28125	0.08125	0.415	0.3275	0.14875	0.24	0.36	1.8	0.366667	0.02	0.371429	-0.6	0.248	0.3635	0.39122	0.3238	0.3539
0.27	0.98	0.88	0.27	0.05	0.5	0.27	0.73	0.27	0.05	0.05	0.73	0.12	0.05	0.12	0.73	0.27	0.05	0.12	0.05	0.26125	0.40875	0.225	0.2125	0.2125	0.52875	0.425	0.24375	0.22375	0.33875	0.45125	0.485	0.44125	0.3975	0.18875	0.38625	0.3275	0.27375	0.2675	0.425	-4.5	-2.06667	-0.74	-0.814286	0.211111	0.638	0.4737	0.35424	0.3751	0.392922
0.27	0.73	0.5	0.27	0.05	0.95	0.73	0.88	0.27	0.05	0.05	0.98	0.12	0.02	0.12	0.5	0.27	0.05	0.12	0.05	0.26125	0.43125	0.2725	0.2125	0.23125	0.39625	0.35875	0.14	0.215	0.36625	0.42375	0.45375	0.385	0.40125	0.1975	0.43375	0.40375	0.265	0.2675	0.48125	-3.5	-3.1	-2.4	-0.628571	0.288889	0.5351	0.439567	0.41814	0.434414	0.382933
0.12	0.05	0.05	0.02	0.05	0.05	0.05	0.02	0.5	0.27	0.27	0.05	0.27	0.99	0.02	0.12	0.12	0.73	1	0.27	0.30875	0.535	0.3475	0.27125	0.12125	0.48	0.53875	0.30375	0.18625	0.3675	0.44375	0.58875	0.36625	0.28875	0.31375	0.48125	0.45125	0.18	0.1575	0.45375	-1.3	-3.1	-2	-0.528571	-0.166667	0.1456	0.401567	0.51768	0.415914	0.395244
0.27	0.98	0.27	0.12	0.12	0.73	0.5	0.05	0.27	0.27	0.27	0.73	0.27	0.12	0.12	0.5	0.88	0.05	0.12	0.73	0.29	0.4475	0.3675	0.2775	0.10375	0.48375	0.45375	0.30875	0.325	0.3075	0.33125	0.475	0.27125	0.32125	0.31	0.4525	0.3375	0.25625	0.325	0.34	-4.5	-0.666667	-0.2	-1.01429	-0.944444	0.524	0.471767	0.40508	0.443529	0.410456
0.27	0.73	0.12	0.12	0.12	0.27	0.27	0.05	0.12	0.5	0.73	0.88	0.5	0.12	0.98	0.27	0.27	0.95	0.12	0.5	0.29	0.47875	0.44625	0.22125	0.10375	0.54125	0.40625	0.3275	0.34375	0.27875	0.24625	0.45625	0.22375	0.2175	0.2025	0.50875	0.49875	0.135	0.30625	0.36875	3.8	1.26667	0.18	-0.828571	-1.53333	0.7457	0.448233	0.38632	0.401157	0.456589
0.27	0.05	0.12	0.05	0.27	0.12	0.05	0.05	0.05	0.95	0.73	0.12	0.5	0.27	0.12	0.27	0.88	0.05	0.12	0.95	0.375	0.45625	0.37	0.21125	0.09375	0.5125	0.415	0.36	0.33375	0.2225	0.24625	0.49375	0.22375	0.19875	0.31	0.48	0.4225	0.2475	0.2975	0.32125	4.5	2.23333	-0.2	-0.828571	-1.07778	0.075	0.420667	0.42548	0.419457	0.489756
0.5	0.27	0.27	0.27	0.12	0.5	0.88	0.5	0.12	0.5	0.5	0.27	0.27	0.12	0.88	0.73	0.5	0.05	0.12	0.73	0.375	0.3525	0.30375	0.165	0.1125	0.38	0.33	0.2	0.3825	0.2875	0.3025	0.38625	0.27125	0.33375	0.20625	0.39375	0.45125	0.3325	0.4075	0.3575	-1.6	-0.1	1.77636e-16	-0.7	-0.833333	0.4413	0.2859	0.45332	0.532443	0.510322
0.12	0.5	0.5	0.27	0.05	0.98	0.5	0.12	1	0.02	0.05	0.5	0.12	0.12	0.12	0.27	0.12	0.05	0.73	0.05	0.44125	0.32	0.275	0.165	0.24	0.31625	0.37375	0.25125	0.2125	0.32875	0.34	0.35375	0.27125	0.21625	0.305	0.47	0.5175	0.2475	0.2125	0.4425	-3.2	-2.76667	-0.84	-0.242857	-0.411111	0.3414	0.481967	0.49148	0.560471	0.565611
