0.12	0.12	0.05	0.05	0.12	0.88	0.12	0.02	0.12	0.88	0.73	0.12	0.99	0.88	0.05	0.12	0.27	0.12	0.27	0.88	0.53875	0.46375	0.4675	0.57875	0.085	0.435	0.60625	0.12125	0.29875	0.2075	0.21625	0.3925	0.285	0.2575	0.10875	0.52875	0.4625	0.18875	0.37125	0.21625	2.8	-0.8	-1.52	-0.614286	-0.555556	0.0921	0.272333	0.3808	0.404143	0.439267
0.88	0.88	0.27	0.27	0.12	0.88	0.88	0.12	0.95	0.05	0.12	0.73	0.12	0.05	0.12	0.5	0.5	0.05	0.27	0.12	0.39625	0.35	0.44	0.44375	0.18	0.40625	0.4825	0.10875	0.1675	0.40625	0.39625	0.2975	0.48875	0.4175	0.1	0.3775	0.38625	0.1975	0.37125	0.3875	-4.5	-2.06667	-0.54	-0.0857143	0.255556	0.2777	0.3159	0.3706	0.370271	0.387578
0.27	0.88	0.95	0.88	0.05	0.73	0.88	0.12	0.27	0.12	0.12	0.5	0.98	0.05	0.05	0.5	0.27	0.02	0.05	0.12	0.4725	0.34625	0.35375	0.3675	0.18875	0.42125	0.4775	0.10375	0.24	0.515	0.5	0.32625	0.47625	0.38875	0.10875	0.37375	0.42375	0.07875	0.29125	0.49125	-4.5	-1.6	0.16	0.557143	0.855556	0.5779	0.4379	0.32712	0.358886	0.348022
0.88	0.12	0.12	0.5	0.12	0.27	0.88	0.12	0.12	0.73	0.27	0.5	0.5	0.12	0.12	0.27	0.5	0.05	0.5	0.73	0.425	0.4125	0.43875	0.40125	0.17625	0.47875	0.48625	0.1225	0.34875	0.435	0.49	0.32625	0.53625	0.38	0.195	0.37375	0.3475	0.075	0.24375	0.41125	4.2	0.833333	0.36	1.3	0.544444	0.4581	0.421933	0.39458	0.310843	0.317989
0.73	0.05	0.27	0.05	0.05	0.05	0.05	0.05	0.12	0.27	0.88	0.12	0.27	0.99	0.05	0.73	0.12	0.27	0.88	0.27	0.415	0.36375	0.47625	0.44875	0.1725	0.535	0.60875	0.13125	0.33	0.46125	0.40125	0.345	0.55625	0.2675	0.31125	0.31625	0.3475	0.0425	0.18375	0.44125	2.8	3.6	2.16	0.4	0.233333	0.2298	0.372433	0.36122	0.3318	0.350522
0.12	0.12	0.73	0.12	0.88	0.27	0.27	0.27	0.05	0.88	0.88	0.12	0.88	0.5	0.27	0.12	0.5	0.05	0.12	0.73	0.5675	0.355	0.44625	0.55625	0.06	0.4125	0.62875	0.1925	0.33	0.28125	0.3125	0.36375	0.3625	0.22125	0.2925	0.5	0.37625	0.05625	0.2475	0.28	3.8	3.7	2.36	0.542857	0.122222	0.4294	0.2567	0.2934	0.397843	0.365378
0.05	0.02	0.01	0.01	0.05	0.02	0.01	0.01	0.02	0.99	0.95	0.02	0.88	0.5	0.02	0.02	0.12	0.02	0.12	0.88	0.46625	0.2575	0.5025	0.53625	0.14875	0.33375	0.55125	0.21	0.215	0.26125	0.28875	0.285	0.3475	0.24875	0.30875	0.45	0.36125	0.17875	0.22875	0.24625	4.5	1.6	0.82	1.44286	0.522222	0.1109	0.2597	0.34978	0.347543	0.337289
0.5	0.5	0.73	0.88	0.02	0.5	0.95	0.27	0.99	0.02	0.12	0.5	0.05	0.02	0.88	0.27	0.12	0.02	0.12	0.02	0.4675	0.1975	0.3275	0.38	0.1525	0.27375	0.38625	0.1775	0.17875	0.3825	0.41125	0.28125	0.3625	0.33625	0.21	0.41875	0.36125	0.2675	0.25625	0.35375	-3.5	-0.833333	0.62	0.714286	0.522222	0.2388	0.363233	0.34898	0.285657	0.328211
0.5	0.27	0.95	0.88	0.02	0.73	0.88	0.12	0.12	0.02	0.02	0.27	0.05	0.02	0.98	0.73	0.5	0.01	0.02	0.05	0.44875	0.27375	0.3475	0.43625	0.14	0.32125	0.40375	0.1875	0.335	0.29375	0.3925	0.33875	0.30625	0.3225	0.2925	0.39	0.285	0.26375	0.2125	0.26125	-3.5	-1.73333	-0.32	-0.328571	-0.122222	0.74	0.401533	0.26808	0.323714	0.3546
0.73	0.12	0.27	0.98	0.05	0.12	0.5	0.73	0.05	0.05	0.02	0.27	0.05	0.02	0.12	0.98	0.88	0.01	0.02	0.05	0.43875	0.30125	0.40125	0.42	0.13625	0.425	0.45125	0.1075	0.39125	0.36625	0.37375	0.33875	0.335	0.32125	0.4	0.2825	0.2375	0.23625	0.165	0.3375	1.8	-0.866667	-2.12	-1.1	-0.0111111	0.2258	0.330233	0.34514	0.361743	0.359433
0	0	0	0	0	0	0	0	0	0	0	0	0	0.27	0	0	0	1	0.12	0	0.5175	0.3025	0.34375	0.5275	0.035	0.4075	0.48125	0.165	0.3925	0.38125	0.39	0.35875	0.29375	0.3375	0.3825	0.39125	0.29125	0.10875	0.14375	0.315	-0.9	-1.2	-1.74	-1.2	-0.222222	0.0249	0.248967	0.4365	0.384943	0.314333
0.73	0.88	0.27	0.5	0.05	0.73	0.5	0.12	0.95	0.12	0.27	0.95	0.27	0.27	0.12	0.5	0.27	0.73	0.27	0.12	0.4825	0.2525	0.37125	0.555	0.0375	0.42375	0.5275	0.24	0.33375	0.2575	0.27125	0.3475	0.18375	0.28125	0.38	0.38875	0.27625	0.14625	0.14375	0.205	-4.5	-2.33333	-0.28	-0.428571	-1.11111	0.4962	0.405567	0.34316	0.354186	0.355011
0.73	0.5	0.5	0.95	0.02	0.88	0.95	0.05	0.5	0.02	0.02	0.73	0.05	0.01	0.88	0.5	0.27	0.01	0.05	0.02	0.4825	0.27125	0.36125	0.49875	0.04125	0.4525	0.4625	0.2775	0.28125	0.27375	0.29	0.34625	0.21125	0.31375	0.2975	0.44625	0.295	0.23625	0.19	0.2175	-1.6	-0.766667	-0.26	-0.428571	-0.9	0.6956	0.488367	0.3027	0.316614	0.407322
0.88	0.12	0.02	0.02	0.05	0.27	0.05	0.02	0.5	0.88	0.73	0.12	0.5	0.98	0.05	0.12	0.12	0.05	0.5	0.88	0.41625	0.3	0.30875	0.5675	0.05	0.52875	0.59	0.26875	0.2725	0.1975	0.21375	0.4225	0.16375	0.22375	0.34125	0.4175	0.2575	0.245	0.13375	0.195	3.8	1.36667	-0.78	-0.914286	-0.9	0.2733	0.3308	0.39312	0.385729	0.343756
0.02	0.01	0	0	0.02	0.01	0.01	0	0.01	0.95	0.99	0.01	0.5	0.88	0.01	0.01	0.05	0.02	0.05	0.5	0.495	0.31375	0.28375	0.45375	0.05375	0.56125	0.56625	0.18625	0.36125	0.21625	0.27	0.49375	0.22	0.3575	0.33375	0.3425	0.19	0.33875	0.25	0.29875	1.9	0.733333	-0.2	-1.28571	-0.677778	0.0235	0.257933	0.4358	0.406157	0.343367
0.5	0.5	0.5	0.73	0.12	0.88	0.88	0.73	0.5	0.12	0.27	0.88	0.27	0.05	0.12	0.5	0.27	0.05	0.27	0.12	0.4975	0.315	0.28375	0.4725	0.10375	0.5625	0.5675	0.12875	0.33375	0.32625	0.39375	0.495	0.26375	0.43375	0.3825	0.3725	0.225	0.2125	0.21375	0.38	-3.5	-1.06667	-0.58	-0.1	-0.377778	0.477	0.403367	0.33026	0.367029	0.423189
0.5	0.27	0.88	0.88	0.02	0.88	0.88	0.5	0.12	0.05	0.02	0.27	0.05	0.02	0.98	0.73	0.27	0.02	0.27	0.02	0.44	0.325	0.23625	0.40625	0.125	0.595	0.59625	0.14875	0.2775	0.335	0.3975	0.57625	0.2725	0.405	0.275	0.34375	0.225	0.12625	0.1825	0.38	-1.6	-2.86667	-0.58	0.385714	-0.266667	0.7096	0.4515	0.32006	0.373843	0.414567
0.12	0.12	0.05	0.5	0.12	0.73	1	0.02	0.05	0.27	0.12	0.27	0.12	0.27	0.5	0.12	0.05	0.12	0.02	0.73	0.45875	0.315	0.31125	0.42625	0.11625	0.56625	0.55375	0.23625	0.315	0.31125	0.38875	0.5475	0.26375	0.37875	0.35	0.39125	0.31	0.115	0.24125	0.30375	-3.5	-0.433333	-0.6	-0.657143	-0.266667	0.1679	0.3666	0.46402	0.3946	0.415478
0.5	0.12	0.05	0.05	0.05	0.12	0.27	0.05	0.27	0.27	0.73	0.73	0.5	0.99	0.02	0.27	0.27	0.73	0.5	0.5	0.31625	0.33375	0.32375	0.495	0.12125	0.6425	0.65375	0.2325	0.31625	0.2075	0.255	0.50875	0.16875	0.22875	0.40625	0.36375	0.2825	0.06625	0.24375	0.22875	3.8	0.7	-0.6	-1.15714	-0.266667	0.2223	0.377833	0.45234	0.491786	0.400378
0.5	0.5	0.5	0.88	0.5	0.88	0.88	0.27	0.27	0.05	0.27	0.88	0.12	0.05	0.5	0.73	0.5	0.02	0.05	0.27	0.32875	0.2875	0.26875	0.3925	0.065	0.54875	0.5775	0.21125	0.33	0.17875	0.28	0.49125	0.26375	0.36125	0.34625	0.3075	0.2625	0.2625	0.41625	0.2575	1.8	0.7	-0.6	-0.114286	-0.555556	0.7433	0.4614	0.45118	0.443271	0.405178
0.27	0.73	0.27	0.12	0.12	0.99	0.73	0.05	0.12	0.12	0.05	0.99	0.12	0.01	0.12	0.5	0.27	0.01	0.02	0.02	0.38625	0.2875	0.26875	0.43	0.10375	0.54375	0.54875	0.18125	0.3775	0.2175	0.33625	0.4775	0.26375	0.36625	0.44125	0.3075	0.29125	0.26375	0.40125	0.3075	-3.5	-1.1	0.86	0.0142857	0.0333333	0.4186	0.6219	0.44508	0.351429	0.410178
0.5	0.27	0.27	0.73	0.05	0.5	0.73	0.27	0.73	0.05	0.05	0.5	0.05	0.05	1	0.27	0.73	0.02	0.27	0.12	0.3575	0.4025	0.26875	0.335	0.1125	0.61375	0.5575	0.10625	0.39625	0.2225	0.34	0.615	0.3	0.365	0.22375	0.3075	0.23375	0.2625	0.35125	0.29875	-1.6	-0.433333	-0.04	0.771429	-0.144444	0.7038	0.419933	0.41396	0.402014	0.394733
0.12	0.27	0.12	0.12	0.02	0.27	0.12	0.02	0.73	0.05	0.27	0.27	0.12	0.5	0.02	0.05	0.12	0.27	1	0.05	0.405	0.39	0.2825	0.35	0.1075	0.55375	0.51	0.1375	0.39125	0.3075	0.42	0.6125	0.39875	0.29	0.285	0.3225	0.36625	0.21875	0.26375	0.3075	3.8	0.5	-0.04	-0.228571	0.666667	0.1374	0.302633	0.3697	0.451771	0.378633
0.12	0.02	0.01	0.01	0.02	0.02	0.01	0.05	0.12	0.5	0.73	0.02	0.88	1	0.01	0.02	0.12	0.88	0.98	0.5	0.37625	0.4975	0.32375	0.39125	0.135	0.60375	0.5525	0.19	0.525	0.30875	0.38125	0.64375	0.3325	0.1375	0.29	0.32625	0.36625	0.1425	0.26625	0.25125	-0.7	1.63333	0.02	0.0571429	0.666667	0.0667	0.242033	0.4001	0.348871	0.378878
0.73	0.73	0.27	0.27	0.05	0.95	0.5	0.27	0.73	0.5	0.5	0.88	0.27	0.05	0.5	0.27	0.27	0.05	0.12	0.27	0.32875	0.4375	0.32	0.35875	0.1025	0.4875	0.5	0.14375	0.4775	0.30875	0.3825	0.5175	0.4	0.25625	0.18125	0.26625	0.3475	0.24625	0.37375	0.2525	1.8	-0.7	1.1	1.1	0.666667	0.522	0.386433	0.26394	0.321143	0.354833
0.5	0.73	0.88	0.73	0.02	0.95	0.95	0.12	0.88	0.02	0.05	0.88	0.27	0.05	0.12	0.5	0.27	0.02	0.12	0.05	0.33875	0.38	0.225	0.28875	0.125	0.42625	0.415	0.15875	0.535	0.36875	0.46625	0.50375	0.41875	0.38	0.21625	0.19	0.3475	0.2825	0.4625	0.28375	-3.2	0.8	1.1	1.58571	0.666667	0.5706	0.371867	0.28136	0.295871	0.329189
0.12	0.02	0.01	0.01	0.05	0.02	0.01	0.02	0.01	0.95	0.98	0.02	0.98	0.12	0.01	0.02	0.5	0.02	0.05	0.73	0.33	0.44125	0.30125	0.28875	0.12125	0.4825	0.4425	0.1375	0.555	0.35625	0.46625	0.55125	0.415	0.39875	0.10625	0.21875	0.23375	0.28625	0.55625	0.3025	3.8	1.46667	1.6	0.542857	0.7	0.023	0.2727	0.3734	0.303071	0.2559
0.27	0.73	0.27	0.27	0.27	0.27	0.5	0.5	0.73	0.73	0.88	0.73	0.73	0.27	0.05	0.27	0.27	0.73	0.5	0.5	0.35875	0.4375	0.36375	0.3325	0.09375	0.50875	0.4575	0.09	0.43625	0.3925	0.47875	0.5475	0.465	0.32375	0.105	0.24375	0.28125	0.16625	0.38125	0.34	3.8	3.13333	0.54	0.457143	-0.111111	0.2245	0.258133	0.30656	0.299857	0.292522
0.73	0.73	0.73	0.88	0.27	0.88	0.95	0.12	0.5	0.05	0.05	0.73	0.05	0.05	0.12	0.5	0.5	0.02	0.05	0.05	0.34875	0.52625	0.415	0.3175	0.0975	0.54875	0.51875	0.165	0.5125	0.42125	0.50625	0.63625	0.455	0.2325	0.10125	0.275	0.27125	0.1475	0.32125	0.34875	1.8	0.7	0.92	-0.3	-0.533333	0.5269	0.313067	0.20128	0.292	0.346633
0.12	0.27	0.12	0.02	0.27	0.5	0.5	0.02	0.73	0.12	0.27	0.88	0.27	1	0.02	0.12	0.27	0.27	0.73	0.05	0.425	0.61125	0.4725	0.425	0.09375	0.54	0.63625	0.15	0.4075	0.38375	0.43125	0.57	0.40875	0.11375	0.0575	0.30375	0.28125	0.1125	0.255	0.34875	-3.5	-1	-0.54	-0.485714	-1.23333	0.1878	0.252967	0.29008	0.289586	0.311322
0.05	0.05	0.01	0.01	0.05	0.02	0.01	0	0.02	0.88	0.98	0.02	0.73	0.27	0.01	0.02	0.05	0.05	0.95	0.95	0.4625	0.66625	0.39125	0.34125	0.18125	0.54375	0.64125	0.14	0.42	0.30125	0.39875	0.63	0.3325	0.2325	0.04625	0.2875	0.29	0.2	0.3375	0.23625	-1.3	-2.76667	-2.2	-1.67143	-0.6	0.0442	0.233	0.35592	0.315471	0.277578
0.5	0.95	0.88	0.73	0.02	0.73	0.73	0.12	0.5	0.12	0.27	0.95	0.27	0.05	0.05	0.5	0.27	0.02	0.05	0.12	0.51	0.6425	0.34375	0.28375	0.185	0.57125	0.64125	0.1375	0.37375	0.2925	0.39875	0.62125	0.2825	0.2475	0.04625	0.31625	0.2625	0.20375	0.45	0.26375	-3.5	-3.1	-3.46	-1.85714	-1.41111	0.467	0.354967	0.29138	0.321529	0.3562
0.5	0.73	0.88	0.5	0.05	0.95	0.95	0.27	0.5	0.05	0.12	0.73	0.12	0.05	0.05	0.5	0.27	0.02	0.05	0.12	0.51	0.64125	0.40125	0.3125	0.15375	0.60125	0.6425	0.175	0.37375	0.2125	0.31375	0.64875	0.225	0.21625	0.04625	0.37375	0.33875	0.115	0.39375	0.2075	-4.5	-4.16667	-2.26	-2.61429	-1.91111	0.5537	0.4083	0.3072	0.350629	0.399456
0.73	0.95	0.12	0.27	0.02	0.5	0.99	0.05	0.12	0.27	0.12	0.5	0.12	0.05	0.05	0.12	0.12	0.02	0.27	0.27	0.4525	0.6325	0.43875	0.24625	0.13875	0.6575	0.61	0.2975	0.46875	0.185	0.3225	0.705	0.23375	0.21625	0.0375	0.3925	0.3575	0.115	0.4225	0.18875	-4.5	-2.16667	-2.7	-2.21429	-2.5	0.2042	0.3416	0.44448	0.411486	0.388411
0.73	0.95	0.12	0.05	0.5	0.5	0.5	0.02	0.27	0.12	0.5	0.5	0.12	0.27	0.02	0.27	0.12	0.5	1	0.05	0.47125	0.69	0.48625	0.28625	0.05125	0.68625	0.7	0.305	0.3925	0.28	0.25625	0.6575	0.2625	0.07	0.10125	0.42125	0.44625	0.02375	0.24625	0.30125	2.5	-1.83333	-2.14	-2.52857	-2.5	0.2669	0.400567	0.47384	0.466243	0.425989
0.95	0.73	0.5	0.27	0.05	0.95	0.73	0.12	0.12	0.12	0.27	0.88	0.12	0.02	0.05	0.73	0.5	0.02	0.05	0.12	0.44375	0.7125	0.43875	0.25875	0.135	0.63	0.67125	0.29375	0.41125	0.295	0.19625	0.61	0.205	0.13	0.0975	0.36375	0.4075	0.11125	0.35625	0.29625	-3.5	-0.566667	-1.94	-2.52857	-1.88889	0.7306	0.5371	0.4486	0.474671	0.427867
0.27	0.5	0.73	0.27	0.05	0.73	0.73	0.95	0.73	0.02	0.05	0.73	0.12	0.02	0.05	0.73	0.88	0.02	0.05	0.05	0.46875	0.625	0.30125	0.17	0.135	0.56875	0.58125	0.17625	0.36375	0.32625	0.28125	0.5125	0.18625	0.2475	0.0925	0.30375	0.32875	0.1425	0.475	0.32375	-0.7	-2.56667	-1.74	-1.28571	-1.07778	0.6138	0.590633	0.51296	0.4043	0.395133
0.5	0.88	0.27	0.12	0.12	0.88	0.73	0.88	0.88	0.05	0.12	0.95	0.12	0.05	0.05	0.27	0.5	0.02	0.5	0.05	0.38	0.4875	0.25	0.1275	0.12	0.4325	0.465	0.1525	0.28375	0.31625	0.2575	0.39625	0.17125	0.2375	0.21125	0.30125	0.345	0.14	0.4275	0.30875	-3.5	-2.56667	-1.4	-0.1	-0.755556	0.4275	0.522433	0.4718	0.399757	0.341644
0.27	0.73	0.5	0.12	0.05	0.73	0.73	0.05	0.27	0.73	0.12	0.5	0.5	0.05	0.5	0.5	0.98	0.02	0.05	0.73	0.40875	0.4025	0.24	0.185	0.12875	0.40375	0.375	0.25625	0.36	0.2	0.24875	0.5	0.115	0.23375	0.27375	0.34875	0.285	0.13875	0.465	0.1925	-3.5	-0.933333	0.06	-0.685714	-0.433333	0.526	0.3382	0.36016	0.371957	0.358967
0.05	0.01	0.01	0.01	0.27	0.02	0.01	0.01	0.02	1	0.27	0.02	0.27	0.5	0.01	0.02	0.12	0.27	0.88	0.98	0.43625	0.465	0.32	0.22625	0.045	0.54	0.49375	0.35	0.4675	0.1575	0.17375	0.6075	0.23875	0.14625	0.4425	0.4375	0.41125	0.0475	0.2425	0.17	4.2	1.5	-0.12	-0.414286	-1.21111	0.0611	0.253167	0.25186	0.319029	0.376744
0.02	0.02	0.01	0.02	0.02	0.02	0.01	0.01	0.73	0.27	0.73	0.02	0.12	0.99	0.01	0.02	0.02	0.27	1	0.27	0.355	0.435	0.34875	0.30125	0.0725	0.5125	0.52125	0.36875	0.4825	0.23625	0.085	0.58875	0.2575	0.08875	0.5275	0.40875	0.395	0.0475	0.3125	0.25	3.8	2.13333	0.26	-0.957143	-1.21111	0.1724	0.101933	0.23838	0.292329	0.357767
0.02	0.01	0.01	0.01	0	0.01	0.02	0.01	0.01	0	0	0.02	0	0	1	0.02	0.02	0	0.12	0	0.3275	0.4075	0.38	0.39125	0.075	0.5325	0.52	0.25625	0.6	0.27375	0.2325	0.56	0.32	0.21625	0.4125	0.3325	0.3	0.09375	0.4225	0.28375	-1.6	0.2	0.06	-0.957143	-1.52222	0.0723	0.2016	0.21856	0.311229	0.317211
0.73	0.12	0.27	0.73	0.02	0.12	0.27	0.05	0.12	0.02	0.05	0.88	0.05	0.02	1	0.73	0.12	0.01	0.12	0.02	0.1825	0.29875	0.315	0.2875	0.0725	0.41125	0.39875	0.1425	0.4775	0.39	0.3025	0.33625	0.36125	0.2225	0.40875	0.2125	0.24	0.0925	0.375	0.3975	-1.6	-2.56667	-1.48	-0.957143	-0.666667	0.3601	0.286433	0.3183	0.271629	0.273589
0.73	0.73	0.27	0.27	0.05	0.88	0.73	0.73	0.88	0.05	0.05	0.88	0.88	0.02	0.88	0.5	0.27	0.02	0.05	0.12	0.15	0.1325	0.25375	0.33	0.06375	0.22625	0.25	0.05125	0.41125	0.30125	0.35	0.275	0.28625	0.34125	0.36125	0.18	0.1	0.10375	0.4875	0.3	-4.5	-3.2	-2.94	-0.957143	0.0333333	0.4269	0.448933	0.33358	0.267886	0.219356
0.27	0.5	0.73	0.88	0.02	0.73	0.95	0.27	0.95	0.02	0.02	0.73	0.12	0.05	0.73	0.5	0.27	0.02	0.73	0.05	0.2925	0.2825	0.31875	0.2675	0.04875	0.305	0.255	0.11375	0.4625	0.1825	0.3225	0.3825	0.35375	0.28125	0.385	0.26875	0.1475	0.10375	0.32625	0.18875	-3.5	-3.83333	-1.78	-1.1	-0.522222	0.5598	0.411833	0.3261	0.248671	0.231422
0.05	0.27	0.98	0.98	0.05	0.88	0.73	0.05	0.95	0.05	0.5	0.5	0.5	0.05	0.12	0.12	0.12	0.12	0.05	0.05	0.4425	0.31125	0.28875	0.255	0.13375	0.375	0.2875	0.14625	0.37375	0.1475	0.17375	0.415	0.2975	0.16	0.49375	0.32875	0.17875	0.1825	0.2925	0.18875	-3.5	-0.933333	-0.9	-0.985714	-1.04444	0.2488	0.281167	0.26166	0.262586	0.216533
0.05	0.12	0.01	0.01	0.12	0.02	0.01	0.01	0.01	1	0.73	0.02	0.5	0.12	0.02	0.02	0.12	0.02	0.12	0.98	0.455	0.33125	0.41	0.37625	0.1275	0.48375	0.37625	0.15125	0.4925	0.09125	0.26375	0.475	0.38875	0.27625	0.3825	0.3725	0.23875	0.21	0.33125	0.0875	4.2	1.16667	-0.16	-0.885714	-0.944444	0.0349	0.1072	0.21022	0.216629	0.211878
0.01	0.01	0.01	0	0.01	0.01	0	0	0.5	0.05	0.5	0.01	0.73	1	0	0.01	0.01	0.12	0.88	0.05	0.4025	0.44875	0.495	0.39625	0.14125	0.58	0.435	0.1525	0.535	0.21	0.2925	0.47625	0.36	0.17875	0.26625	0.37375	0.3	0.23	0.28375	0.2075	2.8	2.06667	0.36	-0.342857	-1.26667	0.0379	0.0808333	0.10594	0.159986	0.215389
0.73	0.98	0.99	0.12	0.12	0.5	0.27	0.05	0.5	0.02	0.02	0.73	0.05	0.05	0.05	0.73	0.5	0.27	0.27	0.02	0.23625	0.25125	0.345	0.35	0.18375	0.5	0.325	0.06125	0.4875	0.24125	0.45625	0.29125	0.3975	0.41375	0.1525	0.28375	0.23875	0.31875	0.47625	0.23	-0.8	0.366667	0.92	-0.485714	-0.911111	0.1697	0.082	0.06226	0.135971	0.193956
1	0.02	0.02	0.02	0.73	0.73	0.05	0.05	0.02	0.02	0.02	0.05	0.05	0.02	0.27	0.12	0.12	1	0.05	0.27	0.2025	0.315	0.39	0.25875	0.22875	0.395	0.24	0.03375	0.435	0.25375	0.4875	0.3	0.3975	0.5025	0.04	0.33125	0.37625	0.23125	0.4275	0.22625	-0.9	-0.8	-0.82	-0.171429	-0.244444	0.0384	0.0795	0.13362	0.133857	0.151867
0.12	0.02	0.01	0.01	0.02	0.02	0.01	0.01	0.02	0.5	0.95	0.02	0.73	1	0.01	0.27	0.5	0.12	0.5	0.12	0.3975	0.2875	0.28375	0.2	0.31375	0.38875	0.21625	0.03875	0.33125	0.18875	0.31	0.275	0.2525	0.375	0.1825	0.38875	0.32875	0.32625	0.36625	0.24125	-0.7	-2.03333	-1.64	-0.414286	0.0666667	0.0304	0.1535	0.17284	0.154729	0.165533
0.27	0.95	0.95	0.88	0.02	0.88	0.73	0.05	0.95	0.02	0.05	0.88	0.05	0.12	0.05	0.73	0.5	0.27	0.5	0.05	0.375	0.15875	0.16625	0.09125	0.305	0.28125	0.1275	0.03375	0.21625	0.1575	0.45	0.1675	0.29	0.595	0.2975	0.33125	0.31625	0.32	0.46125	0.1425	-4.5	-2.16667	-0.98	-0.914286	-0.577778	0.3917	0.2187	0.1751	0.202429	0.167311
0.12	0.12	0.05	0.02	0.5	0.73	0.12	0.05	0.5	0.27	0.88	0.12	0.5	0.95	0.02	0.5	0.27	0.88	0.98	0.27	0.455	0.295	0.36875	0.32125	0.25875	0.39	0.3225	0.0675	0.30125	0.135	0.28625	0.3525	0.14875	0.36875	0.31625	0.42125	0.3775	0.23125	0.30625	0.115	-1.3	-1.1	-0.94	-1.02857	-1.27778	0.234	0.2689	0.24178	0.185457	0.248167
0.27	0.05	0.12	0.05	0.99	0.12	0.05	0.05	0.05	0.12	0.27	0.12	0.12	0.73	0.05	0.27	0.99	0.05	0.12	0.27	0.37875	0.24375	0.34625	0.42625	0.185	0.5225	0.4075	0.0675	0.32875	0.1525	0.36125	0.37125	0.19625	0.39125	0.3125	0.42125	0.25875	0.3025	0.3825	0.115	2.5	0.166667	-1.12	-1.4	-1.57778	0.181	0.262267	0.24588	0.289343	0.290056
0.73	0.05	0.12	0.5	0.02	0.12	0.5	0.05	0.12	0.01	0.01	0.27	0.02	0.01	1	0.73	0.12	0	0.01	0.02	0.21125	0.24375	0.34625	0.36875	0.22125	0.43375	0.3475	0.0625	0.31875	0.2825	0.45375	0.40875	0.23625	0.485	0.1625	0.355	0.4625	0.185	0.39625	0.2375	-0.7	0.0666667	-0.92	-1.8	-1.01111	0.3718	0.201233	0.32066	0.3631	0.290622
0.02	0.02	0.01	0.01	0.05	0.02	0.02	0.01	0.02	0.27	0.95	0.02	0.12	1	0.98	0.02	0.02	0.12	0.88	0.12	0.2875	0.3675	0.37375	0.43125	0.215	0.4775	0.42125	0.06875	0.335	0.1875	0.21875	0.5625	0.135	0.23625	0.16625	0.41625	0.41875	0.155	0.2275	0.21125	-1.6	-1.93333	-1.36	-0.557143	-1.43333	0.0509	0.3961	0.3832	0.313357	0.317233
0.5	0.27	0.73	0.98	0.12	0.73	0.95	0.27	0.73	0.12	0.02	0.73	0.05	0.02	0.12	0.5	0.27	0.02	0.12	0.05	0.2275	0.21875	0.165	0.2	0.21875	0.28	0.215	0.03	0.1275	0.31375	0.3625	0.365	0.1525	0.35	0.26875	0.2675	0.34	0.135	0.2625	0.33875	-3.5	-2.86667	-1.02	-1.01429	-0.466667	0.7656	0.4544	0.3557	0.318486	0.275389
0.27	0.5	0.88	0.99	0.02	0.95	0.88	0.05	0.27	0.01	0.01	0.88	0.05	0.01	0.05	0.5	0.27	0.01	0.02	0.02	0.2475	0.17625	0.14125	0.19625	0.2875	0.1625	0.21	0.05125	0.12375	0.4125	0.345	0.3325	0.12375	0.23875	0.27625	0.2075	0.32125	0.0275	0.15875	0.43375	-3.5	-0.933333	-1.78	-0.771429	0.144444	0.5467	0.451933	0.33532	0.294786	0.252111
0.12	0.02	0.02	0.01	0.05	0.02	0.02	0.01	0.01	0.95	0.5	0.5	0.27	0.05	0.02	0.05	0.88	0.01	0.05	1	0.235	0.23	0.23375	0.3125	0.1625	0.26375	0.31125	0.05	0.15	0.405	0.3125	0.365	0.115	0.14875	0.27375	0.23125	0.1275	0.0225	0.1425	0.34	4.2	-1.26667	-0.62	-0.0714286	0.366667	0.0435	0.2867	0.32816	0.245171	0.236156
0.02	0.98	0.12	0.02	0	0.27	0.12	0.02	0.05	0	0.01	1	0.02	0	0.02	0.05	0.05	0	0.02	0.01	0.1625	0.10625	0.2075	0.24875	0.1725	0.22	0.2375	0.0425	0.13125	0.6325	0.49625	0.27125	0.235	0.21625	0.15	0.1425	0.2225	0.02625	0.2075	0.58	-4.5	1.3	0.92	0.8	0.944444	0.2699	0.1095	0.17994	0.243243	0.206033
0.27	0.01	0	0	0.12	0.01	0.01	0	0	0.88	0.27	0.01	0.12	0.05	0.01	0.02	0.12	0.01	0.02	1	0.135	0.22625	0.2275	0.2525	0.1525	0.25125	0.25	0.16875	0.13625	0.48875	0.345	0.395	0.2075	0.085	0.03	0.15	0.2125	0.01125	0.0975	0.44125	4.2	1.3	2.52	1.94286	1.07778	0.0151	0.103167	0.07808	0.148257	0.228456
0.05	0.01	0.01	0	0.95	0.01	0.01	0	0.01	0.95	0.73	0.01	0.27	0.05	0.01	0.02	0.12	0.01	0.05	1	0.1025	0.2075	0.14125	0.1325	0.03375	0.285	0.165	0.13625	0.05	0.5275	0.28625	0.31875	0.18875	0.0825	0.01625	0.09375	0.18125	0.01	0.08	0.43625	4.2	4.3	2.58	2.38571	1.07778	0.0245	0.0256667	0.08952	0.106257	0.180256
0.02	0	0	0	0.02	0	0	0	0	1	0.5	0	0.27	0.05	0	0.01	0.05	0.01	0.02	0.5	0.07375	0.1475	0.0475	0.13375	0.1475	0.17375	0.09	0.1325	0.02	0.52	0.31375	0.2125	0.1825	0.08125	0.0125	0.03875	0.15875	0.00875	0.08125	0.49625	4.5	4.4	3.4	1.28571	1.07778	0.0374	0.0542	0.08608	0.147443	0.150844
0.05	0.02	0.01	0	0.05	0.02	0.01	0	0.01	0.88	0.99	0.02	0.73	0.5	0.01	0.02	0.05	0.02	0.5	0.95	0.0575	0.14375	0.045	0.13375	0.1375	0.17	0.08875	0.13125	0.0175	0.41625	0.19	0.15	0.09125	0.01875	0.13375	0.03375	0.05125	0.00625	0.015	0.315	4.5	2.86667	1.86	1.42857	0.433333	0.1007	0.130267	0.14942	0.149171	0.155533
0.05	0.01	0.05	0.02	0.01	0.01	0.01	1	0.01	0	0	0.02	0	0	0.01	0.05	0.01	0.01	0	0	0.05625	0.02375	0.025	0.12875	0.1425	0.13875	0.075	0.00375	0.02625	0.5275	0.315	0.02625	0.1825	0.14375	0.13125	0.025	0.05125	0.04125	0.2	0.43375	-0.4	0.2	0.32	0.6	0.788889	0.2527	0.2284	0.20092	0.159257	0.143733
0.02	0.12	0.05	0.02	0	1	0.27	0.01	0.05	0.5	0.01	0.12	0.05	0	0.01	0.05	0.02	0.01	0.01	0.01	0.02875	0.01125	0.03125	0.13125	0.14375	0.02	0.0475	0.12875	0.14625	0.3575	0.28	0.015	0.1625	0.14375	0.25375	0.025	0.0375	0.04	0.23	0.3075	-3.5	-2.46667	-0.9	-0.185714	-0.0333333	0.3318	0.288833	0.21058	0.179143	0.1824
0.01	0.01	0.12	1	0	0.05	0.27	0.02	0.02	0	0	0.02	0	0	0.01	0.05	0.02	0	0	0	0.0575	0.03875	0.13125	0.02375	0.0275	0.17125	0.06125	0.25125	0.1825	0.30375	0.1925	0.04125	0.1375	0.14	0.25875	0.085	0.14125	0.0425	0.2275	0.18625	-3.5	-2.86667	-2.06	-1.28571	-0.855556	0.282	0.233167	0.22318	0.225671	0.206478
0.02	0.01	0.01	0.01	0	0.01	0.02	0	0	0	0	0.02	0	0	1	0.02	0.02	0	0	0	0.06875	0.05375	0.15125	0.23875	0.02625	0.21	0.18375	0.25625	0.1875	0.2125	0.1325	0.10375	0.10625	0.14	0.26	0.1025	0.15	0.0425	0.24	0.13875	-1.6	-2.13333	-2.62	-2.38571	-1.53333	0.0857	0.177133	0.24526	0.245743	0.257844
0.01	0.01	0	0	0	0.01	0.01	0	0.12	0.01	0.02	0.01	0.02	0.5	0	0.01	0.01	0.27	1	0.01	0.07875	0.06625	0.27375	0.255	0.0225	0.24125	0.19875	0.38	0.205	0.1025	0.00875	0.13625	0.015	0.0175	0.38625	0.11625	0.15125	0.00875	0.115	0.02125	-1.3	-2.03333	-2.56	-2.55714	-2.07778	0.1637	0.204167	0.22714	0.281029	0.326344
0.02	0.02	0.05	0.02	0.12	0.05	0.05	0.01	1	0.02	0	0.02	0.01	0.05	0.99	0.02	0.02	0	0.27	0	0.0775	0.0975	0.27625	0.3125	0.0075	0.36	0.255	0.25625	0.2175	0.1075	0.0175	0.16625	0.07875	0.07625	0.2675	0.12375	0.155	0.04375	0.2125	0.025	-3.2	-2.56667	-2.18	-2.11429	-2.42222	0.3631	0.256	0.27068	0.336086	0.330111
0.27	0.12	0.88	0.12	0.02	0.27	0.12	0.99	0.27	0.02	0.02	0.12	0.02	0.02	0.05	0.5	0.95	0.02	0.02	0.02	0.16875	0.0725	0.16875	0.3	0.02625	0.21	0.215	0.16625	0.305	0.0475	0.01625	0.145	0.07375	0.08125	0.4175	0.09125	0.0425	0.04125	0.24875	0.0275	-3.2	-2.66667	-1.94	-2.11429	-1.83333	0.2412	0.368	0.39698	0.336743	0.305733
0.12	0.12	0.05	0.73	0.01	0.27	0.73	0.02	0.02	0.27	0.02	0.5	0.02	0.05	1	0.12	0.12	0.01	0.12	0.12	0.1925	0.0775	0.3675	0.11375	0.1375	0.31375	0.12	0.2875	0.45875	0.05	0.0225	0.10125	0.19625	0.08	0.3	0.1475	0.235	0.04375	0.27	0.04875	-1.6	-1.73333	-2.38	-1.62857	-1.8	0.4997	0.486033	0.42156	0.340557	0.284422
0.12	0.12	0.98	0.12	0.02	0.27	0.12	0.99	0.27	0.01	0.02	0.27	0.02	0.02	0.02	0.12	0.05	0.02	0.5	0.02	0.19625	0.0775	0.25625	0.19125	0.1375	0.31375	0.195	0.29125	0.42875	0.0825	0.0225	0.13	0.19625	0.08375	0.29875	0.15125	0.2425	0.04375	0.2225	0.06125	-0.4	-1.83333	-1.38	-1.9	-1.66667	0.7172	0.501167	0.37142	0.330057	0.2937
0.05	0.27	0.12	0.5	0.01	1	0.5	0.02	0.99	0.05	0.05	0.27	0.5	0.02	0.05	0.12	0.05	0.02	0.05	0.02	0.21	0.05875	0.36375	0.14375	0.23	0.2275	0.1475	0.4125	0.325	0.13875	0.14125	0.13	0.225	0.03625	0.29625	0.15125	0.2475	0.0125	0.16875	0.1225	-3.5	-0.7	-1.38	-1.5	-1.1	0.2866	0.372067	0.34122	0.302357	0.284522
1	0.02	0.02	0.02	0.05	0.02	0.02	0.27	0.02	0.02	0.02	0.05	0.02	0.01	0.27	0.27	0.05	0.01	0.05	0.05	0.21125	0.09	0.37625	0.2075	0.33375	0.35	0.2075	0.38625	0.32375	0.1425	0.1475	0.16125	0.28625	0.0325	0.23625	0.25375	0.26	0.015	0.1375	0.125	1.8	-1.63333	-1.14	-0.5	-0.544444	0.1124	0.163067	0.27512	0.279486	0.249722
0.05	0.05	0.88	0.12	0.88	0.88	0.12	0.02	1	0.27	0.05	0.05	0.98	0.02	0.02	0.12	0.73	0.01	0.27	0.27	0.2975	0.07125	0.15875	0.18	0.2275	0.20875	0.18	0.29375	0.17	0.115	0.1475	0.14625	0.17	0.15375	0.26125	0.21	0.0575	0.0275	0.17	0.0975	-3.2	-0.6	-0.3	-0.0142857	0.122222	0.0902	0.123933	0.1479	0.215229	0.234422
0.05	0.01	0.05	0.02	0.01	0.01	0.01	1	0.01	0	0	0.02	0	0	0.01	0.05	0.01	0.01	0	0	0.37375	0.0675	0.27125	0.1075	0.35	0.29	0.165	0.2025	0.29375	0.11625	0.1525	0.09375	0.2925	0.15125	0.14	0.32875	0.16625	0.02625	0.19125	0.11875	-0.4	0.0666667	0.76	0.442857	0.211111	0.1692	0.1135	0.10056	0.127557	0.193856
0.05	0.01	0	0	0.73	0.05	0.01	0	0.01	0.5	1	0.01	0.73	0.12	0.01	0.01	0.05	0.02	0.12	0.5	0.37375	0.05375	0.1575	0.09625	0.26375	0.25375	0.1525	0.205	0.26125	0.115	0.04	0.06375	0.21375	0.14	0.14	0.38125	0.24625	0.02375	0.12875	0.17875	3.8	1.73333	0.96	0.828571	0.722222	0.0811	0.100067	0.09878	0.105843	0.118656
0.98	0.02	0.05	0.05	0.99	0.05	0.05	0.05	0.02	0.02	0.02	0.05	0.02	0.01	0.73	0.99	0.12	0.01	0.02	0.05	0.31375	0.12875	0.2275	0.09	0.2325	0.23875	0.1475	0.2025	0.15125	0.175	0.19	0.11625	0.27375	0.15375	0.1675	0.30625	0.24625	0.025	0.14125	0.2475	1.8	2.8	1.44	1.17143	0.611111	0.0499	0.0781667	0.10766	0.0955571	0.137356
0.01	0	0	0	0	0	0	0	0.02	0.05	0.05	0	0.05	1	0	0	0.01	0.12	0.5	0.02	0.3725	0.19125	0.29375	0.20375	0.3525	0.305	0.21375	0.18125	0.21125	0.17125	0.19875	0.2075	0.27375	0.03125	0.34875	0.43	0.2875	0.01125	0.09	0.25125	2.8	1.26667	2.36	0.985714	0.611111	0.1035	0.096	0.0819	0.147657	0.200044
0.73	0.05	0.12	0.05	0.12	0.05	0.5	0.27	0.02	0.01	0.01	0.05	0.02	0.01	0.02	1	0.27	0	0.02	0.02	0.29125	0.185	0.27875	0.2925	0.23	0.2225	0.19875	0.26875	0.12	0.145	0.19875	0.22875	0.1575	0.215	0.40625	0.32375	0.17875	0.0275	0.1225	0.22	-0.8	2.06667	0.7	1.3	0.577778	0.1346	0.0928333	0.15666	0.220143	0.274244
0.12	0.01	0.02	0.01	0.05	0.02	0.02	0.01	0.01	0.5	0.12	0.02	0.12	0.05	0.02	0.5	0.73	0.01	0.12	1	0.42375	0.20375	0.3	0.30125	0.35625	0.24	0.26375	0.17875	0.135	0.2025	0.21875	0.23625	0.17875	0.24375	0.4075	0.4425	0.15375	0.0275	0.11625	0.22125	4.2	-0.366667	0.7	0.257143	1.08889	0.0404	0.209967	0.282	0.316843	0.276711
0.5	0.88	0.73	0.5	0.02	0.88	0.5	0.05	0.12	0.05	0.27	0.73	0.27	0.02	0.99	0.5	0.12	0.02	0.05	0.12	0.4325	0.2125	0.245	0.255	0.27125	0.18875	0.2175	0.18	0.12625	0.19875	0.08125	0.26875	0.075	0.23875	0.40875	0.475	0.2575	0.025	0.1125	0.275	-4.5	0.5	-0.56	0.6	0.488889	0.4549	0.390633	0.4129	0.337057	0.337311
0.5	0.5	0.5	0.88	0.02	0.5	0.5	0.05	0.5	0.02	0.12	0.73	0.05	0.02	0.99	0.27	0.27	0.01	0.12	0.05	0.3725	0.2725	0.2825	0.2075	0.21	0.245	0.2175	0.18	0.09125	0.31875	0.2075	0.26875	0.1625	0.3	0.43625	0.395	0.315	0.03125	0.11625	0.3875	1.8	-2.06667	0.44	-0.0285714	0.111111	0.6766	0.629833	0.42426	0.411771	0.352844
0.12	0.05	0.88	0.88	0.02	0.27	0.5	0.99	0.27	0.02	0.01	0.27	0.02	0.5	0.5	0.27	0.12	0.02	0.05	0.02	0.42125	0.33	0.23625	0.21	0.21125	0.27625	0.22	0.06375	0.11875	0.31375	0.21625	0.32875	0.16125	0.115	0.6225	0.40125	0.335	0.015	0.06375	0.39	-3.5	0.833333	-0.72	-0.142857	-0.377778	0.758	0.542	0.54148	0.419643	0.357767
0.5	0.12	0.12	0.05	0.95	0.12	0.05	0.02	0.12	0.95	0.27	0.05	0.27	0.27	0.02	0.5	0.27	0.02	0.05	0.99	0.2975	0.3775	0.3225	0.31375	0.08125	0.3225	0.22875	0.185	0.1375	0.1975	0.18375	0.44125	0.12875	0.1425	0.805	0.2625	0.28875	0.015	0.0625	0.2675	4.2	-0.3	-0.14	-0.971429	-0.466667	0.1914	0.5253	0.48844	0.434986	0.406078
0.5	0.95	0.27	0.12	0.02	0.5	0.12	0.05	0.05	0.02	0.05	0.98	0.05	0.05	0.99	0.27	0.27	0.01	0.02	0.05	0.2975	0.275	0.31625	0.31	0.19375	0.27875	0.22375	0.18625	0.1475	0.2525	0.1975	0.32875	0.14375	0.165	0.68375	0.35375	0.28875	0.015	0.0525	0.2625	-1.6	0.333333	-0.82	-0.557143	-1.02222	0.6265	0.335867	0.38268	0.451343	0.423478
0.5	0.12	0.12	0.05	0.5	0.12	0.05	0.05	0.12	0.95	0.88	0.05	0.5	0.5	0.95	0.12	0.73	0.05	0.12	0.88	0.2375	0.27	0.24375	0.25625	0.13375	0.2175	0.17	0.18	0.125	0.22125	0.185	0.355	0.11625	0.12125	0.56625	0.31125	0.21875	0.01	0.03625	0.1775	-1.6	-1.6	-0.44	-0.928571	-0.1	0.1897	0.321333	0.34496	0.382829	0.374911
0.02	0.01	0.01	0.02	0.01	0.02	0.02	0.01	0.01	0.01	0.01	0.02	0.01	0	1	0.05	0.02	0	0.01	0.01	0.2975	0.34375	0.22875	0.165	0.2075	0.2775	0.145	0.185	0.09125	0.37	0.3125	0.38625	0.205	0.18375	0.4425	0.32	0.28875	0.0175	0.04125	0.37125	-1.6	-1.6	-1.44	0.114286	-0.8	0.1478	0.3023	0.34608	0.277086	0.340911
0.12	0.5	0.05	0.05	0.01	0.27	0.12	0.27	0.02	0.01	0.01	0.73	0.01	0	1	0.12	0.05	0	0.01	0.01	0.30375	0.33875	0.23875	0.06625	0.20625	0.21875	0.07625	0.035	0.07125	0.3675	0.31125	0.27	0.20375	0.12125	0.38125	0.2925	0.285	0.015	0.03625	0.36875	-1.6	-1.33333	-0.36	-1.12857	-0.8	0.5694	0.304733	0.22434	0.302686	0.275333
0.12	0.02	0.12	0.05	0.02	0.05	0.05	0.05	0.02	0.01	0.01	0.05	0.02	0.01	0.02	1	0.73	0	0.01	0.02	0.24375	0.385	0.215	0.06	0.08875	0.2325	0.07875	0.06	0.05625	0.37375	0.34	0.35	0.29125	0.0925	0.5025	0.12125	0.1725	0.01375	0.0325	0.335	-0.8	0.466667	-0.94	-1.4	-0.8	0.197	0.2614	0.26052	0.237157	0.256378
0.02	0.01	0	0	0.02	0.01	0	0	0.01	0.73	1	0.01	0.5	0.12	0.01	0.01	0.02	0.02	0.02	0.27	0.2275	0.27	0.1975	0.05125	0.10125	0.19	0.07125	0.06125	0.06625	0.34375	0.2725	0.23375	0.24	0.1975	0.38125	0.21375	0.23	0.04375	0.15375	0.30375	3.8	-0.5	-1.32	-0.571429	-0.2	0.0178	0.195133	0.26452	0.213029	0.189167
0.5	0.98	0.27	0.12	0.12	0.88	0.27	0.05	0.12	0.27	0.27	0.95	0.27	0.02	0.05	0.27	0.12	0.02	0.05	0.73	0.1675	0.225	0.16375	0.045	0.02875	0.1575	0.1225	0.05125	0.0525	0.2975	0.31625	0.235	0.2125	0.15375	0.26375	0.2	0.16	0.03875	0.1375	0.1425	-4.5	-1.4	-0.16	0.2	0.177778	0.3706	0.1854	0.1548	0.195	0.221667
0.27	0.5	1	0.12	0.01	0.05	0.05	0.05	0.12	0	0	0.05	0.01	0	0.01	0.12	0.12	0	0.01	0	0.25625	0.34625	0.1625	0.07625	0.04125	0.32125	0.2725	0.0525	0.0575	0.33	0.35	0.36	0.24625	0.15625	0.14625	0.2275	0.16375	0.04125	0.1425	0.23375	-3.5	-1.26667	0.76	0.685714	0.555556	0.1678	0.1864	0.11972	0.182543	0.216478
0.02	0.01	0	0	0.02	0.01	0	0	0	1	0.5	0.01	0.98	0.05	0.01	0.01	0.05	0.01	0.02	0.73	0.27875	0.3475	0.2825	0.085	0.045	0.295	0.265	0.025	0.0725	0.3225	0.41	0.275	0.215	0.18375	0.0225	0.22875	0.1725	0.0425	0.23125	0.2325	4.2	1.5	0.36	1.05714	1.2	0.0208	0.0700667	0.2126	0.168843	0.155956
0.27	0.02	0.01	0	0.12	0.12	0.01	0.01	0.12	0.5	0.5	0.01	0.12	1	0.01	0.02	0.02	0.27	1	0.05	0.32375	0.435	0.32875	0.1125	0.045	0.39375	0.3675	0.0325	0.17375	0.39875	0.415	0.37875	0.35375	0.07	0.02625	0.19375	0.1475	0.0125	0.14125	0.33	3.8	3.26667	1.62	1.11429	0.855556	0.0216	0.174867	0.1587	0.169829	0.1833
0.5	0.73	0.12	0.12	0.02	0.73	0.73	0.02	0.12	0.12	0.5	1	0.05	0.05	0.05	0.27	0.27	0.01	0.02	0.05	0.38375	0.455	0.40625	0.2075	0.06125	0.42625	0.36875	0.04625	0.20625	0.36125	0.29625	0.345	0.315	0.17625	0.035	0.2525	0.205	0.045	0.2675	0.31125	1.8	2.46667	3.16	1.2	0.0444444	0.4822	0.201633	0.13008	0.180186	0.2534
0.5	0.5	0.73	0.27	0	0.5	1	0.02	0.05	0	0.01	0.12	0.02	0	0.02	0.12	0.05	0	0.01	0.01	0.33625	0.42375	0.3875	0.29875	0.15875	0.37875	0.41125	0.04625	0.20625	0.34375	0.325	0.35125	0.2875	0.195	0.03875	0.32875	0.25125	0.045	0.265	0.2275	1.8	2.6	1.54	1.2	0.822222	0.1011	0.202667	0.21454	0.248886	0.231022
0.05	0.02	0.01	0	0.05	0.02	0.01	0	0.02	0.95	0.99	0.01	0.73	0.27	0.01	0.02	0.05	0.02	0.73	0.73	0.365	0.42375	0.3675	0.32375	0.1575	0.435	0.53125	0.04375	0.21	0.34375	0.32125	0.365	0.23125	0.2525	0.045	0.32875	0.25125	0.0575	0.2975	0.22875	4.2	0.7	0.08	0.957143	1.06667	0.0247	0.189633	0.33996	0.270086	0.229744
0.73	0.73	0.5	0.27	0.12	0.95	0.88	0.12	0.95	0.12	0.05	0.88	0.27	0.05	0.05	0.73	0.5	0.02	0.27	0.12	0.31125	0.34	0.3975	0.3525	0.14875	0.3325	0.45625	0.1525	0.15625	0.325	0.37875	0.28875	0.1725	0.27625	0.16125	0.2725	0.20375	0.05875	0.355	0.21625	-3.9	-1.06667	0.22	0.228571	0.422222	0.4431	0.372167	0.27736	0.289329	0.307178
0.73	0.88	0.73	0.88	0.05	0.88	0.73	0.12	0.27	0.05	0.05	0.73	0.12	0.02	0.12	0.73	0.73	0.02	0.05	0.12	0.31125	0.3525	0.4775	0.3675	0.2525	0.38875	0.53625	0.2425	0.28875	0.305	0.35	0.36875	0.23875	0.18875	0.185	0.3325	0.235	0.04	0.29125	0.2725	-3.5	-1.63333	-0.4	-0.257143	-0.388889	0.6487	0.420333	0.2884	0.322971	0.378589
0.12	0.5	0.73	1	0.88	0.27	0.88	0.05	0.05	0.01	0.01	0.12	0.02	0.12	0.05	0.73	0.27	0.01	0.02	0.02	0.35875	0.4	0.4775	0.3525	0.25625	0.4075	0.44125	0.255	0.335	0.38625	0.38375	0.3825	0.3075	0.2925	0.2025	0.31375	0.2925	0.07375	0.4025	0.34125	2.5	-0.766667	-1.56	-1.01429	-0.388889	0.1692	0.324733	0.427	0.403429	0.342356
0.05	0.02	0.12	0.05	0.05	0.02	0.02	0.01	0.12	0.95	0.95	0.05	0.27	0.73	0.05	0.02	0.12	0.12	0.99	0.73	0.3675	0.48875	0.49625	0.5	0.36625	0.4675	0.48625	0.29125	0.3825	0.33125	0.29875	0.4675	0.3075	0.2225	0.3225	0.45	0.3675	0.06625	0.295	0.31375	-1.3	-0.133333	-1.48	-1.35714	-1.08889	0.1563	0.347733	0.47124	0.4222	0.392878
0.27	0.05	0.73	0.5	0.02	0.12	0.27	0.99	0.5	0.02	0.02	0.27	0.05	0.02	0.98	0.27	0.12	0.02	0.02	0.02	0.39625	0.545	0.43375	0.45	0.37	0.515	0.4875	0.18375	0.395	0.43875	0.35375	0.50125	0.335	0.34	0.32375	0.45	0.42375	0.0825	0.34	0.4025	-1.6	-2.13333	-0.42	-1.44286	-1.34444	0.7177	0.512767	0.37272	0.4383	0.423622
0.27	0.27	0.88	0.73	0.88	0.5	0.5	0.73	0.5	0.27	0.27	0.5	0.5	0.27	0.27	0.5	0.5	0.12	0.27	0.5	0.33875	0.48875	0.38625	0.4025	0.2625	0.41125	0.3825	0.2075	0.29125	0.39875	0.31875	0.425	0.2475	0.30875	0.53125	0.36375	0.32875	0.06875	0.2775	0.3425	-3.5	-1.1	-1.82	-0.671429	-1	0.6643	0.5127	0.45004	0.388686	0.402133
0.27	0.73	0.12	0.12	0.88	0.27	0.12	0.05	0.27	0.73	0.73	0.5	0.5	0.98	0.12	0.12	0.27	0.27	0.88	0.5	0.31	0.38375	0.5125	0.46	0.31875	0.3925	0.40125	0.34	0.34875	0.34125	0.26125	0.425	0.2475	0.22	0.56875	0.43	0.3575	0.05	0.20125	0.33375	1.8	-2.06667	-1.18	-1.14286	-0.655556	0.1561	0.458733	0.47906	0.400186	0.406622
0.5	0.73	0.27	0.5	0.05	0.73	0.5	0.27	0.5	0.5	0.27	0.73	0.27	0.05	0.98	0.5	0.5	0.05	0.12	0.5	0.2725	0.33625	0.52125	0.35	0.4225	0.31625	0.25875	0.32125	0.43875	0.37	0.31875	0.39625	0.27625	0.3275	0.4575	0.40125	0.3575	0.07875	0.40375	0.3325	-4.5	-0.266667	-1.02	-1.01429	-1.28889	0.5558	0.337767	0.38546	0.4763	0.422867
0.5	0.5	0.12	0.05	0.05	0.5	0.27	0.12	0.5	0.88	0.5	0.5	0.73	0.5	0.95	0.27	0.5	0.05	0.12	0.73	0.28125	0.365	0.635	0.40625	0.4175	0.37625	0.2875	0.46375	0.53375	0.20375	0.17125	0.425	0.18625	0.18125	0.47	0.4425	0.345	0.065	0.28125	0.21375	1.9	-1.13333	-0.4	-1.24286	-1.18889	0.3014	0.368967	0.39042	0.418829	0.437678
0.27	0.5	0.27	0.12	0.12	0.5	0.27	0.05	0.12	0.05	0.02	0.5	0.02	0.05	1	0.27	0.12	0.01	0.02	0.12	0.2825	0.36125	0.61625	0.4575	0.53125	0.3675	0.26875	0.35125	0.5525	0.3075	0.24375	0.3975	0.275	0.35375	0.34375	0.4425	0.3925	0.0825	0.41375	0.29	-0.8	0.233333	-1.4	-0.8	-0.733333	0.2497	0.4134	0.42228	0.3653	0.393478
0.5	0.5	0.98	0.73	0.5	0.5	0.5	0.5	0.5	0.05	0.05	0.73	0.12	0.02	0.27	0.88	0.73	0.02	0.05	0.05	0.2225	0.32875	0.4175	0.29	0.37625	0.30625	0.1775	0.20375	0.4425	0.3075	0.33125	0.3075	0.2625	0.33875	0.40125	0.305	0.25625	0.06875	0.37875	0.25125	-0.4	-1.46667	-0.58	-0.7	0.0777778	0.6891	0.418067	0.36904	0.3887	0.323278
0.05	0.12	0.95	0.5	0.88	0.12	0.12	0.12	1	0.01	0.01	0.12	0.02	0.05	0.02	0.88	0.5	0.02	0.88	0.01	0.27875	0.3475	0.46875	0.36625	0.225	0.43	0.32	0.25125	0.36125	0.255	0.27875	0.38375	0.24625	0.275	0.42375	0.38125	0.37	0.04125	0.18	0.25625	-3.2	-1.33333	-0.46	0.485714	-0.511111	0.3154	0.431367	0.37274	0.313943	0.335867
0.12	0.02	0.88	0.05	0.01	0.27	0.02	1	0.88	0	0	0.05	0.01	0.01	0.12	0.12	0.02	0.01	0.01	0.01	0.29875	0.36	0.50625	0.4225	0.33375	0.35375	0.30375	0.17	0.37625	0.2	0.2525	0.3925	0.22	0.28	0.4075	0.52375	0.40125	0.03875	0.28875	0.2275	-0.4	-0.366667	0.46	-0.285714	-0.444444	0.2896	0.3083	0.3293	0.309371	0.310567
0.05	0.02	0.73	0.98	1	0.05	0.12	0.02	0.27	0.02	0.12	0.05	0.05	0.95	0.02	0.27	0.12	0.12	0.98	0.02	0.24625	0.29875	0.51	0.3	0.205	0.32	0.2575	0.27875	0.39125	0.08875	0.17625	0.33	0.12625	0.115	0.30125	0.4725	0.3275	0.14375	0.18625	0.135	2.5	1.96667	-0.16	-0.728571	-0.755556	0.3199	0.214	0.24536	0.320571	0.285233
0.02	0.01	0	0	0.02	0.01	0	0	0	0.27	1	0.01	0.5	0.12	0	0.01	0.02	0.02	0.02	0.12	0.34125	0.24375	0.57375	0.41	0.40375	0.26875	0.245	0.29	0.4125	0.06625	0.07	0.27875	0.07375	0.215	0.185	0.5625	0.3875	0.1575	0.30625	0.14125	3.8	0.933333	-0.3	-0.8	-0.466667	0.0325	0.207267	0.2479	0.232614	0.274678
0.27	0.5	0.5	0.5	0.05	0.88	0.88	0.05	0.12	0.27	0.27	0.5	0.27	0.5	0.05	0.73	0.95	0.05	0.12	0.5	0.2625	0.23875	0.45125	0.36625	0.34	0.2075	0.19125	0.2275	0.36875	0.06625	0.17	0.245	0.09375	0.1675	0.15125	0.39625	0.21375	0.15375	0.3025	0.09375	-3.5	-1.2	-0.4	-0.0857143	-0.922222	0.2694	0.21	0.20466	0.209657	0.269022
0.73	0.73	0.5	0.5	0.05	0.27	0.27	0.5	0.5	0.05	0.05	0.73	0.05	0.05	0.95	0.88	0.27	0.02	0.12	0.27	0.20125	0.305	0.33875	0.31875	0.23	0.39375	0.3625	0.1575	0.21125	0.0925	0.1975	0.235	0.12125	0.2175	0.03875	0.27375	0.23875	0.15625	0.195	0.1225	-3.9	-2.76667	-0.54	-0.671429	-0.955556	0.3281	0.223633	0.17162	0.259457	0.280456
0.01	0.01	0	0	0.01	0.01	0	0.01	0.01	0.01	0.01	0	0.02	0.12	0	0.01	0.01	1	0.27	0	0.2825	0.39375	0.2975	0.3775	0.235	0.39375	0.395	0.21875	0.16375	0.0975	0.2025	0.3225	0.12375	0.2075	0.14375	0.37375	0.27	0.03375	0.175	0.155	-0.9	-1	-2.2	-1.52857	-0.955556	0.0734	0.1854	0.29276	0.273514	0.2783
1	0.05	0.05	0.02	0.73	0.05	0.05	0.12	0.02	0.12	0.05	0.05	0.05	0.02	0.05	0.73	0.5	0.02	0.02	0.27	0.15875	0.3875	0.2	0.2525	0.02625	0.38375	0.375	0.2025	0.12875	0.19125	0.1975	0.31125	0.205	0.1075	0.13625	0.2525	0.2275	0.14125	0.08625	0.24375	1.8	-1.2	-2.2	-2.12857	-0.766667	0.1547	0.288767	0.32254	0.307471	0.2557
0.12	0.95	0.5	0.88	0.02	0.88	0.95	0.05	0.27	0.05	0.12	0.95	0.05	0.02	0.05	0.27	0.27	0.02	0.12	0.05	0.2725	0.275	0.14375	0.145	0.115	0.28125	0.26375	0.21125	0.09875	0.2	0.18875	0.19875	0.26125	0.21125	0.1375	0.31	0.25625	0.14125	0.0775	0.27125	-4.5	-2.06667	-1.5	-1.02857	-0.766667	0.6382	0.403733	0.31096	0.285629	0.258711
0.02	0.88	0.05	0.12	0	1	0.88	0.01	0.12	0	0.01	0.27	0.02	0	0.02	0.05	0.02	0.01	0.02	0.01	0.285	0.2225	0.1375	0.1775	0.11375	0.15875	0.16375	0.21	0.10375	0.20625	0.29375	0.2225	0.34125	0.16625	0.1375	0.2475	0.17125	0.13875	0.0775	0.22875	-3.5	-2.8	-0.48	0.0714286	0.0444444	0.4183	0.442233	0.31958	0.247271	0.237044
0.05	0.01	0.05	0.02	0.01	0.01	0.01	1	0.01	0	0	0.02	0	0	0.01	0.05	0.01	0.01	0	0	0.1925	0.24125	0.075	0.1275	0.10875	0.25	0.24	0.02375	0.05625	0.2625	0.41375	0.16375	0.42875	0.19375	0.02125	0.13875	0.14125	0.25875	0.07125	0.21125	-0.4	0.1	-0.08	0.742857	0.9	0.2702	0.268333	0.30056	0.247414	0.203944
0.05	0.01	0	0	0.05	0.01	0.01	0	0	0.88	0.12	0.01	0.73	0.05	0.01	0.02	0.27	0	0.02	1	0.1925	0.2425	0.20625	0.145	0.1025	0.255	0.24625	0.15	0.0625	0.15125	0.3975	0.17125	0.33625	0.1725	0.0225	0.15625	0.11375	0.135	0.03625	0.08625	4.2	2.53333	1.58	1.02857	0.611111	0.1165	0.148767	0.1878	0.229629	0.2095
0.05	0.01	0	0	0.02	0.02	0.01	0	0.01	0.27	1	0.01	0.95	0.95	0.01	0.01	0.02	0.02	0.05	0.12	0.1775	0.34625	0.23375	0.14875	0.02125	0.2625	0.24625	0.16875	0.0925	0.21875	0.28375	0.18	0.30875	0.06375	0.0225	0.17625	0.20625	0.1325	0.12125	0.16875	3.8	3.93333	3.04	1.17143	0.333333	0.0596	0.0835	0.11018	0.156086	0.198167
0.27	0.01	0	0	0.02	0.02	0.01	0	0.01	0.27	1	0.01	0.88	0.12	0.02	0.01	0.02	0.02	0.02	0.12	0.1975	0.23	0.17375	0.04125	0.11	0.155	0.13	0.165	0.0925	0.33125	0.3025	0.06375	0.345	0.18	0.0175	0.205	0.26375	0.1325	0.20125	0.28625	3.8	3.8	2.42	1.57143	0.755556	0.0744	0.0547333	0.08082	0.103857	0.134356
0.02	0.01	0	0	0.02	0.01	0.01	0	0.01	0.5	1	0.01	0.73	0.27	0.01	0.01	0.02	0.98	0.05	0.12	0.22875	0.12125	0.1675	0.02625	0.1125	0.0325	0.02125	0.16375	0.07875	0.33625	0.42625	0.03125	0.4525	0.27125	0.01625	0.2	0.26375	0.045	0.20125	0.3	3.8	1.36667	1.44	1.52857	1.56667	0.0302	0.076	0.06806	0.0743857	0.0938222
0.01	0.02	1	0.12	0	0.05	0.05	0.02	0.05	0	0	0.05	0.01	0	0.01	0.12	0.05	0	0.01	0	0.23	0.12125	0.0425	0.01125	0.11625	0.0325	0.0175	0.03875	0.075	0.40125	0.55375	0.03	0.545	0.30625	0.0175	0.29	0.38375	0.1675	0.2075	0.32125	-3.5	-0.133333	0.54	1.47143	1.53333	0.1234	0.0687667	0.06892	0.0653857	0.0669444
0.88	0.88	0.27	0.05	0.05	0.12	0.05	0.27	0.27	0.05	0.02	0.12	0.05	0.05	0.05	0.88	0.99	0.02	0.73	0.05	0.12125	0.01375	0.135	0.02	0.2225	0.02375	0.0175	0.0075	0.0475	0.3475	0.55125	0.02125	0.46375	0.29625	0.0125	0.195	0.32375	0.165	0.1175	0.315	-0.7	-1.63333	0.54	0.828571	1.53333	0.0527	0.08	0.06474	0.0609143	0.0557444
0.5	0.02	0.02	0.02	0.73	0.02	0.02	0.02	0.27	0.95	0.27	0.02	0.27	0.12	0.02	0.5	0.73	0.02	0.73	0.99	0.1775	0.24375	0.22875	0.03875	0.13625	0.09625	0.1425	0.045	0.08	0.2075	0.3975	0.095	0.32375	0.17	0.10625	0.275	0.3875	0.16375	0.11375	0.21625	-0.7	0.8	-0.36	0.885714	0.677778	0.0639	0.0567	0.06436	0.0525286	0.0823556
0.02	0.01	0	0	0.02	0.01	0.01	0	0.01	0.27	1	0.01	0.73	0.88	0	0.01	0.02	0.27	0.05	0.12	0.3225	0.35375	0.24625	0.10375	0.22875	0.205	0.2525	0.0625	0.17375	0.265	0.1875	0.18625	0.17125	0.0625	0.21625	0.3975	0.48875	0.1325	0.21125	0.325	3.8	0.8	1.18	-0.214286	-0.244444	0.0535	0.0485667	0.04282	0.0909429	0.104644
0.05	0.02	0.05	0.02	0.02	0.05	0.02	0.02	0.02	0.02	0.02	0.05	0.02	0.01	0.02	0.88	1	0.01	0.01	0.05	0.35	0.385	0.3025	0.1075	0.2275	0.205	0.25625	0.185	0.29	0.235	0.18625	0.21375	0.17125	0.2	0.215	0.35	0.37	0.045	0.21625	0.32	-0.7	2.43333	0.54	-0.357143	-0.711111	0.0283	0.0325	0.0921	0.1126	0.168622
0.05	0.01	0.01	0	0.95	0.01	0.01	0	0	0.5	0.12	0.01	0.12	0.02	0.01	0.02	0.73	0	0.02	1	0.3825	0.475	0.27375	0.12875	0.11375	0.3275	0.37	0.19125	0.32	0.20875	0.2075	0.3225	0.19125	0.20125	0.22125	0.47625	0.43125	0.04875	0.22	0.21625	4.2	-0.133333	-0.22	-0.314286	-0.122222	0.0157	0.114367	0.13432	0.191643	0.209089
0.12	0.99	0.5	0.12	0.01	0.5	0.98	0.05	0.27	0.05	0.02	0.5	0.05	0.01	0.73	0.27	0.27	0.01	0.02	0.27	0.3875	0.27625	0.18125	0.11	0.23125	0.2575	0.24875	0.1575	0.255	0.26125	0.22	0.2525	0.19625	0.1975	0.24875	0.3975	0.45625	0.04625	0.13125	0.3075	-3.9	-1.4	-1.06	0.0428571	0.155556	0.2991	0.1966	0.24482	0.252171	0.255222
0.95	0.88	0.12	0.5	0.05	0.88	0.88	0.12	0.5	0.05	0.05	0.73	0.12	0.02	0.88	0.5	0.12	0.02	0.12	0.12	0.3125	0.32125	0.35	0.075	0.1375	0.2225	0.27375	0.265	0.315	0.145	0.185	0.28375	0.1875	0.215	0.23375	0.36875	0.39875	0.045	0.06125	0.205	-4.5	-2.93333	-0.56	-0.242857	0.433333	0.275	0.393367	0.33668	0.311371	0.298156
0.27	0.27	0.5	0.05	0.01	0.05	0.05	1	0.95	0.01	0.01	0.27	0.02	0.5	0.02	0.5	0.05	0.02	0.05	0.01	0.48625	0.39875	0.3175	0.1375	0.155	0.33125	0.3825	0.18875	0.26	0.1175	0.06625	0.34625	0.11125	0.04625	0.34375	0.4925	0.43875	0.0125	0.06625	0.21	-0.4	-1.03333	-1.04	0.114286	-0.0777778	0.606	0.4562	0.42712	0.371657	0.318533
0.27	0.73	0.73	0.27	0.02	0.99	0.95	0.05	0.27	0.27	0.27	0.88	0.27	0.02	0.05	0.27	0.27	0.02	0.05	0.12	0.48125	0.34125	0.28875	0.10875	0.15125	0.21375	0.27	0.305	0.4675	0.0825	0.03125	0.26625	0.07875	0.10625	0.3375	0.41375	0.2875	0.01125	0.08	0.19	1.8	1.06667	0.1	-0.6	-0.355556	0.4876	0.5205	0.45736	0.403257	0.318433
0.99	0.27	0.02	0.02	0.05	0.05	0.05	0.05	0.02	0.02	0.02	0.05	0.02	0.01	0.99	0.5	0.73	0.01	0.02	0.05	0.50375	0.51625	0.39125	0.14625	0.03125	0.44	0.44375	0.32	0.56125	0.05375	0.05	0.49125	0.10125	0.1075	0.225	0.47375	0.15375	0.015	0.115	0.08875	1.8	1.8	0.84	-0.5	-0.911111	0.4679	0.4686	0.44974	0.364443	0.372511
0.73	0.27	0.99	0.12	0.02	0.12	0.12	0.95	0.98	0.02	0.02	0.5	0.27	0.27	0.05	0.5	0.12	0.02	0.27	0.02	0.555	0.455	0.32625	0.21	0.03625	0.4025	0.3275	0.32375	0.49875	0.08125	0.05	0.46375	0.07	0.07625	0.2575	0.5025	0.21125	0.015	0.115	0.065	1.8	0.933333	0.28	0.0285714	-0.977778	0.4503	0.385033	0.33402	0.396929	0.417844
0.73	0.02	0.12	0.05	0.12	0.05	0.05	0.27	0.02	0.01	0.01	0.05	0.02	0.01	0.02	1	0.27	0.01	0.02	0.05	0.45125	0.4675	0.42625	0.1625	0.02375	0.36375	0.24125	0.39625	0.6475	0.18625	0.155	0.5475	0.14875	0.225	0.15375	0.3925	0.21125	0.1325	0.165	0.08	-0.8	-0.733333	-0.24	-0.557143	0.0222222	0.2369	0.2382	0.33698	0.411371	0.444178
0.01	0.02	0.05	0.01	0	0.05	0.02	0	1	0	0	0.02	0.01	0.01	0	0.02	0.01	0	0.12	0	0.5225	0.43625	0.37875	0.1675	0.04	0.36	0.24125	0.43	0.40875	0.22	0.15625	0.52	0.15	0.16375	0.15625	0.45875	0.24375	0.13375	0.1475	0.0875	-3.2	-1.6	-1.5	-0.171429	0.0222222	0.0274	0.255567	0.38482	0.414857	0.401578
0.95	0.95	0.12	0.05	0.02	0.88	0.5	0.12	0.5	0.02	0.02	0.98	0.05	0.02	0.05	0.73	0.12	0.02	0.27	0.12	0.37125	0.22875	0.27875	0.12875	0.035	0.1325	0.0625	0.40875	0.4375	0.18375	0.12125	0.29	0.1125	0.16625	0.14375	0.33625	0.19625	0.25375	0.185	0.0575	-0.8	-2.83333	-0.96	-0.485714	-0.277778	0.5024	0.4123	0.39716	0.379814	0.350011
0.27	0.5	0.95	0.73	0.02	0.27	0.12	0.98	0.73	0.27	0.02	0.73	0.05	0.02	0.05	0.5	0.12	0.02	0.27	0.05	0.3475	0.2575	0.1875	0.1325	0.02875	0.32125	0.22875	0.30125	0.46875	0.1525	0.12	0.33	0.1125	0.165	0.0225	0.30875	0.11125	0.25375	0.185	0.06125	-4.5	-0.266667	-0.88	-0.871429	-0.866667	0.7071	0.573833	0.3943	0.318843	0.327167
0.12	0.73	0.05	0.05	0.05	0.5	0.12	0.02	0.73	0.88	0.88	0.95	0.5	0.95	0.02	0.12	0.27	0.95	0.27	0.27	0.3375	0.305	0.21	0.23625	0.02875	0.3875	0.305	0.3175	0.40875	0.13625	0.04375	0.3025	0.05625	0.04875	0.11125	0.35625	0.1875	0.245	0.185	0.09375	4.5	-0.133333	-0.42	-1.25714	-1.56667	0.512	0.480567	0.39352	0.322471	0.339356
0.12	0.02	0.05	0.05	0.02	0.02	0.02	1	0.02	0.27	0.01	0.02	0.02	0.01	0.02	0.05	0.05	0.02	0.01	0.02	0.24875	0.3925	0.195	0.23	0.02	0.4425	0.31125	0.16125	0.4975	0.27375	0.26125	0.41375	0.12875	0.29	0.10875	0.24125	0.18375	0.375	0.2775	0.21	-0.4	1.06667	-0.96	-1.44286	-1.16667	0.2226	0.2527	0.3455	0.398557	0.3143
0	0	0	0	0	0	0	0	0	0	0.01	0	0.01	0.05	0	0	0	1	0.5	0	0.325	0.395	0.2575	0.24125	0.02875	0.445	0.3175	0.28875	0.3775	0.34125	0.26375	0.42	0.135	0.285	0.11375	0.33625	0.31375	0.25375	0.20375	0.24625	-0.9	-1.6	-0.96	-0.928571	-0.344444	0.0235	0.169467	0.31608	0.328414	0.312467
0.12	0.05	0.12	0.73	0	0.95	1	0.05	0.5	0.02	0.01	0.12	0.02	0	0.02	0.05	0.05	0.01	0.02	0.01	0.20625	0.285	0.3375	0.26875	0.13625	0.25	0.22125	0.2825	0.315	0.3375	0.2625	0.31625	0.12875	0.30375	0.1075	0.2725	0.3075	0.37625	0.23625	0.23125	-3.5	-2.96667	-1.3	0.314286	-0.3	0.2623	0.281933	0.21596	0.228957	0.295456
0.5	0.88	0.27	0.27	0.05	0.88	0.73	0.12	0.5	0.5	0.27	0.5	0.27	0.27	0.73	0.5	0.88	0.88	0.27	0.5	0.235	0.22875	0.31	0.26875	0.2375	0.31625	0.3025	0.185	0.33375	0.25	0.23375	0.26875	0.10625	0.27375	0.01875	0.21625	0.25125	0.2675	0.205	0.22625	-4.5	-1.73333	-0.38	-0.385714	0.155556	0.56	0.2779	0.17362	0.205714	0.235422
0.02	0.01	0	0	0.02	0.01	0	0	0.02	0.5	0.88	0.01	0.12	1	0	0.01	0.02	0.12	0.5	0.73	0.39	0.24875	0.33875	0.2975	0.24125	0.365	0.38125	0.2	0.30375	0.2625	0.13875	0.21375	0.09625	0.155	0.11	0.26875	0.34	0.24625	0.14875	0.28625	2.8	0.833333	-0.28	-0.385714	0.122222	0.0114	0.1941	0.23878	0.197743	0.180478
0.5	0.02	0.5	0.05	0.05	0.05	0.05	0.02	0.02	0.27	0.02	0.05	0.05	0.01	0.02	0.73	1	0.01	0.02	0.27	0.3175	0.24625	0.27	0.285	0.2375	0.35875	0.3725	0.0725	0.30125	0.3825	0.355	0.2075	0.13625	0.34	0.10625	0.17375	0.2175	0.25875	0.21375	0.45125	4.2	2.2	0.34	0.342857	0.666667	0.0109	0.123867	0.21968	0.196886	0.1619
0.12	0.12	0.88	1	0.88	0.27	0.73	0.12	0.5	0.01	0.01	0.27	0.01	0.12	0.02	0.27	0.12	0.01	0.05	0.01	0.4275	0.3525	0.3325	0.27625	0.13625	0.44125	0.3975	0.075	0.3325	0.42125	0.36125	0.29	0.17375	0.3225	0.1125	0.3225	0.39	0.13625	0.15375	0.49	-0.4	1.13333	2.08	1.48571	0.266667	0.3493	0.175667	0.11118	0.167329	0.2071
0.88	0.88	0.88	0.27	0.88	0.73	0.5	0.27	0.88	0.05	0.05	0.73	0.12	0.05	0.05	0.5	0.5	0.02	0.27	0.5	0.4275	0.3425	0.3325	0.29125	0.17	0.3275	0.36375	0.065	0.3325	0.47625	0.4175	0.28	0.19125	0.4225	0.1125	0.35	0.39875	0.1675	0.18625	0.49	-0.4	1.13333	2.42	1.48571	0.155556	0.1668	0.177867	0.11998	0.1488	0.196589
0.88	0.02	0.01	0.01	0.05	0.02	0.02	0.02	0.01	0.98	0.73	0.02	0.27	0.73	0.02	0.05	0.12	0.02	0.05	0.98	0.38	0.3425	0.40875	0.29	0.27375	0.30875	0.33375	0.08125	0.38	0.41625	0.4225	0.3075	0.20125	0.31875	0.02625	0.34625	0.3425	0.06	0.18625	0.4775	4.2	2.76667	0.68	0.442857	1.07778	0.0175	0.0799	0.20386	0.171129	0.135678
0.02	0.01	0	0	0.02	0.01	0	0	0	1	0.88	0.01	0.27	0.5	0.01	0.01	0.05	0.01	0.05	0.88	0.595	0.3575	0.5325	0.30625	0.3375	0.32375	0.35125	0.09875	0.39375	0.385	0.30875	0.34125	0.1925	0.25625	0.03375	0.46875	0.41125	0.04875	0.13	0.4325	4.5	1.4	-0.14	0.385714	0.966667	0.0554	0.167733	0.16754	0.171257	0.162344
0.5	0.95	0.88	0.88	0.02	0.88	0.88	0.12	0.73	0.05	0.05	0.88	0.27	0.02	0.05	0.73	0.5	0.02	0.05	0.05	0.5825	0.32875	0.45125	0.28125	0.33375	0.31875	0.35375	0.0875	0.33375	0.4725	0.41625	0.3175	0.1925	0.3175	0.0325	0.35	0.26375	0.04875	0.13375	0.50875	-4.5	-1.5	0.7	0.7	0.7	0.4303	0.2178	0.13654	0.157271	0.239078
0.88	0.73	0.12	0.12	0.27	0.5	0.5	0.12	0.88	0.5	0.5	0.5	0.27	0.73	0.05	0.5	0.5	0.27	0.5	0.5	0.535	0.46375	0.54625	0.3425	0.195	0.45125	0.40125	0.07875	0.37125	0.42125	0.365	0.44125	0.1975	0.22	0.03625	0.36	0.31125	0.0225	0.18125	0.4575	-4.5	-1.73333	0.22	1.01429	0.244444	0.1677	0.203267	0.18332	0.233657	0.251367
0.12	0.02	0.01	0	0.05	0.02	0.01	0	0.01	0.95	0.99	0.01	0.5	0.12	0.01	0.02	0.05	0.02	0.05	0.88	0.55375	0.56125	0.5125	0.415	0.20375	0.4825	0.49125	0.1225	0.385	0.37375	0.33125	0.52125	0.1875	0.305	0.0975	0.42	0.33875	0.0575	0.2375	0.38125	3.8	0.366667	-0.32	-0.228571	-0.211111	0.0118	0.143633	0.31254	0.296857	0.276811
0.88	0.12	0.98	0.12	0.5	0.12	0.12	0.12	0.12	0.27	0.12	0.27	0.05	0.27	0.05	0.95	0.5	0.02	0.05	0.27	0.3825	0.60875	0.4525	0.49	0.1475	0.5775	0.59375	0.12	0.4325	0.3425	0.36375	0.5775	0.225	0.1975	0.2	0.38875	0.35875	0.0575	0.2375	0.35	1.8	2.46667	-0.32	-1.51429	-0.855556	0.2514	0.321567	0.31846	0.345486	0.3277
0.88	0.73	0.73	0.73	0.02	0.88	0.95	0.05	0.27	0.02	0.05	0.73	0.05	0.02	0.05	0.5	0.27	0.02	0.05	0.05	0.41375	0.565	0.59375	0.47625	0.2075	0.49625	0.505	0.23875	0.53625	0.25125	0.26875	0.5525	0.1975	0.16875	0.3225	0.4775	0.39625	0.05875	0.265	0.27	1.8	-0.3	-0.32	-1.1	-1.4	0.7015	0.470933	0.36408	0.351943	0.347344
0.12	0.98	0.88	0.73	0.02	0.95	0.73	0.05	0.95	0.05	0.05	0.88	0.05	0.05	0.05	0.12	0.5	0.05	0.88	0.05	0.46125	0.43	0.4675	0.36875	0.315	0.38375	0.425	0.22625	0.3625	0.35125	0.38125	0.4575	0.27375	0.1775	0.31875	0.44	0.33875	0.05875	0.16125	0.38625	-4.5	-2.4	-1.4	-0.514286	-0.477778	0.4599	0.519067	0.45682	0.361157	0.302189
0.27	0.95	0.5	0.73	0.73	0.5	0.73	0.5	0.12	0.12	0.27	0.88	0.27	0.12	0.5	0.5	0.27	0.05	0.27	0.27	0.36625	0.34375	0.50125	0.35375	0.19875	0.37875	0.36375	0.155	0.35625	0.39875	0.325	0.39625	0.2275	0.08375	0.2575	0.3325	0.31125	0.02625	0.1775	0.42125	-4.5	-3.53333	-1.84	-0.514286	0.488889	0.3958	0.443733	0.45298	0.362886	0.284278
0.27	0.5	0.5	0.73	0.05	0.88	0.95	0.12	0.5	0.05	0.12	0.73	0.12	0.02	0.88	0.73	0.73	0.02	0.05	0.12	0.41375	0.39875	0.5	0.35375	0.27875	0.33	0.335	0.20375	0.31	0.30375	0.25375	0.415	0.19	0.20625	0.20875	0.3075	0.25	0.0425	0.30875	0.36375	-1.6	-2.16667	-1.44	-0.171429	0.377778	0.4755	0.367833	0.31746	0.3279	0.286456
0.27	0.27	0.88	0.5	0.02	0.12	0.12	0.88	0.98	0.02	0.05	0.27	0.05	0.02	0.99	0.27	0.12	0.02	0.27	0.02	0.31	0.415	0.33125	0.36875	0.22625	0.4125	0.425	0.095	0.2375	0.39625	0.36625	0.44125	0.31625	0.20625	0.19	0.24875	0.27	0.04625	0.36625	0.4525	-0.4	0.6	0.3	-0.0285714	0.388889	0.2322	0.243867	0.22678	0.232171	0.260044
0.12	0.12	0.02	0.02	0.88	0.05	0.02	0.02	0.02	0.88	0.95	0.27	0.88	0.12	0.02	0.05	0.27	0.05	0.05	0.98	0.23375	0.345	0.34875	0.3375	0.13125	0.31375	0.32	0.19625	0.325	0.32	0.3725	0.35125	0.26875	0.30125	0.30625	0.21625	0.22375	0.0425	0.39375	0.34125	3.8	2.53333	1.76	0.885714	0.611111	0.0239	0.0875333	0.1539	0.168429	0.1837
0.27	0.01	0.01	0	0.05	0.01	0.01	0	0	0.95	0.27	0.01	0.12	0.05	0.01	0.02	0.05	0.01	0.02	1	0.2	0.23625	0.24	0.24875	0.23375	0.20125	0.23	0.1925	0.20875	0.30625	0.5425	0.27375	0.36	0.31875	0.30125	0.205	0.19	0.16625	0.32125	0.33375	4.2	3.6	2.46	2.07143	1.01111	0.0065	0.0206	0.06154	0.113943	0.137911
0.5	0.01	0	0	0.01	0.01	0	0.01	0.02	0.12	0.27	0.01	0.05	1	0	0.05	0.02	0.12	0.88	0.27	0.14375	0.11875	0.185	0.16	0.14875	0.14	0.14125	0.25375	0.1925	0.395	0.50875	0.16625	0.335	0.185	0.24125	0.145	0.16125	0.1475	0.18	0.39125	2.8	2.96667	3.3	2.17143	1.46667	0.0314	0.0172	0.01798	0.0528429	0.121444
0.05	0.02	0.01	0.01	0.05	0.02	0.01	0.01	0.02	0.98	0.95	0.02	0.99	0.27	0.01	0.02	0.05	0.05	0.73	0.88	0.27625	0.165	0.24	0.0825	0.14375	0.0625	0.03625	0.2725	0.145	0.28375	0.41125	0.1925	0.20875	0.27625	0.13625	0.1675	0.1	0.15625	0.2075	0.315	1.9	2.83333	2.36	2.17143	1.56667	0.0137	0.0198333	0.02276	0.0550429	0.157867
0.12	0.02	0.01	0	0.12	0.02	0.01	0	0.01	0.27	1	0.01	0.5	0.88	0.01	0.02	0.05	0.02	0.05	0.12	0.2675	0.14625	0.22125	0.13125	0.135	0.1575	0.03625	0.16625	0.14875	0.37625	0.405	0.2225	0.27	0.28875	0.075	0.14875	0.09125	0.19125	0.38125	0.4225	3.8	1.6	1.44	1.52857	1.25556	0.0144	0.0253	0.07098	0.166386	0.159644
0	0	0	0	0.01	0.01	0	0	0	0.01	0.73	0	0.02	0.12	0	0	0.01	1	0.27	0.01	0.3925	0.13625	0.2225	0.13125	0.045	0.155	0.0375	0.17	0.15	0.30125	0.3225	0.19625	0.22625	0.46	0.07625	0.17875	0.125	0.06375	0.35	0.32	-0.9	0.833333	0.74	0.471429	1.03333	0.0478	0.103267	0.22536	0.200914	0.159444
0.05	0.01	0.05	0.02	0.01	0.01	0.01	1	0.01	0	0	0.02	0	0	0.01	0.05	0.01	0.01	0	0	0.38625	0.2525	0.23	0.14375	0.04	0.27875	0.0975	0.0475	0.24	0.2175	0.3825	0.3025	0.27625	0.47	0.08	0.2325	0.125	0.18875	0.3875	0.19875	-0.4	-0.666667	-0.28	0.328571	0.177778	0.2476	0.366233	0.27226	0.199586	0.207022
0.88	0.88	0.95	0.12	0.05	0.27	0.12	0.27	0.12	0.02	0.02	0.95	0.05	0.02	0.05	0.88	0.27	0.02	0.12	0.12	0.25375	0.205	0.23625	0.165	0.03625	0.3075	0.14625	0.14375	0.23875	0.2025	0.3525	0.30875	0.27	0.34375	0.08125	0.21375	0.1525	0.17375	0.265	0.1525	-0.7	-1.43333	-0.68	-0.442857	-0.522222	0.8033	0.433033	0.2738	0.259729	0.272011
0.27	0.12	0.73	0.88	0.02	0.88	0.12	0.02	1	0.05	0.05	0.5	0.05	0.73	0.5	0.12	0.05	0.27	0.98	0.12	0.415	0.36	0.2775	0.075	0.04875	0.2625	0.16	0.18	0.1325	0.0825	0.2925	0.48625	0.18	0.33125	0.03875	0.34	0.2075	0.1425	0.1	0.0575	-3.2	-0.7	-1.2	-1.48571	-0.533333	0.2482	0.357867	0.35118	0.345714	0.319389
1	0.02	0.02	0.02	0.05	0.02	0.02	0.05	0.02	0.02	0.02	0.05	0.05	0.73	0.02	0.27	0.5	0.01	0.02	0.05	0.4	0.46125	0.38	0.1975	0.14	0.43	0.23375	0.23875	0.26875	0.14375	0.23375	0.6325	0.15125	0.255	0.1125	0.38125	0.2075	0.17875	0.27625	0.1425	1.8	-1.63333	-1.82	-1.1	-0.455556	0.0221	0.235	0.42492	0.401757	0.369189
0.27	0.95	0.12	0.12	0.01	1	0.5	0.02	0.73	0.27	0.02	0.88	0.5	0.01	0.05	0.5	0.05	0.02	0.05	0.02	0.525	0.455	0.40125	0.21875	0.15	0.36875	0.2075	0.24875	0.21375	0.145	0.2525	0.62	0.155	0.3925	0.17125	0.415	0.2775	0.05875	0.25375	0.17875	-3.5	-1.73333	-1.32	-0.4	-0.855556	0.4347	0.3577	0.35228	0.432471	0.419122
0.27	0.5	0.95	0.27	0.02	0.5	0.5	0.05	0.12	0.02	0.05	0.99	0.05	0.01	0.05	0.73	0.5	0.01	0.02	0.02	0.525	0.5125	0.2925	0.19875	0.15375	0.43625	0.2075	0.1225	0.29	0.30125	0.34	0.6375	0.3025	0.42625	0.26125	0.38625	0.235	0.06125	0.26375	0.27	-3.5	-1.73333	0.22	-0.942857	-0.988889	0.6163	0.497033	0.39516	0.388743	0.423311
0.73	0.5	0.12	0.05	0.12	0.27	0.12	0.05	0.05	0.05	0.5	0.99	0.27	0.88	0.12	0.27	0.27	0.05	0.27	0.12	0.3725	0.40875	0.3875	0.33625	0.1375	0.44625	0.27375	0.09125	0.29	0.3575	0.3725	0.5525	0.33125	0.33	0.24875	0.34875	0.32125	0.055	0.22	0.2575	1.8	0.933333	-1.04	-0.714286	-1.3	0.4401	0.506333	0.49018	0.394043	0.380356
0.73	0.73	0.12	0.12	0.88	0.5	0.5	0.5	0.12	0.73	0.5	0.73	0.27	0.27	0.12	0.5	0.5	0.05	0.5	0.73	0.43	0.45625	0.40625	0.25125	0.04625	0.37	0.245	0.095	0.19	0.2725	0.4	0.585	0.34	0.32125	0.305	0.3675	0.39625	0.02375	0.075	0.18125	4.5	0.6	-0.66	-1.47143	-1.12222	0.4626	0.466633	0.4603	0.450414	0.406978
0.27	0.88	0.27	0.27	0.05	0.5	0.27	0.05	0.27	0.27	0.88	0.73	0.5	0.5	0.5	0.5	0.12	0.05	0.12	0.27	0.425	0.4975	0.495	0.32125	0.15	0.45875	0.33375	0.2075	0.26	0.33375	0.35625	0.68875	0.32	0.21625	0.34625	0.4525	0.4725	0.025	0.12625	0.23875	-4.5	-0.533333	-0.66	-1.2	-1.82222	0.4972	0.415033	0.42038	0.458	0.467778
0.05	0.02	0.01	0.01	0.05	0.05	0.01	0.02	0.01	1	0.73	0.27	0.73	0.27	0.73	0.05	0.12	0.02	0.05	0.73	0.43375	0.605	0.575	0.40125	0.16375	0.5	0.36625	0.2425	0.2925	0.215	0.375	0.76	0.235	0.245	0.4025	0.48	0.5	0.0275	0.135	0.185	-1.6	-3.2	-1.34	-1.34286	-0.966667	0.2853	0.399733	0.42992	0.451286	0.464089
0.12	0.05	0.88	1	0.02	0.12	0.27	0.02	0.05	0.5	0.73	0.27	0.5	0.12	0.02	0.12	0.73	0.01	0.02	0.12	0.3975	0.545	0.43875	0.25	0.165	0.4625	0.2775	0.2375	0.3975	0.2775	0.37125	0.63875	0.26	0.29625	0.5	0.38625	0.42375	0.02875	0.17	0.26125	-3.5	-2.23333	-3.14	-1	-0.933333	0.4167	0.3966	0.45126	0.445771	0.417489
0.73	0.73	0.88	0.27	0.05	0.5	0.27	0.5	0.27	0.05	0.27	0.5	0.12	0.05	0.95	0.5	0.88	0.02	0.05	0.12	0.2925	0.4125	0.43	0.34125	0.265	0.39625	0.26875	0.17375	0.4825	0.39	0.485	0.52	0.33625	0.28625	0.4025	0.32	0.43375	0.03625	0.2425	0.30875	-1.6	-3.2	-1.4	-2.1	-0.855556	0.4878	0.491267	0.43212	0.407814	0.388556
0.5	0.5	0.88	0.73	0.05	0.73	0.5	0.5	0.73	0.05	0.05	0.88	0.12	0.12	0.73	0.95	0.73	0.02	0.05	0.05	0.245	0.35625	0.41625	0.27	0.16125	0.3075	0.17875	0.1125	0.41125	0.4225	0.48375	0.38375	0.33625	0.25	0.4175	0.21625	0.42375	0.03125	0.18625	0.35	-4.5	-0.633333	-1.72	-1.1	-0.888889	0.5693	0.4862	0.41444	0.362457	0.355367
0.12	0.95	0.5	0.5	0.12	0.88	0.5	0.27	0.73	0.05	0.02	0.99	0.05	0.01	0.73	0.27	0.27	0.01	0.05	0.05	0.265	0.1925	0.43125	0.26625	0.1525	0.22875	0.14625	0.13625	0.37875	0.51125	0.50125	0.28125	0.345	0.26375	0.35625	0.24125	0.4725	0.02875	0.1775	0.4075	4.2	-1.16667	-0.52	-0.271429	0.0333333	0.4015	0.389233	0.36704	0.345114	0.319356
0.05	0.05	0.73	0.05	0	0.27	0.05	0.01	1	0.02	0.02	0.02	0.02	0.27	0.12	0.05	0.5	0.01	0.27	0.02	0.33	0.365	0.41625	0.33625	0.2525	0.36125	0.32	0.1725	0.35875	0.39625	0.41625	0.4875	0.29125	0.2	0.3475	0.325	0.5475	0.02875	0.15	0.3825	-3.2	1.16667	0.64	0.771429	-0.222222	0.1969	0.259367	0.30226	0.310314	0.3449
0.5	0.12	0.05	0.05	0.95	0.12	0.05	0.02	0.95	0.5	0.95	0.27	0.5	0.73	0.27	0.12	0.5	0.12	0.88	0.5	0.3775	0.35625	0.40625	0.2175	0.19375	0.37125	0.2925	0.26	0.37375	0.27625	0.21125	0.42875	0.175	0.16125	0.3325	0.42375	0.51875	0.01625	0.18125	0.31375	2.5	1.16667	2.3	0.442857	0.477778	0.1797	0.180167	0.22302	0.314229	0.317422
0.12	0.05	0.01	0.01	0.05	0.02	0.01	0.01	0.01	0.99	0.27	0.02	0.27	0.05	0.02	0.12	0.27	0.01	0.05	0.99	0.44375	0.28	0.335	0.195	0.33375	0.38375	0.27	0.21375	0.46375	0.215	0.26875	0.40375	0.195	0.24625	0.36875	0.4525	0.47125	0.03	0.37	0.32875	4.2	3.5	0.68	1.48571	0.566667	0.1639	0.172233	0.24576	0.2571	0.285233
0.05	0.02	0.01	0.01	0.05	0.02	0.01	0.01	0.01	0.98	0.99	0.02	0.5	0.5	0.01	0.02	0.05	0.02	0.05	0.73	0.39125	0.22375	0.23125	0.105	0.3275	0.29875	0.21	0.15125	0.4975	0.21	0.1725	0.29625	0.1525	0.17625	0.27875	0.34875	0.40875	0.02625	0.37875	0.355	3.8	1.36667	1.88	0.771429	0.711111	0.1731	0.284067	0.24026	0.228043	0.252289
0.5	0.5	0.12	0.12	0.73	0.5	0.95	0.05	0.12	0.05	0.05	0.95	0.27	0.02	0.05	0.5	0.95	0.02	0.05	0.5	0.3225	0.04625	0.15625	0.03	0.2275	0.13	0.0325	0.1125	0.3925	0.32	0.2875	0.05875	0.175	0.235	0.3075	0.2575	0.265	0.025	0.3725	0.3775	-3.9	0.9	1.22	0.771429	0.0666667	0.5152	0.2859	0.24394	0.238886	0.213844
0.95	0.05	0.12	0.05	0.5	0.05	0.05	0.73	0.12	0.02	0.02	0.05	0.05	0.27	0.05	0.98	0.5	0.02	0.88	0.05	0.3225	0.09875	0.08	0.03875	0.25875	0.15875	0.145	0.0325	0.27	0.3225	0.29	0.175	0.2025	0.17125	0.295	0.31625	0.2925	0.02375	0.23625	0.43375	2.8	-0.633333	-0.26	0.185714	0.333333	0.1694	0.294233	0.26572	0.221143	0.219089
0.88	0.05	0.27	0.05	0.27	0.5	0.05	0.12	0.05	0.05	0.05	0.05	0.05	0.05	0.99	0.73	0.27	0.02	0.73	0.73	0.3025	0.085	0.05625	0.03375	0.16875	0.09	0.14125	0.10875	0.16125	0.25625	0.1675	0.14375	0.14	0.1075	0.26875	0.335	0.265	0.00875	0.145	0.2875	-0.8	-0.4	-1.34	-0.528571	-0.122222	0.1981	0.213433	0.2422	0.2326	0.247944
0.01	0.02	0.05	0.01	0	0.05	0.02	0	1	0	0	0.02	0.01	0.01	0	0.02	0.01	0	0.12	0	0.39875	0.17375	0.08375	0.03875	0.19875	0.14625	0.145	0.1225	0.04375	0.1725	0.26375	0.15125	0.2025	0.21625	0.39125	0.415	0.27	0.01625	0.2775	0.27	-3.2	-1.86667	-0.72	-1.3	-0.166667	0.2728	0.175467	0.18798	0.270643	0.298044
0.02	0.01	0.01	0.01	0	0.01	0.02	0	0	0	0	0.02	0	0	1	0.02	0.02	0	0	0	0.4825	0.17875	0.1025	0.04375	0.19875	0.16375	0.15875	0.13625	0.17375	0.0525	0.1425	0.16375	0.1475	0.1575	0.27125	0.5375	0.35375	0.01625	0.28875	0.185	-1.6	-1.86667	-1.6	-0.2	-0.677778	0.0555	0.1908	0.24198	0.284871	0.298956
0.5	0.02	0.12	0.05	0.02	0.05	0.05	0.05	0.02	0.01	0.01	0.05	0.02	0.01	0.02	1	0.27	0	0.01	0.02	0.48375	0.1775	0.13625	0.03	0.13875	0.11125	0.05125	0.18625	0.17125	0.05125	0.1375	0.075	0.1175	0.15625	0.39375	0.415	0.21875	0.015	0.28375	0.15375	-0.8	-1.33333	-0.68	-0.714286	-0.677778	0.2441	0.246333	0.32532	0.286571	0.266422
0.27	0.01	0.01	0.01	0	0.02	0.02	0.02	0.01	0	0	0.02	0	0	1	0.02	0.05	0	0	0.01	0.40875	0.2975	0.22625	0.03125	0.08	0.1425	0.055	0.105	0.19125	0.0525	0.1425	0.16375	0.12	0.13875	0.2675	0.43	0.2175	0.01875	0.29875	0.16375	-1.6	0.466667	-0.2	-1.15714	-0.522222	0.4394	0.432767	0.30702	0.290043	0.302956
0.02	0.73	0.01	0.01	0.02	0.02	0.01	0	0.02	0.27	0.99	0.05	0.73	0.88	0.01	0.05	0.05	0.05	0.5	0.12	0.36375	0.2075	0.2075	0.03125	0.045	0.1425	0.05625	0.2175	0.19	0.01375	0.01875	0.21625	0.025	0.02375	0.3775	0.36875	0.19	0.01125	0.1475	0.06	3.8	0.466667	-0.66	-0.1	-0.611111	0.6148	0.411833	0.3404	0.322243	0.327278
0.73	0.05	0.12	0.05	0.05	0.12	0.12	0.12	0.05	0.02	0.02	0.12	0.05	0.02	0.05	1	0.73	0.02	0.02	0.05	0.275	0.29	0.1875	0.025	0.04125	0.12375	0.04	0.2025	0.06375	0.05125	0.155	0.205	0.115	0.255	0.3725	0.2475	0.105	0.03	0.28375	0.07125	-0.8	-0.3	0.34	-0.1	0.0555556	0.1813	0.3395	0.39122	0.373886	0.301733
0.99	0.5	0.5	0.05	0.27	0.12	0.12	0.5	0.12	0.05	0.02	0.27	0.05	0.02	0.05	0.5	0.12	0.01	0.02	0.27	0.24625	0.2475	0.15375	0.08625	0.01625	0.12875	0.04	0.16125	0.07	0.11	0.265	0.19	0.1775	0.38	0.24875	0.31	0.185	0.065	0.34625	0.0775	-3.9	-0.166667	0.34	0.414286	0.188889	0.2224	0.300633	0.38674	0.345143	0.353789
0.12	1	0.73	0.02	0.01	0.27	0.05	0.05	0.27	0.02	0.05	0.73	0.05	0.12	0.02	0.12	0.27	0.05	0.99	0.12	0.3075	0.185	0.14375	0.1175	0.04875	0.10625	0.04875	0.33625	0.06375	0.11375	0.26125	0.1325	0.1775	0.3675	0.2525	0.26625	0.2425	0.06125	0.225	0.095	4.2	-0.433333	0.14	0.585714	0.2	0.4982	0.3792	0.27236	0.357229	0.3968
0.27	0.05	0.12	0.05	0.01	0.5	0.05	1	0.05	0.01	0.05	0.5	0.02	0.01	0.88	0.27	0.05	0.01	0.02	0.01	0.27	0.305	0.31	0.175	0.17375	0.08125	0.0525	0.2175	0.09625	0.1175	0.26375	0.16125	0.18375	0.3825	0.0225	0.3675	0.2975	0.0675	0.34875	0.1225	-1.6	1.8	0.22	-0.0571429	0.655556	0.417	0.319367	0.3409	0.359571	0.384756
0.01	0	0	0	0	0	0	0	0.02	0.05	0.12	0	0.05	1	0	0	0.01	0.12	0.73	0.02	0.315	0.3425	0.415	0.27125	0.17875	0.2325	0.12	0.43375	0.18875	0.08125	0.13375	0.33625	0.1225	0.15125	0.19375	0.42875	0.33	0.05	0.20375	0.10875	2.8	0.266667	0.86	0.414286	-0.155556	0.0429	0.327967	0.42266	0.380957	0.390467
0.05	0.12	0.12	0.5	0.02	0.05	0.02	0.05	0.12	0.5	0.88	0.05	0.5	1	0.01	0.02	0.05	0.27	0.5	0.27	0.22125	0.32375	0.41875	0.205	0.17125	0.2175	0.10875	0.41375	0.295	0.025	0.0375	0.3175	0.0625	0.15	0.31	0.3075	0.29625	0.02875	0.245	0.105	-0.4	0.566667	0.52	0.471429	-0.422222	0.524	0.399367	0.38922	0.444357	0.383189
0.12	0.02	0.27	0.27	0.02	0.02	0.05	1	0.12	0.01	0.01	0.05	0.02	0.01	0.02	0.27	0.88	0.01	0.01	0.01	0.09	0.27375	0.3375	0.2275	0.1375	0.20625	0.09	0.2325	0.2825	0.08625	0.15	0.28375	0.1225	0.39625	0.3025	0.21375	0.17875	0.075	0.41375	0.10625	-0.7	0.466667	0.14	-0.585714	0.322222	0.6312	0.4954	0.43906	0.389729	0.379644
0.12	0.02	0.73	0.5	1	0.05	0.05	0.02	0.05	0.02	0.02	0.02	0.02	0.01	0.02	0.98	0.27	0.01	0.02	0.12	0.10875	0.21125	0.2225	0.21125	0.02	0.18375	0.14625	0.3825	0.26375	0.0975	0.1575	0.2875	0.1225	0.3875	0.30625	0.23375	0.28375	0.07	0.29125	0.11125	2.5	-0.566667	-1.06	0.0428571	0.277778	0.331	0.5428	0.45364	0.357371	0.346722
0.12	0.98	0.73	0.73	0.05	0.73	0.5	0.73	0.73	0.02	0.02	0.95	0.27	0.02	0.5	0.27	0.27	0.02	0.05	0.02	0.10875	0.20375	0.2225	0.19125	0.14	0.155	0.14625	0.17125	0.1875	0.15875	0.185	0.23125	0.1225	0.3875	0.1425	0.3225	0.34	0.07	0.29125	0.1375	-3.5	-1.4	-0.42	0.185714	0.922222	0.6662	0.371	0.38694	0.380086	0.346733
0.02	0.02	0.27	0.02	0.01	0.05	0.05	0.01	1	0.02	0.01	0.02	0.02	0.01	0.99	0.05	0.5	0	0.12	0.27	0.2425	0.32625	0.28625	0.2825	0.255	0.255	0.20875	0.2675	0.15375	0.2625	0.18625	0.35375	0.1625	0.27	0.0875	0.38375	0.4325	0.06	0.19375	0.195	-3.2	-1.3	0.48	0.842857	0.811111	0.1158	0.324167	0.30108	0.364814	0.359811
0.01	0	0	0	0	0	0	0	0.02	0.05	0.05	0	0.05	1	0	0	0.01	0.12	0.88	0.02	0.23875	0.32	0.43	0.25625	0.25375	0.28875	0.21875	0.265	0.27625	0.19625	0.07375	0.35625	0.0975	0.02125	0.21125	0.4025	0.49375	0.01125	0.0375	0.1925	2.8	1.13333	0.82	1.2	0.466667	0.1905	0.1694	0.3183	0.297586	0.313389
0.27	0.5	0.27	0.12	0.05	0.12	0.5	0.27	0.05	0.12	0.12	0.73	0.05	0.05	0.05	0.99	0.5	0.01	0.02	0.27	0.2825	0.3175	0.45375	0.3175	0.25125	0.38125	0.26875	0.12125	0.32	0.20125	0.07	0.35	0.11	0.145	0.2175	0.27875	0.41375	0.02625	0.1775	0.175	3.8	3.6	1.88	0.342857	0.0444444	0.2019	0.269833	0.21718	0.265471	0.297022
0.27	0.95	0.12	0.12	0.02	0.95	0.5	0.02	0.12	0.5	0.27	0.98	0.27	0.02	0.05	0.27	0.5	0.02	0.05	0.12	0.33	0.26125	0.3825	0.25625	0.1325	0.2775	0.265	0.15125	0.39625	0.2425	0.15875	0.31875	0.11375	0.27	0.21625	0.24875	0.38625	0.14875	0.295	0.19375	4.2	3.26667	1.82	0.2	-0.377778	0.4171	0.259867	0.21526	0.239429	0.294978
0.98	0.02	0.05	0.02	0.88	0.12	0.05	0.05	0.02	0.88	0.12	0.05	0.12	0.05	0.05	0.27	0.98	0.02	0.02	0.73	0.22875	0.2575	0.3	0.1775	0.02125	0.29125	0.26	0.05625	0.31875	0.22625	0.3	0.3175	0.16125	0.2975	0.15375	0.21625	0.295	0.14875	0.32625	0.14875	1.8	0.833333	0.36	0.471429	0.433333	0.1606	0.227967	0.27394	0.267543	0.231967
0.01	0.05	1	0.27	0	0.27	0.05	0.02	0.12	0	0.02	0.05	0.01	0	0.01	0.12	0.05	0	0.01	0	0.41	0.3425	0.18125	0.1775	0.13625	0.37625	0.3725	0.065	0.215	0.39625	0.32625	0.425	0.20625	0.30875	0.04125	0.2625	0.44	0.15375	0.31875	0.26875	-3.5	-2.06667	-0.66	0.614286	0.4	0.1062	0.250233	0.29608	0.254486	0.2662
0.73	0.5	0.73	0.88	0.05	0.88	0.95	0.12	0.5	0.12	0.05	0.73	0.12	0.05	0.12	0.27	0.73	0.02	0.27	0.12	0.38125	0.34875	0.2775	0.16375	0.1325	0.41875	0.37875	0.08625	0.2275	0.38125	0.35	0.45	0.20125	0.18	0.03375	0.335	0.41625	0.13875	0.1825	0.2575	-4.5	-3.1	-0.74	-0.428571	0.0111111	0.4839	0.3009	0.23248	0.2862	0.328544
0.5	0.02	0.01	0.01	0.02	0.05	0.02	0.01	0.73	0.73	0.88	0.02	0.27	0.98	0.01	0.02	0.05	1	0.99	0.12	0.39125	0.45625	0.39625	0.2725	0.1325	0.62625	0.46625	0.0725	0.3175	0.32375	0.265	0.5575	0.28625	0.0725	0.0475	0.2575	0.4725	0.04875	0.105	0.23875	-1.3	-0.666667	-1.8	-1.12857	-0.911111	0.3126	0.298533	0.28514	0.333986	0.360767
0.02	0.02	0	0	0.02	0.01	0.01	0	0.01	0.27	1	0.01	0.5	0.27	0	0.01	0.02	0.02	0.27	0.27	0.4325	0.3525	0.505	0.2925	0.13125	0.51875	0.41125	0.19625	0.4075	0.31875	0.21875	0.47	0.22625	0.165	0.045	0.24	0.42	0.17	0.25125	0.20625	3.8	-0.333333	-1.24	-2.02857	-1.46667	0.0991	0.278533	0.41422	0.381314	0.403889
0.5	0.73	0.27	0.27	0.05	0.88	0.95	0.05	0.27	0.5	0.12	0.88	0.27	0.05	0.05	0.27	0.73	0.02	0.05	0.5	0.3125	0.38	0.48	0.27125	0.0325	0.505	0.3975	0.19875	0.46375	0.2425	0.37625	0.47375	0.27375	0.1925	0.03875	0.2075	0.22375	0.17	0.2825	0.10125	-3.5	-0.133333	-1.24	-1.64286	-1.16667	0.4239	0.424867	0.41582	0.481171	0.4257
0.5	0.5	0.5	0.5	0.02	0.95	0.95	0.27	0.5	0.05	0.27	0.88	0.12	0.02	0.05	0.73	0.5	0.02	0.05	0.05	0.37375	0.465	0.36	0.27125	0.07	0.5725	0.50125	0.2025	0.45375	0.31375	0.37	0.5775	0.30625	0.19875	0.1475	0.22625	0.35625	0.1725	0.2875	0.1725	-0.7	-2.9	-1.14	-0.357143	-0.866667	0.7516	0.5558	0.51434	0.463029	0.485711
0.12	0.88	0.5	0.12	0.02	0.95	0.27	0.05	1	0.27	0.27	0.88	0.88	0.12	0.05	0.12	0.27	0.27	0.12	0.12	0.36375	0.4175	0.27125	0.2425	0.0975	0.4775	0.55875	0.22125	0.33125	0.305	0.37	0.50125	0.25875	0.18125	0.2575	0.28375	0.3275	0.13875	0.24625	0.15125	-4.5	-2	-1	-0.285714	-0.544444	0.4919	0.6829	0.5659	0.5107	0.477378
0.12	0.12	0.98	0.27	0.01	0.05	0.05	1	0.12	0	0.02	0.27	0.02	0.05	0.02	0.12	0.05	0.01	0.5	0.01	0.30375	0.51	0.21	0.2225	0.09875	0.585	0.58375	0.10125	0.35	0.3725	0.325	0.57625	0.395	0.10125	0.26	0.2825	0.355	0.0475	0.0775	0.26875	-0.8	-0.266667	-0.46	-1.05714	0.1	0.8052	0.551333	0.61038	0.554957	0.448522
0.5	0.95	0.12	0.12	0.12	0.88	0.88	0.12	0.73	0.5	0.5	0.95	0.27	0.05	0.05	0.27	0.12	0.02	0.05	0.12	0.26	0.41875	0.44125	0.36625	0.08375	0.495	0.54125	0.2175	0.30625	0.2825	0.1425	0.52375	0.3025	0.0825	0.25875	0.2775	0.35875	0.04375	0.10125	0.2275	4.5	0.966667	-0.64	0.0857143	-0.711111	0.3569	0.6028	0.54184	0.501957	0.494344
0.5	0.5	0.27	0.5	0.27	0.88	0.88	0.27	0.27	0.12	0.12	0.88	0.12	0.02	0.88	0.73	0.88	0.02	0.05	0.12	0.1975	0.38375	0.38875	0.285	0.05875	0.385	0.4225	0.1925	0.33	0.2675	0.17625	0.4225	0.28875	0.17125	0.14875	0.18625	0.1725	0.16625	0.12875	0.165	-0.8	0.7	1.16	-0.314286	-0.422222	0.6463	0.4707	0.45404	0.467657	0.460167
0.27	0.5	0.02	0.27	0.27	0.12	0.73	0.05	0.02	0.27	0.05	0.12	0.5	0.01	1	0.12	0.27	0	0.01	0.02	0.22625	0.43125	0.44875	0.31375	0.16625	0.48375	0.385	0.20125	0.36125	0.245	0.15375	0.49875	0.2325	0.185	0.13375	0.28125	0.2775	0.16875	0.13375	0.1775	-1.6	0.7	0.62	0.2	-0.433333	0.4089	0.369367	0.3953	0.414	0.446811
0.02	0	0	0	0.02	0.01	0	0	0	1	0.27	0.01	0.5	0.27	0	0.01	0.05	0.01	0.02	0.95	0.24875	0.38625	0.39	0.3325	0.20125	0.38125	0.44375	0.20125	0.24	0.2425	0.21625	0.405	0.185	0.1525	0.25375	0.2825	0.2775	0.13625	0.12375	0.15625	4.5	-0.2	-0.46	0.2	0.533333	0.0529	0.324433	0.34718	0.389171	0.468533
