0.12	0.12	0.73	1	0.05	0.5	0.88	0.27	0.27	0.05	0.02	0.27	0.05	0.05	0.27	0.5	0.27	0.02	0.05	0.05	0.3375	0.33	0.4225	0.34625	0.18375	0.3875	0.3925	0.1775	0.255	0.4225	0.41875	0.4	0.42375	0.23625	0.16875	0.475	0.44625	0.06375	0.17625	0.4425	-3.5	0.0666667	1.7	0.214286	-0.344444	0.5921	0.367867	0.29832	0.375086	0.481533
0.27	0.05	0.05	0.05	0.27	0.05	0.05	0.02	0.05	0.98	0.88	0.05	0.73	0.5	0.05	0.12	0.27	0.05	0.27	0.95	0.29	0.3675	0.5075	0.54125	0.125	0.52	0.58625	0.20875	0.33	0.27875	0.28375	0.485	0.32	0.17125	0.19625	0.49375	0.35625	0.05125	0.14875	0.2825	4.5	1.83333	0.24	0.157143	-0.655556	0.1856	0.301767	0.32948	0.378714	0.4139
0.27	0.05	0.05	0.05	0.27	0.05	0.05	0.02	0.05	0.98	0.88	0.05	0.73	0.5	0.05	0.12	0.27	0.05	0.27	0.95	0.3375	0.33875	0.445	0.48375	0.1525	0.49125	0.5575	0.16125	0.25375	0.30625	0.31125	0.45625	0.33875	0.18	0.215	0.49375	0.4175	0.06375	0.14875	0.33875	4.5	1.83333	-0.38	-0.885714	-0.344444	0.1276	0.243133	0.41294	0.392414	0.372633
0.27	0.5	0.5	0.88	0.02	0.88	0.99	0.12	0.5	0.05	0.05	0.73	0.12	0.05	0.27	0.5	0.27	0.05	0.12	0.12	0.36625	0.2825	0.445	0.41125	0.165	0.3875	0.44875	0.27125	0.20625	0.315	0.295	0.37125	0.31125	0.18	0.19625	0.49375	0.39875	0.06375	0.14	0.3575	-3.5	-0.966667	-0.38	-0.871429	-0.811111	0.4162	0.429	0.36578	0.395343	0.408078
0.27	0.88	0.5	0.27	0.05	0.73	0.73	0.12	0.27	0.05	0.12	0.98	0.27	0.05	0.27	0.5	0.27	0.05	0.12	0.12	0.30875	0.31125	0.41625	0.45875	0.13375	0.435	0.51	0.22375	0.235	0.30625	0.28625	0.4	0.2925	0.17125	0.19625	0.43375	0.34125	0.06375	0.14	0.3575	-3.9	-3.63333	-1.42	-0.428571	-1.15556	0.7432	0.505233	0.39794	0.393529	0.412411
0.27	0.5	0.5	0.88	0.02	0.88	0.99	0.12	0.5	0.05	0.05	0.73	0.12	0.05	0.27	0.5	0.27	0.05	0.12	0.12	0.3275	0.435	0.3875	0.32	0.1375	0.4775	0.4775	0.205	0.235	0.30625	0.3075	0.48875	0.3675	0.17125	0.19625	0.43375	0.34125	0.07625	0.1675	0.36625	-3.5	-2.7	-2.4	-1.62857	-1.15556	0.3563	0.481967	0.4883	0.419143	0.4179
0.5	0.27	0.5	0.27	0.27	0.27	0.27	0.12	0.12	0.27	0.27	0.27	0.27	0.12	0.27	0.73	0.99	0.12	0.12	0.5	0.29875	0.4725	0.3875	0.3925	0.10625	0.5625	0.5675	0.205	0.2825	0.26625	0.2925	0.555	0.3675	0.1625	0.19625	0.405	0.25125	0.07625	0.1675	0.29125	-0.7	-1.53333	-2.48	-2.77143	-1.23333	0.3464	0.427367	0.47804	0.492557	0.418889
0.5	0.12	0.5	0.27	0.12	0.12	0.12	1	0.12	0.02	0.02	0.12	0.05	0.05	0.12	0.5	0.12	0.12	0.05	0.05	0.3275	0.5	0.3875	0.3925	0.125	0.59	0.595	0.09875	0.2825	0.29375	0.305	0.5825	0.395	0.1425	0.22375	0.43375	0.38875	0.07625	0.17625	0.35125	-0.4	-1.66667	-2.4	-1.72857	-1.26667	0.5794	0.430233	0.4577	0.460886	0.463233
0.27	0.88	0.5	0.27	0.05	0.73	0.73	0.12	0.27	0.05	0.12	0.98	0.27	0.05	0.27	0.5	0.27	0.05	0.12	0.12	0.35625	0.34875	0.33125	0.28875	0.165	0.41	0.40125	0.19625	0.2075	0.40625	0.39625	0.39	0.44375	0.19875	0.1775	0.38625	0.37	0.085	0.18625	0.44625	-3.9	-2.6	-0.94	-0.571429	-0.377778	0.3649	0.5286	0.42534	0.429957	0.442767
0.27	0.73	0.5	0.5	0.05	0.99	0.88	0.12	0.5	0.05	0.12	0.73	0.5	0.05	0.27	0.5	0.27	0.12	0.27	0.12	0.35625	0.34875	0.33125	0.28875	0.165	0.41	0.40125	0.19625	0.2075	0.40625	0.39625	0.39	0.44375	0.19875	0.1775	0.38625	0.37	0.085	0.18625	0.44625	-3.5	-1.2	0.04	0.571429	-0.333333	0.6415	0.4003	0.4614	0.4122	0.410233
0.27	0.12	0.05	0.02	0.27	0.12	0.05	0.02	0.05	0.88	0.98	0.12	0.88	0.5	0.05	0.12	0.27	0.12	0.27	0.73	0.35625	0.425	0.3875	0.34875	0.1375	0.51875	0.505	0.20875	0.26375	0.3025	0.28875	0.46625	0.39625	0.1425	0.205	0.43375	0.37	0.085	0.18625	0.37	3.8	1.5	1.02	0.171429	-0.333333	0.1945	0.454233	0.39192	0.427057	0.449467
0.5	0.12	0.05	0.05	0.27	0.12	0.12	0.05	0.05	0.95	0.73	0.12	0.73	0.27	0.12	0.12	0.5	0.05	0.27	0.98	0.35625	0.425	0.41625	0.37375	0.1375	0.5475	0.525	0.2525	0.2825	0.275	0.30125	0.495	0.415	0.17125	0.19625	0.465	0.30875	0.085	0.18625	0.29125	4.2	4.16667	1.1	-0.271429	-0.344444	0.5267	0.317733	0.40902	0.445629	0.458922
0.27	0.05	0.05	0.05	0.27	0.05	0.05	0.02	0.05	0.98	0.88	0.05	0.73	0.5	0.05	0.12	0.27	0.05	0.27	0.95	0.35625	0.425	0.36	0.34625	0.15625	0.5475	0.525	0.13375	0.27375	0.39125	0.39	0.495	0.5	0.19875	0.19625	0.4175	0.35625	0.07625	0.21375	0.4075	4.5	1.73333	1.1	0.171429	0.2	0.232	0.403033	0.4226	0.455143	0.4416
0.27	0.73	0.5	0.5	0.05	0.99	0.88	0.12	0.5	0.05	0.12	0.73	0.5	0.05	0.27	0.5	0.27	0.12	0.27	0.12	0.35625	0.245	0.2475	0.25875	0.21125	0.35375	0.33625	0.10875	0.19	0.61125	0.5925	0.3025	0.605	0.31125	0.14125	0.3225	0.35625	0.07625	0.2325	0.5875	-3.5	-0.833333	0.18	1.31429	1.05556	0.4504	0.463933	0.47	0.424	0.441722
0.27	0.5	0.5	0.88	0.02	0.88	0.99	0.12	0.5	0.05	0.05	0.73	0.12	0.05	0.27	0.5	0.27	0.05	0.12	0.12	0.35625	0.21625	0.2	0.155	0.2425	0.30625	0.2275	0.1	0.1425	0.69625	0.69625	0.245	0.71375	0.3675	0.1225	0.29375	0.35625	0.10375	0.25125	0.66375	-3.5	-2.6	0.24	1.31429	1.65556	0.7094	0.530433	0.44936	0.4485	0.394089
0.73	0.27	0.73	0.5	0.27	0.5	0.5	0.5	0.27	0.12	0.12	0.5	0.27	0.12	0.27	0.98	0.73	0.05	0.12	0.12	0.29875	0.245	0.17125	0.2025	0.21125	0.35375	0.28875	0.0525	0.17125	0.6875	0.6875	0.27375	0.695	0.35875	0.1225	0.23375	0.29875	0.10375	0.25125	0.66375	-0.8	0.0666667	0.1	0.985714	1.65556	0.4315	0.521467	0.47616	0.403657	0.416578
0.27	0.05	0.05	0.05	0.27	0.05	0.05	0.02	0.05	0.98	0.88	0.05	0.73	0.5	0.05	0.12	0.27	0.05	0.27	0.95	0.3275	0.2725	0.265	0.28625	0.18375	0.42875	0.36375	0.12125	0.2075	0.4675	0.5075	0.34875	0.56125	0.28	0.26	0.36	0.3275	0.1	0.205	0.4525	4.5	2.5	1.18	0.885714	1.01111	0.4235	0.407	0.42864	0.427214	0.3832
0.27	0.12	0.05	0.02	0.27	0.12	0.05	0.02	0.05	0.88	0.98	0.12	0.88	0.5	0.05	0.12	0.27	0.12	0.27	0.73	0.3275	0.32	0.32125	0.39375	0.1525	0.52375	0.48125	0.13375	0.26375	0.36375	0.39125	0.425	0.46625	0.22375	0.2875	0.4075	0.3275	0.09125	0.18625	0.37625	3.8	3.4	2.64	1.15714	0.122222	0.366	0.3341	0.36614	0.3952	0.430811
0.27	0.27	0.12	0.05	0.27	0.5	0.12	0.05	0.12	0.73	0.88	0.27	0.99	0.5	0.12	0.27	0.27	0.27	0.27	0.73	0.3275	0.2725	0.3125	0.4375	0.14875	0.4625	0.48625	0.13	0.255	0.3825	0.395	0.40625	0.405	0.22375	0.27875	0.38875	0.3275	0.06375	0.1675	0.37625	1.9	3.16667	2.48	1.15714	0.122222	0.2128	0.325233	0.3251	0.388214	0.435222
0.27	0.12	0.05	0.02	0.27	0.12	0.05	0.02	0.05	0.88	0.98	0.12	0.88	0.5	0.05	0.12	0.27	0.12	0.27	0.73	0.35625	0.24375	0.265	0.3375	0.18	0.415	0.38625	0.125	0.2075	0.47625	0.4675	0.34875	0.495	0.25125	0.26875	0.36	0.35625	0.0825	0.18625	0.48375	3.8	1.36667	0.88	0.771429	0.977778	0.3969	0.278667	0.3725	0.396586	0.363356
0.27	0.12	0.12	0.27	0.05	0.27	0.27	0.12	0.12	0.05	0.05	0.27	0.12	0.02	1	0.27	0.27	0.02	0.05	0.12	0.29875	0.2725	0.2275	0.35375	0.17625	0.44375	0.42	0.065	0.2275	0.57125	0.575	0.35875	0.57125	0.3025	0.15	0.28125	0.29875	0.095	0.21375	0.56	-1.6	-0.433333	-0.58	0.728571	0.677778	0.2263	0.4279	0.39732	0.345029	0.363189
0.27	0.5	0.5	0.88	0.02	0.88	0.99	0.12	0.5	0.05	0.05	0.73	0.12	0.05	0.27	0.5	0.27	0.05	0.12	0.12	0.29875	0.28125	0.23625	0.38125	0.14875	0.47125	0.4475	0.0775	0.23625	0.455	0.47125	0.38625	0.495	0.2425	0.26875	0.3	0.29875	0.09125	0.18625	0.45625	-3.5	-2.86667	-0.12	-0.314286	-0.211111	0.6605	0.458967	0.36728	0.354171	0.396344
0.27	0.5	0.5	0.88	0.02	0.88	0.99	0.12	0.5	0.05	0.05	0.73	0.12	0.05	0.27	0.5	0.27	0.05	0.12	0.12	0.3275	0.28125	0.23625	0.385	0.14875	0.47125	0.45625	0.08125	0.23625	0.46375	0.44	0.38625	0.47625	0.21375	0.2775	0.3	0.3275	0.0825	0.18625	0.4875	-3.5	-0.933333	-1.58	-1.08571	-0.166667	0.4901	0.4044	0.3739	0.4269	0.395233
0.5	0.12	0.05	0.05	0.27	0.12	0.12	0.05	0.05	0.95	0.73	0.12	0.73	0.27	0.12	0.12	0.5	0.05	0.27	0.98	0.29875	0.30125	0.28375	0.48875	0.1175	0.51	0.55625	0.08625	0.28375	0.3825	0.355	0.435	0.3675	0.18625	0.2875	0.32875	0.29875	0.055	0.1675	0.4075	4.2	-0.933333	-1.96	-1.02857	0.122222	0.0626	0.327567	0.47302	0.421057	0.386922
0.27	0.5	0.5	0.88	0.02	0.88	0.99	0.12	0.5	0.05	0.05	0.73	0.12	0.05	0.27	0.5	0.27	0.05	0.12	0.12	0.35625	0.25375	0.28375	0.41625	0.13	0.415	0.45625	0.2	0.23625	0.3875	0.32	0.35875	0.34	0.1575	0.2775	0.32875	0.30875	0.055	0.15875	0.43	-3.5	-0.933333	-0.42	-0.157143	-0.344444	0.43	0.404833	0.41212	0.408443	0.412478
0.27	0.5	0.5	0.88	0.02	0.88	0.99	0.12	0.5	0.05	0.05	0.73	0.12	0.05	0.27	0.5	0.27	0.05	0.12	0.12	0.3375	0.30125	0.39375	0.47375	0.13	0.44375	0.485	0.2475	0.3125	0.3875	0.32	0.3875	0.34	0.16125	0.1675	0.38625	0.3375	0.055	0.1675	0.42125	-3.5	-0.933333	1.18	0.285714	-0.555556	0.7219	0.502633	0.3417	0.403643	0.446878
0.5	0.12	0.05	0.05	0.27	0.12	0.12	0.05	0.05	0.95	0.73	0.12	0.73	0.27	0.12	0.12	0.5	0.05	0.27	0.98	0.30875	0.39625	0.45	0.50125	0.1025	0.52	0.56125	0.25625	0.34	0.275	0.24375	0.495	0.2825	0.13375	0.18625	0.43375	0.30875	0.055	0.14875	0.31375	4.2	1.73333	0.26	0.285714	-0.6	0.356	0.4053	0.45456	0.410186	0.430856
0.27	0.05	0.05	0.05	0.27	0.05	0.05	0.02	0.05	0.98	0.88	0.05	0.73	0.5	0.05	0.12	0.27	0.05	0.27	0.95	0.3375	0.3575	0.4025	0.425	0.10625	0.4525	0.48	0.26	0.2925	0.27125	0.225	0.44625	0.2825	0.10125	0.28625	0.405	0.3375	0.05125	0.14	0.3175	4.5	2.76667	0.26	-0.871429	-0.388889	0.138	0.373633	0.47574	0.475	0.390589
0.5	0.12	0.5	0.27	0.12	0.12	0.12	1	0.12	0.02	0.02	0.12	0.05	0.05	0.12	0.5	0.12	0.12	0.05	0.05	0.28	0.39625	0.4025	0.50125	0.09375	0.53875	0.58	0.14625	0.34	0.27875	0.2475	0.51375	0.29125	0.13	0.29625	0.405	0.3275	0.0425	0.14875	0.3225	-0.4	0.2	0.18	-0.6	-1.24444	0.6269	0.4336	0.43462	0.431814	0.487467
0.12	0.5	1	0.73	0.05	0.5	0.5	0.5	0.73	0.05	0.05	0.5	0.12	0.05	0.12	0.73	0.5	0.02	0.12	0.05	0.385	0.32	0.36875	0.39625	0.13375	0.44375	0.47125	0.25625	0.235	0.28375	0.2525	0.4375	0.30125	0.13875	0.29625	0.43625	0.3375	0.055	0.14	0.3225	-3.5	-2.6	-0.98	-0.6	-0.944444	0.5359	0.5597	0.38896	0.462186	0.504922
0.27	0.88	0.5	0.27	0.05	0.73	0.73	0.12	0.27	0.05	0.12	0.98	0.27	0.05	0.27	0.5	0.27	0.05	0.12	0.12	0.3475	0.225	0.46	0.46875	0.1375	0.3675	0.42875	0.3225	0.26375	0.28375	0.24	0.32	0.27375	0.13875	0.2775	0.465	0.36625	0.0475	0.13125	0.305	-3.9	-3	-2.58	-1.31429	-0.944444	0.5163	0.3933	0.54826	0.4952	0.4654
0.27	0.12	0.12	0.27	0.05	0.27	0.27	0.12	0.12	0.05	0.05	0.27	0.12	0.02	1	0.27	0.27	0.02	0.05	0.12	0.31875	0.31125	0.5075	0.46875	0.1375	0.41625	0.4775	0.31875	0.2825	0.2875	0.2675	0.4	0.2925	0.17125	0.1775	0.49375	0.3375	0.05125	0.14	0.30125	-1.6	-3	-2.66	-2.45714	-0.911111	0.1277	0.526167	0.5403	0.5278	0.437556
0.27	0.5	0.5	0.88	0.02	0.88	0.99	0.12	0.5	0.05	0.05	0.73	0.12	0.05	0.27	0.5	0.27	0.05	0.12	0.12	0.31875	0.2725	0.46	0.38875	0.14125	0.34875	0.3875	0.31875	0.235	0.275	0.28	0.35125	0.31125	0.1675	0.26875	0.465	0.3375	0.05625	0.13125	0.27375	-3.5	-1.96667	-2.66	-1.75714	-0.988889	0.9345	0.549767	0.50636	0.4533	0.433511
0.73	0.27	0.73	0.5	0.27	0.5	0.5	0.5	0.27	0.12	0.12	0.5	0.27	0.12	0.27	0.98	0.73	0.05	0.12	0.12	0.26125	0.30125	0.375	0.40875	0.12875	0.39625	0.44875	0.1525	0.255	0.3825	0.36	0.38	0.3775	0.18625	0.26875	0.3575	0.3275	0.0475	0.15875	0.39	-0.8	-2.6	-0.98	-0.714286	-0.477778	0.5871	0.629267	0.42418	0.391257	0.376411
0.12	0.12	0.73	1	0.05	0.5	0.88	0.27	0.27	0.05	0.02	0.27	0.05	0.05	0.27	0.5	0.27	0.02	0.05	0.05	0.3375	0.32	0.34125	0.28875	0.15625	0.39625	0.40125	0.13375	0.28875	0.39125	0.3725	0.38	0.405	0.2225	0.26875	0.36	0.3375	0.06375	0.2625	0.39875	-3.5	0.0666667	0.1	0.442857	-0.444444	0.3662	0.3529	0.41896	0.333643	0.329444
0.27	0.05	0.05	0.05	0.27	0.05	0.05	0.02	0.05	0.98	0.88	0.05	0.73	0.5	0.05	0.12	0.27	0.05	0.27	0.95	0.3475	0.2525	0.42625	0.4075	0.15625	0.395	0.4475	0.165	0.2975	0.3025	0.28375	0.31875	0.32	0.175	0.29625	0.43625	0.4275	0.06875	0.235	0.33375	4.5	1.6	1.64	0.214286	-0.0888889	0.1054	0.191067	0.25466	0.331571	0.291256
0.27	0.12	0.05	0.02	0.27	0.12	0.05	0.02	0.05	0.88	0.98	0.12	0.88	0.5	0.05	0.12	0.27	0.12	0.27	0.73	0.43625	0.2625	0.42625	0.3925	0.2125	0.38625	0.4475	0.2125	0.2975	0.3425	0.29875	0.31	0.32	0.1875	0.205	0.49375	0.45625	0.06375	0.24375	0.40875	3.8	4.16667	1.16	0.614286	0.288889	0.1016	0.106667	0.15988	0.222729	0.283344
0.5	0.12	0.05	0.05	0.27	0.12	0.12	0.05	0.05	0.95	0.73	0.12	0.73	0.27	0.12	0.12	0.5	0.05	0.27	0.98	0.38875	0.215	0.37875	0.285	0.225	0.31	0.33	0.2	0.345	0.36125	0.3575	0.23375	0.3575	0.32875	0.16875	0.44625	0.40875	0.17625	0.35375	0.39625	4.2	1.6	1.72	0.985714	0.533333	0.113	0.109267	0.12116	0.146929	0.224211
0.12	0.5	0.73	0.27	0.05	0.5	0.5	0.12	1	0.05	0.05	0.27	0.12	0.27	0.12	0.27	0.12	0.12	0.88	0.05	0.36	0.14875	0.29375	0.32	0.225	0.2625	0.33	0.1625	0.22625	0.465	0.43	0.18625	0.40625	0.32	0.16875	0.3675	0.39875	0.16375	0.26875	0.50375	-3.2	0.1	1.18	1.3	0.233333	0.1132	0.132933	0.11138	0.152086	0.175867
0.5	0.27	0.5	0.27	0.27	0.27	0.27	0.12	0.12	0.27	0.27	0.27	0.27	0.12	0.27	0.73	0.99	0.12	0.12	0.5	0.33125	0.225	0.29375	0.305	0.19375	0.33875	0.3725	0.14375	0.365	0.4375	0.40625	0.24375	0.39625	0.33875	0.15	0.31	0.29	0.1675	0.3725	0.45625	-0.7	-0.7	0.16	0.157143	0.233333	0.1726	0.1141	0.17152	0.158743	0.218456
0.98	0.27	0.12	0.12	0.5	0.27	0.27	0.5	0.12	0.27	0.27	0.27	0.27	0.12	0.27	0.73	0.5	0.05	0.12	0.5	0.32875	0.2525	0.42625	0.38	0.165	0.395	0.42875	0.15625	0.3925	0.33	0.31125	0.3	0.33875	0.29125	0.1775	0.4175	0.40875	0.17625	0.35375	0.3525	1.8	-0.0666667	-1.38	-0.885714	-0.355556	0.0565	0.210467	0.17932	0.2513	0.281567
0.12	0.12	0.12	0.05	0.12	0.27	0.12	0.05	0.88	0.27	0.27	0.12	0.27	0.95	0.05	0.12	0.12	0.88	1	0.27	0.465	0.29	0.4825	0.42	0.2125	0.41375	0.475	0.225	0.30625	0.25375	0.2225	0.3375	0.2625	0.14	0.2325	0.57	0.54625	0.0725	0.225	0.3525	-1.3	-1	-1.44	-1.6	-0.855556	0.4023	0.2036	0.30658	0.331357	0.318089
0.12	0.12	0.73	1	0.05	0.5	0.88	0.27	0.27	0.05	0.02	0.27	0.05	0.05	0.27	0.5	0.27	0.02	0.05	0.05	0.4175	0.29	0.49125	0.42	0.19375	0.4325	0.475	0.225	0.41	0.16875	0.165	0.3375	0.205	0.225	0.22375	0.57	0.49875	0.17625	0.31625	0.26375	-3.5	-2.76667	-1.46	-1.24286	-1.71111	0.152	0.4346	0.40674	0.376657	0.360778
0.27	0.5	0.5	0.88	0.02	0.88	0.99	0.12	0.5	0.05	0.05	0.73	0.12	0.05	0.27	0.5	0.27	0.05	0.12	0.12	0.4175	0.2425	0.49125	0.51125	0.19375	0.4325	0.5225	0.24375	0.31875	0.16875	0.16125	0.3375	0.19625	0.1975	0.2425	0.59875	0.5175	0.16375	0.2125	0.26375	-3.5	-2.6	-1.96	-1.64286	-1.74444	0.7495	0.524967	0.4815	0.423029	0.385444
0.73	0.27	0.73	0.5	0.27	0.5	0.5	0.5	0.27	0.12	0.12	0.5	0.27	0.12	0.27	0.98	0.73	0.05	0.12	0.12	0.3125	0.3	0.525	0.61625	0.135	0.50875	0.6125	0.24375	0.42375	0.1325	0.125	0.395	0.15875	0.18	0.22375	0.53875	0.39875	0.15125	0.2125	0.2075	-0.8	-1.66667	-2.4	-2.4	-2.05556	0.6734	0.617733	0.50048	0.462843	0.401367
0.5	0.27	0.5	0.27	0.27	0.27	0.27	0.12	0.12	0.27	0.27	0.27	0.27	0.12	0.27	0.73	0.99	0.12	0.12	0.5	0.28125	0.28125	0.545	0.63625	0.10625	0.51875	0.6225	0.235	0.43375	0.19875	0.16375	0.405	0.21625	0.19875	0.205	0.49375	0.36625	0.1425	0.23125	0.22	-0.7	-1.66667	-2.4	-2.71429	-1.78889	0.4303	0.533633	0.53712	0.4505	0.4025
0.12	0.12	0.73	1	0.05	0.5	0.88	0.27	0.27	0.05	0.02	0.27	0.05	0.05	0.27	0.5	0.27	0.02	0.05	0.05	0.3475	0.31875	0.51625	0.545	0.1525	0.51875	0.54625	0.21625	0.32	0.28375	0.27125	0.42375	0.33375	0.15125	0.21375	0.54125	0.475	0.07875	0.14875	0.33375	-3.5	-2.56667	-2.4	-1.61429	-1.43333	0.4972	0.4209	0.4504	0.438314	0.382044
0.27	0.5	0.5	0.88	0.02	0.88	0.99	0.12	0.5	0.05	0.05	0.73	0.12	0.05	0.27	0.5	0.27	0.05	0.12	0.12	0.3475	0.27125	0.46	0.4375	0.18375	0.42375	0.42875	0.20375	0.26375	0.3875	0.3875	0.3475	0.42875	0.2075	0.18625	0.49375	0.475	0.0875	0.1675	0.41	-3.5	-3.5	-1.4	-0.842857	-0.622222	0.3352	0.382767	0.32906	0.362414	0.374644
0.12	0.5	1	0.73	0.05	0.5	0.5	0.5	0.73	0.05	0.05	0.5	0.12	0.05	0.12	0.73	0.5	0.02	0.12	0.05	0.36625	0.22375	0.34125	0.34875	0.21125	0.37625	0.3725	0.14375	0.17875	0.49125	0.50375	0.3	0.52375	0.26375	0.1775	0.4175	0.44625	0.1	0.18625	0.495	-3.5	-0.933333	-0.88	-0.185714	0.188889	0.3159	0.239267	0.28664	0.278414	0.303167
0.5	0.12	0.05	0.05	0.27	0.12	0.12	0.05	0.05	0.95	0.73	0.12	0.73	0.27	0.12	0.12	0.5	0.05	0.27	0.98	0.29	0.27125	0.43125	0.405	0.18375	0.395	0.39125	0.1525	0.245	0.3975	0.4375	0.31875	0.4475	0.23625	0.1775	0.4625	0.47875	0.105	0.1675	0.42625	4.2	0.866667	0.58	0.457143	0.2	0.0667	0.200267	0.20428	0.232114	0.239622
0.27	0.27	0.12	0.05	0.27	0.5	0.12	0.05	0.12	0.73	0.88	0.27	0.99	0.5	0.12	0.27	0.27	0.27	0.27	0.73	0.3475	0.2525	0.45125	0.43375	0.18375	0.37625	0.42	0.2	0.255	0.40625	0.4	0.32875	0.415	0.2075	0.1775	0.475	0.475	0.06875	0.1675	0.41	1.9	3.3	2.04	0.857143	0.188889	0.2182	0.123433	0.15848	0.175586	0.229144
0.27	0.12	0.05	0.02	0.27	0.12	0.05	0.02	0.05	0.88	0.98	0.12	0.88	0.5	0.05	0.12	0.27	0.12	0.27	0.73	0.3475	0.27125	0.46	0.4375	0.18375	0.42375	0.42875	0.20375	0.26375	0.3875	0.3875	0.3475	0.42875	0.2075	0.18625	0.49375	0.475	0.0875	0.1675	0.41	3.8	3.16667	2.6	1.24286	0.188889	0.0854	0.1366	0.1156	0.1757	0.2246
0.27	0.12	0.05	0.02	0.27	0.12	0.05	0.02	0.05	0.88	0.98	0.12	0.88	0.5	0.05	0.12	0.27	0.12	0.27	0.73	0.43625	0.2425	0.4125	0.3425	0.24375	0.3475	0.33875	0.25125	0.21625	0.415	0.415	0.29	0.4475	0.21625	0.18625	0.5225	0.50375	0.0875	0.1675	0.4575	3.8	2.3	1.6	1.24286	0.777778	0.1062	0.0977	0.16946	0.195757	0.224444
0.5	0.27	0.5	0.27	0.27	0.27	0.27	0.12	0.12	0.27	0.27	0.27	0.27	0.12	0.27	0.73	0.99	0.12	0.12	0.5	0.42625	0.17625	0.24625	0.25375	0.24375	0.3	0.2825	0.19125	0.13125	0.49125	0.50375	0.2425	0.52375	0.26	0.26875	0.38875	0.385	0.0875	0.1775	0.495	-0.7	0.766667	0.52	0.9	0.988889	0.1015	0.181233	0.21708	0.233914	0.2593
0.73	0.27	0.73	0.5	0.27	0.5	0.5	0.5	0.27	0.12	0.12	0.5	0.27	0.12	0.27	0.98	0.73	0.05	0.12	0.12	0.36875	0.22375	0.27375	0.32875	0.2125	0.36625	0.3625	0.1525	0.16875	0.3975	0.4375	0.29	0.4475	0.2325	0.2875	0.405	0.38875	0.09625	0.15875	0.435	-0.8	-1.66667	0.12	0.4	0.133333	0.336	0.297933	0.26676	0.292686	0.325333
0.12	0.12	0.73	1	0.05	0.5	0.88	0.27	0.27	0.05	0.02	0.27	0.05	0.05	0.27	0.5	0.27	0.02	0.05	0.05	0.42625	0.22375	0.27375	0.26625	0.22125	0.3375	0.315	0.18125	0.26375	0.34875	0.37375	0.3	0.385	0.2975	0.27875	0.44625	0.4275	0.17625	0.25875	0.38625	-3.5	-0.833333	-0.96	-0.642857	-0.222222	0.4563	0.375367	0.37144	0.374914	0.343122
0.98	0.27	0.12	0.12	0.5	0.27	0.27	0.5	0.12	0.27	0.27	0.27	0.27	0.12	0.27	0.73	0.5	0.05	0.12	0.5	0.31875	0.3	0.40625	0.4075	0.1375	0.4425	0.47625	0.165	0.31	0.2175	0.235	0.4075	0.28125	0.2325	0.30625	0.465	0.39875	0.16375	0.23125	0.25375	1.8	-1.1	-1.52	-1.37143	-1.07778	0.3338	0.473233	0.48334	0.413786	0.408956
0.27	0.12	0.12	0.27	0.05	0.27	0.27	0.12	0.12	0.05	0.05	0.27	0.12	0.02	1	0.27	0.27	0.02	0.05	0.12	0.4075	0.31875	0.415	0.42	0.16625	0.46125	0.50375	0.225	0.31875	0.14125	0.14625	0.42625	0.205	0.185	0.33375	0.54125	0.4275	0.155	0.2125	0.225	-1.6	-1.1	-1.62	-1.82857	-1.67778	0.6296	0.541467	0.4918	0.496129	0.434789
0.27	0.5	0.5	0.88	0.02	0.88	0.99	0.12	0.5	0.05	0.05	0.73	0.12	0.05	0.27	0.5	0.27	0.05	0.12	0.12	0.35125	0.24375	0.3075	0.3125	0.15125	0.36625	0.38625	0.225	0.27125	0.11375	0.1275	0.34125	0.205	0.2575	0.39375	0.4275	0.31875	0.26125	0.29875	0.16875	-3.5	-2.13333	-1.7	-1.94286	-1.7	0.661	0.5563	0.53612	0.496514	0.4468
0.12	0.12	0.12	0.05	0.12	0.27	0.12	0.05	0.88	0.27	0.27	0.12	0.27	0.95	0.05	0.12	0.12	0.88	1	0.27	0.40125	0.29125	0.27875	0.36875	0.1675	0.41375	0.46625	0.23375	0.205	0.105	0.11875	0.38875	0.18625	0.145	0.42125	0.44375	0.30875	0.1575	0.18875	0.1975	-1.3	-2.9	-2.38	-1.57143	-1.41111	0.3783	0.5724	0.5371	0.461271	0.417489
0.27	0.88	0.5	0.27	0.05	0.73	0.73	0.12	0.27	0.05	0.12	0.98	0.27	0.05	0.27	0.5	0.27	0.05	0.12	0.12	0.40125	0.19625	0.14625	0.21875	0.20375	0.30875	0.28625	0.19375	0.25375	0.23625	0.2575	0.2625	0.29	0.31375	0.36625	0.34875	0.29	0.27375	0.32625	0.30125	-3.9	-2.26667	-2.24	-1.57143	-0.6	0.6779	0.464967	0.4531	0.4239	0.377578
0.27	0.12	0.12	0.27	0.05	0.27	0.27	0.12	0.12	0.05	0.05	0.27	0.12	0.02	1	0.27	0.27	0.02	0.05	0.12	0.34125	0.2725	0.185	0.21	0.175	0.3475	0.325	0.1375	0.26375	0.32125	0.32375	0.3325	0.36625	0.33625	0.25625	0.30125	0.29	0.2775	0.35375	0.36125	-1.6	-2.13333	-1.18	-0.8	-0.333333	0.3387	0.408733	0.33534	0.347829	0.352233
0.05	0.05	0.02	0.02	0.12	0.12	0.05	0.12	0.12	0.05	0.12	0.05	0.27	0.73	0.02	0.05	0.12	1	0.88	0.05	0.36875	0.2725	0.18875	0.21375	0.19375	0.33875	0.325	0.125	0.255	0.4375	0.41875	0.3325	0.42375	0.3075	0.26	0.31	0.30875	0.15875	0.2775	0.47375	-0.9	-0.233333	-0.16	0.3	0.344444	0.2096	0.206833	0.2791	0.2685	0.299589
0.98	0.27	0.12	0.12	0.5	0.27	0.27	0.5	0.12	0.27	0.27	0.27	0.27	0.12	0.27	0.73	0.5	0.05	0.12	0.5	0.2525	0.27375	0.17625	0.15375	0.15	0.33375	0.28375	0.0775	0.255	0.41	0.40875	0.305	0.47125	0.38375	0.22875	0.225	0.26125	0.28625	0.39125	0.4175	1.8	1.56667	1.46	1.12857	0.344444	0.0722	0.1263	0.16466	0.236714	0.266411
0.27	0.12	0.05	0.02	0.27	0.12	0.05	0.02	0.05	0.88	0.98	0.12	0.88	0.5	0.05	0.12	0.27	0.12	0.27	0.73	0.34125	0.2925	0.26125	0.285	0.17	0.38125	0.40625	0.165	0.1875	0.30625	0.28875	0.3425	0.3675	0.22375	0.28375	0.34875	0.30875	0.17	0.25375	0.36125	3.8	3.26667	2.68	1.18571	0.1	0.0971	0.0916667	0.12808	0.191643	0.254444
0.5	0.12	0.05	0.05	0.27	0.12	0.12	0.05	0.05	0.95	0.73	0.12	0.73	0.27	0.12	0.12	0.5	0.05	0.27	0.98	0.37	0.21625	0.29	0.31	0.1975	0.3525	0.36875	0.20875	0.1875	0.30625	0.32	0.2825	0.38625	0.26125	0.275	0.40875	0.3375	0.17875	0.25375	0.33	4.2	4.16667	2.16	0.914286	0.444444	0.1057	0.119533	0.15864	0.181914	0.249978
0.27	0.05	0.05	0.05	0.27	0.05	0.05	0.02	0.05	0.98	0.88	0.05	0.73	0.5	0.05	0.12	0.27	0.05	0.27	0.95	0.38	0.2725	0.4	0.3675	0.1975	0.39	0.40625	0.26	0.26375	0.3025	0.30125	0.32	0.38625	0.23625	0.17375	0.46625	0.395	0.17875	0.2625	0.325	4.5	1.73333	1.1	0.928571	0.233333	0.1558	0.207967	0.19832	0.243071	0.298622
0.27	0.73	0.5	0.5	0.05	0.99	0.88	0.12	0.5	0.05	0.12	0.73	0.5	0.05	0.27	0.5	0.27	0.12	0.27	0.12	0.43625	0.19625	0.40375	0.3425	0.225	0.2725	0.31125	0.3575	0.2075	0.415	0.38375	0.24375	0.3875	0.2075	0.15875	0.475	0.395	0.06	0.15875	0.42875	-3.5	-0.833333	0.18	0.171429	0.288889	0.3624	0.262933	0.30644	0.343686	0.340122
0.12	0.12	0.73	1	0.05	0.5	0.88	0.27	0.27	0.05	0.02	0.27	0.05	0.05	0.27	0.5	0.27	0.02	0.05	0.05	0.36625	0.30125	0.4225	0.375	0.165	0.41	0.40125	0.29125	0.28375	0.3875	0.36875	0.35875	0.425	0.19875	0.15875	0.44625	0.36625	0.0725	0.18625	0.39	-3.5	-2.6	-1.36	-0.428571	-0.3	0.2706	0.423567	0.4406	0.413114	0.403622
0.73	0.27	0.73	0.5	0.27	0.5	0.5	0.5	0.27	0.12	0.12	0.5	0.27	0.12	0.27	0.98	0.73	0.05	0.12	0.12	0.27125	0.33	0.54125	0.52625	0.11	0.4575	0.505	0.3225	0.36875	0.275	0.24	0.3775	0.3025	0.13375	0.1675	0.4625	0.3375	0.05625	0.15875	0.29625	-0.8	-2.6	-2.34	-1.52857	-1.11111	0.6377	0.5616	0.52606	0.489971	0.444433
0.12	0.5	1	0.73	0.05	0.5	0.5	0.5	0.73	0.05	0.05	0.5	0.12	0.05	0.12	0.73	0.5	0.02	0.12	0.05	0.31875	0.39625	0.56375	0.525	0.11	0.53375	0.58125	0.33125	0.33875	0.17125	0.1725	0.485	0.26375	0.115	0.205	0.54125	0.3375	0.06	0.14	0.1975	-3.5	-1.56667	-2.34	-2.67143	-2.01111	0.7765	0.665767	0.58232	0.534057	0.494933
0.5	0.12	0.5	0.27	0.12	0.12	0.12	1	0.12	0.02	0.02	0.12	0.05	0.05	0.12	0.5	0.12	0.12	0.05	0.05	0.27125	0.44375	0.62625	0.5825	0.10125	0.58125	0.62875	0.26875	0.415	0.175	0.17625	0.5325	0.2725	0.115	0.205	0.57	0.385	0.0475	0.14875	0.1975	-0.4	-2.46667	-2.34	-2.72857	-2.01111	0.5831	0.667767	0.62108	0.562314	0.512978
0.27	0.5	0.5	0.88	0.02	0.88	0.99	0.12	0.5	0.05	0.05	0.73	0.12	0.05	0.27	0.5	0.27	0.05	0.12	0.12	0.3	0.415	0.62625	0.4775	0.11375	0.45375	0.50125	0.37875	0.33875	0.17125	0.1725	0.4875	0.235	0.115	0.18625	0.57	0.36625	0.0475	0.12125	0.18875	-3.5	-2.46667	-2.96	-1.58571	-2.05556	0.6437	0.563733	0.60558	0.569114	0.534433
0.12	0.5	1	0.73	0.05	0.5	0.5	0.5	0.73	0.05	0.05	0.5	0.12	0.05	0.12	0.73	0.5	0.02	0.12	0.05	0.3375	0.43375	0.4875	0.3775	0.1375	0.50125	0.4675	0.30375	0.29125	0.25625	0.28	0.51625	0.3525	0.17125	0.18625	0.5125	0.3375	0.0825	0.14875	0.2825	-3.5	-3.63333	-1.36	-2.02857	-1.45556	0.4644	0.5561	0.51392	0.557371	0.565711
0.27	0.88	0.5	0.27	0.05	0.73	0.73	0.12	0.27	0.05	0.12	0.98	0.27	0.05	0.27	0.5	0.27	0.05	0.12	0.12	0.26125	0.3675	0.465	0.375	0.1375	0.425	0.3825	0.29125	0.32125	0.35125	0.37875	0.40875	0.41	0.21875	0.14	0.43375	0.30875	0.0875	0.1675	0.35	-3.9	-0.966667	-2.06	-1.25714	-0.944444	0.5602	0.4476	0.5084	0.525314	0.576022
