0.5	0.27	0.5	0.98	0.05	0.73	0.95	0.12	0.12	0.27	0.05	0.27	0.12	0.02	0.12	0.5	0.88	0.02	0.05	0.12	0.36	0.455	0.34875	0.4275	0.05875	0.58625	0.59125	0.18125	0.235	0.22375	0.27625	0.545	0.3075	0.17875	0.2025	0.4325	0.36625	0.03875	0.09375	0.28	-3.5	-0.933333	-0.88	-1.24286	-1.55556	0.554	0.368967	0.33408	0.415971	0.484022
0.12	0.12	0.12	0.12	0.12	0.88	0.73	0.02	0.12	0.73	0.95	0.27	0.88	0.27	0.05	0.12	0.5	0.05	0.12	0.5	0.4925	0.36625	0.3675	0.5925	0.1675	0.51	0.61875	0.2125	0.21625	0.175	0.1725	0.485	0.2125	0.1475	0.21125	0.5375	0.41375	0.035	0.07625	0.28875	-3.5	-1.7	-0.96	-1.3	-0.777778	0.4208	0.339867	0.31414	0.374986	0.394367
0.12	0.05	0.05	0.02	0.05	0.12	0.05	0.02	0.05	0.5	0.88	0.05	1	0.27	0.02	0.12	0.73	0.05	0.12	0.5	0.47375	0.3475	0.31625	0.485	0.185	0.5575	0.61875	0.12375	0.21625	0.3075	0.2975	0.4275	0.31625	0.23625	0.2025	0.425	0.3375	0.0475	0.085	0.37375	1.9	-1.83333	-1.96	-0.442857	-0.311111	0.0448	0.294867	0.39482	0.315457	0.314922
0.27	0.95	0.73	0.27	0.02	0.73	0.73	0.12	0.27	0.05	0.05	0.98	0.12	0.02	0.12	0.27	0.27	0.02	0.05	0.12	0.53125	0.31125	0.2025	0.44125	0.19375	0.48125	0.52875	0.12	0.18875	0.37625	0.41375	0.34	0.4825	0.27125	0.19	0.435	0.41375	0.055	0.1025	0.4525	-3.9	-0.933333	-0.76	-0.5	-0.422222	0.419	0.3331	0.30442	0.311929	0.316933
0.73	0.88	0.27	0.73	0.05	0.88	0.88	0.12	0.73	0.12	0.12	0.73	0.12	0.05	0.12	0.73	0.27	0.05	0.12	0.5	0.4425	0.39625	0.26	0.3925	0.19	0.48125	0.5575	0.0925	0.14	0.425	0.42375	0.39	0.53	0.23875	0.08625	0.32	0.47125	0.05125	0.09375	0.46125	-0.8	-0.733333	0.7	-0.642857	-0.422222	0.5355	0.352167	0.24174	0.309471	0.3235
0.95	0.12	0.27	0.73	0.99	0.27	0.5	0.27	0.12	0.12	0.12	0.5	0.12	0.05	0.12	0.73	0.27	0.05	0.05	0.5	0.415	0.46375	0.2125	0.3325	0.08125	0.48125	0.50125	0.12125	0.2075	0.51	0.5275	0.4	0.5775	0.27	0.0775	0.2725	0.395	0.055	0.11125	0.55625	2.5	1.83333	-0.58	0.457143	0.388889	0.102	0.2483	0.34014	0.276671	0.267467
0.12	0.05	0.02	0.02	0.12	0.12	0.05	0.02	0.05	0.88	0.95	0.05	1	0.73	0.02	0.05	0.12	0.12	0.12	0.73	0.56625	0.52	0.2625	0.51625	0.19	0.48125	0.57625	0.165	0.235	0.33875	0.33875	0.485	0.4675	0.16625	0.09875	0.43375	0.46125	0.04625	0.1025	0.49875	3.8	0.6	1.04	0.728571	0.688889	0.1074	0.248733	0.29458	0.277371	0.277678
0.73	0.88	0.27	0.88	0.05	0.73	0.95	0.12	0.27	0.12	0.12	0.73	0.5	0.05	0.12	0.5	0.27	0.05	0.12	0.27	0.50875	0.50125	0.34375	0.51625	0.19875	0.5	0.52	0.24125	0.235	0.3775	0.33875	0.45625	0.42	0.22375	0.19375	0.45375	0.385	0.055	0.1025	0.5	-4.5	1.16667	1.96	1.17143	0.0888889	0.5368	0.278467	0.19742	0.290757	0.331411
0.73	0.73	0.12	0.12	0.12	0.27	0.5	0.05	0.12	0.73	0.27	0.27	0.5	0.5	0.12	0.27	0.73	0.05	0.12	0.95	0.50875	0.435	0.305	0.66875	0.2025	0.5	0.51875	0.345	0.235	0.3575	0.32875	0.425	0.43875	0.18	0.3025	0.4825	0.3275	0.0675	0.11125	0.43375	4.2	1.16667	1.3	0.785714	0.344444	0.1912	0.259233	0.27956	0.289743	0.340844
0.5	0.05	0.12	0.5	0.12	0.12	0.12	0.5	0.05	0.95	0.88	0.12	0.5	0.27	0.05	0.12	0.27	0.05	0.12	0.88	0.50875	0.44375	0.3625	0.56375	0.23	0.47125	0.49	0.3075	0.18625	0.40625	0.3	0.38625	0.5425	0.23625	0.33	0.50125	0.4425	0.095	0.13	0.4425	3.8	2.4	-0.16	0.2	0.644444	0.0497	0.2512	0.36376	0.347157	0.331622
0.5	0.5	0.27	0.88	0.12	0.73	0.88	0.12	0.27	0.12	0.27	0.5	0.88	0.12	0.12	0.73	0.88	0.05	0.12	0.27	0.4525	0.40625	0.34375	0.45875	0.14	0.395	0.36625	0.355	0.1775	0.5575	0.42375	0.31	0.5425	0.2825	0.42875	0.425	0.42375	0.1225	0.1575	0.51875	-0.8	-0.166667	0.42	-0.0714286	0.188889	0.5127	0.3636	0.35718	0.396457	0.375133
0.27	0.73	0.95	0.88	0.05	0.88	0.5	0.73	0.27	0.05	0.05	0.5	0.12	0.05	0.88	0.73	0.27	0.05	0.12	0.05	0.5	0.4625	0.29	0.51875	0.1675	0.42375	0.49875	0.31	0.23375	0.49	0.36625	0.395	0.54625	0.23375	0.45375	0.48125	0.51875	0.14125	0.2525	0.48875	-3.5	-1.96667	-0.04	0.342857	-0.411111	0.5284	0.515	0.40944	0.390286	0.424944
0.27	0.27	0.27	0.73	0.12	0.27	0.27	0.88	0.12	0.5	0.12	0.27	0.27	0.12	0.99	0.27	0.27	0.12	0.12	0.27	0.47125	0.44375	0.375	0.46125	0.18625	0.47125	0.4425	0.31	0.2525	0.48125	0.43375	0.36625	0.5275	0.2525	0.535	0.5675	0.57625	0.16	0.27125	0.49	-1.6	-1.06667	-1.12	-0.485714	0.0111111	0.5039	0.494933	0.49822	0.442357	0.423111
0.5	0.27	0.73	0.27	0.27	0.5	0.27	0.27	0.27	0.73	0.5	0.27	0.95	0.27	0.27	0.73	0.73	0.27	0.27	0.5	0.4425	0.38625	0.33625	0.5375	0.18625	0.4425	0.41375	0.47125	0.2525	0.4525	0.415	0.36625	0.4425	0.205	0.6725	0.53875	0.49	0.16875	0.27125	0.43375	1.9	-0.433333	-1.28	-1.12857	-0.255556	0.4525	0.483333	0.50682	0.509586	0.455511
0.5	0.27	0.27	0.27	0.27	0.27	0.27	0.27	0.27	0.5	0.5	0.27	0.5	0.27	0.98	0.73	0.73	0.27	0.27	0.5	0.4425	0.4425	0.48875	0.5375	0.205	0.51875	0.49	0.5	0.30875	0.39625	0.3675	0.41375	0.49875	0.205	0.64	0.58625	0.5475	0.19625	0.29	0.3575	-1.6	-0.433333	-0.72	-0.757143	-0.722222	0.4936	0.5006	0.5052	0.505314	0.506533
0.27	0.73	0.27	0.5	0.27	0.5	0.73	0.27	0.5	0.27	0.27	0.73	0.27	0.27	0.98	0.5	0.27	0.27	0.88	0.27	0.47125	0.41375	0.5175	0.49	0.22375	0.46125	0.41375	0.51875	0.28	0.44375	0.425	0.35625	0.48	0.28125	0.65875	0.58625	0.5575	0.22375	0.26125	0.38625	-1.6	-1.3	-0.04	-0.314286	-1.02222	0.5557	0.5232	0.50098	0.502529	0.505089
0.5	0.27	0.27	0.27	0.27	0.5	0.27	0.27	0.27	0.5	0.73	0.27	0.5	0.27	0.88	0.73	0.73	0.27	0.27	0.5	0.47125	0.41375	0.49	0.4425	0.25125	0.41375	0.4425	0.46125	0.36625	0.47125	0.4525	0.385	0.49875	0.36625	0.595	0.5575	0.52875	0.25125	0.385	0.41375	-0.7	-0.166667	-0.5	-0.585714	-0.433333	0.5203	0.5196	0.51226	0.501929	0.504478
0.73	0.27	0.27	0.27	0.27	0.27	0.27	0.73	0.27	0.73	0.5	0.27	0.5	0.27	0.5	0.5	0.5	0.27	0.27	0.73	0.47125	0.41375	0.5475	0.4425	0.27	0.47125	0.51875	0.3275	0.385	0.41375	0.5575	0.41375	0.5275	0.385	0.5525	0.64375	0.58625	0.27	0.40375	0.385	1.8	0.233333	-0.88	-0.6	-0.644444	0.4828	0.504	0.51348	0.511986	0.510767
0.5	0.5	0.88	0.5	0.27	0.5	0.73	0.73	0.5	0.27	0.5	0.5	0.5	0.27	0.5	0.5	0.73	0.27	0.27	0.27	0.47125	0.385	0.4425	0.49	0.25125	0.49	0.51875	0.3275	0.35625	0.395	0.51	0.41375	0.4425	0.4425	0.62875	0.64375	0.5575	0.25125	0.40375	0.395	-0.4	-0.7	-0.2	-0.871429	-1.24444	0.5089	0.497133	0.50692	0.521543	0.526356
0.5	0.73	0.5	0.73	0.27	0.5	0.73	0.27	0.27	0.27	0.5	0.5	0.5	0.73	0.27	0.5	0.5	0.27	0.5	0.27	0.47125	0.35625	0.5475	0.51875	0.22375	0.51875	0.6075	0.36625	0.385	0.33875	0.45375	0.41375	0.395	0.36625	0.55	0.67125	0.5575	0.22375	0.35625	0.33875	-3.5	-0.7	-0.76	-1.14286	-0.866667	0.4997	0.5105	0.51496	0.526843	0.531389
0.5	0.27	0.73	0.27	0.27	0.5	0.27	0.27	0.73	0.5	0.73	0.27	0.5	0.73	0.27	0.73	0.5	0.27	0.5	0.5	0.5475	0.41375	0.57625	0.605	0.205	0.49	0.6075	0.36625	0.28	0.31	0.40625	0.385	0.395	0.33875	0.4425	0.69	0.58625	0.19625	0.26125	0.3675	1.8	-1.73333	-1.82	-0.785714	-0.488889	0.5229	0.5277	0.53696	0.5295	0.533433
0.5	0.27	0.73	0.73	0.27	0.5	0.88	0.27	0.27	0.27	0.73	0.5	0.5	0.27	0.27	0.73	0.5	0.27	0.27	0.27	0.51875	0.41375	0.605	0.63625	0.18625	0.46125	0.58875	0.3475	0.41375	0.2825	0.32125	0.385	0.3475	0.36875	0.3475	0.7175	0.61375	0.165	0.27125	0.34875	-3.5	-1.73333	-1.38	-0.785714	-0.8	0.5605	0.558733	0.54296	0.542543	0.528433
0.27	0.27	0.5	0.88	0.12	0.88	0.73	0.27	0.27	0.12	0.12	0.5	0.27	0.73	0.88	0.73	0.73	0.12	0.27	0.12	0.49	0.41375	0.615	0.59	0.18625	0.4425	0.58875	0.2625	0.395	0.30125	0.45375	0.41375	0.42375	0.31125	0.215	0.7175	0.585	0.15625	0.2525	0.3675	-3.5	-1.73333	-0.32	-1.22857	-1.38889	0.5928	0.564067	0.55784	0.537743	0.520089
0.5	0.27	0.73	0.73	0.05	0.5	0.98	0.12	0.27	0.05	0.05	0.27	0.12	0.12	0.12	0.95	0.5	0.05	0.12	0.05	0.41375	0.4425	0.51	0.65625	0.16375	0.54625	0.59	0.19625	0.36625	0.2825	0.40625	0.4425	0.395	0.35625	0.31	0.66125	0.585	0.13375	0.24375	0.37625	1.8	0.0333333	-1.38	-1.22857	-1.73333	0.5389	0.5686	0.54832	0.5246	0.535044
0.88	0.73	0.73	0.73	0.12	0.27	0.27	0.27	0.12	0.27	0.12	0.27	0.27	0.05	0.12	0.88	0.5	0.05	0.12	0.73	0.36625	0.3275	0.56625	0.68375	0.1275	0.6225	0.6975	0.15875	0.385	0.23625	0.34125	0.41375	0.32875	0.28	0.29125	0.69875	0.585	0.1025	0.1875	0.29125	1.8	0.0333333	-1.38	-1.98571	-1.73333	0.5741	0.529433	0.51776	0.541829	0.526433
0.27	0.27	0.5	0.98	0.12	0.27	0.73	0.12	0.88	0.05	0.05	0.5	0.12	0.05	0.12	0.95	0.95	0.02	0.12	0.12	0.395	0.475	0.5375	0.63375	0.09625	0.67	0.66875	0.15	0.2325	0.20375	0.265	0.475	0.3	0.19125	0.2725	0.6325	0.48125	0.075	0.13125	0.31125	-3.5	-1.73333	-1.38	-1.98571	-2.43333	0.4753	0.4857	0.5279	0.522071	0.480544
0.27	0.27	0.12	0.05	0.12	0.5	0.12	0.05	0.12	0.73	0.95	0.5	0.88	0.27	0.05	0.5	0.5	0.05	0.12	0.73	0.395	0.50375	0.50875	0.6925	0.0775	0.64125	0.75375	0.13125	0.35625	0.1475	0.17125	0.44625	0.23375	0.145	0.25375	0.63125	0.50875	0.04375	0.1125	0.2925	-3.5	-3.5	-2.44	-2.12857	-2.43333	0.4077	0.508833	0.50456	0.453086	0.4429
0.12	0.73	0.27	0.88	0.02	0.95	0.99	0.05	0.27	0.05	0.05	0.5	0.12	0.02	0.5	0.27	0.5	0.02	0.05	0.27	0.47125	0.41875	0.4425	0.54125	0.09	0.50875	0.5875	0.18875	0.31	0.33625	0.3025	0.39875	0.32875	0.1	0.1025	0.63125	0.48	0.03875	0.1025	0.445	-3.5	-3.5	-3.7	-2.88571	-2.08889	0.6435	0.491133	0.41172	0.407771	0.421822
0.5	0.27	0.95	0.95	0.05	0.88	0.88	0.12	0.27	0.12	0.05	0.27	0.12	0.05	0.12	0.73	0.5	0.02	0.05	0.27	0.485	0.4575	0.2725	0.4475	0.19	0.54625	0.49375	0.19875	0.2825	0.3275	0.3025	0.40875	0.32875	0.08375	0.15	0.5175	0.45125	0.035	0.09375	0.45375	-3.5	-3.83333	-3.7	-3.2	-2.08889	0.4222	0.391867	0.361	0.383343	0.364911
0.12	0.99	0.27	0.12	0.02	0.88	0.5	0.05	0.27	0.02	0.05	0.99	0.12	0.02	0.12	0.27	0.12	0.02	0.05	0.05	0.4375	0.2825	0.2725	0.4625	0.185	0.51875	0.51375	0.23625	0.2825	0.34	0.40625	0.31875	0.3575	0.205	0.1375	0.49875	0.45125	0.0625	0.17	0.42375	-4.5	-3.83333	-3.08	-2.44286	-1.86667	0.1099	0.251267	0.36008	0.319257	0.307267
0.5	0.5	0.12	0.27	0.12	0.5	0.95	0.05	0.5	0.5	0.88	0.27	0.73	0.12	0.05	0.27	0.27	0.05	0.12	0.73	0.4475	0.325	0.2625	0.445	0.16375	0.56625	0.47625	0.23625	0.15875	0.28	0.3025	0.38	0.2725	0.24875	0.2225	0.4425	0.3475	0.0625	0.20875	0.33	-3.5	-2.8	-2.02	-1.4	-1.86667	0.2217	0.2449	0.23672	0.268914	0.304889
0.73	0.05	0.12	0.5	0.12	0.27	0.27	0.73	0.05	0.95	0.27	0.12	0.27	0.12	0.12	0.5	0.5	0.05	0.12	0.88	0.41875	0.3625	0.37125	0.52	0.155	0.62375	0.58	0.2075	0.23375	0.13875	0.3225	0.37	0.235	0.22125	0.27	0.385	0.29	0.05875	0.2	0.22625	-0.4	-0.7	-0.56	-1.4	-1.05556	0.4031	0.217167	0.16334	0.241829	0.292711
0.99	0.12	0.05	0.05	0.88	0.73	0.12	0.27	0.05	0.05	0.05	0.12	0.12	0.02	0.12	0.5	0.27	0.02	0.05	0.12	0.3775	0.325	0.34875	0.4675	0.06375	0.45375	0.4775	0.26125	0.20625	0.27875	0.4625	0.31375	0.30125	0.35625	0.21	0.3575	0.2625	0.09375	0.29375	0.32125	1.8	1.73333	-0.36	-0.357143	-0.244444	0.0267	0.1617	0.23214	0.2241	0.223622
0.12	0.05	0.05	0.02	0.05	0.05	0.05	0.5	0.12	0.27	0.95	0.27	0.5	0.99	0.02	0.27	0.12	0.27	0.73	0.27	0.515	0.315	0.26375	0.44375	0.16375	0.49125	0.50125	0.28	0.17875	0.23875	0.34625	0.295	0.245	0.23125	0.2225	0.32875	0.28125	0.0625	0.20875	0.275	3.8	0.7	1.1	0.828571	0.344444	0.0553	0.178633	0.24742	0.2115	0.204478
0.73	0.12	0.27	0.99	0.05	0.27	0.88	0.12	0.12	0.05	0.05	0.27	0.05	0.5	0.73	0.5	0.27	0.05	0.5	0.05	0.43875	0.1975	0.29375	0.37	0.1675	0.4725	0.3975	0.3275	0.17875	0.2975	0.515	0.205	0.41	0.32375	0.125	0.32875	0.31	0.1025	0.35	0.33	-3.5	1.36667	1.94	1.58571	0.455556	0.4539	0.2691	0.17114	0.215529	0.259022
0.27	0.12	0.99	0.88	0.05	0.73	0.27	0.5	0.27	0.05	0.5	0.27	0.12	0.05	0.5	0.27	0.27	0.02	0.05	0.05	0.49625	0.14125	0.19125	0.35125	0.1675	0.35875	0.3575	0.27625	0.10375	0.2975	0.4725	0.1775	0.40125	0.4275	0.15	0.33	0.29125	0.115	0.50125	0.30125	3.8	1.36667	1.94	1.14286	1.26667	0.2981	0.2579	0.21578	0.243771	0.246333
0.05	0.5	0.02	0.01	0.05	0.05	0.02	0.02	0.05	0.27	0.95	0.05	0.5	1	0.02	0.05	0.05	0.27	0.73	0.27	0.495	0.09375	0.30375	0.4	0.275	0.41625	0.36125	0.25125	0.13125	0.27375	0.47375	0.19625	0.43	0.385	0.20125	0.32875	0.29	0.08375	0.435	0.27375	3.8	3.13333	0.48	1.42857	1.58889	0.0217	0.1899	0.32488	0.255314	0.205989
0.73	0.12	0.27	0.73	0.02	0.5	1	0.5	0.12	0.02	0.02	0.27	0.05	0.02	0.12	0.27	0.5	0.02	0.05	0.05	0.30125	0.16	0.3	0.36625	0.17125	0.36	0.3475	0.16375	0.24	0.305	0.58625	0.245	0.4775	0.5075	0.18875	0.30125	0.215	0.115	0.52875	0.32	1.8	0.7	1.94	1.24286	1	0.2499	0.2908	0.2556	0.253129	0.282711
0.12	0.12	0.73	0.5	0.05	0.95	0.5	0.05	0.27	0.27	0.5	0.27	0.99	0.27	0.05	0.5	0.5	0.12	0.95	0.27	0.3775	0.1875	0.36	0.455	0.16375	0.41625	0.495	0.19125	0.325	0.2425	0.4225	0.245	0.3125	0.355	0.20125	0.33	0.23375	0.07125	0.34	0.265	-3.5	0.7	1.68	1.24286	0.188889	0.6008	0.3194	0.20398	0.290743	0.326378
0.5	0.05	0.02	0.01	0.12	0.05	0.02	0.02	0.05	0.5	0.99	0.05	0.73	0.5	0.02	0.05	0.12	0.12	0.88	0.5	0.30125	0.1875	0.42125	0.455	0.16375	0.51	0.45125	0.18625	0.34375	0.32625	0.465	0.245	0.4575	0.2975	0.12	0.3575	0.28125	0.07125	0.30125	0.34	3.8	0.933333	0.22	0.2	0.788889	0.1075	0.249433	0.34308	0.3122	0.339067
0.5	0.05	0.05	0.02	0.98	0.05	0.05	0.05	0.05	0.98	0.73	0.05	0.88	0.73	0.05	0.27	0.27	0.05	0.27	0.88	0.27375	0.235	0.35625	0.46875	0.05125	0.43375	0.47625	0.12625	0.325	0.2625	0.43625	0.22625	0.42625	0.26375	0.06	0.31125	0.24375	0.07875	0.37375	0.28875	2.5	0.933333	-0.84	-0.0714286	-0.0222222	0.04	0.288233	0.38276	0.390257	0.368422
0.12	0.27	0.27	0.5	0.02	0.73	0.99	0.05	0.99	0.05	0.02	0.73	0.05	0.02	0.12	0.5	0.12	0.02	0.12	0.27	0.34875	0.16	0.45125	0.47	0.1675	0.3575	0.37125	0.13875	0.235	0.3475	0.40875	0.15	0.47375	0.29	0.055	0.31	0.27125	0.05125	0.3075	0.33375	-3.5	-1.5	0.24	-0.828571	-0.833333	0.7172	0.401833	0.37622	0.434886	0.372589
0.12	0.27	0.99	0.5	0.02	0.95	0.73	0.27	0.95	0.02	0.12	0.27	0.12	0.02	0.05	0.73	0.27	0.02	0.12	0.05	0.38125	0.16	0.3425	0.385	0.18	0.2825	0.29375	0.14	0.23125	0.355	0.4	0.265	0.47375	0.29375	0.06375	0.33875	0.22375	0.05125	0.3075	0.37	-3.5	-1.7	-1.22	-0.828571	-0.833333	0.4483	0.577867	0.46718	0.357514	0.346144
0.5	0.05	0.05	0.5	0.12	0.12	0.05	0.05	0.05	0.95	0.88	0.05	0.95	0.27	0.05	0.27	0.27	0.05	0.12	0.88	0.3525	0.1875	0.49375	0.35625	0.1675	0.3775	0.35	0.17625	0.34375	0.2675	0.24875	0.2925	0.3375	0.235	0.06375	0.3675	0.22375	0.035	0.195	0.26625	1.9	-1.7	-2.42	-1.11429	-0.244444	0.5681	0.526233	0.47102	0.343857	0.323056
0.05	0.5	0.5	1	0.01	0.12	0.5	0.05	0.12	0.02	0.01	0.12	0.02	0.01	0.05	0.12	0.12	0.01	0.02	0.02	0.38	0.15875	0.55875	0.4025	0.1725	0.48125	0.325	0.18875	0.3625	0.3275	0.2675	0.34	0.425	0.2675	0.12375	0.41375	0.26125	0.03125	0.1125	0.3175	-3.5	-1.7	-1.36	-1.21429	-1.05556	0.5623	0.396533	0.32996	0.394286	0.327411
0.27	0.12	1	0.5	0.02	0.12	0.12	0.12	0.27	0.02	0.02	0.12	0.05	0.5	0.05	0.27	0.12	0.02	0.05	0.02	0.305	0.23375	0.49625	0.465	0.06375	0.5375	0.3725	0.17625	0.34375	0.3275	0.29375	0.34	0.43375	0.20625	0.12375	0.3675	0.2425	0.03	0.09	0.29875	-3.5	-1.73333	-0.3	-1.21429	-1.02222	0.0592	0.211133	0.3189	0.312786	0.324956
0.99	0.12	0.12	0.05	0.12	0.12	0.12	0.73	0.05	0.05	0.05	0.73	0.12	0.05	0.12	0.73	0.27	0.02	0.05	0.12	0.23375	0.215	0.5875	0.55	0.17125	0.50875	0.37125	0.1275	0.2625	0.35125	0.32125	0.235	0.43375	0.26625	0.1625	0.31	0.27125	0.03375	0.08125	0.34375	1.8	0.0333333	-1.38	-0.314286	-0.355556	0.0119	0.1547	0.23462	0.2513	0.262756
0.27	0.12	1	0.27	0.05	0.88	0.27	0.12	0.27	0.5	0.05	0.27	0.73	0.05	0.05	0.27	0.5	0.02	0.05	0.27	0.37125	0.215	0.47625	0.55125	0.18375	0.38625	0.37125	0.2325	0.15	0.32625	0.3125	0.32125	0.3575	0.27	0.275	0.3675	0.2425	0.03375	0.0725	0.33375	1.8	0.0333333	-0.12	-0.228571	-0.355556	0.393	0.183867	0.12574	0.192629	0.296744
0.27	0.27	0.99	0.88	0.05	0.88	0.27	0.12	0.27	0.05	0.27	0.5	0.5	0.5	0.5	0.27	0.27	0.05	0.12	0.05	0.32375	0.19625	0.4775	0.415	0.27875	0.38625	0.37125	0.3175	0.15	0.355	0.29375	0.2925	0.39	0.27125	0.21875	0.3675	0.2525	0.03875	0.06375	0.31375	-3.5	0.366667	1.08	-0.228571	-0.144444	0.1467	0.185867	0.14538	0.220043	0.267411
0.12	0.27	0.05	0.02	0.12	0.5	0.05	0.02	0.05	0.98	0.95	0.05	0.98	0.73	0.05	0.05	0.12	0.05	0.12	0.73	0.37	0.19625	0.6425	0.48875	0.275	0.48125	0.39875	0.4425	0.1775	0.23875	0.21	0.4525	0.33375	0.24375	0.28375	0.47125	0.29	0.04	0.0675	0.2325	2.8	0.6	0.02	0.814286	0.155556	0.0179	0.107333	0.29384	0.255029	0.259056
0.27	0.12	0.12	0.73	0.98	0.5	0.98	0.27	0.12	0.27	0.27	0.5	0.12	0.05	0.5	0.5	0.5	0.05	0.05	0.73	0.38	0.20625	0.515	0.34375	0.17125	0.4725	0.27375	0.51875	0.14125	0.35875	0.41125	0.3875	0.52625	0.28125	0.28375	0.39625	0.2425	0.04375	0.07625	0.26375	2.5	0.6	0.42	0.442857	0.5	0.1574	0.309833	0.27606	0.322914	0.256322
0.5	0.27	0.98	0.73	0.05	0.73	0.88	0.5	0.27	0.27	0.05	0.5	0.12	0.05	0.88	0.73	0.27	0.02	0.05	0.12	0.23375	0.175	0.395	0.37125	0.27875	0.435	0.27375	0.40125	0.11875	0.44375	0.55125	0.29875	0.62125	0.30875	0.255	0.27875	0.24375	0.17	0.10375	0.34	-3.5	0.933333	0.96	0.128571	0.511111	0.7542	0.405233	0.34414	0.271714	0.259522
0.12	0.05	0.05	0.02	0.88	0.12	0.05	0.73	0.05	0.73	0.95	0.05	0.98	0.73	0.05	0.27	0.12	0.12	0.12	0.5	0.33875	0.22125	0.4775	0.5175	0.175	0.51125	0.435	0.3725	0.20375	0.33875	0.46625	0.38375	0.4375	0.22375	0.4625	0.365	0.29125	0.16125	0.10375	0.27375	3.8	-0.166667	0.32	0.9	-0.0444444	0.3041	0.515133	0.34748	0.256571	0.264767
0.27	0.5	0.88	0.73	0.05	0.5	0.5	0.95	0.12	0.02	0.02	0.95	0.05	0.02	0.12	0.73	0.27	0.02	0.05	0.05	0.34875	0.165	0.25625	0.325	0.275	0.36	0.35125	0.36375	0.16375	0.4275	0.5825	0.2425	0.4975	0.2525	0.51625	0.3075	0.30125	0.16875	0.1	0.38625	-0.8	0.866667	0.2	0.0428571	0.766667	0.4871	0.275267	0.32414	0.3169	0.269889
0.5	0.05	0.05	0.05	0.05	0.05	0.05	0.98	0.05	0.27	0.95	0.05	0.73	0.12	0.5	0.12	0.12	0.05	0.05	0.27	0.31125	0.19375	0.35625	0.41	0.26625	0.41625	0.4075	0.35875	0.16875	0.3925	0.47	0.355	0.3525	0.1825	0.525	0.38375	0.33875	0.165	0.09125	0.35875	-0.4	0.233333	0.26	0.228571	0.877778	0.0346	0.187467	0.26134	0.321957	0.270156
0.05	0.02	0.02	0.27	0.05	0.05	0.02	0.02	0.02	0.73	0.95	0.02	0.88	0.27	0.27	0.02	0.05	1	0.27	0.12	0.34875	0.185	0.34625	0.2925	0.15	0.35625	0.29125	0.44625	0.16	0.42375	0.555	0.29875	0.38125	0.2675	0.49375	0.33625	0.3	0.04625	0.0725	0.405	1.9	-0.566667	0.26	1.27143	1.06667	0.0407	0.171833	0.23908	0.217114	0.258789
0.73	0.27	0.73	0.73	0.05	0.88	0.73	0.12	0.73	0.12	0.27	0.5	0.12	0.05	0.88	0.5	0.73	0.05	0.12	0.12	0.26375	0.21125	0.22625	0.235	0.15875	0.22375	0.12625	0.43375	0.07125	0.52875	0.6675	0.23875	0.495	0.30375	0.37	0.2475	0.215	0.1775	0.1	0.48125	-3.2	0.833333	1.18	1.32857	1.41111	0.4402	0.224567	0.14572	0.181543	0.226467
0.5	0.27	0.05	0.05	0.02	0.05	0.05	0.27	0.02	0.05	0.27	0.27	0.05	0.02	1	0.27	0.5	0.01	0.02	0.5	0.31125	0.29625	0.33875	0.35125	0.05875	0.43125	0.29625	0.3575	0.1875	0.5375	0.61125	0.37125	0.415	0.23125	0.36375	0.305	0.29125	0.17375	0.16	0.405	3.8	1.46667	2.1	1.38571	0.488889	0.1928	0.217767	0.14982	0.178143	0.237244
0.05	0.05	0.02	0.02	0.05	0.5	0.05	0.01	0.02	0.95	0.98	0.05	0.5	0.27	0.5	0.05	0.27	0.05	0.05	0.73	0.3675	0.27625	0.23875	0.27	0.14	0.375	0.24	0.2775	0.17875	0.51375	0.6425	0.28625	0.47125	0.23125	0.4175	0.275	0.32	0.18125	0.2125	0.46125	3.8	3.93333	1.64	0.8	0.433333	0.0203	0.0894	0.23434	0.2305	0.189156
0.12	0.02	0.01	0.01	0.05	0.02	0.02	0.01	0.02	0.98	0.95	0.02	0.5	0.88	0.02	0.02	0.12	0.05	0.12	0.95	0.31125	0.33625	0.23625	0.2675	0.14	0.435	0.27125	0.15625	0.175	0.53875	0.65125	0.29	0.49	0.17375	0.4175	0.27875	0.33875	0.18125	0.20375	0.49125	4.2	2.53333	1.38	0.342857	0.9	0.0551	0.179567	0.22652	0.232443	0.192433
0.5	0.73	0.73	0.73	0.12	0.5	0.27	0.5	0.27	0.5	0.27	0.5	0.27	0.12	0.5	0.5	0.27	0.12	0.12	0.73	0.34875	0.27875	0.25375	0.25375	0.13125	0.43125	0.35625	0.18375	0.175	0.54125	0.62375	0.29	0.42375	0.24125	0.33875	0.3075	0.3475	0.05	0.17625	0.51875	-0.4	-0.233333	0.36	1.34286	0.3	0.4633	0.3065	0.19882	0.178714	0.257333
0.27	0.73	0.27	0.27	0.05	0.95	0.73	0.27	0.27	0.73	0.5	0.88	0.27	0.12	0.12	0.5	0.5	0.05	0.5	0.27	0.3775	0.26	0.2825	0.33	0.14	0.29875	0.27	0.23125	0.20625	0.5	0.56375	0.195	0.415	0.2375	0.2825	0.3675	0.29	0.055	0.12875	0.5675	-4.5	-2.06667	0.36	0.3	0.855556	0.4011	0.306233	0.20758	0.240429	0.240311
0.27	0.12	0.05	0.05	0.73	0.5	0.05	0.05	0.05	0.73	0.98	0.05	0.95	0.27	0.05	0.27	0.27	0.12	0.5	0.73	0.3775	0.33625	0.36625	0.4425	0.05875	0.44	0.45875	0.25875	0.24625	0.5	0.47625	0.35625	0.33875	0.25	0.28875	0.425	0.36625	0.0475	0.1325	0.4625	-1.3	-0.666667	-1.18	0.0142857	0.388889	0.0543	0.173167	0.32152	0.278529	0.3094
0.12	0.5	0.02	0.02	0.05	0.05	0.27	0.01	0.02	0.5	0.99	0.05	0.88	0.27	0.02	0.12	0.12	0.05	0.05	0.73	0.42375	0.2975	0.45875	0.56625	0.14	0.4675	0.54375	0.26875	0.36625	0.44375	0.355	0.38375	0.29125	0.21875	0.32125	0.52875	0.36625	0.0525	0.18875	0.3775	3.8	-0.333333	-0.74	-0.642857	0.166667	0.0641	0.247733	0.28626	0.387029	0.341756
0.73	0.27	0.88	0.88	0.05	0.5	0.95	0.73	0.27	0.27	0.05	0.5	0.12	0.05	0.12	0.73	0.27	0.02	0.05	0.12	0.4425	0.38625	0.365	0.54875	0.14	0.4425	0.5475	0.1925	0.33875	0.38375	0.36875	0.34	0.38625	0.1425	0.42875	0.5125	0.42375	0.0525	0.18	0.3975	-3.5	0.7	0.08	-0.328571	-0.1	0.6248	0.3253	0.36896	0.365343	0.380511
0.73	0.12	0.5	0.88	0.05	0.27	0.5	0.27	0.98	0.02	0.02	0.12	0.05	0.02	0.05	0.98	0.5	0.02	0.12	0.05	0.41375	0.32875	0.4125	0.57625	0.13125	0.5	0.68875	0.25	0.23125	0.35875	0.3725	0.35875	0.37625	0.165	0.39	0.51	0.4525	0.04	0.1625	0.33	1.8	-0.7	0.7	0.571429	-0.1	0.287	0.575467	0.4204	0.365743	0.376456
0.5	0.27	0.5	0.73	0.05	0.73	0.88	0.27	0.12	0.05	0.05	0.73	0.12	0.27	0.98	0.5	0.88	0.02	0.05	0.12	0.42375	0.225	0.38125	0.56375	0.14	0.33	0.5525	0.21875	0.3075	0.3825	0.425	0.17875	0.4525	0.1525	0.26125	0.5225	0.3575	0.04	0.17125	0.41	-0.4	1.06667	0.3	0.7	0.822222	0.8146	0.471033	0.48836	0.418957	0.338511
0.27	0.12	0.73	0.98	0.02	0.27	0.95	0.05	0.95	0.27	0.02	0.27	0.05	0.02	0.73	0.73	0.12	0.02	0.05	0.05	0.425	0.35375	0.36125	0.5325	0.115	0.435	0.57125	0.2425	0.28875	0.27875	0.3125	0.34875	0.34875	0.1525	0.28875	0.475	0.425	0.0275	0.115	0.36125	1.8	1.06667	0.92	0.7	0.466667	0.3115	0.51	0.44876	0.418314	0.349022
0.88	0.5	0.12	0.73	0.05	0.27	0.73	0.12	0.05	0.27	0.12	0.12	0.5	0.05	0.98	0.5	0.73	0.02	0.05	0.5	0.425	0.335	0.45	0.57625	0.19625	0.4625	0.675	0.23875	0.41375	0.27875	0.19125	0.4525	0.1975	0.13	0.27	0.5225	0.39625	0.13125	0.2	0.305	1.8	1.06667	1.32	0.557143	-0.0555556	0.4039	0.380733	0.40328	0.350329	0.368133
0.27	0.12	0.73	0.95	0.05	0.73	0.95	0.5	0.12	0.05	0.27	0.27	0.12	0.27	0.12	0.73	0.73	0.02	0.05	0.12	0.4725	0.41125	0.32625	0.45375	0.3	0.4525	0.59125	0.115	0.49	0.30625	0.22875	0.43375	0.34875	0.15875	0.36875	0.465	0.39625	0.22	0.30375	0.4	-0.4	1.73333	0.5	0.171429	-0.166667	0.4268	0.296767	0.27014	0.343057	0.316578
0.12	0.05	0.02	0.02	0.12	0.05	0.02	0.02	0.02	0.95	0.95	0.05	0.95	0.27	0.02	0.12	0.12	0.05	0.5	0.98	0.525	0.41125	0.35875	0.46625	0.3	0.51	0.65125	0.2325	0.38625	0.20625	0.1475	0.4525	0.245	0.15875	0.38125	0.48125	0.50125	0.21625	0.235	0.30125	3.8	-0.366667	-0.04	-0.414286	-0.166667	0.0596	0.211767	0.25506	0.249657	0.285156
0.05	1	0.12	0.05	0.5	0.88	0.27	0.02	0.73	0.12	0.05	0.95	0.05	0.02	0.02	0.12	0.05	0.02	0.05	0.27	0.59375	0.265	0.29	0.37375	0.36875	0.32125	0.51625	0.21375	0.28875	0.3375	0.31625	0.255	0.43375	0.1625	0.265	0.48125	0.43375	0.22	0.29125	0.49375	-4.5	-0.533333	-1.3	-0.414286	0.0777778	0.1489	0.1482	0.20644	0.205757	0.197533
0.73	0.73	0.12	0.12	0.73	0.27	0.88	0.05	0.12	0.5	0.12	0.73	0.12	0.12	0.12	0.27	0.5	0.88	0.73	0.73	0.48125	0.375	0.2325	0.245	0.34	0.42625	0.3275	0.295	0.2525	0.29	0.31125	0.31125	0.425	0.2575	0.16375	0.4625	0.36875	0.235	0.23375	0.43625	-0.9	-3.3	-0.86	-0.414286	-0.511111	0.2361	0.181933	0.12192	0.151771	0.190456
0.5	0.5	0.5	0.12	0.88	0.88	0.5	0.12	0.95	0.27	0.5	0.5	0.95	0.5	0.05	0.5	0.27	0.73	0.88	0.5	0.49125	0.34375	0.1725	0.15625	0.44	0.3225	0.28625	0.2775	0.145	0.395	0.31125	0.33125	0.2925	0.21875	0.05625	0.38625	0.36875	0.25375	0.215	0.52125	-4.5	-1.2	-1.26	-0.857143	-0.288889	0.1608	0.1337	0.1152	0.1262	0.151244
1	0.05	0.05	0.05	0.12	0.05	0.05	0.73	0.05	0.12	0.05	0.05	0.05	0.02	0.05	0.5	0.73	0.02	0.02	0.12	0.41	0.3875	0.13875	0.0475	0.59125	0.3375	0.22625	0.14	0.245	0.53125	0.4525	0.35625	0.4525	0.27875	0.04375	0.30125	0.25375	0.3425	0.3225	0.66375	1.8	-0.3	-1.06	-0.857143	0.255556	0.0042	0.0636667	0.13498	0.124971	0.104533
0.98	0.05	0.05	0.02	0.98	0.05	0.05	0.12	0.05	0.27	0.5	0.05	0.73	0.05	0.05	0.5	0.27	0.02	0.05	0.95	0.48875	0.415	0.15125	0.055	0.47125	0.3375	0.23	0.33875	0.24875	0.395	0.27875	0.35625	0.25125	0.24375	0.0475	0.34875	0.3025	0.33875	0.25875	0.44	1.8	0.0333333	-0.12	0.428571	-0.211111	0.026	0.0926667	0.09796	0.104614	0.107422
0.05	0.73	0.27	0.02	0.02	0.5	0.05	0.73	0.05	0.27	0.05	0.5	0.05	0.88	0.02	0.73	0.05	1	0.27	0.05	0.69	0.22	0.23125	0.06375	0.535	0.18625	0.21125	0.275	0.1725	0.41375	0.335	0.19625	0.345	0.14375	0.055	0.39625	0.4475	0.21625	0.25875	0.58125	-3.5	0.7	1.68	0.5	0.211111	0.2478	0.108267	0.06708	0.0831143	0.113856
0.73	0.02	0.02	0.02	1	0.05	0.02	0.05	0.02	0.88	0.5	0.05	0.27	0.12	0.05	0.12	0.5	0.02	0.05	0.95	0.63625	0.22375	0.28125	0.055	0.43125	0.22375	0.12	0.36875	0.1675	0.36625	0.355	0.17625	0.39375	0.23875	0.05125	0.50125	0.3625	0.235	0.21	0.46875	3.8	1.6	1.24	1.04286	0.588889	0.051	0.101733	0.08336	0.0896857	0.0918889
0.12	0.02	0.01	0.01	0.5	0.02	0.02	0.01	0.02	0.99	0.95	0.02	0.5	0.27	0.02	0.05	0.27	0.02	0.05	0.88	0.76	0.1675	0.22625	0.0475	0.39875	0.1325	0.06375	0.3925	0.14	0.41	0.3275	0.12375	0.30875	0.24875	0.055	0.48125	0.42	0.15	0.13375	0.53375	4.5	2.63333	0.74	1.14286	1	0.0064	0.0476667	0.11952	0.0945714	0.0816
0.73	0.27	0.12	0.05	0.02	0.05	0.05	1	0.05	0.01	0.01	0.05	0.02	0.02	0.05	0.5	0.05	0.02	0.02	0.02	0.62125	0.22125	0.24	0.05125	0.535	0.24625	0.0875	0.26875	0.22125	0.52	0.44125	0.205	0.3775	0.28	0.05125	0.45375	0.41875	0.15	0.14125	0.6325	-0.4	1.13333	1.94	0.771429	0.411111	0.0856	0.0996	0.07764	0.1006	0.135278
0.73	0.12	0.98	0.12	0.05	0.12	0.12	0.12	0.12	0.27	0.05	0.12	0.12	0.05	0.05	0.73	0.99	0.02	0.27	0.5	0.5325	0.24875	0.25125	0.15	0.41125	0.24625	0.10625	0.37875	0.325	0.45625	0.37625	0.205	0.28	0.2725	0.05125	0.4725	0.33	0.15	0.16625	0.45625	-0.7	0.466667	1.02	0.771429	-0.177778	0.2068	0.110267	0.08108	0.134814	0.201267
0.98	0.05	0.27	0.05	0.88	0.12	0.12	0.12	0.05	0.73	0.73	0.12	0.73	0.12	0.12	0.5	0.27	0.05	0.12	0.73	0.51	0.18125	0.43125	0.19	0.3075	0.19875	0.1625	0.32125	0.4375	0.3675	0.28625	0.1575	0.2	0.155	0.0425	0.52	0.42875	0.0225	0.15375	0.43625	2.5	0.333333	-0.58	-0.271429	0.677778	0.0384	0.104467	0.17726	0.216086	0.200867
0.88	0.05	0.05	0.05	0.12	0.12	0.05	0.27	0.73	0.73	0.73	0.05	0.5	0.73	0.05	0.27	0.5	0.05	0.27	0.95	0.49375	0.185	0.4625	0.25	0.28	0.22625	0.27875	0.33	0.35625	0.2725	0.23	0.175	0.20125	0.06625	0.17	0.54875	0.4	0.0225	0.19125	0.305	-0.8	-0.6	-1.2	-0.314286	0.455556	0.0682	0.197967	0.28412	0.250057	0.252156
0.5	0.73	0.27	0.12	0.73	0.99	0.27	0.73	0.73	0.02	0.02	0.73	0.12	0.02	0.05	0.73	0.5	0.02	0.05	0.05	0.58875	0.18875	0.4675	0.33125	0.14375	0.20625	0.34	0.2775	0.4725	0.24375	0.20625	0.21125	0.2775	0.1275	0.17375	0.51875	0.38125	0.02625	0.275	0.3225	-3.5	-2.6	-0.22	3.17207e-17	0.155556	0.4873	0.3918	0.2916	0.311057	0.313978
0.27	0.12	1	0.88	0.02	0.12	0.27	0.12	0.95	0.02	0.02	0.12	0.05	0.02	0.05	0.88	0.5	0.02	0.5	0.02	0.63625	0.24625	0.47125	0.245	0.34875	0.32375	0.34875	0.24375	0.45375	0.305	0.2675	0.29625	0.3175	0.21625	0.17375	0.5475	0.4375	0.03	0.25	0.38625	-3.5	-0.933333	-0.36	0.357143	0.7	0.6199	0.450467	0.38644	0.361914	0.311978
0.12	0.12	1	0.27	0.02	0.12	0.5	0.27	0.88	0.02	0.01	0.12	0.02	0.01	0.02	0.88	0.12	0.01	0.02	0.12	0.5975	0.34125	0.36375	0.32125	0.34375	0.43375	0.3675	0.2125	0.4625	0.27375	0.2775	0.39125	0.32125	0.21375	0.1775	0.49	0.37625	0.03125	0.33875	0.31375	4.2	0.833333	0.16	0.642857	0.388889	0.2442	0.4589	0.48536	0.366086	0.303189
0.5	0.05	0.05	0.5	0.02	0.27	0.88	0.27	0.05	0.12	0.05	0.12	0.05	0.02	1	0.12	0.5	0.02	0.5	0.12	0.49	0.3775	0.54	0.405	0.23625	0.51875	0.42375	0.20375	0.575	0.2325	0.1875	0.43875	0.3175	0.2	0.055	0.55625	0.32875	0.02625	0.27	0.25625	1.8	2.6	1.76	0.257143	-0.277778	0.5126	0.439867	0.40142	0.374586	0.356778
0.5	0.73	0.27	0.73	0.02	0.73	0.73	0.05	0.95	0.05	0.05	0.99	0.73	0.05	0.05	0.27	0.12	0.02	0.5	0.12	0.47125	0.3775	0.5975	0.46125	0.2275	0.5375	0.5275	0.2125	0.4625	0.18375	0.15875	0.43375	0.2325	0.13875	0.1825	0.5375	0.3475	0.02625	0.25125	0.1525	1.8	2.7	1.76	0.257143	-0.577778	0.5628	0.381	0.30298	0.379357	0.386778
0.88	0.12	0.88	0.12	0.95	0.12	0.12	0.12	0.12	0.5	0.5	0.12	0.27	0.73	0.05	0.88	0.5	0.05	0.27	0.5	0.395	0.365	0.49	0.52375	0.035	0.4925	0.5725	0.115	0.4775	0.235	0.21	0.45375	0.3375	0.17375	0.17875	0.37625	0.2525	0.02625	0.3075	0.22125	4.5	0.933333	0.22	0.257143	0.277778	0.0676	0.2527	0.35828	0.339114	0.334389
0.27	0.88	0.12	0.12	0.01	1	0.5	0.02	0.12	0.02	0.12	0.88	0.12	0.02	0.05	0.27	0.12	0.02	0.5	0.02	0.5	0.26125	0.49375	0.41625	0.24125	0.40125	0.4975	0.115	0.365	0.4025	0.37375	0.35	0.44125	0.35125	0.17875	0.3575	0.2525	0.03375	0.27875	0.38875	-3.5	-0.833333	-0.84	0.257143	1.08889	0.1277	0.238667	0.3234	0.306486	0.283956
0.5	0.27	0.73	0.95	0.02	0.95	0.95	0.05	0.12	0.5	0.05	0.5	0.73	0.02	0.12	0.27	0.27	0.02	0.05	0.27	0.51875	0.385	0.355	0.38875	0.24375	0.48375	0.4975	0.14	0.27	0.37375	0.3875	0.4925	0.3775	0.3525	0.1825	0.31	0.28125	0.035	0.33875	0.405	-3.5	-3.5	-0.36	0.542857	0.577778	0.5207	0.328867	0.214	0.256971	0.339922
0.73	0.73	0.73	0.73	0.05	0.73	0.73	0.12	0.73	0.27	0.5	0.88	0.5	0.27	0.12	0.27	0.27	0.05	0.12	0.12	0.51875	0.33625	0.41125	0.3875	0.3475	0.54	0.4775	0.13125	0.27875	0.42125	0.3875	0.46375	0.4625	0.41	0.0725	0.38625	0.28125	0.04375	0.3775	0.47125	-3.5	-0.933333	-0.5	0.228571	0.8	0.3382	0.291567	0.23368	0.283414	0.319444
0.27	0.02	0.02	0.01	0.12	0.02	0.02	0.02	0.02	0.88	0.88	0.02	0.5	0.98	0.02	0.05	0.12	0.05	0.27	0.98	0.52875	0.34	0.585	0.49625	0.33875	0.5525	0.5375	0.26125	0.31125	0.34	0.335	0.4625	0.37375	0.31625	0.085	0.41375	0.3	0.04375	0.29875	0.35	4.2	1.5	0.12	0.128571	0.555556	0.0158	0.173333	0.35772	0.320657	0.312933
0.5	0.05	0.27	0.02	0.73	0.27	0.05	0.02	0.05	0.88	0.95	0.05	0.73	0.73	0.05	0.12	0.12	0.05	0.5	0.88	0.5125	0.3275	0.45	0.48625	0.15875	0.5125	0.525	0.365	0.29875	0.31125	0.27875	0.45	0.32625	0.29	0.10875	0.32875	0.27125	0.04	0.2425	0.33375	3.8	2.53333	1.58	0.571429	0.255556	0.166	0.3099	0.31924	0.374443	0.308033
0.5	0.5	0.5	0.88	0.05	0.73	0.95	0.5	0.12	0.27	0.05	0.88	0.12	0.02	0.12	0.5	0.5	0.02	0.05	0.5	0.49375	0.16375	0.40875	0.365	0.24875	0.33625	0.3525	0.3175	0.2775	0.495	0.49875	0.23875	0.4975	0.4675	0.10875	0.25375	0.22375	0.0475	0.25125	0.48875	-0.4	2.4	2.2	1.32857	1.06667	0.7479	0.414067	0.35244	0.303414	0.299011
0.73	0.12	0.5	0.27	0.88	0.5	0.5	0.27	0.73	0.27	0.5	0.27	0.5	0.73	0.12	0.73	0.5	0.12	0.88	0.5	0.465	0.26875	0.35125	0.385	0.14875	0.35625	0.38125	0.37375	0.20125	0.4475	0.45125	0.34375	0.3925	0.3825	0.21625	0.2825	0.2525	0.035	0.15625	0.47	3.8	1	1.72	2.37143	0.955556	0.3283	0.5268	0.35398	0.261743	0.297456
0.12	0.05	0.95	0.88	0.02	0.12	0.5	0.99	0.5	0.01	0.01	0.12	0.02	0.01	0.05	0.27	0.12	0.02	0.02	0.01	0.5125	0.24875	0.2375	0.2325	0.25625	0.34625	0.3525	0.28375	0.24875	0.50875	0.465	0.3625	0.42375	0.445	0.32875	0.3975	0.3575	0.04375	0.26375	0.57875	-0.4	1.73333	1.72	1.12857	0.911111	0.5042	0.285333	0.33008	0.331871	0.282056
0.98	0.05	0.05	0.05	0.12	0.05	0.05	0.95	0.05	0.27	0.12	0.05	0.12	0.27	0.27	0.27	0.27	0.02	0.05	0.27	0.3775	0.24875	0.34875	0.33625	0.235	0.355	0.4075	0.28625	0.30375	0.4575	0.46625	0.37125	0.41125	0.32375	0.3	0.39375	0.33	0.04	0.2325	0.515	1.8	1.73333	0.9	0.0285714	0.866667	0.0235	0.1914	0.28184	0.336671	0.281256
0.12	0.02	0.02	0.01	0.05	0.05	0.02	0.12	0.02	0.88	0.98	0.02	0.88	0.73	0.12	0.05	0.12	0.05	0.12	0.88	0.45625	0.24875	0.32	0.34	0.1675	0.32375	0.4075	0.38875	0.30375	0.39375	0.35875	0.37125	0.2875	0.2375	0.315	0.4125	0.34875	0.03625	0.17625	0.4475	3.8	0.366667	-0.64	0.628571	0.866667	0.0465	0.192233	0.2561	0.231057	0.276578
0.5	0.73	0.27	0.5	0.05	0.88	0.73	0.27	0.12	0.12	0.12	0.73	0.27	0.05	0.98	0.73	0.5	0.02	0.12	0.12	0.4375	0.2075	0.28875	0.26	0.1675	0.23875	0.29125	0.37	0.31	0.47	0.475	0.235	0.44	0.32625	0.2075	0.35625	0.2725	0.04375	0.185	0.5425	-4.5	-1.53333	0.2	0.628571	0.411111	0.5067	0.250933	0.15698	0.201857	0.248667
0.5	0.5	0.27	0.12	0.05	0.27	0.5	0.12	0.88	0.5	0.12	0.88	0.27	0.05	0.95	0.73	0.73	0.02	0.12	0.5	0.38	0.255	0.2325	0.3075	0.06375	0.34375	0.2725	0.3575	0.13	0.5075	0.535	0.1975	0.4875	0.26875	0.19875	0.28	0.19625	0.035	0.09	0.52375	-3.9	-1.53333	0.6	0.0428571	0.411111	0.1996	0.2383	0.17706	0.200786	0.220044
0.05	0.02	0.01	0.01	0.05	0.02	0.01	0	0.01	0.73	1	0.02	0.5	0.27	0.01	0.02	0.05	0.02	0.05	0.73	0.53125	0.315	0.1525	0.21375	0.18375	0.36625	0.2775	0.255	0.17875	0.51125	0.5425	0.29625	0.51875	0.3025	0.31625	0.3975	0.3	0.03875	0.11125	0.5275	3.8	1.23333	-1.06	0.328571	0.877778	0.0086	0.1107	0.2671	0.207529	0.167844
0.27	0.02	0.01	0.01	0.12	0.02	0.02	0.01	0.02	0.98	0.95	0.02	0.5	0.5	0.02	0.05	0.12	0.05	0.12	0.95	0.44375	0.41875	0.25625	0.27	0.175	0.4225	0.30375	0.15	0.23375	0.50875	0.5675	0.38125	0.5375	0.24625	0.29625	0.47	0.3675	0.03875	0.11125	0.5	3.8	1.03333	0.6	0.328571	0.288889	0.1239	0.209733	0.1799	0.2058	0.217311
0.73	0.88	0.5	0.73	0.05	0.88	0.73	0.5	0.27	0.12	0.12	0.5	0.73	0.05	0.12	0.73	0.27	0.05	0.12	0.5	0.43375	0.4	0.28375	0.27	0.18375	0.4	0.3225	0.1075	0.29125	0.5125	0.555	0.42875	0.41375	0.2175	0.28375	0.48875	0.425	0.03875	0.11125	0.46125	-4.5	1.03333	2.14	0.471429	-0.633333	0.4967	0.230433	0.14686	0.200371	0.283978
0.27	0.27	0.05	0.27	0.05	0.73	0.12	0.02	0.05	0.95	0.98	0.12	0.88	0.27	0.02	0.12	0.12	0.05	0.12	0.73	0.44375	0.41875	0.3975	0.3875	0.18	0.37125	0.42625	0.1675	0.42625	0.39625	0.435	0.41875	0.3675	0.18625	0.18	0.58375	0.44375	0.03875	0.13	0.42	3.8	1.03333	0.68	0.385714	-0.522222	0.0707	0.2006	0.23888	0.264214	0.261578
0.88	0.05	0.05	0.02	0.98	0.05	0.05	0.05	0.02	0.27	0.95	0.05	0.5	0.5	0.05	0.5	0.27	0.05	0.12	0.27	0.39625	0.4175	0.3975	0.495	0.14875	0.51375	0.46375	0.21125	0.3825	0.43375	0.43	0.40875	0.39625	0.185	0.17625	0.5075	0.3675	0.0425	0.1775	0.44875	3.8	1.36667	-0.98	-0.657143	0.111111	0.0344	0.191267	0.3434	0.306571	0.326789
0.5	0.88	0.88	0.5	0.12	0.5	0.27	0.12	0.5	0.5	0.27	0.73	0.27	0.05	0.12	0.88	0.88	0.05	0.12	0.27	0.5	0.37375	0.38375	0.5525	0.36875	0.48875	0.52625	0.2175	0.33625	0.32	0.39625	0.4125	0.36875	0.21	0.28875	0.54875	0.31875	0.0425	0.1775	0.3725	-3.5	-1.4	-0.78	-0.942857	-0.0333333	0.4687	0.3832	0.30508	0.401229	0.360178
0.5	0.73	0.73	0.73	0.05	0.73	0.88	0.27	0.73	0.05	0.05	0.88	0.12	0.05	0.12	0.88	0.73	0.05	0.12	0.12	0.48125	0.405	0.41625	0.6325	0.36875	0.49125	0.53875	0.20375	0.31125	0.31625	0.39625	0.425	0.41625	0.18125	0.405	0.57625	0.35625	0.03875	0.1775	0.36375	-4.5	-3.83333	-1.18	0.0571429	-0.844444	0.6465	0.473433	0.44824	0.374429	0.393778
0.12	0.27	0.73	0.98	0.02	0.5	0.95	0.27	0.98	0.02	0.02	0.27	0.05	0.02	0.05	0.88	0.5	0.02	0.27	0.02	0.5	0.415	0.46375	0.62	0.3725	0.50125	0.54875	0.20375	0.26125	0.31125	0.39125	0.50125	0.34875	0.185	0.4325	0.595	0.46125	0.03875	0.15	0.3475	-3.5	-2.06667	-1.44	-0.985714	-0.422222	0.3051	0.579367	0.50318	0.425229	0.389789
0.73	0.27	0.27	0.73	0.73	0.73	0.73	0.5	0.5	0.12	0.05	0.73	0.12	0.27	0.95	0.5	0.27	0.05	0.5	0.27	0.4525	0.3875	0.52125	0.62375	0.2925	0.39625	0.595	0.175	0.32125	0.29	0.35625	0.435	0.34875	0.1825	0.32375	0.66125	0.56625	0.035	0.12125	0.3475	1.8	0.266667	-1.44	-1.62857	-0.377778	0.7865	0.4669	0.4947	0.486143	0.385511
0.5	0.5	0.73	0.95	0.95	0.27	0.73	0.12	0.12	0.05	0.05	0.73	0.05	0.02	0.98	0.73	0.27	0.02	0.05	0.12	0.38625	0.47625	0.4725	0.6	0.145	0.5575	0.6225	0.2225	0.42875	0.29875	0.32875	0.5475	0.32875	0.1575	0.32	0.60375	0.56625	0.035	0.16875	0.3475	2.5	0.266667	-0.68	-0.528571	-1.3	0.3091	0.5073	0.45756	0.423786	0.395378
0.12	0.12	0.12	0.88	0.05	0.27	0.73	0.05	0.05	0.5	0.73	0.27	0.73	0.27	0.95	0.27	0.27	0.02	0.12	0.73	0.43375	0.53625	0.50125	0.56125	0.24875	0.5575	0.68	0.2225	0.39	0.21375	0.24375	0.62375	0.225	0.12625	0.315	0.6425	0.51875	0.03125	0.15125	0.3	-3.5	-0.566667	0.86	-0.528571	-0.444444	0.4263	0.398733	0.40298	0.349029	0.365478
0.5	0.5	0.88	0.88	0.05	0.73	0.88	0.5	0.12	0.05	0.05	0.5	0.12	0.05	0.27	0.88	0.88	0.02	0.05	0.27	0.38625	0.46	0.43375	0.50375	0.245	0.4425	0.6425	0.13875	0.305	0.27875	0.32875	0.60875	0.30125	0.18125	0.4475	0.51875	0.36625	0.0275	0.15125	0.37625	-0.7	0	-0.4	0.571429	-0.377778	0.4608	0.306433	0.27032	0.333957	0.315544
0.5	0.05	0.05	0.05	0.12	0.12	0.27	0.02	0.05	0.88	0.73	0.05	0.95	0.5	0.05	0.27	0.73	0.05	0.12	0.98	0.495	0.48875	0.4525	0.4875	0.24875	0.4625	0.60625	0.18	0.19375	0.20625	0.275	0.6375	0.20625	0.125	0.475	0.5475	0.385	0.02375	0.115	0.37625	4.2	-0.333333	-0.06	-0.242857	0.211111	0.0322	0.2054	0.24842	0.249757	0.282
0.12	0.99	0.12	0.05	0.02	0.88	0.27	0.05	0.5	0.27	0.73	0.95	0.27	0.05	0.05	0.27	0.27	0.02	0.05	0.12	0.56125	0.34375	0.41625	0.4025	0.26125	0.29125	0.52125	0.12	0.08125	0.35875	0.37875	0.44	0.3675	0.23875	0.3625	0.51875	0.51875	0.0275	0.07625	0.54125	-4.5	1.3	-0.14	-0.342857	0.433333	0.1232	0.118333	0.20258	0.206057	0.198522
0.5	0.98	0.5	0.12	0.05	0.5	0.73	0.05	0.12	0.27	0.27	0.88	0.12	0.05	0.05	0.73	0.5	0.02	0.05	0.5	0.4575	0.285	0.28	0.2775	0.24875	0.31125	0.375	0.1675	0.205	0.35875	0.46375	0.36	0.395	0.35875	0.24125	0.40375	0.4625	0.15	0.195	0.485	4.2	-1.4	0.36	0.7	0.466667	0.1996	0.1733	0.11106	0.150186	0.192378
0.5	0.5	0.95	0.27	0.02	0.27	0.73	0.05	0.12	0.12	0.05	0.99	0.12	0.27	0.5	0.5	0.12	0.02	0.05	0.27	0.56625	0.33625	0.215	0.155	0.26125	0.32125	0.29	0.17625	0.205	0.32125	0.415	0.3275	0.31875	0.3	0.0725	0.49	0.58625	0.15	0.18625	0.4375	-3.9	0.7	0.28	1.2	1.05556	0.1971	0.1333	0.11166	0.120614	0.147978
0.99	0.05	0.05	0.02	0.12	0.05	0.05	0.12	0.02	0.27	0.27	0.05	0.12	0.02	0.05	0.5	0.5	0.02	0.05	0.73	0.44875	0.3325	0.21875	0.0775	0.24875	0.26	0.26625	0.10625	0.20375	0.415	0.505	0.385	0.36625	0.41625	0.09625	0.3825	0.435	0.15375	0.195	0.40875	1.8	0.566667	1.74	0.857143	1.63333	0.0032	0.0785	0.13778	0.119829	0.0977333
0.88	0.05	0.05	0.05	0.73	0.12	0.05	0.05	0.05	0.73	0.88	0.05	0.73	0.73	0.05	0.27	0.88	0.05	0.12	0.73	0.49125	0.4175	0.24625	0.0825	0.24875	0.25125	0.2475	0.20375	0.2	0.25375	0.3525	0.39375	0.1775	0.2675	0.09625	0.50125	0.35875	0.14625	0.1775	0.2925	3.8	2.8	1.26	2.14286	1.07778	0.0352	0.0974	0.1032	0.103457	0.114189
0.05	0.02	0.02	0.02	0.88	0.05	0.02	0.5	0.73	0.05	0.27	0.02	0.12	0.98	0.01	0.27	0.05	1	1	0.05	0.67125	0.3125	0.35875	0.1425	0.35	0.2125	0.2325	0.175	0.14375	0.3075	0.34	0.29375	0.22625	0.23625	0.10125	0.58625	0.4625	0.0275	0.12375	0.36875	2.8	2.8	2.94	1.42857	1.85556	0.2538	0.105233	0.0655	0.1007	0.114544
0.99	0.05	0.05	0.05	0.12	0.12	0.05	0.12	0.05	0.05	0.12	0.12	0.12	0.02	0.05	0.73	0.88	0.02	0.05	0.12	0.60125	0.1925	0.29875	0.13	0.45375	0.1475	0.1525	0.23125	0.22	0.38375	0.44375	0.1775	0.3025	0.46875	0.09625	0.4525	0.31125	0.1625	0.27	0.36	1.8	3.03333	2.42	2.34286	1.81111	0.0267	0.0963667	0.10092	0.0906	0.0953778
0.05	0.02	0.01	0.01	0.05	0.02	0.01	0.01	0.01	0.95	0.99	0.02	0.5	0.73	0.01	0.02	0.05	0.05	0.12	0.5	0.7475	0.14	0.19125	0.10375	0.5825	0.1325	0.0725	0.245	0.2125	0.36625	0.43875	0.0725	0.35	0.36125	0.045	0.5125	0.4625	0.1625	0.27	0.3975	4.5	1.83333	2.16	2.62857	2.71111	0.0086	0.0718667	0.11916	0.0940143	0.0758222
0.73	0.73	0.27	0.12	0.73	0.12	0.12	0.73	0.05	0.05	0.12	0.12	0.05	0.02	0.05	0.99	0.5	0.02	0.05	0.05	0.545	0.17	0.1675	0.09375	0.485	0.1475	0.0675	0.1425	0.22	0.45125	0.5475	0.1725	0.4825	0.48125	0.03625	0.3625	0.3775	0.16625	0.27875	0.36875	-0.8	2.06667	2.36	2.68571	2.01111	0.1803	0.1051	0.07382	0.092	0.120789
0.73	0.12	0.99	0.5	0.98	0.5	0.12	0.27	0.73	0.02	0.02	0.12	0.05	0.05	0.05	0.95	0.27	0.02	0.5	0.05	0.45	0.255	0.195	0.07375	0.365	0.1475	0.12375	0.30375	0.25375	0.36625	0.45625	0.22875	0.3975	0.3925	0.03625	0.3675	0.35875	0.1625	0.27	0.28	2.5	1.83333	2.84	1.64286	1.2	0.1264	0.111267	0.0727	0.114014	0.194122
0.88	0.05	0.05	0.05	0.12	0.05	0.12	0.12	0.05	0.88	0.95	0.05	0.73	0.95	0.05	0.12	0.12	0.12	0.27	0.5	0.44	0.295	0.42875	0.19	0.45375	0.28875	0.155	0.275	0.3575	0.25875	0.32125	0.32625	0.3125	0.27625	0.05	0.52875	0.405	0.135	0.28375	0.2325	3.8	3.5	1.04	0.885714	0.5	0.0271	0.0582	0.15256	0.209514	0.188344
0.73	0.05	0.05	0.02	0.98	0.05	0.05	0.05	0.02	0.88	0.88	0.05	0.88	0.12	0.05	0.27	0.5	0.05	0.12	0.95	0.36875	0.3225	0.51375	0.27875	0.33375	0.3925	0.2675	0.275	0.37	0.25875	0.3175	0.4025	0.285	0.38	0.1675	0.48125	0.2625	0.14375	0.3025	0.1675	4.2	1.16667	0.5	-0.257143	-0.0888889	0.0211	0.152033	0.25554	0.237114	0.235933
0.05	1	0.12	0.05	0.02	0.27	0.12	0.02	0.12	0.05	0.27	0.95	0.73	0.27	0.02	0.27	0.27	0.02	0.05	0.05	0.53875	0.21625	0.51875	0.38375	0.45375	0.425	0.34875	0.2925	0.37125	0.25875	0.3325	0.32125	0.25625	0.285	0.2925	0.54125	0.3475	0.1475	0.3875	0.28	-4.5	-1.26667	-0.7	-0.642857	-0.388889	0.4079	0.374733	0.27062	0.276357	0.295111
0.12	0.12	0.99	0.27	0.02	0.5	0.5	0.88	1	0.02	0.05	0.5	0.05	0.05	0.05	0.27	0.5	0.02	0.5	0.02	0.5575	0.25	0.4675	0.35625	0.4725	0.39625	0.32	0.20375	0.27	0.31875	0.43625	0.3775	0.36875	0.325	0.345	0.48	0.31875	0.15125	0.33125	0.31125	-3.5	-3.83333	-2.16	-0.742857	-0.344444	0.6952	0.434967	0.3562	0.335614	0.292056
0.12	0.27	0.95	0.5	0.73	0.73	0.27	0.12	0.88	0.05	0.12	0.73	0.12	0.95	0.12	0.73	0.27	0.88	0.88	0.12	0.5	0.27875	0.36375	0.27125	0.2675	0.42375	0.3675	0.28	0.2275	0.34625	0.4875	0.39625	0.4725	0.26875	0.3925	0.395	0.3475	0.05625	0.34	0.32625	-3.5	-3.5	-2.64	-1.34286	-0.2	0.2018	0.450667	0.46022	0.353571	0.296933
0.27	0.27	0.73	0.73	0.02	0.95	0.88	0.05	0.12	0.05	0.02	0.73	0.05	0.02	0.99	0.5	0.12	0.02	0.05	0.05	0.4625	0.30625	0.41875	0.355	0.40375	0.50875	0.3675	0.28875	0.37875	0.25125	0.39625	0.48125	0.405	0.32875	0.34	0.4425	0.385	0.155	0.4725	0.30625	-3.5	-1.73333	-1.82	-1.4	-0.2	0.455	0.399333	0.4092	0.374886	0.352722
0.73	0.12	0.12	0.88	0.05	0.5	0.73	0.12	0.12	0.12	0.5	0.27	0.12	0.12	0.98	0.5	0.5	0.05	0.73	0.5	0.37625	0.42875	0.55125	0.425	0.28375	0.6775	0.49	0.28	0.48625	0.13875	0.28875	0.62375	0.32	0.3075	0.36875	0.4425	0.30875	0.15125	0.3875	0.14625	1.8	-0.7	-0.36	-0.214286	-1.05556	0.5412	0.383	0.30422	0.392214	0.390733
0.95	0.12	0.73	0.12	0.88	0.12	0.27	0.88	0.12	0.5	0.73	0.12	0.27	0.12	0.5	0.5	0.5	0.05	0.05	0.27	0.37625	0.31	0.475	0.51625	0.18375	0.75375	0.53875	0.185	0.4775	0.195	0.33625	0.53	0.2725	0.3975	0.42875	0.415	0.29	0.16375	0.52875	0.27875	-0.4	1.73333	1.1	-0.214286	-0.244444	0.1528	0.2881	0.3697	0.344786	0.348322
0.27	0.5	0.12	0.05	0.05	0.95	0.27	0.12	0.27	0.27	0.5	0.5	0.95	0.5	0.5	0.73	0.27	0.12	0.95	0.27	0.48	0.2625	0.46125	0.60125	0.3	0.67875	0.53875	0.17625	0.39625	0.28375	0.45	0.435	0.29125	0.3775	0.42875	0.3675	0.31875	0.15875	0.41625	0.395	3.8	2.4	1.1	0.685714	0.566667	0.1703	0.2841	0.35134	0.3197	0.295844
0.73	0.27	0.27	0.95	0.5	0.95	0.73	0.12	0.5	0.12	0.12	0.73	0.12	0.5	0.5	0.27	0.27	0.05	0.5	0.27	0.44125	0.3675	0.415	0.53625	0.15875	0.6975	0.53875	0.17625	0.29125	0.3025	0.48875	0.43375	0.395	0.26125	0.42875	0.39625	0.3475	0.06	0.36875	0.395	3.8	1.36667	1.3	1.72857	0.455556	0.5292	0.354233	0.24834	0.286543	0.341211
0.5	0.88	0.5	0.73	0.05	0.95	0.88	0.05	0.88	0.05	0.5	0.73	0.27	0.05	0.27	0.27	0.27	0.05	0.12	0.12	0.5275	0.32	0.38625	0.50625	0.2275	0.64125	0.44375	0.19375	0.24375	0.33875	0.54875	0.405	0.4325	0.33	0.44375	0.3675	0.395	0.06375	0.425	0.47	-3.5	1.03333	2.14	0.828571	1.26667	0.3632	0.3062	0.26236	0.296386	0.324389
0.27	0.05	0.12	0.02	0.05	0.5	0.05	0.02	0.05	0.88	0.88	0.05	0.5	0.99	0.02	0.05	0.12	0.12	0.5	0.88	0.49875	0.4425	0.52875	0.595	0.2275	0.72625	0.5475	0.305	0.4425	0.2225	0.44125	0.51875	0.395	0.2	0.3675	0.395	0.36625	0.05125	0.2925	0.31875	2.8	1.03333	0.48	1.42857	0.677778	0.0262	0.2041	0.35032	0.317929	0.319833
0.27	0.12	0.27	0.88	0.12	0.73	0.5	0.05	0.5	0.5	0.73	0.12	0.88	0.27	0.05	0.12	0.5	0.05	0.5	0.95	0.49875	0.425	0.43375	0.47875	0.115	0.68875	0.46375	0.31625	0.3775	0.21	0.37125	0.50125	0.37625	0.2775	0.3075	0.38625	0.27125	0.05625	0.28875	0.2825	3.8	0.7	0.48	0.385714	0.677778	0.2229	0.2864	0.3052	0.365057	0.311678
0.27	0.88	0.73	0.88	0.05	0.88	0.73	0.12	0.27	0.05	0.05	0.95	0.12	0.02	0.12	0.5	0.5	0.02	0.05	0.12	0.48	0.27375	0.36375	0.475	0.12375	0.5575	0.40375	0.3075	0.37875	0.3425	0.5125	0.34125	0.415	0.35625	0.23875	0.25375	0.27125	0.16875	0.33625	0.44375	-4.5	1.03333	0.48	-0.214286	0.566667	0.6101	0.378867	0.3326	0.3008	0.300167
0.73	0.5	0.73	0.27	0.12	0.5	0.27	0.12	0.12	0.27	0.88	0.5	0.5	0.12	0.88	0.27	0.5	0.05	0.12	0.5	0.39375	0.35	0.42125	0.52375	0.05875	0.59625	0.46125	0.32625	0.35	0.3025	0.39625	0.36875	0.35875	0.28375	0.205	0.35875	0.27125	0.16125	0.27125	0.36875	3.8	-1.4	-0.16	0.685714	0.0555556	0.3036	0.4713	0.34324	0.258443	0.287478
0.27	0.27	0.88	0.88	0.05	0.73	0.73	0.98	0.88	0.02	0.02	0.5	0.05	0.02	0.12	0.5	0.12	0.02	0.05	0.05	0.48	0.275	0.34625	0.3625	0.12375	0.46375	0.3	0.21875	0.2075	0.4375	0.5325	0.28375	0.49125	0.32375	0.32875	0.31125	0.3475	0.165	0.3275	0.52875	-3.5	-0.0333333	-0.36	0.171429	0.911111	0.5002	0.2944	0.312	0.313986	0.264556
0.95	0.05	0.12	0.05	0.05	0.05	0.05	1	0.05	0.02	0.02	0.05	0.5	0.02	0.05	0.5	0.12	0.02	0.02	0.05	0.37625	0.3025	0.42875	0.465	0.1325	0.4925	0.38125	0.215	0.3075	0.4375	0.54625	0.33625	0.46375	0.2625	0.3375	0.31125	0.3475	0.15625	0.28375	0.52875	-0.4	-0.366667	0.38	0.228571	1.02222	0.0794	0.215433	0.27298	0.304557	0.262644
0.12	0.05	0.02	0.02	0.05	0.05	0.02	0.12	0.05	0.88	0.95	0.05	0.5	0.88	0.02	0.05	0.27	0.99	0.88	0.73	0.5375	0.37875	0.47	0.3925	0.1325	0.46375	0.385	0.38125	0.26	0.35875	0.40125	0.38375	0.445	0.13625	0.3975	0.44375	0.3	0.035	0.12875	0.41625	2.8	0.533333	0.46	1.41429	0.811111	0.0667	0.187033	0.24364	0.218686	0.257289
0.5	0.5	0.73	0.73	0.05	0.88	0.73	0.27	0.12	0.02	0.02	0.5	0.05	0.02	0.99	0.88	0.27	0.02	0.05	0.05	0.49	0.33125	0.3525	0.20875	0.1325	0.36	0.29625	0.35375	0.3275	0.475	0.545	0.31875	0.5775	0.275	0.3525	0.34	0.27125	0.16	0.28875	0.50125	-0.8	2.06667	1.92	1.14286	0.811111	0.415	0.212867	0.1454	0.200271	0.245011
0.73	0.05	0.05	0.05	0.5	0.12	0.05	0.05	0.5	0.88	0.73	0.05	0.88	0.27	0.5	0.12	0.5	0.05	0.5	0.95	0.4325	0.33125	0.3525	0.275	0.1525	0.4075	0.35375	0.4	0.27125	0.425	0.465	0.31875	0.52125	0.32	0.31	0.41625	0.2425	0.15625	0.2325	0.4175	4.2	2.4	2.38	1	0.588889	0.1569	0.193633	0.16446	0.200186	0.216611
0.12	0.05	0.02	0.01	0.12	0.05	0.02	0.01	0.02	0.88	0.99	0.02	0.73	0.5	0.02	0.05	0.12	0.05	0.12	0.88	0.5375	0.30375	0.30875	0.17625	0.20875	0.34	0.2725	0.28875	0.2275	0.5325	0.54875	0.275	0.64375	0.35125	0.36125	0.39625	0.29	0.16875	0.33625	0.51125	3.8	3.3	0.92	1.31429	1.18889	0.009	0.113533	0.25104	0.1957	0.166478
0.73	0.73	0.5	0.27	0.12	0.5	0.5	0.5	0.12	0.73	0.5	0.5	0.73	0.12	0.5	0.73	0.27	0.05	0.12	0.73	0.37625	0.24625	0.34375	0.17125	0.205	0.4	0.2975	0.10875	0.3325	0.555	0.6225	0.31875	0.59625	0.4025	0.32875	0.34	0.29	0.1725	0.3675	0.53875	1.9	0.4	1.44	1.18571	0.844444	0.1747	0.227767	0.17764	0.193171	0.223489
0.27	0.95	0.5	0.12	0.05	0.88	0.73	0.05	0.88	0.12	0.27	0.88	0.73	0.27	0.73	0.5	0.27	0.05	0.5	0.12	0.4525	0.2275	0.46	0.30625	0.21375	0.4375	0.37625	0.18375	0.34125	0.5275	0.5475	0.29875	0.54	0.27625	0.36	0.4725	0.31875	0.05125	0.21625	0.53	-4.5	-0.266667	0.98	0.8	0.144444	0.4996	0.240767	0.15606	0.218529	0.248811
0.5	0.05	0.05	0.12	0.73	0.12	0.05	0.27	0.05	0.73	0.95	0.05	0.88	0.73	0.05	0.12	0.5	0.05	0.12	0.73	0.4525	0.34	0.535	0.24875	0.12875	0.51375	0.46125	0.15625	0.445	0.45125	0.4625	0.45	0.52125	0.21875	0.445	0.4725	0.31875	0.05125	0.26375	0.45375	1.8	-0.266667	-0.48	-0.3	-0.155556	0.048	0.198867	0.27276	0.2382	0.282411
0.5	0.05	0.5	0.05	0.12	0.12	0.05	0.05	0.05	0.88	0.95	0.12	0.88	0.5	0.05	0.27	0.12	0.12	0.5	0.73	0.37625	0.34875	0.5825	0.375	0.145	0.56125	0.565	0.1925	0.47375	0.32875	0.3775	0.4975	0.445	0.21625	0.38875	0.53	0.36625	0.0375	0.16	0.3975	1.9	0.0666667	-1.56	-1.34286	-0.155556	0.049	0.229833	0.29674	0.3394	0.302411
0.27	0.27	0.88	0.27	0.02	0.98	0.73	0.05	0.99	0.05	0.12	0.88	0.12	0.05	0.27	0.73	0.27	0.05	0.27	0.12	0.48125	0.34875	0.56625	0.45625	0.14875	0.53875	0.59625	0.20625	0.4725	0.35625	0.3725	0.4625	0.46375	0.21625	0.37375	0.52875	0.36625	0.04625	0.23625	0.455	-3.5	-1.7	-1.36	-1.01429	-0.966667	0.5925	0.312033	0.3403	0.362571	0.351056
0.27	0.12	0.95	0.95	0.05	0.73	0.88	0.27	0.88	0.05	0.12	0.27	0.05	0.02	0.5	0.88	0.5	0.02	0.05	0.05	0.4525	0.31	0.52875	0.42875	0.13625	0.6175	0.63375	0.15	0.48625	0.29875	0.31625	0.595	0.39625	0.21125	0.37375	0.48125	0.3375	0.15375	0.26375	0.40625	-3.5	-3.5	-0.88	-0.871429	-1.61111	0.2946	0.534833	0.39808	0.355029	0.387256
0.73	0.5	0.88	0.27	0.05	0.73	0.73	0.27	0.12	0.02	0.02	0.88	0.05	0.02	0.99	0.5	0.5	0.02	0.05	0.05	0.395	0.15	0.4775	0.50125	0.145	0.57	0.5675	0.14625	0.47375	0.37875	0.41375	0.415	0.415	0.1925	0.3125	0.4725	0.31875	0.15375	0.21625	0.51375	-3.5	-0.933333	-1.96	-1.68571	-0.688889	0.7174	0.449633	0.47764	0.419671	0.335478
0.12	0.12	0.88	0.99	0.02	0.5	0.88	0.12	0.73	0.05	0.05	0.5	0.27	0.02	0.05	0.73	0.5	0.01	0.05	0.5	0.4425	0.30125	0.48625	0.43	0.1675	0.675	0.57625	0.1375	0.40625	0.29875	0.3825	0.57875	0.31125	0.1075	0.43	0.4625	0.3475	0.155	0.235	0.38125	4.2	-0.933333	-2.04	-1.41429	-1.32222	0.3369	0.500367	0.45924	0.417471	0.342567
0.73	0.27	0.27	0.88	0.05	0.73	0.95	0.12	0.95	0.27	0.12	0.5	0.12	0.05	0.12	0.5	0.27	0.05	0.5	0.73	0.3375	0.38625	0.515	0.4525	0.16375	0.665	0.595	0.165	0.3875	0.2525	0.365	0.62625	0.33	0.075	0.42125	0.52	0.4525	0.15	0.17875	0.3525	-3.5	-1.06667	-0.58	-1.47143	-1.06667	0.4468	0.428067	0.40704	0.3488	0.362633
0.5	0.27	0.27	0.73	0.05	0.88	0.95	0.27	0.12	0.27	0.05	0.95	0.12	0.05	0.73	0.5	0.27	0.88	0.12	0.27	0.33875	0.47625	0.43875	0.55625	0.16375	0.615	0.5375	0.14625	0.3825	0.28	0.365	0.5825	0.40625	0.075	0.3175	0.44375	0.43375	0.0425	0.255	0.40125	-3.9	-1.2	-0.66	-0.371429	-1.11111	0.5005	0.326967	0.28592	0.339514	0.324744
0.27	0.05	0.02	0.02	0.12	0.5	0.05	0.02	0.02	0.73	0.95	0.05	0.88	0.12	0.73	0.05	0.12	0.05	0.12	0.98	0.4525	0.495	0.36625	0.5325	0.25875	0.605	0.555	0.15875	0.29125	0.27875	0.27125	0.67625	0.42375	0.07	0.26125	0.48125	0.5	0.14625	0.255	0.41625	3.8	-1.33333	-0.66	-0.428571	-0.811111	0.0336	0.2153	0.26446	0.272957	0.292222
0.27	0.88	0.12	0.27	0.88	0.73	0.27	0.05	0.12	0.12	0.73	0.98	0.27	0.05	0.05	0.27	0.73	0.05	0.27	0.12	0.47125	0.3625	0.25	0.47375	0.28	0.5	0.4425	0.155	0.27	0.4625	0.3875	0.465	0.585	0.09125	0.22875	0.45375	0.42375	0.15	0.245	0.6275	-3.9	1.36667	-0.74	-1.14286	-0.222222	0.1118	0.125	0.2254	0.2251	0.214067
0.27	0.88	0.12	0.12	0.12	0.27	0.27	0.27	0.12	0.73	0.88	0.5	0.88	0.27	0.05	0.5	0.73	0.12	0.5	0.73	0.5475	0.35375	0.155	0.4025	0.37875	0.51	0.3475	0.175	0.19375	0.395	0.3775	0.4775	0.49	0.18	0.22875	0.425	0.47125	0.265	0.30125	0.50375	4.2	-1.2	-0.12	-0.385714	-0.377778	0.2296	0.197633	0.12568	0.163271	0.206889
0.05	0.99	0.27	0.95	0.02	0.73	0.27	0.05	0.12	0.27	0.05	0.98	0.73	0.05	0.05	0.12	0.12	0.02	0.5	0.05	0.6025	0.3125	0.10875	0.19125	0.4	0.3675	0.235	0.25	0.08125	0.48125	0.585	0.36125	0.585	0.26375	0.22	0.44375	0.52875	0.2775	0.25375	0.56	-3.9	-0.166667	-0.52	0.571429	0.433333	0.2515	0.161	0.12176	0.130671	0.162867
0.95	0.05	0.12	0.05	0.88	0.27	0.12	0.12	0.05	0.5	0.27	0.12	0.95	0.05	0.05	0.73	0.88	0.02	0.05	0.88	0.49	0.39875	0.09625	0.21375	0.30125	0.32125	0.1375	0.21	0.0775	0.5375	0.67375	0.3525	0.63375	0.34875	0.13125	0.31125	0.415	0.17375	0.31	0.5325	-0.8	-0.966667	0.82	0.571429	1.28889	0.0019	0.0891333	0.15386	0.1331	0.108822
0.88	0.27	0.05	0.05	0.98	0.12	0.05	0.27	0.05	0.88	0.73	0.12	0.73	0.12	0.05	0.5	0.5	0.05	0.12	0.88	0.49875	0.4275	0.165	0.22625	0.28	0.34	0.2025	0.25125	0.09	0.46125	0.5125	0.38	0.61375	0.34	0.055	0.4525	0.5575	0.17	0.39625	0.425	1.8	1.26667	0.74	1.67143	0.477778	0.014	0.0960667	0.11806	0.119143	0.119133
0.73	0.05	0.12	0.27	0.05	0.12	0.12	0.5	0.12	0.12	0.12	0.12	0.12	0.95	0.05	0.73	0.88	1	0.73	0.12	0.575	0.4075	0.25125	0.28375	0.2925	0.31125	0.19375	0.25	0.1	0.5475	0.53125	0.29125	0.67125	0.245	0.06375	0.4525	0.48125	0.06	0.405	0.52	2.8	2.8	2.28	0.571429	0.522222	0.2723	0.1123	0.07058	0.1044	0.125833
0.95	0.05	0.05	0.02	0.12	0.05	0.05	0.5	0.05	0.5	0.95	0.05	0.73	0.5	0.05	0.27	0.12	0.05	0.12	0.5	0.52875	0.30375	0.3075	0.3025	0.28375	0.2925	0.175	0.21875	0.1	0.5275	0.44	0.27125	0.57625	0.35875	0.06	0.45375	0.5	0.17	0.48125	0.4725	3.8	3.46667	1.74	0.628571	0.477778	0.0506	0.112333	0.09548	0.0930571	0.105278
0.5	0.02	0.02	0.01	0.12	0.05	0.02	0.02	0.02	0.95	0.98	0.02	0.73	0.73	0.02	0.05	0.12	0.05	0.12	0.88	0.68875	0.19	0.28375	0.19125	0.29625	0.21625	0.15125	0.2875	0.095	0.5	0.54875	0.1675	0.5475	0.3575	0.06375	0.5575	0.5475	0.17375	0.43375	0.51	3.8	1.36667	0.68	1.28571	1.33333	0.0141	0.0637	0.1271	0.0991571	0.0826222
0.27	0.5	0.5	0.12	0.05	0.5	0.5	0.5	0.12	0.5	0.12	0.27	0.5	0.12	0.12	0.95	0.88	0.05	0.88	0.12	0.66125	0.18625	0.2425	0.28125	0.305	0.18875	0.13875	0.2275	0.09125	0.55625	0.685	0.18375	0.54875	0.49	0.06	0.41625	0.43375	0.1775	0.3475	0.5575	-3.5	-1.06667	0.88	1.57143	1.88889	0.1264	0.1042	0.08156	0.103957	0.133033
0.73	0.5	0.88	0.95	0.05	0.5	0.27	0.27	0.27	0.05	0.27	0.27	0.12	0.12	0.12	0.5	0.5	0.12	0.95	0.12	0.55625	0.1675	0.28	0.2625	0.27375	0.28375	0.2525	0.34125	0.1575	0.50875	0.58125	0.2025	0.52	0.48125	0.06875	0.50125	0.51	0.16875	0.33	0.45375	-3.5	-1.06667	0.88	1.77143	1.64444	0.1721	0.114367	0.08096	0.130143	0.189178
0.12	0.05	0.5	0.02	0.12	0.05	0.05	0.02	0.05	0.95	0.98	0.27	0.73	0.73	0.02	0.05	0.12	0.05	0.5	0.73	0.60375	0.2325	0.40375	0.455	0.35	0.35875	0.35625	0.325	0.28875	0.3875	0.48375	0.22125	0.44375	0.2925	0.19375	0.5575	0.53875	0.055	0.31	0.3775	3.8	1.36667	0.96	1.17143	0.977778	0.0446	0.0881	0.16926	0.1971	0.198722
0.88	0.05	0.05	0.05	0.12	0.12	0.05	0.12	0.05	0.5	0.95	0.12	0.5	0.27	0.05	0.73	0.5	0.05	0.12	0.73	0.4525	0.28875	0.56375	0.5675	0.34125	0.3775	0.4125	0.3125	0.37375	0.3875	0.38375	0.2675	0.3875	0.29	0.30625	0.50125	0.51	0.05125	0.34875	0.32125	3.8	3.93333	1.58	0.171429	0.377778	0.0476	0.1826	0.24784	0.246257	0.253956
0.5	0.5	0.27	0.88	0.88	0.5	0.5	0.12	0.12	0.5	0.5	0.5	0.73	0.5	0.12	0.5	0.73	0.05	0.12	0.5	0.4525	0.26375	0.6525	0.58125	0.23375	0.38625	0.4725	0.325	0.39625	0.275	0.3325	0.3275	0.2825	0.2325	0.31	0.5575	0.48125	0.0475	0.34875	0.24625	4.2	2.53333	1.64	0.442857	-0.433333	0.4556	0.340833	0.28506	0.306443	0.321111
0.5	0.12	0.73	0.73	0.73	0.88	0.73	0.95	0.73	0.05	0.05	0.27	0.12	0.05	0.12	0.73	0.73	0.05	0.05	0.05	0.43375	0.35875	0.56625	0.6	0.2525	0.38625	0.44375	0.165	0.42875	0.28375	0.43625	0.44125	0.33	0.28875	0.30125	0.4725	0.38625	0.0475	0.33875	0.3025	-0.4	0.2	0.56	0.442857	-0.4	0.5193	0.444367	0.38568	0.370214	0.336189
0.5	0.12	0.73	0.88	0.73	0.27	0.73	0.12	0.95	0.05	0.05	0.27	0.12	0.05	0.95	0.73	0.73	0.02	0.12	0.12	0.43375	0.35875	0.5475	0.49625	0.2525	0.51875	0.50125	0.25	0.40125	0.3875	0.4175	0.52625	0.34875	0.28	0.1975	0.4725	0.3575	0.0425	0.22625	0.3125	-3.2	-1.73333	-0.9	-0.557143	-0.444444	0.3582	0.475067	0.49986	0.401286	0.346044
0.5	0.5	0.88	0.95	0.05	0.27	0.5	0.5	0.73	0.05	0.12	0.27	0.05	0.02	0.98	0.5	0.27	0.02	0.05	0.05	0.48125	0.39625	0.5	0.57625	0.32875	0.63125	0.615	0.31875	0.5325	0.275	0.2925	0.555	0.28125	0.19875	0.20625	0.52875	0.4625	0.0425	0.1875	0.26375	-1.6	-2.76667	-2.38	-1.65714	-0.911111	0.5477	0.508133	0.46116	0.431743	0.399578
0.12	0.27	0.95	0.95	0.02	0.5	0.95	0.12	0.27	0.05	0.12	0.88	0.12	0.5	0.12	0.27	0.12	0.02	0.12	0.05	0.48125	0.51	0.57625	0.6325	0.3325	0.67875	0.64375	0.36625	0.6175	0.24625	0.23625	0.52625	0.24375	0.1675	0.39875	0.52875	0.52875	0.0425	0.1975	0.20625	-3.5	-2.76667	-3.08	-2.31429	-1.41111	0.6185	0.4761	0.40946	0.441857	0.437567
0.12	0.88	0.27	0.12	0.05	0.88	0.5	0.05	0.99	0.12	0.5	0.95	0.27	0.12	0.05	0.5	0.12	0.05	0.73	0.12	0.48125	0.3775	0.63375	0.62875	0.23375	0.575	0.64375	0.36625	0.51875	0.29375	0.245	0.46125	0.225	0.18625	0.39875	0.47125	0.47125	0.03875	0.12125	0.25375	-3.2	-3.53333	-2.52	-2.35714	-1.45556	0.2621	0.380467	0.4431	0.423314	0.399167
0.73	0.5	0.73	0.27	0.05	0.95	0.73	0.12	0.27	0.88	0.12	0.95	0.27	0.05	0.12	0.5	0.27	0.05	0.12	0.27	0.405	0.50125	0.5	0.53375	0.2525	0.5475	0.5575	0.245	0.5325	0.28375	0.34875	0.46125	0.2725	0.25125	0.46625	0.4425	0.395	0.1425	0.225	0.32	-3.9	-2.5	-2.34	-1.35714	-1.13333	0.2608	0.349767	0.41146	0.387857	0.364589
0.5	0.73	0.27	0.73	0.05	0.95	0.73	0.95	0.88	0.05	0.05	0.5	0.12	0.05	0.12	0.27	0.5	0.05	0.12	0.27	0.405	0.49125	0.5575	0.485	0.1675	0.57625	0.585	0.16	0.37125	0.415	0.3575	0.5175	0.29125	0.25125	0.3625	0.49	0.36625	0.1425	0.21625	0.32	-0.4	-1.66667	-0.88	-0.771429	-0.866667	0.5264	0.392233	0.30976	0.339343	0.402267
0.5	0.73	0.73	0.5	0.12	0.73	0.73	0.12	0.27	0.27	0.5	0.5	0.27	0.5	0.73	0.5	0.88	0.05	0.27	0.27	0.4525	0.4625	0.42375	0.4575	0.1675	0.66125	0.61375	0.21625	0.37125	0.44375	0.32	0.5175	0.385	0.2075	0.17875	0.46125	0.395	0.14625	0.20625	0.3475	-0.7	0.9	0.26	-0.385714	-0.477778	0.3895	0.341967	0.29896	0.3506	0.382811
0.5	0.05	0.05	0.02	0.12	0.05	0.05	0.05	0.05	0.95	0.95	0.05	0.73	0.27	0.05	0.27	0.27	0.05	0.12	0.95	0.47125	0.52875	0.42375	0.41375	0.17125	0.69875	0.595	0.335	0.38	0.35875	0.255	0.52625	0.3275	0.18	0.26375	0.51875	0.47125	0.15	0.21625	0.29	3.8	1.86667	0.88	0.342857	-0.133333	0.11	0.235867	0.38626	0.366386	0.370844
0.5	0.73	0.12	0.12	0.88	0.73	0.27	0.05	0.12	0.73	0.5	0.27	0.5	0.5	0.73	0.5	0.27	0.88	0.27	0.73	0.5475	0.34875	0.3875	0.3925	0.085	0.51875	0.5675	0.42	0.25375	0.4625	0.35875	0.395	0.4325	0.17	0.17875	0.46125	0.49	0.04625	0.12125	0.4125	2.5	1.83333	1.34	0.842857	0.433333	0.2081	0.338467	0.3555	0.4021	0.344956
0.27	0.27	0.73	0.95	0.05	0.5	0.95	0.27	0.27	0.27	0.05	0.27	0.12	0.05	0.12	0.88	0.73	0.02	0.05	0.12	0.51875	0.35	0.2225	0.2575	0.30125	0.435	0.425	0.38	0.20375	0.5325	0.49125	0.2825	0.50875	0.2825	0.24625	0.3575	0.4325	0.15375	0.14875	0.5775	-0.8	1.2	1.4	1.17143	1.33333	0.6973	0.426	0.37976	0.331057	0.321078
0.88	0.27	0.27	0.5	0.12	0.73	0.73	0.12	0.12	0.5	0.27	0.27	0.95	0.12	0.12	0.5	0.88	0.05	0.12	0.27	0.47125	0.35	0.28	0.25625	0.2925	0.3975	0.4525	0.295	0.1275	0.50375	0.46375	0.33	0.405	0.27	0.35375	0.43375	0.385	0.14625	0.13125	0.53125	1.9	0.233333	1.02	1.87143	0.988889	0.3726	0.5269	0.36358	0.281971	0.315889
0.27	0.12	0.27	0.12	0.05	0.12	0.12	1	0.12	0.05	0.05	0.5	0.12	0.05	0.12	0.5	0.12	0.05	0.05	0.27	0.5475	0.39625	0.28	0.275	0.2925	0.4925	0.5475	0.185	0.20375	0.5325	0.435	0.34875	0.49	0.23125	0.2775	0.43375	0.40375	0.155	0.1975	0.50375	-0.4	1.13333	1.36	0.828571	0.677778	0.5108	0.304167	0.33114	0.334786	0.299011
0.73	0.12	0.05	0.05	0.12	0.12	0.5	0.73	0.05	0.73	0.88	0.12	0.88	0.27	0.05	0.27	0.27	0.05	0.12	0.88	0.4425	0.4525	0.30375	0.28375	0.28375	0.4925	0.5	0.21375	0.2125	0.42	0.33625	0.39625	0.395	0.2325	0.2825	0.435	0.36625	0.16375	0.28375	0.37125	1.9	1.9	0.82	-0.0285714	0.677778	0.0291	0.195267	0.28762	0.339	0.287689
0.27	0.05	0.02	0.02	0.95	0.05	0.27	0.02	0.02	0.98	0.73	0.05	0.5	0.5	0.05	0.05	0.27	0.05	0.12	0.98	0.5	0.37625	0.29875	0.27875	0.085	0.425	0.52875	0.3025	0.2075	0.4075	0.38375	0.38625	0.4425	0.2325	0.1975	0.4625	0.36625	0.06	0.28375	0.39	4.2	0.866667	-0.26	0.628571	0.866667	0.0459	0.1849	0.26062	0.240543	0.277811
0.73	0.73	0.27	0.27	0.05	0.88	0.73	0.12	0.12	0.05	0.05	0.88	0.12	0.02	0.98	0.5	0.27	0.02	0.05	0.05	0.5	0.29125	0.21	0.1625	0.1975	0.36875	0.47125	0.3475	0.27125	0.49625	0.46875	0.31125	0.49	0.2925	0.1575	0.3875	0.3375	0.0675	0.30125	0.50625	-3.5	-0.933333	0.58	0.957143	1.15556	0.4797	0.2544	0.16008	0.204343	0.254489
0.5	0.95	0.73	0.27	0.05	0.88	0.88	0.12	0.88	0.05	0.05	0.88	0.12	0.12	0.12	0.5	0.27	0.12	0.73	0.05	0.4525	0.245	0.125	0.10625	0.1975	0.2925	0.37625	0.33875	0.17625	0.54375	0.55375	0.2925	0.49375	0.3275	0.265	0.34	0.26125	0.06375	0.235	0.56375	-3.5	-1.06667	1.04	1.27143	1.36667	0.2376	0.2418	0.1781	0.201	0.220578
0.12	0.5	0.02	0.02	0.12	0.05	0.05	0.01	0.05	0.73	0.99	0.05	0.73	0.5	0.02	0.05	0.12	0.12	0.88	0.5	0.5	0.30125	0.18625	0.12875	0.21625	0.39625	0.48	0.23375	0.27125	0.5625	0.54875	0.34875	0.52125	0.3075	0.2775	0.34875	0.29875	0.0725	0.24375	0.5925	3.8	1.5	0.56	1.54286	1.87778	0.0081	0.121633	0.2664	0.206471	0.170311
0.5	0.05	0.05	0.05	0.12	0.12	0.27	0.05	0.05	0.88	0.73	0.12	0.5	0.73	0.05	0.5	0.27	0.05	0.27	0.98	0.395	0.4525	0.21	0.21	0.21625	0.46375	0.48125	0.1525	0.29875	0.48625	0.5625	0.41625	0.5025	0.26	0.2825	0.2925	0.30875	0.09	0.32	0.485	4.2	3.26667	2.02	1.54286	1.16667	0.1192	0.2049	0.18394	0.208257	0.235089
0.73	0.27	0.27	0.27	0.05	0.88	0.95	0.73	0.88	0.05	0.05	0.5	0.12	0.05	0.73	0.73	0.5	0.05	0.12	0.12	0.36625	0.51	0.29875	0.27125	0.22875	0.39625	0.39625	0.08	0.28375	0.4825	0.59	0.39625	0.5025	0.28875	0.20625	0.3675	0.35625	0.09	0.33875	0.485	1.8	3.26667	3.56	1.4	0.622222	0.4874	0.224667	0.1481	0.227171	0.267167
0.27	0.12	0.05	0.05	0.12	0.12	0.12	0.05	0.12	0.88	0.95	0.12	0.98	0.5	0.12	0.12	0.27	0.12	0.27	0.73	0.395	0.47125	0.32625	0.35625	0.3325	0.4725	0.51875	0.26	0.47375	0.37875	0.4775	0.3675	0.395	0.23625	0.27	0.4725	0.385	0.085	0.32875	0.4175	3.8	3.26667	1.9	1.8	0.622222	0.0674	0.2044	0.2689	0.241029	0.296989
0.27	0.12	0.05	0.05	0.27	0.12	0.12	0.05	0.05	0.88	0.95	0.12	0.95	0.27	0.12	0.12	0.27	0.12	0.27	0.95	0.3475	0.38625	0.2975	0.41375	0.31375	0.425	0.4425	0.25125	0.4975	0.37875	0.505	0.34875	0.39875	0.265	0.27	0.4725	0.4425	0.07625	0.3	0.39	4.2	1.16667	0.92	0.757143	0.655556	0.0584	0.245967	0.31198	0.346743	0.307078
0.27	0.88	0.27	0.73	0.12	0.73	0.73	0.12	0.27	0.27	0.73	0.73	0.5	0.12	0.12	0.27	0.5	0.12	0.12	0.5	0.42375	0.2625	0.3775	0.36	0.3325	0.43375	0.4225	0.275	0.4975	0.42625	0.42375	0.3575	0.3975	0.2275	0.39	0.5575	0.46125	0.0675	0.22375	0.4175	-4.5	-0.333333	-0.14	-0.3	0.144444	0.6121	0.335033	0.36412	0.376629	0.348289
0.27	0.73	0.95	0.73	0.98	0.27	0.27	0.12	0.73	0.12	0.27	0.27	0.12	0.05	0.12	0.88	0.88	0.05	0.12	0.12	0.4525	0.30875	0.32	0.4725	0.21625	0.53875	0.50875	0.28375	0.44875	0.34125	0.39625	0.51	0.3975	0.1475	0.5075	0.48125	0.41375	0.0725	0.19625	0.3575	-0.7	-2.9	-1.54	-0.671429	-0.5	0.3346	0.564933	0.41632	0.361143	0.3895
0.5	0.27	0.27	0.73	0.95	0.73	0.88	0.88	0.88	0.05	0.05	0.27	0.12	0.05	0.88	0.73	0.27	0.05	0.12	0.12	0.36625	0.36625	0.38625	0.45375	0.22875	0.405	0.32875	0.1125	0.335	0.40625	0.48	0.51	0.445	0.25125	0.43125	0.47125	0.51875	0.08125	0.215	0.43375	-3.5	-2.46667	-2.54	-1.44286	-0.388889	0.7481	0.470367	0.48044	0.421529	0.3405
0.12	0.27	0.5	0.73	0.05	0.5	0.27	0.05	1	0.05	0.27	0.73	0.12	0.12	0.12	0.5	0.73	0.05	0.5	0.05	0.41375	0.41375	0.41375	0.53875	0.3325	0.5375	0.4525	0.225	0.42375	0.33	0.425	0.52875	0.385	0.195	0.52625	0.57625	0.46125	0.0725	0.1675	0.36625	-3.2	-2.5	-1.96	-1.64286	-1.16667	0.3284	0.485167	0.45604	0.419814	0.341878
0.73	0.27	0.88	0.27	0.12	0.73	0.5	0.27	0.27	0.5	0.12	0.73	0.27	0.05	0.98	0.88	0.5	0.05	0.12	0.27	0.3375	0.49	0.39375	0.6525	0.4125	0.585	0.53125	0.1975	0.6275	0.22625	0.34	0.57625	0.2625	0.17625	0.41875	0.5475	0.49	0.06375	0.19625	0.25375	-0.8	-1.86667	-1.26	-1.45714	-2.02222	0.379	0.399167	0.3984	0.343771	0.361278
0.73	0.27	0.27	0.95	0.05	0.5	0.5	0.12	0.12	0.05	0.05	0.88	0.12	0.02	0.99	0.5	0.27	0.02	0.05	0.12	0.3375	0.49875	0.47	0.51	0.4125	0.64125	0.5025	0.21625	0.735	0.255	0.26375	0.52875	0.23375	0.19875	0.5125	0.6525	0.49	0.0675	0.3	0.21625	-1.6	0.133333	-1.2	-1.85714	-1.87778	0.4901	0.305167	0.26474	0.329257	0.308411
0.27	0.27	0.12	0.12	0.12	0.27	0.12	0.12	0.12	0.5	0.5	0.5	0.5	0.88	0.88	0.5	0.73	0.12	0.27	0.73	0.47125	0.4225	0.385	0.5375	0.315	0.65125	0.53125	0.21625	0.65875	0.29375	0.265	0.5575	0.23375	0.11875	0.52625	0.63375	0.41375	0.055	0.2725	0.235	2.8	-0.666667	-1.26	-1.81429	-1.33333	0.0464	0.205433	0.24566	0.241857	0.271433
0.27	0.5	0.5	0.73	0.05	0.95	0.5	0.12	0.95	0.27	0.73	0.73	0.5	0.12	0.12	0.73	0.27	0.05	0.27	0.12	0.5	0.39375	0.31875	0.385	0.23875	0.50875	0.38875	0.12125	0.46	0.4075	0.34875	0.5575	0.31	0.24125	0.52625	0.5475	0.47125	0.0725	0.29125	0.3875	-3.2	-1.3	-1.74	-0.757143	-0.522222	0.0798	0.119733	0.19712	0.1952	0.190211
0.27	0.73	0.27	0.5	0.98	0.73	0.98	0.05	0.95	0.5	0.12	0.5	0.12	0.05	0.12	0.27	0.27	0.05	0.12	0.27	0.5475	0.44125	0.3475	0.35625	0.13125	0.53625	0.32875	0.2425	0.45375	0.3875	0.45375	0.58625	0.37625	0.25	0.52625	0.63375	0.41375	0.08125	0.28125	0.3775	-3.5	-3.3	-0.58	-0.1	-0.211111	0.233	0.1497	0.09946	0.1435	0.174878
0.27	0.95	0.27	0.27	0.05	0.95	0.5	0.12	0.98	0.05	0.05	0.5	0.12	0.27	0.88	0.73	0.27	0.12	0.88	0.05	0.575	0.395	0.32875	0.385	0.26625	0.45125	0.36	0.23375	0.43125	0.44375	0.48125	0.52875	0.37625	0.23125	0.32375	0.57625	0.41375	0.0725	0.18625	0.48125	-3.2	-0.833333	-0.38	0.0714286	0.0777778	0.1363	0.1237	0.0936	0.100686	0.139833
0.88	0.12	0.12	0.12	0.27	0.12	0.12	0.12	0.12	0.88	0.73	0.12	0.5	0.27	0.12	0.73	0.73	0.05	0.12	0.88	0.47	0.47125	0.32	0.2875	0.2475	0.49875	0.35125	0.225	0.53	0.4525	0.50875	0.4725	0.405	0.33875	0.30125	0.52875	0.35625	0.09375	0.3375	0.45375	4.2	1.6	0.18	-0.0714286	0.677778	0.0018	0.0517333	0.11572	0.103143	0.0862444
0.73	0.27	0.12	0.12	0.27	0.27	0.12	0.12	0.12	0.73	0.95	0.5	0.73	0.27	0.12	0.27	0.27	0.12	0.27	0.73	0.48875	0.51	0.33875	0.2875	0.3575	0.46125	0.35125	0.32875	0.53	0.4425	0.43375	0.39625	0.32875	0.235	0.1975	0.5575	0.41375	0.07625	0.29125	0.44375	3.8	2.53333	1.24	0.928571	0.644444	0.0171	0.0697667	0.08184	0.0928571	0.0926667
0.5	0.88	0.5	0.27	0.12	0.5	0.27	0.95	0.95	0.12	0.5	0.73	0.27	0.12	0.12	0.73	0.27	0.12	0.27	0.12	0.575	0.405	0.3475	0.21125	0.385	0.3475	0.30375	0.32	0.34125	0.5	0.46125	0.31	0.3575	0.25375	0.1975	0.5	0.47125	0.07625	0.2725	0.53875	-0.4	1.73333	2.64	1.78571	0.911111	0.1904	0.0903667	0.05614	0.0744571	0.102933
0.95	0.12	0.73	0.27	0.27	0.27	0.27	0.27	0.12	0.5	0.27	0.27	0.27	0.12	0.12	0.88	0.5	0.05	0.12	0.88	0.5	0.415	0.29125	0.15125	0.25875	0.3	0.1875	0.40125	0.3325	0.5	0.5975	0.31125	0.43375	0.31	0.18875	0.4625	0.5	0.09375	0.29125	0.50125	1.8	1.73333	2.3	2.12857	1.72222	0.0636	0.0872667	0.07662	0.0795857	0.0806
0.5	0.05	0.05	0.02	0.12	0.05	0.05	0.05	0.05	0.95	0.95	0.05	0.73	0.88	0.05	0.12	0.27	0.12	0.5	0.73	0.61375	0.33875	0.3575	0.16375	0.28625	0.3275	0.18625	0.42	0.23375	0.5475	0.56875	0.31	0.42375	0.19625	0.1025	0.5	0.52875	0.07625	0.14875	0.6325	3.8	2.7	1.38	2.07143	2.54444	0.0078	0.0585333	0.10764	0.0839	0.0684444
0.27	0.73	0.27	0.12	1	0.12	0.12	0.95	0.12	0.27	0.12	0.27	0.12	0.05	0.05	0.27	0.73	0.05	0.05	0.5	0.56625	0.34875	0.3775	0.24625	0.1575	0.41375	0.225	0.3075	0.24375	0.5375	0.59625	0.3775	0.47125	0.2725	0.1025	0.48125	0.49875	0.085	0.205	0.56625	2.5	1.83333	2.22	2.12857	2	0.1042	0.0947333	0.07596	0.0853	0.112711
0.73	0.27	0.95	0.27	0.12	0.27	0.27	0.88	0.27	0.12	0.5	0.27	0.27	0.12	0.12	0.73	0.73	0.05	0.12	0.27	0.45125	0.40625	0.34	0.335	0.24	0.47125	0.30125	0.42	0.24375	0.4675	0.4325	0.3775	0.3675	0.2325	0.09375	0.4525	0.49875	0.07625	0.16875	0.51	-0.8	1.83333	2.7	2.08571	1.18889	0.1722	0.1028	0.06862	0.115271	0.164944
0.12	0.05	0.05	0.02	0.12	0.12	0.05	0.02	0.05	0.88	0.98	0.05	0.73	0.5	0.05	0.12	0.73	0.12	0.12	0.73	0.48	0.33875	0.39625	0.3475	0.24	0.4425	0.38625	0.41125	0.1675	0.4675	0.40125	0.32875	0.33875	0.29375	0.09375	0.4525	0.48	0.08625	0.22625	0.5	3.8	2.4	1.8	1.32857	1.54444	0.032	0.0770333	0.1471	0.175786	0.1867
0.73	0.27	0.12	0.12	0.12	0.95	0.27	0.05	0.12	0.88	0.5	0.27	0.5	0.12	0.12	0.27	0.27	0.05	0.12	0.95	0.37625	0.35875	0.31125	0.31625	0.22125	0.3675	0.35875	0.38875	0.15875	0.43875	0.4425	0.38625	0.3675	0.3325	0.19375	0.3575	0.50875	0.095	0.22625	0.425	4.2	2.43333	0.6	1.18571	1.16667	0.0269	0.153033	0.2237	0.229843	0.240433
0.27	0.88	0.5	0.88	0.12	0.88	0.5	0.12	0.27	0.12	0.12	0.88	0.27	0.05	0.12	0.73	0.95	0.05	0.12	0.12	0.405	0.33875	0.29125	0.2525	0.2125	0.4925	0.43375	0.38	0.19625	0.43	0.38625	0.41375	0.33875	0.34125	0.2025	0.31875	0.42375	0.11375	0.2825	0.4525	-0.7	0	1.32	0.6	0.355556	0.4002	0.304767	0.2665	0.293129	0.298933
0.27	0.27	0.5	0.98	0.05	0.88	0.88	0.95	0.27	0.02	0.02	0.5	0.05	0.02	0.12	0.5	0.27	0.05	0.05	0.05	0.405	0.3575	0.32	0.25875	0.1025	0.5875	0.405	0.28	0.30375	0.415	0.39	0.46125	0.36625	0.345	0.21125	0.37625	0.50875	0.11375	0.31875	0.405	-3.5	-0.466667	0.24	0.214286	0.0333333	0.4872	0.424533	0.36954	0.344857	0.332344
0.12	0.12	0.05	0.12	0.12	0.12	0.73	0.02	0.12	0.88	0.73	0.12	0.5	0.99	0.05	0.12	0.12	0.27	0.73	0.5	0.36625	0.3575	0.2725	0.33875	0.1125	0.66375	0.405	0.2925	0.295	0.38375	0.33	0.49	0.33875	0.2425	0.32375	0.36625	0.54625	0.08625	0.23375	0.43375	2.8	-0.766667	-1.3	-0.385714	0.588889	0.3862	0.473533	0.47102	0.398129	0.3473
0.73	0.5	0.12	0.12	0.12	0.5	0.27	0.12	0.12	0.27	0.12	0.95	0.27	0.05	0.99	0.27	0.27	0.05	0.12	0.5	0.30875	0.4225	0.32	0.44625	0.1	0.6925	0.575	0.2925	0.3225	0.35625	0.29	0.47125	0.29125	0.3	0.31875	0.36625	0.47	0.10125	0.30125	0.34875	-1.6	-0.766667	-1.24	-0.385714	-0.333333	0.5472	0.489233	0.47196	0.438114	0.405733
0.27	0.5	0.27	0.27	0.05	0.98	0.88	0.05	0.5	0.12	0.12	0.88	0.27	0.88	0.12	0.27	0.27	0.27	0.95	0.12	0.30875	0.4225	0.34875	0.53125	0.1	0.605	0.5875	0.30125	0.29375	0.35625	0.2425	0.50875	0.2625	0.1875	0.4275	0.36625	0.47	0.07375	0.1975	0.31125	-3.5	-1.83333	0.3	-0.928571	-1.18889	0.5343	0.495467	0.43588	0.460643	0.463711
0.27	0.27	0.5	0.27	0.05	0.88	0.27	0.98	0.98	0.05	0.05	0.27	0.12	0.05	0.12	0.5	0.73	0.05	0.27	0.05	0.3375	0.3475	0.2725	0.4275	0.21	0.5225	0.6075	0.17625	0.20625	0.44125	0.29875	0.49	0.31	0.3	0.4275	0.28	0.40375	0.10125	0.2825	0.42375	-0.4	0.1	-1.16	-0.928571	-0.833333	0.4049	0.415333	0.47022	0.469429	0.445856
0.27	0.12	0.12	0.05	0.27	0.12	0.12	0.05	0.05	0.73	0.73	0.12	0.5	0.27	0.95	0.27	0.88	0.05	0.12	0.95	0.3375	0.45625	0.29125	0.395	0.17875	0.59875	0.63875	0.18875	0.35125	0.36	0.2175	0.55625	0.27125	0.27625	0.32375	0.28	0.385	0.10125	0.31	0.31125	4.2	-0.233333	-1.54	-0.971429	-0.944444	0.3068	0.4232	0.47052	0.448471	0.435444
0.27	0.95	0.5	0.88	0.02	0.73	0.95	0.12	0.27	0.05	0.05	0.73	0.12	0.02	0.95	0.27	0.27	0.02	0.05	0.05	0.41375	0.37125	0.27125	0.33875	0.21	0.62625	0.5625	0.1925	0.37125	0.35	0.22625	0.5275	0.29	0.24625	0.3325	0.3275	0.48	0.105	0.34625	0.37625	-4.5	-1.26667	-0.34	-1.38571	-1.64444	0.5579	0.471133	0.41156	0.426514	0.453556
0.27	0.27	0.5	0.95	0.05	0.73	0.98	0.05	0.27	0.73	0.12	0.5	0.27	0.05	0.12	0.27	0.27	0.05	0.12	0.27	0.35625	0.45625	0.29	0.34875	0.1975	0.62625	0.635	0.20125	0.39	0.265	0.2175	0.5475	0.27125	0.2425	0.435	0.3275	0.48	0.10125	0.3375	0.3775	-3.5	-1.83333	-1.16	-1.38571	-1.64444	0.5487	0.4487	0.40928	0.428643	0.460267
0.5	0.05	0.12	0.05	1	0.12	0.05	0.05	0.05	0.73	0.5	0.12	0.5	0.12	0.12	0.27	0.88	0.05	0.12	0.95	0.3275	0.5125	0.36625	0.51875	0.0875	0.67125	0.76375	0.22875	0.4175	0.265	0.17	0.595	0.2425	0.13875	0.45375	0.35625	0.40375	0.0825	0.2525	0.2925	2.5	-1.83333	-2.7	-1.55714	-1.64444	0.2395	0.3939	0.45776	0.4576	0.468989
0.27	0.99	0.27	0.5	0.02	0.73	0.98	0.12	0.5	0.05	0.05	0.88	0.12	0.05	0.12	0.27	0.27	0.05	0.12	0.05	0.35625	0.42375	0.40375	0.49125	0.21875	0.5475	0.67625	0.13125	0.2725	0.40625	0.31125	0.57625	0.3375	0.175	0.4725	0.35625	0.45125	0.09125	0.2525	0.4325	-4.5	-1.83333	-2.12	-2.65714	-1.17778	0.3935	0.394067	0.4677	0.501314	0.461544
0.73	0.27	0.27	0.5	0.12	0.95	0.95	0.12	0.5	0.12	0.12	0.5	0.27	0.5	0.12	0.5	0.27	0.27	0.95	0.12	0.38375	0.51375	0.4225	0.5	0.1875	0.53875	0.68	0.24875	0.28125	0.3125	0.2175	0.6425	0.27125	0.09125	0.36875	0.35625	0.375	0.06375	0.14	0.32	-3.5	-3.2	-2.12	-1.47143	-1.68889	0.5492	0.516767	0.48052	0.469886	0.466878
0.27	0.5	0.27	0.27	0.05	0.5	0.88	0.12	0.27	0.27	0.12	0.88	0.27	0.05	0.98	0.27	0.27	0.05	0.12	0.73	0.49875	0.38125	0.36625	0.425	0.2275	0.51875	0.585	0.24875	0.29125	0.37875	0.33	0.51875	0.375	0.2075	0.1575	0.385	0.375	0.10375	0.27125	0.32875	-1.6	-2.86667	-1.86	-1.02857	-0.766667	0.6076	0.589867	0.5002	0.442186	0.413356
0.27	0.73	0.5	0.73	0.12	0.73	0.98	0.27	0.5	0.12	0.12	0.88	0.27	0.12	0.27	0.5	0.27	0.12	0.27	0.12	0.49875	0.4375	0.30875	0.31125	0.215	0.49	0.56875	0.23875	0.2625	0.3125	0.32125	0.56625	0.35625	0.19875	0.35375	0.35625	0.375	0.095	0.2525	0.3775	-3.5	-0.433333	-1.04	-0.842857	-0.766667	0.6128	0.519433	0.49246	0.418857	0.393633
0.27	0.5	0.95	0.5	0.12	0.5	0.5	0.27	0.27	0.5	0.73	0.88	0.5	0.27	0.27	0.5	0.5	0.12	0.27	0.27	0.5275	0.49375	0.27125	0.39625	0.105	0.56625	0.7325	0.26625	0.31875	0.18875	0.1975	0.61375	0.29875	0.18	0.46125	0.385	0.27	0.10375	0.2525	0.27375	3.8	-0.0333333	0.42	-0.7	-1.43333	0.3379	0.435167	0.39786	0.415671	0.425556
0.95	0.12	0.27	0.12	0.12	0.27	0.12	0.99	0.12	0.05	0.05	0.27	0.12	0.05	0.12	0.5	0.27	0.05	0.05	0.12	0.4425	0.4325	0.3375	0.39625	0.13625	0.51875	0.6725	0.1675	0.29	0.33	0.39875	0.595	0.44125	0.26375	0.48	0.36625	0.29875	0.14	0.29875	0.3775	-0.4	2.4	0.04	-0.7	-0.511111	0.3548	0.2563	0.35058	0.412471	0.392889
0.73	0.12	0.05	0.05	0.27	0.12	0.12	0.12	0.12	0.73	0.95	0.12	0.95	0.5	0.12	0.27	0.27	0.12	0.27	0.73	0.4125	0.41375	0.34625	0.3575	0.13625	0.43375	0.56875	0.27625	0.2425	0.34	0.39	0.56625	0.395	0.2075	0.48	0.3475	0.29875	0.1125	0.18625	0.39625	3.8	-0.0333333	0.04	0.0714286	0.3	0.0762	0.2674	0.33338	0.339886	0.337267
0.27	0.95	0.27	0.5	0.02	0.73	0.95	0.12	0.27	0.05	0.05	0.88	0.12	0.05	0.98	0.27	0.27	0.05	0.12	0.05	0.45125	0.3725	0.31875	0.2825	0.16375	0.38625	0.4175	0.2675	0.2525	0.3975	0.5025	0.47125	0.48	0.26375	0.265	0.3475	0.29875	0.12125	0.205	0.39625	-3.5	-1.06667	0.04	1.11429	-0.0222222	0.3712	0.324733	0.2857	0.259286	0.326178
0.73	0.27	0.27	0.5	0.12	0.5	0.88	0.27	0.27	0.12	0.12	0.5	0.27	0.12	0.98	0.5	0.27	0.12	0.12	0.27	0.39375	0.4	0.29	0.20625	0.15125	0.3575	0.3375	0.22125	0.315	0.465	0.5125	0.4425	0.49	0.27375	0.24625	0.29	0.29875	0.10375	0.2625	0.46375	-3.5	-1.06667	0.88	-0.0714286	0.0111111	0.5268	0.3325	0.22446	0.283557	0.312133
0.27	0.12	0.12	0.12	0.27	0.12	0.12	0.05	0.12	0.73	0.98	0.12	0.88	0.5	0.12	0.12	0.27	0.27	0.27	0.73	0.45125	0.47875	0.2525	0.25375	0.12	0.43375	0.48875	0.23	0.3625	0.3325	0.32	0.49	0.36625	0.19875	0.335	0.30875	0.27	0.07625	0.225	0.37875	3.8	1.36667	-0.78	-0.471429	-0.911111	0.0995	0.224967	0.31078	0.302357	0.289178
0.27	0.12	0.12	0.12	0.27	0.12	0.12	0.12	0.12	0.88	0.95	0.12	0.73	0.5	0.12	0.12	0.27	0.12	0.27	0.88	0.395	0.47	0.23375	0.25375	0.23	0.40625	0.48	0.22	0.35375	0.3225	0.3325	0.47125	0.385	0.19875	0.32625	0.28	0.27	0.095	0.225	0.36	3.8	1.03333	-0.72	-1.65714	-0.588889	0.0486	0.218633	0.33382	0.310229	0.2697
0.12	1	0.27	0.12	0.02	0.73	0.5	0.05	0.5	0.05	0.12	0.88	0.12	0.05	0.12	0.27	0.27	0.05	0.12	0.05	0.35625	0.455	0.27125	0.28125	0.23375	0.4375	0.50875	0.22875	0.35375	0.34125	0.3325	0.48	0.37625	0.19875	0.345	0.29	0.27	0.095	0.225	0.3875	-4.5	-1.3	-0.92	-0.8	-1.4	0.5078	0.3476	0.25472	0.282843	0.325778
0.27	0.27	0.27	0.12	0.12	0.27	0.27	0.05	1	0.73	0.27	0.27	0.5	0.27	0.12	0.27	0.27	0.05	0.73	0.88	0.31875	0.4425	0.24	0.22125	0.2525	0.41875	0.425	0.21625	0.26375	0.36	0.43	0.4525	0.42375	0.2275	0.22875	0.2625	0.27	0.10375	0.1675	0.36875	-3.2	-4.06667	-1.18	-0.8	-0.588889	0.4864	0.375167	0.27072	0.290571	0.325111
0.27	0.98	0.5	0.5	0.02	0.73	0.95	0.12	0.5	0.05	0.05	0.88	0.12	0.05	0.12	0.27	0.27	0.05	0.12	0.05	0.2425	0.335	0.24	0.23375	0.265	0.3325	0.2925	0.18	0.3075	0.4925	0.5525	0.32875	0.52875	0.27375	0.12125	0.23375	0.27	0.095	0.24375	0.50125	-4.5	-1.73333	-2.64	-0.8	0.222222	0.1313	0.265733	0.37718	0.328529	0.276511
0.5	0.05	0.12	0.12	1	0.05	0.05	0.98	0.05	0.12	0.12	0.12	0.12	0.05	0.05	0.27	0.27	0.05	0.05	0.12	0.21375	0.5275	0.335	0.3575	0.115	0.525	0.5125	0.08125	0.41125	0.39875	0.4275	0.5	0.4525	0.2175	0.14875	0.28125	0.27	0.07625	0.23375	0.41625	2.5	-1.83333	-0.98	-0.8	-0.588889	0.1795	0.297233	0.34866	0.334357	0.322756
0.27	0.88	0.5	0.27	0.05	0.98	0.73	0.12	0.5	0.05	0.12	0.95	0.27	0.05	0.27	0.5	0.27	0.05	0.12	0.12	0.2425	0.5	0.335	0.415	0.20625	0.51625	0.535	0.18875	0.4025	0.30375	0.315	0.4725	0.37625	0.16125	0.14	0.3	0.27	0.07625	0.20625	0.32125	-3.5	0.933333	0.42	-0.657143	-1.4	0.5809	0.3752	0.26926	0.335486	0.3912
0.12	0.12	0.02	0.02	0.27	0.12	0.05	0.02	0.05	0.88	0.98	0.05	0.88	0.5	0.05	0.05	0.27	0.12	0.27	0.73	0.26125	0.50375	0.4525	0.55375	0.1825	0.595	0.64875	0.21	0.52125	0.2	0.19875	0.50875	0.3	0.11375	0.1675	0.35625	0.27	0.0675	0.235	0.245	3.8	1.36667	0.62	-0.7	-1.25556	0.3652	0.345167	0.34614	0.360943	0.386456
0.12	0.12	0.5	0.98	0.12	0.27	0.5	0.05	0.12	0.5	0.88	0.12	0.73	0.27	0.12	0.27	0.27	0.05	0.12	0.5	0.26125	0.50375	0.3925	0.48125	0.20125	0.63375	0.68125	0.20625	0.42125	0.2475	0.21125	0.52875	0.29	0.12375	0.15875	0.32875	0.27	0.07625	0.1775	0.27375	3.8	1.36667	-0.58	-0.514286	-1.28889	0.0894	0.323433	0.44316	0.408629	0.407744
0.27	0.73	0.5	0.73	0.05	0.98	0.98	0.12	0.5	0.05	0.05	0.73	0.27	0.05	0.27	0.5	0.27	0.12	0.12	0.12	0.2425	0.39625	0.3925	0.54125	0.21	0.56375	0.625	0.1975	0.37375	0.30375	0.315	0.46125	0.3475	0.15125	0.15875	0.32875	0.27	0.0675	0.1775	0.32125	-3.5	-1.06667	-0.52	-1.37143	-1.17778	0.5157	0.423233	0.42	0.479843	0.455056
0.27	0.73	0.5	0.73	0.05	0.98	0.98	0.12	0.5	0.05	0.05	0.73	0.27	0.05	0.27	0.5	0.27	0.12	0.12	0.12	0.195	0.405	0.3925	0.5325	0.09125	0.5725	0.63375	0.08125	0.4775	0.3225	0.33375	0.46125	0.36625	0.26375	0.15875	0.31	0.25125	0.17125	0.29625	0.34	-3.5	-3.4	-1.98	-1.37143	-1.6	0.6646	0.548467	0.48256	0.476443	0.461433
0.12	0.27	0.73	0.98	0.05	0.5	0.73	0.12	1	0.05	0.05	0.27	0.12	0.12	0.12	0.27	0.27	0.05	0.5	0.05	0.21375	0.415	0.42375	0.55875	0.09125	0.6325	0.665	0.1	0.44375	0.3225	0.325	0.49125	0.385	0.255	0.15875	0.33875	0.28	0.18	0.24875	0.34	-3.2	-3.4	-3.44	-2.1	-1.6	0.4651	0.602567	0.5761	0.458114	0.444789
0.27	0.27	0.27	0.5	0.12	0.73	0.98	0.05	0.27	0.73	0.27	0.5	0.27	0.12	0.12	0.27	0.27	0.05	0.12	0.88	0.21375	0.4625	0.54125	0.72625	0.05125	0.69875	0.75125	0.12125	0.59125	0.13375	0.18125	0.5475	0.27125	0.19875	0.18625	0.395	0.28	0.17125	0.2775	0.15125	-3.5	-3.4	-3	-3.14286	-2.41111	0.678	0.566733	0.52034	0.506929	0.466322
0.27	0.73	0.5	0.73	0.02	0.88	0.98	0.12	0.5	0.05	0.05	0.95	0.12	0.05	0.27	0.5	0.27	0.05	0.12	0.05	0.2325	0.42375	0.54125	0.69875	0.05125	0.7375	0.81125	0.12125	0.58125	0.1625	0.105	0.53875	0.205	0.17625	0.18625	0.395	0.28	0.1675	0.26875	0.19875	-3.5	-2.76667	-3	-3.14286	-3.22222	0.5571	0.490667	0.47364	0.513114	0.484478
0.12	0.12	0.12	0.05	0.05	0.12	0.12	0.05	0.88	0.27	0.27	0.12	0.27	0.95	0.05	0.12	0.12	0.88	1	0.27	0.2325	0.42375	0.52875	0.695	0.075	0.725	0.8025	0.1175	0.4775	0.23875	0.19375	0.5575	0.2625	0.12	0.18625	0.38625	0.29875	0.06375	0.1775	0.2475	-1.3	-2.76667	-3.06	-3.14286	-2.41111	0.2369	0.408367	0.49242	0.454286	0.447111
0.27	0.5	0.98	0.73	0.05	0.98	0.73	0.27	0.73	0.05	0.05	0.73	0.27	0.05	0.12	0.5	0.5	0.05	0.12	0.05	0.21375	0.37625	0.42125	0.61	0.07125	0.605	0.72625	0.09	0.49625	0.26625	0.22125	0.50875	0.24375	0.2325	0.1775	0.33875	0.25125	0.15875	0.2875	0.26625	-3.5	-2.76667	-3.06	-2.14286	-2.41111	0.4311	0.409	0.40738	0.413471	0.434533
0.27	0.5	0.5	0.88	0.02	0.88	0.99	0.12	0.5	0.05	0.05	0.73	0.12	0.05	0.27	0.5	0.27	0.05	0.12	0.05	0.21375	0.3575	0.39625	0.47125	0.075	0.57	0.60875	0.1	0.4625	0.29375	0.2775	0.48125	0.31	0.34125	0.14625	0.32	0.26125	0.2625	0.35	0.29375	-3.5	-3.5	-1.6	-2.14286	-1.74444	0.559	0.4143	0.33184	0.395386	0.4015
0.27	0.27	0.73	0.99	0.02	0.73	0.98	0.12	0.27	0.05	0.05	0.5	0.05	0.02	0.27	0.5	0.27	0.02	0.05	0.05	0.2425	0.35875	0.34	0.3975	0.185	0.50375	0.49375	0.1	0.46375	0.29375	0.30625	0.45375	0.3475	0.345	0.1375	0.32	0.26125	0.26625	0.35875	0.29375	-3.5	-1.06667	-2.04	-1.24286	-1.07778	0.2528	0.3304	0.39474	0.339771	0.329144
0.12	0.12	0.02	0.02	0.27	0.12	0.05	0.02	0.05	0.88	0.98	0.05	0.88	0.5	0.05	0.05	0.27	0.12	0.27	0.73	0.26125	0.34875	0.48875	0.51875	0.1575	0.56125	0.61	0.13125	0.49125	0.19	0.19	0.45375	0.24375	0.285	0.14625	0.37625	0.26125	0.25375	0.33125	0.20875	3.8	-1.06667	-0.78	-0.7	-1.07778	0.1794	0.327867	0.34208	0.309757	0.317989
0.27	0.73	0.5	0.73	0.02	0.88	0.98	0.12	0.5	0.05	0.05	0.95	0.12	0.05	0.27	0.5	0.27	0.05	0.12	0.05	0.26125	0.34875	0.53625	0.48625	0.18875	0.5425	0.54125	0.14625	0.3875	0.26625	0.27875	0.445	0.32	0.22875	0.1275	0.3675	0.30875	0.155	0.24	0.26625	-3.5	1.03333	0.42	-0.7	-1.36667	0.5514	0.299533	0.23564	0.313414	0.337722
0.12	0.12	0.05	0.02	0.05	0.12	0.05	0.05	0.5	0.27	0.5	0.05	0.5	0.99	0.02	0.12	0.12	0.88	1	0.27	0.26125	0.3775	0.4725	0.48625	0.2125	0.53	0.5725	0.12375	0.3025	0.3425	0.33875	0.4725	0.34875	0.1675	0.15	0.35875	0.29875	0.06	0.14875	0.32375	2.8	0.6	0.42	-0.757143	-0.555556	0.1678	0.248667	0.27642	0.292771	0.292389
0.5	0.05	0.05	0.02	1	0.05	0.05	0.05	0.05	0.73	0.5	0.05	0.5	0.12	0.05	0.27	0.27	0.05	0.12	0.88	0.195	0.33875	0.4125	0.37875	0.125	0.44375	0.455	0.11125	0.3025	0.38875	0.455	0.3875	0.44375	0.3325	0.11875	0.28375	0.28	0.1725	0.2775	0.3325	2.5	0.6	-1.12	0.285714	0.255556	0.0268	0.2171	0.32344	0.259957	0.243778
0.27	0.5	0.98	0.73	0.05	0.73	0.98	0.27	0.5	0.05	0.05	0.5	0.12	0.05	0.12	0.5	0.27	0.05	0.12	0.05	0.22375	0.34	0.2675	0.22875	0.2475	0.3925	0.32625	0.08375	0.275	0.47375	0.52	0.36	0.5475	0.345	0.11	0.255	0.28	0.185	0.28625	0.445	-3.5	-1.63333	0.34	0.285714	0.255556	0.4567	0.299333	0.21778	0.251686	0.281456
0.27	0.73	0.98	0.5	0.05	0.73	0.5	0.27	0.5	0.05	0.05	0.95	0.12	0.05	0.12	0.5	0.5	0.02	0.12	0.05	0.27125	0.33	0.3275	0.28875	0.2475	0.41125	0.41375	0.09625	0.28375	0.3975	0.43125	0.33125	0.47125	0.2975	0.1375	0.34	0.34125	0.18	0.2675	0.41625	-3.9	-1.2	0.54	0.285714	-0.244444	0.4145	0.2981	0.20852	0.257471	0.304156
0.12	0.12	0.02	0.02	0.27	0.12	0.05	0.02	0.05	0.88	0.98	0.05	0.88	0.5	0.05	0.05	0.27	0.12	0.27	0.73	0.31875	0.3175	0.39125	0.26	0.3425	0.38375	0.35	0.11875	0.28375	0.32125	0.3425	0.33125	0.37625	0.24125	0.11875	0.3675	0.37	0.17625	0.24	0.35875	3.8	1.23333	-0.66	-0.214286	0.422222	0.0231	0.186367	0.32154	0.288314	0.275933
0.12	0.12	0.02	0.02	0.27	0.12	0.05	0.02	0.05	0.88	0.98	0.05	0.88	0.5	0.05	0.05	0.27	0.12	0.27	0.73	0.31875	0.30875	0.39125	0.26	0.3425	0.375	0.35	0.11875	0.255	0.35	0.3425	0.33125	0.37625	0.2425	0.11875	0.35875	0.37	0.1575	0.23375	0.35875	3.8	1.36667	-0.1	-0.214286	0.422222	0.1215	0.2455	0.30694	0.326971	0.302833
0.27	0.73	0.5	0.5	0.05	1	0.88	0.12	0.5	0.05	0.12	0.73	0.5	0.05	0.27	0.5	0.27	0.12	0.12	0.12	0.32875	0.26	0.41625	0.26	0.27875	0.32125	0.3025	0.1625	0.22625	0.36875	0.39375	0.3025	0.37625	0.29	0.11875	0.39125	0.4275	0.1575	0.2525	0.34	-3.5	-0.133333	1.18	0.685714	0.0555556	0.5919	0.3657	0.28352	0.320286	0.405867
