0.98	0.02	0.01	0.01	0.05	0.02	0.02	0.05	0.01	0.5	0.95	0.02	0.88	0.05	0.02	0.05	0.05	0.01	0.02	0.73	0.0375	0.19125	0.1675	0.26125	0.02375	0.19375	0.275	0.1275	0.1825	0.49375	0.1975	0.29125	0.23	0.34375	0.01	0.0625	0.13625	0.0225	0.2625	0.4575	3.8	4.16667	2.36	0.542857	0.455556	0.012	0.0226667	0.08204	0.147071	0.225133
0.05	0	0	0	0.02	0.01	0	0	0	0.98	0.12	0.01	0.12	0.95	0	0.01	0.05	0.01	0.05	1	0.1575	0.1875	0.15625	0.14	0.0275	0.1625	0.1525	0.2575	0.1775	0.43375	0.30125	0.26	0.32375	0.23125	0.01	0.06375	0.135	0.0225	0.2575	0.425	4.5	3.7	2.36	1.72857	0.8	0.034	0.0244667	0.03648	0.0814714	0.143756
0.01	0	0	0	0	0.01	0	0	0.05	0.5	0.05	0	0.02	1	0	0.01	0.01	0.12	1	0.5	0.1625	0.07	0.14375	0.135	0.02875	0.045	0.04375	0.26	0.2275	0.4925	0.3075	0.1525	0.27375	0.22375	0.00875	0.045	0.13625	0.0075	0.1425	0.485	2.8	1.26667	2.28	2.17143	1.25556	0.0274	0.0494667	0.0467	0.0638143	0.127333
0.01	0.01	0.12	1	0	0.02	0.27	0.01	0.01	0	0	0.27	0	0	0.01	0.02	0.01	0	0	0	0.17125	0.0125	0.00875	0.00625	0.04125	0.01125	0.005	0.38125	0.1425	0.46375	0.28	0.01	0.26125	0.34625	0.00625	0.12	0.06	0.02125	0.26125	0.4375	-3.5	1.03333	1.44	1.51429	1.6	0.087	0.0625	0.08254	0.1156	0.134867
0.02	0.01	0	0	0.12	0.01	0	0	0	0.73	1	0.01	0.95	0.5	0	0.01	0.02	0.01	0.02	0.27	0.17375	0.0125	0.03875	0.1375	0.02625	0.01375	0.04125	0.38875	0.13	0.25	0.14125	0.04375	0.13	0.25	0.0075	0.23	0.1775	0.0175	0.14125	0.2825	3.8	-0.0333333	0.46	0.914286	1.05556	0.0731	0.1171	0.15264	0.168543	0.1643
0.05	0	0.02	0.01	0	0.01	0	1	0	0	0	0.01	0	0	0	0.02	0.01	0	0	0.01	0.04875	0.01125	0.035	0.135	0.035	0.01125	0.03875	0.2575	0.135	0.285	0.21	0.04125	0.1725	0.43125	0.005	0.22375	0.20625	0.02375	0.25125	0.23	-0.4	1	-0.18	0.171429	0.944444	0.1912	0.216267	0.22368	0.204671	0.169711
0.12	0.01	0.02	0.01	0	0.01	0.01	1	0.95	0	0	0.01	0	0	0.01	0.12	0.02	0	0.05	0	0.035	0.01125	0.05	0.26	0.0325	0.10125	0.0525	0.25875	0.01875	0.165	0.195	0.0425	0.1575	0.3125	0.005	0.2725	0.2325	0.0225	0.25375	0.10875	-0.4	-0.4	0.38	0.171429	0.0555556	0.3845	0.319433	0.26366	0.209429	0.186967
0.12	0.05	0.02	0.02	0.12	0.01	0.01	1	0.01	0	0	0.01	0	0	0.01	0.73	0.27	0	0	0	0.0675	0.00625	0.05	0.25875	0.1275	0.10125	0.0525	0.25875	0.13	0.22625	0.2225	0.04375	0.17	0.19375	0.00625	0.19625	0.20625	0.0075	0.1375	0.17125	-0.4	-0.5	0.18	0.171429	0.211111	0.3826	0.351333	0.26118	0.224043	0.193344
0.05	0.01	0.12	0.05	0.02	0.02	0.02	0.05	0.01	0.02	0.01	0.02	0.02	0	0.01	0.88	1	0	0.01	0.02	0.09	0.0125	0.02875	0.1325	0.2025	0.1	0.02	0.37875	0.13	0.22375	0.22125	0.01125	0.16875	0.19375	0.0075	0.3	0.22375	0.0075	0.1375	0.17	-0.7	0.566667	-0.44	0.228571	0.511111	0.2869	0.2434	0.2608	0.225714	0.205233
0.01	0	0	0	0	0	0	0	0.05	0.05	0.5	0	0.27	1	0	0.01	0.27	0.05	0.88	0.05	0.09875	0.0125	0.04375	0.13875	0.1925	0.1025	0.0225	0.385	0.125	0.25375	0.145	0.01375	0.11	0.02125	0.00875	0.40875	0.31875	0.00125	0.02875	0.25125	2.8	-0.466667	0.48	0.171429	0.588889	0.0607	0.178967	0.20086	0.226114	0.207289
0.01	0.01	0.12	1	0	0.73	0.12	0.01	0.02	0.02	0	0.02	0	0	0.01	0.5	0.27	0	0.12	0.02	0.1075	0.0125	0.02625	0.0125	0.28375	0.01125	0.0075	0.26	0.12875	0.3675	0.3325	0.01125	0.2625	0.16125	0.0075	0.34625	0.32	0.00875	0.12625	0.31625	-3.5	1.16667	0.4	0.871429	1.05556	0.1893	0.1116	0.16314	0.184271	0.1936
0.27	0	0	0	0.88	0.01	0	0	0	0.99	0.27	0.01	0.12	0.05	0.01	0.01	0.05	0	0.02	1	0.09375	0.135	0.10125	0.19875	0.175	0.1625	0.14375	0.1425	0.0275	0.2475	0.3	0.1025	0.25	0.15625	0.00875	0.455	0.455	0.01	0.135	0.19625	4.2	-0.0333333	1.44	1.47143	1.02222	0.0848	0.156033	0.12408	0.139329	0.179456
0.12	0.02	0.05	0.02	0.5	0.02	0.02	0.02	0.01	0	0	0.02	0.01	0	0.02	1	0.88	0	0.01	0.01	0.1	0.1275	0.09375	0.19375	0.21	0.16125	0.14125	0.01625	0.02625	0.49375	0.45625	0.10125	0.355	0.28125	0.0075	0.2425	0.3325	0.01625	0.2275	0.43	-0.8	2.63333	1.64	1.47143	1.56667	0.194	0.123467	0.12554	0.135086	0.149178
0.05	0	0	0	0.02	0.01	0	0	0	1	0.88	0.01	0.73	0.12	0	0.01	0.05	0.01	0.02	0.95	0.165	0.1625	0.195	0.28125	0.27	0.19375	0.2325	0.13125	0.08875	0.36875	0.3475	0.1625	0.265	0.2675	0.015	0.36625	0.42125	0.01625	0.2275	0.3125	4.5	2.5	2.2	1.71429	1.25556	0.0916	0.117867	0.13912	0.142143	0.175667
0.12	0.01	0	0	0.73	0.01	0	0.01	0	0.88	1	0.01	0.95	0.12	0	0.01	0.02	0.01	0.02	0.5	0.17	0.27125	0.28625	0.40375	0.1825	0.30375	0.3425	0.1925	0.08875	0.37875	0.2725	0.28125	0.20625	0.14375	0.02125	0.4275	0.40625	0.01125	0.12	0.36875	3.8	2.53333	2.26	1.71429	0.555556	0.068	0.138933	0.14418	0.190143	0.237711
0.27	0.98	0.5	0.5	0.01	0.5	0.98	0.05	0.12	0.01	0.01	0.73	0.02	0.01	0.02	0.5	0.88	0.01	0.02	0.02	0.15625	0.15	0.2425	0.21875	0.2725	0.15375	0.20625	0.31125	0.105	0.485	0.39625	0.2225	0.3225	0.1575	0.05125	0.31875	0.2675	0.01125	0.105	0.42625	-0.7	2.53333	1.72	0.614286	0.9	0.2572	0.1451	0.21044	0.266471	0.255889
0.02	0.01	0.01	0	0.02	0.01	0.01	0.01	0.01	0.98	0.98	0.01	0.73	0.95	0.01	0.02	0.12	0.05	0.73	0.88	0.16	0.27375	0.305	0.2825	0.16375	0.32375	0.3425	0.3175	0.12125	0.35875	0.275	0.32625	0.2525	0.04	0.0525	0.38375	0.41875	0.0075	0.01625	0.31875	4.5	0.1	0.12	0.671429	0.933333	0.1101	0.297533	0.31594	0.289171	0.2758
0.5	0.27	0.88	0.73	0.02	0.27	0.73	0.95	0.5	0.02	0.02	0.5	0.02	0.01	0.05	0.88	0.88	0.01	0.02	0.02	0.08625	0.23875	0.19	0.18875	0.1025	0.28875	0.25	0.1975	0.06125	0.54125	0.4575	0.2625	0.37375	0.2825	0.045	0.15125	0.215	0.0275	0.2225	0.45875	-3.5	-0.833333	-0.72	0.671429	1.33333	0.5253	0.418167	0.37292	0.3138	0.277367
0.12	0.88	0.73	0.98	0.01	0.88	0.88	0.5	0.05	0.01	0.02	0.95	0.02	0.01	0.05	0.5	0.12	0.01	0.02	0.05	0.13	0.25375	0.215	0.19125	0.10125	0.32125	0.35625	0.255	0.15125	0.4175	0.3475	0.29625	0.28375	0.2675	0.0475	0.20375	0.31	0.02625	0.22125	0.33625	-3.5	-2.46667	0.32	0.528571	0.444444	0.6191	0.4991	0.37428	0.333814	0.299611
0.05	0.01	0.27	0.02	0	0.02	0.01	1	0.27	0	0	0.27	0	0	0.27	0.12	0.02	0	0	0	0.12625	0.36125	0.2725	0.31125	0.01375	0.4275	0.465	0.19125	0.12375	0.41875	0.24	0.38	0.23	0.25625	0.02	0.25125	0.32625	0.02625	0.2225	0.405	-0.4	0.2	-0.02	0.128571	0.488889	0.3529	0.412	0.39388	0.338757	0.307033
0.05	0.02	0.01	0.01	0.02	0.88	0.12	0.01	0.02	0.95	0.27	0.12	0.27	0.05	0.01	0.05	0.5	0.01	0.02	1	0.09875	0.32875	0.245	0.25125	0.0125	0.2725	0.335	0.31	0.17375	0.36125	0.3275	0.42625	0.285	0.255	0.05125	0.2	0.1625	0.025	0.22375	0.31125	4.5	2.3	-0.02	0.0857143	0.133333	0.264	0.275	0.34718	0.342286	0.317044
0.01	0	0	0	0.01	0	0	0	0.02	0.5	0.5	0	0.27	1	0	0	0.01	0.12	0.95	0.27	0.225	0.3325	0.25125	0.2675	0.01375	0.38375	0.35125	0.40125	0.175	0.29625	0.17875	0.4425	0.19625	0.01875	0.05375	0.32625	0.22375	0.005	0.0175	0.29875	2.8	1.26667	1.52	0.0285714	-0.166667	0.2081	0.254633	0.25032	0.316857	0.342556
0.02	0.73	0.05	0.27	0	0.88	1	0.01	0.27	0	0	0.73	0.01	0	0.02	0.05	0.05	0	0.01	0	0.1675	0.20875	0.16875	0.14375	0.015	0.2425	0.1375	0.2825	0.115	0.37125	0.24	0.29125	0.22875	0.1425	0.0475	0.24375	0.23375	0.01875	0.13375	0.36375	-3.5	1.16667	0.82	0.785714	0.144444	0.2918	0.211567	0.2492	0.276943	0.308133
0.02	0	0	0	0.02	0	0	0	0	0.88	0.12	0	0.5	0.02	0	0.01	0.05	0	0.01	1	0.27125	0.205	0.20625	0.08875	0.0175	0.2575	0.15875	0.34375	0.14875	0.26125	0.22375	0.27	0.1675	0.14	0.04625	0.29625	0.23375	0.01875	0.13375	0.2475	4.2	-1.06667	0.28	0.742857	0.733333	0.1348	0.257967	0.26434	0.257314	0.274922
0.05	0.73	0.02	0.01	0.02	0.12	0.05	0.01	0.27	0.5	0.98	0.95	0.73	0.05	0.01	0.02	0.05	0.01	0.05	0.27	0.2675	0.11375	0.1725	0.08625	0.05125	0.24125	0.1525	0.3425	0.0825	0.30875	0.11625	0.11875	0.14	0.2275	0.0125	0.295	0.265	0.10875	0.1625	0.33875	-3.9	0.7	-0.42	0.357143	0.733333	0.3473	0.273933	0.26582	0.265343	0.281367
0.99	0.02	0.05	0.12	0.02	0.02	0.02	0.73	0.02	0.01	0.02	0.02	0.02	0.01	0.02	0.98	0.12	0	0.01	0.05	0.145	0.20125	0.2775	0.19625	0.04875	0.14625	0.15625	0.2525	0.17375	0.25125	0.2025	0.2225	0.195	0.22625	0.01125	0.175	0.195	0.10875	0.17125	0.24125	1.8	-0.933333	0.64	-0.1	-0.155556	0.3397	0.300833	0.2715	0.294314	0.2691
0.05	0.01	0.27	0.01	0.02	0.02	0.02	0.01	0.27	0.12	0.01	0.02	0.02	0	0.02	0.27	1	0	0.01	0.27	0.295	0.265	0.36	0.24375	0.05	0.1525	0.1625	0.345	0.2025	0.1775	0.1475	0.25625	0.16375	0.10375	0.045	0.3825	0.2075	0.095	0.055	0.18625	-0.7	0.966667	-0.28	-0.1	-0.544444	0.2155	0.2918	0.32672	0.274571	0.265956
0.95	0.12	0.98	0.27	0.05	0.12	0.05	0.98	0.05	0.01	0.01	0.05	0.02	0.01	0.02	0.88	0.12	0.01	0.02	0.12	0.29875	0.19375	0.35625	0.1925	0.04875	0.0925	0.04	0.2375	0.32125	0.19375	0.15	0.195	0.16875	0.22125	0.045	0.315	0.37375	0.09625	0.08625	0.2075	1.8	0.233333	-0.2	-0.8	-0.511111	0.3202	0.315533	0.28798	0.281	0.266033
0.05	0.01	0.02	0.01	0.27	0.01	0.01	1	0.01	0	0	0.01	0.01	0.73	0.01	0.12	0.27	0.73	0.27	0	0.41	0.20875	0.47625	0.225	0.02	0.1075	0.045	0.235	0.32625	0.1475	0.26125	0.2	0.14125	0.19125	0.04625	0.40875	0.35125	0.0075	0.05625	0.13125	-0.4	-0.7	-0.7	-0.7	-0.555556	0.4109	0.2949	0.256	0.273171	0.276822
0.01	0.01	0.88	1	0	0.02	0.12	0.01	0.5	0	0	0.02	0	0	0.01	0.05	0.01	0	0.05	0	0.415	0.1175	0.36875	0.10125	0.05125	0.0925	0.025	0.4825	0.23125	0.085	0.13875	0.08125	0.05125	0.27625	0.045	0.43	0.37875	0.0975	0.0775	0.0975	-3.5	-1.53333	-1.2	-0.414286	-0.166667	0.1536	0.2481	0.2714	0.257771	0.272767
0.27	0.5	0.88	0.27	0.02	0.05	0.05	0.02	0.5	0.02	0.05	0.27	0.02	0.01	0.27	0.95	0.99	0.01	0.02	0.05	0.265	0.055	0.365	0.17875	0.04625	0.0875	0.03125	0.515	0.22875	0.08125	0.13	0.04875	0.04625	0.27375	0.01	0.20125	0.2425	0.09625	0.08	0.085	-0.7	-2.46667	-0.8	-0.371429	-0.411111	0.1798	0.208633	0.25374	0.271386	0.282211
0.95	0.27	0.73	0.12	0.02	0.5	0.05	0.12	1	0.02	0.02	0.27	0.05	0.95	0.02	0.12	0.5	0.02	0.27	0.02	0.18875	0.17375	0.38375	0.32125	0.04375	0.09125	0.15125	0.50375	0.13875	0.06875	0.135	0.06125	0.04125	0.15875	0.04125	0.2775	0.19375	0.095	0.04875	0.06125	-3.2	-0.0333333	-0.8	-0.685714	-0.722222	0.2925	0.234733	0.23372	0.286314	0.286444
0.01	0.01	0	0	0.01	0.01	0	0	0	0.5	1	0	0.27	0.5	0	0	0.02	0.01	0.02	0.27	0.18875	0.1925	0.44375	0.4275	0.05375	0.14	0.21375	0.3975	0.34875	0.0075	0.01125	0.095	0.01125	0.21375	0.0425	0.1975	0.24125	0.095	0.08	0.015	3.8	0.0666667	-0.18	-1.12857	-1.31111	0.2319	0.2784	0.28794	0.263843	0.276644
0.05	0	0.02	0.01	0	0.01	0	1	0	0	0	0.01	0	0	0	0.12	0.01	0	0	0	0.1775	0.1925	0.43875	0.425	0.02125	0.13875	0.2125	0.1475	0.34875	0.085	0.15125	0.0925	0.1625	0.31	0.04125	0.1675	0.20875	0.1275	0.14	0.05125	-0.4	1	-0.74	-1.12857	-0.955556	0.3108	0.322467	0.3027	0.275043	0.2402
0.05	0.01	0.02	0.01	0	0.01	0	1	0	0	0	0.01	0	0	0	0.05	0.01	0	0	0	0.1775	0.19125	0.34375	0.425	0.02125	0.13875	0.26	0.1475	0.2875	0.085	0.15125	0.0925	0.1625	0.31	0.04125	0.1725	0.27	0.1275	0.13375	0.05125	-0.4	-1.43333	-0.8	-0.628571	-0.955556	0.4247	0.3297	0.2906	0.2612	0.2421
0.12	0.73	0.27	1	0	0.5	0.98	0.02	0.05	0.02	0.02	0.12	0.01	0.02	0.02	0.05	0.12	0	0.01	0.05	0.16875	0.10125	0.32125	0.30125	0.02	0.19	0.2225	0.27375	0.34375	0.08625	0.1575	0.1075	0.22125	0.3125	0.0075	0.0875	0.1475	0.14125	0.16375	0.045	-3.5	-2.46667	-1	-0.671429	-1.26667	0.2536	0.303433	0.2608	0.2438	0.277967
0.01	0.01	0.73	1	0.12	0.02	0.5	0.01	0.73	0	0	0.05	0	0	0.01	0.12	0.02	0	0.02	0	0.17375	0.28125	0.1875	0.28875	0.0175	0.2025	0.31	0.2625	0.14	0.10125	0.24875	0.17375	0.3075	0.19875	0.00875	0.07875	0.1125	0.14125	0.135	0.14	-3.5	-1.4	-1.62	-1.71429	-1.41111	0.232	0.1895	0.23278	0.282471	0.282467
0	0	0	0	0	0	0	0	0.01	0.12	0.12	0	0.95	1	0	0	0	0.98	0.73	0.02	0.17625	0.2825	0.27875	0.41375	0.03375	0.205	0.3725	0.26375	0.23	0.1475	0.2325	0.18125	0.24625	0.02625	0.01125	0.095	0.11875	0.01875	0.04625	0.21375	2.8	-1.4	-2.24	-2.3	-1.41111	0.0829	0.161867	0.24836	0.285643	0.266511
0.01	0.01	0.12	1	0	0.02	0.5	0.01	0.01	0	0	0.02	0	0	0.01	0.02	0.5	0	0	0	0.27875	0.315	0.26375	0.29	0.04	0.21625	0.3125	0.14	0.23625	0.28125	0.31	0.18375	0.475	0.2425	0.0125	0.0925	0.08875	0.14375	0.17125	0.33875	-3.5	-1.4	-2.44	-1.7	-0.9	0.1707	0.252067	0.26424	0.237586	0.244378
0.27	0.5	0.95	0.27	0.01	0.95	0.73	0.05	1	0.05	0.12	0.5	0.5	0.05	0.02	0.27	0.12	0.12	0.27	0.05	0.255	0.28625	0.28	0.50375	0.14875	0.20875	0.4025	0.025	0.14625	0.27625	0.29625	0.185	0.415	0.2375	0.01375	0.08875	0.15	0.13	0.14	0.33375	-3.5	-3.83333	-0.98	-0.6	-1.24444	0.5026	0.335433	0.2355	0.2173	0.253944
0.88	0.99	0.12	0.02	0.12	0.12	0.27	0.02	0.05	0.12	0.73	0.73	0.73	0.02	0.02	0.12	0.12	0.02	0.05	0.73	0.165	0.14	0.3525	0.41625	0.135	0.2525	0.34	0.02625	0.38375	0.26625	0.21875	0.1425	0.38625	0.33	0.01125	0.1025	0.13625	0.2675	0.29125	0.24375	-4.5	-1.4	-0.7	-0.6	-1.21111	0.333	0.307967	0.24124	0.257129	0.246611
0.02	0.01	0	0	0.02	0.01	0	0	0	0.99	0.99	0.01	0.73	0.12	0.01	0.01	0.05	0.01	0.02	0.88	0.28625	0.26375	0.2775	0.295	0.22375	0.26625	0.3125	0.02875	0.30125	0.27625	0.30875	0.22875	0.4775	0.44125	0.0125	0.1075	0.14875	0.275	0.3075	0.2875	3.8	1.16667	-0.7	-1.45714	-0.511111	0.0883	0.177633	0.30926	0.272086	0.224233
0.88	0.27	0.02	0.02	0.05	0.12	0.02	0.02	0.05	0.95	0.5	0.05	0.88	0.73	0.02	0.12	0.27	0.02	0.27	0.98	0.2975	0.265	0.28125	0.295	0.31125	0.28625	0.31625	0.0325	0.30875	0.37625	0.44625	0.2575	0.4025	0.24625	0.0175	0.1275	0.155	0.15375	0.2	0.39125	4.2	1.5	-0.64	-0.557143	-0.355556	0.1116	0.2369	0.24626	0.252071	0.234511
0.12	0.27	0.98	0.99	0.88	0.88	0.95	0.12	0.27	0.01	0.01	0.5	0.02	0.01	0.02	0.27	0.12	0.01	0.02	0.01	0.4825	0.27875	0.20875	0.1675	0.21	0.29875	0.26	0.03375	0.295	0.5	0.51375	0.30875	0.51625	0.3375	0.0225	0.1975	0.145	0.15625	0.2375	0.51875	-3.5	-0.833333	0.82	0.542857	-0.355556	0.5108	0.27	0.18578	0.205329	0.278233
0.01	0.05	0.02	0.05	0	0.02	0.02	0	1	0.01	0.01	0.01	0.01	0.73	0	0.01	0.01	1	1	0.01	0.46875	0.2775	0.24375	0.3425	0.32125	0.41125	0.40875	0.04875	0.09375	0.49625	0.51375	0.37	0.46125	0.2425	0.02875	0.21125	0.15875	0.01875	0.08375	0.54625	-3.2	-1.3	0.9	0.685714	-0.355556	0.1876	0.243	0.2032	0.238357	0.263233
0.12	0.02	0.01	0.01	0.73	0.02	0.01	0.01	0.02	0.95	0.98	0.02	0.73	0.99	0.01	0.05	0.05	0.05	0.12	0.5	0.455	0.15875	0.2325	0.34625	0.22125	0.3975	0.3775	0.0475	0.2125	0.42625	0.335	0.27875	0.295	0.3325	0.02625	0.1975	0.1725	0.25375	0.25	0.40875	2.8	1.26667	-0.64	-0.357143	0.455556	0.0306	0.1312	0.29372	0.278257	0.233467
0.95	0.27	0.05	0.02	0.73	0.27	0.05	0.05	0.12	0.88	0.73	0.27	0.5	0.05	0.05	0.27	0.27	0.02	0.12	0.95	0.36375	0.2175	0.29	0.35125	0.22	0.475	0.40625	0.16125	0.23375	0.31375	0.24875	0.37	0.2475	0.4375	0.02625	0.18375	0.145	0.25875	0.2625	0.245	4.2	1.16667	-0.64	-0.557143	-0.4	0.1754	0.256733	0.26508	0.271614	0.260933
0.73	0.12	0.5	0.95	0.02	0.88	0.98	0.12	0.12	0.05	0.05	0.88	0.05	0.01	0.05	0.73	0.27	0.01	0.05	0.05	0.315	0.32125	0.265	0.2475	0.30875	0.44625	0.32125	0.165	0.26125	0.36125	0.3625	0.41	0.2275	0.36625	0.03	0.145	0.145	0.26	0.2525	0.2975	-3.5	-0.933333	0.56	-0.614286	-1.36667	0.5642	0.369067	0.24058	0.246571	0.325233
0.05	0.27	0.27	0.73	0.02	0.99	0.99	0.05	0.12	0.02	0.12	0.5	0.05	0.01	0.05	0.12	0.12	0.01	0.02	0.27	0.4475	0.33125	0.23375	0.2425	0.20125	0.4325	0.32	0.17375	0.2425	0.37	0.35875	0.51375	0.23125	0.3675	0.0425	0.27875	0.21125	0.26125	0.26	0.275	-3.5	-1.4	-0.78	-0.8	-1.41111	0.3676	0.3323	0.30156	0.318386	0.338811
0.88	0.01	0.02	0.01	0.05	0.01	0.01	0.02	0.02	0.5	0.27	0.01	0.12	1	0.01	0.05	0.27	0.95	0.5	0.12	0.37625	0.39125	0.3725	0.38875	0.2125	0.64375	0.55	0.21125	0.2525	0.315	0.35375	0.6075	0.23625	0.18625	0.08125	0.34875	0.25375	0.03375	0.19375	0.3075	2.8	-1.53333	-2.52	-1.75714	-1.41111	0.0651	0.256067	0.40454	0.404443	0.355378
0.12	0.73	0.5	0.05	0.01	0.88	0.27	0.95	0.27	0.02	0.05	0.99	0.12	0.02	0.05	0.12	0.05	0.02	0.12	0.02	0.49	0.36125	0.4025	0.445	0.1325	0.595	0.53125	0.21625	0.23375	0.2625	0.27375	0.5925	0.16	0.2	0.10875	0.3675	0.29	0.15	0.2325	0.2725	-3.9	-1.86667	-2.6	-2.81429	-2.15556	0.3355	0.363633	0.4183	0.427486	0.4323
0.27	0.95	0.27	0.12	0.05	0.5	0.27	0.12	0.27	0.5	0.73	0.98	0.27	0.12	0.05	0.27	0.27	0.02	0.12	0.5	0.38625	0.33375	0.44	0.44	0.07	0.6425	0.54	0.32875	0.2525	0.215	0.18875	0.65125	0.14125	0.215	0.1175	0.34875	0.2625	0.15375	0.25125	0.185	-4.5	-4.1	-2.54	-2.87143	-3.05556	0.6903	0.552933	0.41212	0.450157	0.438967
0.5	0.5	0.5	0.73	0.02	0.88	0.95	0.12	0.12	0.05	0.05	0.95	0.05	0.02	0.12	0.73	0.5	0.02	0.05	0.05	0.2725	0.40875	0.41125	0.37	0.07375	0.51875	0.395	0.32	0.2625	0.27125	0.27375	0.55125	0.165	0.2325	0.10875	0.23375	0.215	0.155	0.26875	0.24125	-3.9	-3.86667	-3.88	-2.92857	-3.05556	0.633	0.553333	0.54368	0.431271	0.417289
0.27	0.27	0.88	0.5	0.12	0.73	0.88	0.27	0.98	0.05	0.12	0.27	0.12	0.27	0.27	0.5	0.5	0.12	0.95	0.12	0.3575	0.41	0.36375	0.3225	0.07375	0.42875	0.28625	0.30125	0.14625	0.37875	0.36875	0.58	0.2125	0.215	0.175	0.28125	0.2625	0.1475	0.16875	0.29	-3.2	-3.66667	-3.88	-3.82857	-2.16667	0.3367	0.5642	0.52366	0.4747	0.397722
0.27	0.5	0.73	0.5	0.05	0.5	0.12	0.98	0.12	0.05	0.12	0.88	0.12	0.12	0.27	0.27	0.12	0.05	0.05	0.12	0.31	0.5025	0.395	0.355	0.0825	0.49	0.41375	0.24375	0.285	0.31875	0.34125	0.59375	0.2125	0.12375	0.28375	0.4225	0.3675	0.04	0.23375	0.28125	-3.9	-3.66667	-3.68	-2.62857	-2.56667	0.7229	0.431667	0.45942	0.454129	0.4413
0.27	0.27	0.12	0.05	0.27	0.27	0.12	0.12	0.27	0.98	0.73	0.73	0.5	0.27	0.12	0.27	0.27	0.05	0.27	0.73	0.32875	0.5025	0.5	0.4675	0.0875	0.51875	0.47125	0.295	0.2475	0.215	0.32125	0.59875	0.18375	0.1175	0.33	0.49875	0.405	0.0525	0.1975	0.2175	-3.9	-3.76667	-2	-2.1	-2.52222	0.2354	0.442467	0.37112	0.420843	0.485256
0.05	0.27	0.5	1	0.02	0.27	0.5	0.05	0.05	0.05	0.05	0.05	0.02	0.05	0.05	0.27	0.12	0.02	0.12	0.05	0.3375	0.39	0.54125	0.45875	0.11375	0.49	0.42375	0.295	0.2475	0.27	0.3175	0.57625	0.2125	0.1325	0.335	0.55625	0.4525	0.055	0.2025	0.24125	-3.5	-0.966667	-1.52	-2.04286	-2.41111	0.3691	0.265333	0.39524	0.434857	0.450422
0.5	0.05	0.27	0.12	0.12	0.12	0.05	0.05	0.05	0.88	0.95	0.05	0.5	0.12	0.73	0.27	0.5	0.05	0.12	0.73	0.32875	0.44625	0.57	0.54	0.105	0.46125	0.42375	0.28625	0.295	0.175	0.205	0.57625	0.16125	0.13625	0.35375	0.5275	0.37625	0.05125	0.2025	0.18375	4.5	0.0666667	-1.44	-2.08571	-2.41111	0.1915	0.3393	0.39688	0.440586	0.437611
0.5	0.98	0.12	0.27	0.05	0.27	0.27	0.27	0.27	0.02	0.05	0.73	0.12	0.12	0.88	0.95	0.73	0.02	0.12	0.05	0.32875	0.415	0.5125	0.47375	0.105	0.46125	0.34875	0.24	0.23625	0.33875	0.365	0.54875	0.31625	0.1175	0.3075	0.4425	0.31875	0.04625	0.09875	0.2875	-0.8	0.0666667	-1.36	-2.08571	-2.55556	0.4573	0.459967	0.42516	0.411271	0.450922
0.27	0.5	0.73	0.5	0.27	0.88	0.73	0.5	0.12	0.12	0.5	0.88	0.27	0.12	0.27	0.73	0.5	0.12	0.05	0.12	0.4475	0.415	0.35125	0.47375	0.0775	0.385	0.33875	0.095	0.24625	0.32625	0.35625	0.42625	0.31625	0.13625	0.35625	0.47	0.3475	0.06125	0.10375	0.2975	-3.5	-2.6	-1.44	-2.17143	-1.92222	0.7311	0.521733	0.45488	0.442857	0.372633
0.12	0.05	0.98	1	0.01	0.27	0.27	0.05	0.05	0.01	0.02	0.12	0.02	0.02	0.02	0.73	0.5	0.01	0.01	0.01	0.4475	0.47125	0.31125	0.4075	0.09125	0.5375	0.3875	0.13875	0.255	0.28	0.4475	0.46375	0.40875	0.13	0.375	0.47	0.32875	0.08375	0.1375	0.2825	-3.5	-3.63333	-3.24	-1.41429	-1.02222	0.3768	0.541867	0.50788	0.392743	0.358922
0.88	0.73	0.5	0.5	0.05	0.5	0.5	0.05	0.5	0.12	0.05	0.95	0.12	0.12	0.95	0.5	0.27	0.02	0.05	0.27	0.40875	0.47625	0.32375	0.3475	0.09	0.6	0.31125	0.13875	0.19875	0.2625	0.4525	0.3875	0.45625	0.1175	0.255	0.48	0.3575	0.08125	0.12375	0.24625	-3.9	-3.96667	-2.72	-1.45714	-1.13333	0.5177	0.450333	0.42008	0.381386	0.378467
0.27	0.95	0.27	0.12	0.05	0.88	0.5	0.12	0.73	0.5	0.5	0.73	0.98	0.12	0.05	0.5	0.27	0.05	0.12	0.27	0.45625	0.5675	0.33375	0.38625	0.07625	0.62875	0.3675	0.12625	0.17	0.1075	0.31125	0.51875	0.30125	0.10375	0.27875	0.46125	0.31	0.0725	0.1025	0.17	-4.5	-2.2	-1.18	-1.98571	-2.13333	0.4565	0.330833	0.29626	0.393914	0.390911
0.99	0.02	0.05	0.73	0.05	0.5	0.5	0.05	0.05	0.05	0.5	0.05	0.27	0.27	0.05	0.27	0.12	0.27	0.02	0.27	0.30625	0.5625	0.34625	0.27625	0.0725	0.64375	0.335	0.10125	0.2225	0.2525	0.43	0.51375	0.4375	0.1325	0.17	0.37375	0.24	0.13375	0.10625	0.22625	1.8	0.5	-1.38	-2.12857	-1.62222	0.0183	0.1956	0.3299	0.332829	0.347944
0.12	0.27	0.05	0.02	0.12	0.88	0.05	0.02	0.27	0.5	0.98	0.27	0.99	0.12	0.02	0.27	0.12	0.12	0.5	0.5	0.3875	0.5875	0.26125	0.305	0.0325	0.52	0.315	0.04875	0.21375	0.24375	0.4175	0.49875	0.42375	0.15125	0.14625	0.2975	0.21125	0.14	0.1025	0.1975	4.2	0.5	-1.5	-1.08571	-1.73333	0.112	0.2251	0.28706	0.289086	0.3021
0.5	0.99	0.12	0.02	0.05	1	0.12	0.05	0.05	0.02	0.12	0.27	0.5	0.05	0.02	0.12	0.12	0.01	0.05	0.02	0.35875	0.55375	0.22125	0.29875	0.0425	0.58125	0.395	0.045	0.25	0.365	0.52875	0.54625	0.51625	0.16	0.15	0.25875	0.25875	0.155	0.1725	0.31875	-4.5	-1.6	0.16	-1.17143	-1.42222	0.545	0.320167	0.20988	0.260629	0.3092
0.27	1	0.12	0.05	0.01	0.73	0.5	0.02	0.05	0.02	0.27	0.88	0.12	0.01	0.02	0.12	0.12	0.01	0.02	0.12	0.40125	0.495	0.165	0.23875	0.1325	0.58625	0.395	0.0575	0.19375	0.38375	0.51875	0.41375	0.56375	0.165	0.0375	0.25875	0.24	0.15375	0.1725	0.30625	-4.5	-1.73333	-1.1	-0.628571	-0.788889	0.3035	0.306367	0.26992	0.258371	0.264422
0.02	0.01	0	0	0.02	0.01	0.01	0	0.01	0.73	1	0.01	0.5	0.5	0.01	0.02	0.02	0.73	0.05	0.5	0.52375	0.50125	0.1475	0.23125	0.25	0.56875	0.39625	0.05125	0.10875	0.235	0.3675	0.43375	0.39625	0.09	0.035	0.27125	0.225	0.0575	0.155	0.2875	3.8	-1.73333	-2.08	-0.628571	-0.0111111	0.0706	0.230867	0.33566	0.272143	0.221233
0.05	0.95	0.05	0.02	0.02	0.27	0.12	0.05	0.27	0.5	0.88	0.98	0.88	0.12	0.05	0.12	0.27	0.02	0.5	0.12	0.4025	0.50375	0.16875	0.17125	0.35375	0.5075	0.445	0.04	0.07625	0.26375	0.32125	0.36875	0.31625	0.10375	0.02625	0.23125	0.2125	0.1125	0.0975	0.30375	-4.5	-0.466667	-0.82	-0.871429	-0.6	0.3185	0.2766	0.2496	0.265829	0.251122
0.27	0.5	0.73	0.95	0.02	0.88	0.98	0.05	0.12	0.5	0.05	0.5	0.27	0.02	0.05	0.27	0.88	0.02	0.12	0.5	0.47	0.645	0.11125	0.0675	0.34125	0.4125	0.39375	0.04375	0.095	0.2075	0.30875	0.51875	0.275	0.1075	0.03	0.2125	0.155	0.09875	0.085	0.20875	-0.7	-1.13333	0.58	-0.728571	-1.56667	0.4407	0.2913	0.20246	0.229014	0.289044
0.99	0.27	0.05	0.05	0.73	0.27	0.88	0.12	0.05	0.27	0.12	0.5	0.12	0.12	0.05	0.5	0.12	0.01	0.02	0.27	0.4425	0.55125	0.1825	0.17875	0.35625	0.36625	0.39375	0.035	0.09875	0.2675	0.31875	0.4875	0.2375	0.09	0.03	0.18375	0.2975	0.09875	0.0925	0.32625	1.8	1.2	-0.88	-0.728571	-0.866667	0.1147	0.207733	0.2458	0.250414	0.236378
1	0.01	0.01	0.01	1	0.02	0.02	0.05	0.01	0.02	0.02	0.02	0.02	0.01	0.02	0.5	0.05	0	0.01	0.5	0.40875	0.52125	0.175	0.17875	0.32125	0.3125	0.445	0.04125	0.09875	0.29625	0.2975	0.5625	0.23625	0.1025	0.0325	0.17125	0.2925	0.09875	0.09125	0.2825	2.5	0.266667	-0.88	-1.01429	-0.8	0.0678	0.1566	0.27276	0.250471	0.226244
0.05	0.98	0.27	0.27	0.88	0.27	1	0.01	0.05	0.05	0.01	0.5	0.01	0	0.02	0.05	0.27	0	0.01	0.02	0.53125	0.50875	0.14875	0.1525	0.425	0.3425	0.44375	0.0475	0.18375	0.32375	0.18875	0.61125	0.20875	0.04375	0.03375	0.23125	0.2775	0.00875	0.0875	0.31375	-3.5	-1.83333	-0.38	-0.928571	-1.72222	0.2873	0.269467	0.19882	0.2353	0.280567
0.88	0.95	0.27	0.12	0.02	0.73	0.5	0.05	0.27	0.05	0.05	0.99	0.05	0.05	0.05	0.27	0.27	0.01	0.02	0.12	0.54	0.4275	0.17625	0.23125	0.53625	0.31375	0.61375	0.07	0.1375	0.27625	0.1075	0.46125	0.1	0.025	0.03	0.2225	0.35375	0.03875	0.03	0.34875	-4.5	-2.06667	-1.52	-1.47143	-1.3	0.4533	0.270533	0.21834	0.252271	0.287567
1	0.01	0.01	0.01	0.88	0.02	0.02	0.05	0.01	0.27	0.27	0.02	0.05	0.01	0.02	0.12	0.5	0	0.01	0.73	0.4925	0.48375	0.1175	0.12625	0.4275	0.29375	0.55125	0.06375	0.155	0.20125	0.19875	0.52	0.1575	0.0425	0.02875	0.2075	0.2175	0.03875	0.01875	0.225	1.8	-2.2	-2.92	-1.82857	-0.8	0.071	0.245533	0.31668	0.290386	0.246489
0.01	0.5	0.02	0.01	0	0.05	0.05	0	0.01	0	0	1	0.01	0	0.01	0.02	0.01	0	0	0	0.5075	0.39125	0.11625	0.1225	0.44875	0.25875	0.44	0.0575	0.15125	0.2025	0.21875	0.3375	0.14875	0.02875	0.02625	0.2825	0.38625	0.0375	0.01875	0.28375	-3.9	-2.2	-2.36	-1.64286	-1.08889	0.2123	0.280933	0.33552	0.290843	0.265056
0.05	0.88	0.05	0.05	0.73	0.5	0.98	0.01	0.73	0.98	0.12	0.88	0.27	0.02	0.02	0.05	0.12	0.01	0.02	0.27	0.46875	0.34875	0.2025	0.235	0.23875	0.23375	0.38375	0.1125	0.1225	0.08375	0.20375	0.38375	0.12	0.0275	0.02875	0.33875	0.4575	0.0375	0.02125	0.2025	-4.5	-3.03333	-0.7	-1.25714	-1.45556	0.5595	0.384433	0.25906	0.290057	0.310233
0.95	0.27	0.27	0.5	0.05	0.5	0.98	0.27	0.12	0.12	0.27	0.27	0.05	0.02	0.05	0.27	0.88	0.27	0.05	0.5	0.46875	0.33625	0.25125	0.16	0.22875	0.29125	0.27375	0.09375	0.28375	0.2	0.2175	0.43125	0.18	0.03375	0.02875	0.42375	0.39125	0.0075	0.05	0.2625	-0.7	-0.466667	-1.22	-0.728571	-1.15556	0.3815	0.337333	0.30122	0.293071	0.3355
0.01	0.01	0	0	0.01	0.01	0	0	0	0.12	1	0	0.73	0.12	0.01	0	0.02	0.01	0.02	0.12	0.5675	0.265	0.3425	0.3175	0.24625	0.37125	0.425	0.155	0.3275	0.2	0.15375	0.375	0.19875	0.0175	0.09	0.515	0.575	0.04125	0.0575	0.31	3.8	0.766667	-0.6	-1.1	-0.733333	0.071	0.244767	0.35364	0.356457	0.341867
0.12	0.02	0.05	0.02	0.02	0.02	0.02	0.02	0.02	0.01	0.01	0.02	0.01	0	0.02	1	0.98	0	0.01	0.01	0.4625	0.2775	0.36875	0.37625	0.15	0.49125	0.53875	0.1525	0.33875	0.18625	0.25	0.4325	0.2975	0.04625	0.0925	0.485	0.455	0.045	0.0725	0.26625	-0.8	0.733333	0.14	-0.642857	-1.32222	0.2818	0.275733	0.34468	0.399071	0.396733
0.73	0.05	0.73	0.95	0.05	0.27	0.5	0.5	0.5	0.05	0.02	0.27	0.05	0.02	0.05	0.98	0.73	0.01	0.05	0.12	0.50375	0.21375	0.2875	0.265	0.1525	0.46	0.47875	0.09875	0.31125	0.19625	0.26375	0.2825	0.2975	0.04625	0.09	0.57625	0.60875	0.045	0.07375	0.3625	-0.8	-0.8	0.14	-0.5	-0.688889	0.4744	0.423633	0.3705	0.399829	0.392011
0.95	0.27	0.88	0.12	0.12	0.73	0.12	0.12	0.73	0.12	0.27	0.27	0.27	0.05	0.05	0.95	0.5	0.02	0.27	0.73	0.50375	0.1675	0.35375	0.45375	0.055	0.43125	0.5225	0.15125	0.225	0.07125	0.22375	0.20625	0.27	0.04625	0.1975	0.665	0.7325	0.045	0.05	0.2675	-0.8	-0.766667	-1.32	-0.142857	-0.277778	0.5147	0.4999	0.46926	0.369586	0.387789
0.73	0.12	0.73	0.88	0.12	0.88	0.73	0.27	0.5	0.05	0.27	0.27	0.88	0.02	0.5	0.73	0.88	0.02	0.05	0.12	0.44625	0.15375	0.34	0.2975	0.11125	0.3525	0.325	0.1	0.24	0.19	0.28125	0.175	0.25	0.11	0.13625	0.66125	0.58125	0.01375	0.0775	0.40375	-0.7	-1.66667	-0.8	-0.8	0.222222	0.5106	0.530033	0.44686	0.433943	0.352567
0.27	0.12	0.27	0.5	0.12	0.99	0.95	0.05	0.12	0.05	0.05	0.5	0.12	0.12	0.05	0.88	0.5	0.02	0.12	0.27	0.53625	0.18625	0.52125	0.43625	0.14375	0.42875	0.4075	0.13375	0.3975	0.1775	0.18625	0.16125	0.26	0.0975	0.1975	0.7525	0.68875	0.01375	0.0725	0.3725	-3.5	-0.8	-0.8	-0.142857	-0.588889	0.5648	0.415067	0.45628	0.4029	0.387122
0.95	0.02	0.05	0.05	0.05	0.05	0.05	0.05	0.27	0.12	0.12	0.05	0.05	0.02	0.02	0.73	0.99	0.01	0.05	0.88	0.47	0.19875	0.545	0.4925	0.18375	0.55875	0.52375	0.13375	0.39125	0.29	0.295	0.22125	0.33	0.20125	0.20125	0.6525	0.52	0.03	0.1425	0.41375	1.8	-0.833333	0.12	-0.528571	0	0.1698	0.4187	0.36624	0.3897	0.368678
0.27	0.73	0.73	0.73	0.02	0.73	0.95	0.05	0.27	0.05	0.05	0.27	0.27	0.05	0.88	0.73	0.88	0.02	0.05	0.12	0.52625	0.1375	0.38375	0.4075	0.1875	0.5025	0.45875	0.105	0.3625	0.3075	0.3075	0.19375	0.3025	0.1975	0.2125	0.545	0.47625	0.03	0.1425	0.50875	-0.8	1.6	-0.44	0.228571	-0.3	0.5215	0.251933	0.34052	0.332714	0.365433
0.27	0.01	0.01	0.01	0.5	0.02	0.01	0.01	0.01	1	0.73	0.02	0.5	0.5	0.01	0.02	0.05	0.02	0.05	0.98	0.47	0.2	0.37875	0.51625	0.2225	0.515	0.57625	0.12875	0.31875	0.18875	0.2225	0.1975	0.27375	0.25875	0.32125	0.625	0.58	0.1375	0.2275	0.34375	3.8	-0.166667	1.16	-0.171429	-0.3	0.0645	0.322667	0.25072	0.323371	0.343533
0.27	0.27	0.99	0.73	0.27	0.73	0.88	0.05	0.88	0.02	0.02	0.12	0.05	0.12	0.05	0.88	0.5	0.01	0.05	0.02	0.39375	0.1675	0.17125	0.35	0.2425	0.35	0.39125	0.0925	0.15375	0.4275	0.39625	0.16625	0.2825	0.395	0.26875	0.44125	0.42875	0.1425	0.255	0.54	-3.5	1.6	0.1	0.214286	0.2	0.382	0.187433	0.3058	0.288057	0.2984
0.27	0.02	0.02	0.02	0.27	0.12	0.05	0.02	0.12	0.98	0.95	0.05	0.5	0.73	0.02	0.05	0.12	0.12	0.5	0.95	0.4225	0.19875	0.27375	0.41	0.26125	0.33625	0.41	0.105	0.29625	0.335	0.3075	0.1275	0.32125	0.4225	0.2725	0.52625	0.5325	0.14125	0.3025	0.42375	4.5	-0.833333	0.1	0.5	0.9	0.1158	0.314333	0.26502	0.278714	0.260544
0.5	0.27	0.12	0.95	0.05	0.5	0.88	0.27	0.27	0.12	0.05	0.27	0.05	0.02	1	0.12	0.27	0.02	0.05	0.12	0.39375	0.18	0.365	0.40625	0.28875	0.345	0.39125	0.13	0.2775	0.4425	0.41125	0.1275	0.4625	0.515	0.1625	0.48875	0.4525	0.15875	0.35875	0.45125	-3.5	0.0666667	0.1	1.01429	0.311111	0.4452	0.292867	0.273	0.236229	0.306533
0.5	0.05	0.12	0.27	0.88	0.12	0.12	0.27	0.12	0.12	0.27	0.05	0.27	0.99	0.05	0.88	0.5	0.88	0.95	0.27	0.39375	0.13125	0.33625	0.5225	0.245	0.31625	0.40125	0.24625	0.2775	0.43875	0.38375	0.13625	0.4075	0.39	0.23375	0.33625	0.405	0.05125	0.2425	0.42375	-0.8	-0.166667	1.36	-0.0285714	0.355556	0.3176	0.289067	0.24142	0.3104	0.313856
0.12	0.12	0.05	0.27	0.05	0.27	0.12	0.02	0.05	0.98	0.95	0.12	0.5	0.73	0.12	0.12	0.12	0.05	0.27	0.73	0.5175	0.155	0.35875	0.53625	0.30125	0.3575	0.49125	0.31	0.3	0.31625	0.27	0.21625	0.35	0.39375	0.2575	0.4625	0.50875	0.15875	0.33625	0.30625	3.8	1.93333	-0.24	0.414286	0.433333	0.1044	0.215367	0.335	0.339743	0.332167
0.5	0.12	0.12	0.27	0.27	0.27	0.27	0.12	0.5	0.27	0.27	0.12	0.88	0.95	0.05	0.73	0.95	0.12	0.95	0.27	0.45125	0.13625	0.3175	0.56875	0.24125	0.3	0.45375	0.325	0.25875	0.40875	0.35375	0.235	0.3025	0.35375	0.26625	0.29125	0.37625	0.15	0.25125	0.37625	2.8	1.03333	0.38	0.414286	0.433333	0.2241	0.304067	0.36344	0.355957	0.333533
0.95	0.12	0.88	0.95	0.05	0.5	0.73	0.5	0.27	0.12	0.05	0.27	0.73	0.05	0.12	0.5	0.5	0.05	0.05	0.27	0.37625	0.1675	0.22125	0.48125	0.2375	0.2625	0.39125	0.27625	0.30625	0.39625	0.38125	0.21625	0.36875	0.4975	0.25625	0.31625	0.42375	0.26875	0.36375	0.3675	-3.5	-0.366667	1.44	0.414286	0.244444	0.5837	0.465067	0.34578	0.348686	0.3405
0.27	0.12	0.5	0.98	0.5	0.12	0.27	0.98	0.12	0.02	0.05	0.12	0.05	0.02	0.5	0.27	0.73	0.02	0.02	0.05	0.4325	0.19625	0.36375	0.46875	0.19	0.3575	0.44875	0.18875	0.40125	0.4	0.38125	0.2925	0.48125	0.51375	0.09875	0.42125	0.42375	0.27625	0.4525	0.41375	-0.4	0.2	-0.02	0.928571	0.488889	0.5874	0.4668	0.40376	0.328814	0.343411
0.88	0.27	0.12	0.12	0.12	0.5	0.73	0.27	0.12	0.88	0.5	0.73	0.27	0.27	0.27	0.27	0.5	0.05	0.12	0.5	0.35625	0.205	0.41125	0.5575	0.21875	0.3575	0.43875	0.335	0.42	0.34	0.3825	0.2725	0.51125	0.42125	0.1275	0.37375	0.48125	0.16875	0.355	0.415	4.5	0.2	-0.02	0.2	0.5	0.2293	0.403667	0.39464	0.381243	0.339478
0.12	0.12	0.73	0.99	0.01	0.27	0.73	0.27	1	0.05	0.01	0.27	0.05	0.02	0.05	0.12	0.27	0.01	0.05	0.12	0.45125	0.27125	0.42	0.4775	0.24125	0.415	0.53375	0.33875	0.31	0.33625	0.3275	0.43375	0.49125	0.3675	0.17375	0.46875	0.61375	0.16875	0.345	0.405	-3.5	1.26667	0.42	-0.3	-0.0111111	0.3943	0.267367	0.37218	0.389543	0.384633
0.12	0.27	0.01	0	0.02	0.05	0.01	0.01	0.27	0.73	0.95	0.05	0.88	0.98	0.01	0.02	0.05	1	0.5	0.88	0.39125	0.23875	0.4975	0.5675	0.20875	0.41	0.59125	0.35625	0.34	0.34	0.29875	0.4475	0.3875	0.19125	0.17375	0.39125	0.52875	0.0325	0.17625	0.395	2.8	-0.666667	0.36	0.0857143	0.177778	0.1785	0.348067	0.31114	0.379129	0.371633
0.27	0.5	0.88	0.88	0.12	0.88	0.88	0.05	0.88	0.05	0.05	0.73	0.27	0.12	0.12	0.73	0.5	0.05	0.73	0.27	0.26875	0.20125	0.34125	0.3725	0.1925	0.25	0.3975	0.29125	0.23625	0.4125	0.4075	0.3625	0.37875	0.295	0.1475	0.35875	0.535	0.14625	0.175	0.44375	-1.3	0.266667	-0.7	0.785714	0.488889	0.4714	0.3107	0.36744	0.310514	0.344656
0.5	0.27	0.12	0.12	0.73	0.5	0.5	0.73	0.27	0.5	0.73	0.5	0.73	0.5	0.05	0.5	0.73	0.05	0.27	0.73	0.2125	0.34	0.37625	0.3475	0.05375	0.345	0.445	0.085	0.30375	0.35375	0.31625	0.4675	0.31625	0.245	0.09375	0.35625	0.41625	0.14375	0.23125	0.38125	-0.7	-0.933333	0.9	0.0428571	0.0333333	0.2822	0.421467	0.31	0.326457	0.312922
0.12	0.5	0.73	0.5	0.12	0.5	0.88	0.05	0.05	0.12	0.02	0.95	0.12	0.05	0.27	0.73	0.95	0.01	0.12	0.27	0.27375	0.2925	0.31875	0.3475	0.13	0.31625	0.41625	0.17	0.33125	0.29375	0.345	0.35375	0.36125	0.27375	0.0475	0.385	0.36	0.14375	0.2375	0.39125	-0.8	1	0.2	-0.1	-0.266667	0.5108	0.300033	0.34248	0.313243	0.3268
0.02	0.01	0.02	0	0.02	0.01	0.01	0	0.01	0.98	0.98	0.01	0.88	0.5	0.01	0.01	0.05	0.02	0.05	0.95	0.28625	0.4575	0.33125	0.3775	0.1425	0.4625	0.5525	0.145	0.245	0.18625	0.23	0.56	0.26625	0.22125	0.07625	0.475	0.53	0.1425	0.2425	0.29375	4.5	1	-0.44	-0.242857	-0.377778	0.1071	0.3196	0.30856	0.338343	0.336
0.12	0.05	0.5	0.27	0.02	0.05	0.05	0.02	0.05	0.02	0.02	0.27	0.05	0.02	0.02	0.95	1	0.01	0.27	0.05	0.25875	0.41875	0.27	0.34375	0.14	0.45125	0.54625	0.14125	0.2075	0.22125	0.34125	0.52125	0.29375	0.28375	0.07375	0.355	0.405	0.025	0.18625	0.29875	-0.7	-0.233333	0.06	-0.7	-0.377778	0.3409	0.249933	0.32296	0.339157	0.326889
0.05	1	0.02	0.02	0	0.5	0.27	0.01	0.05	0	0	0.73	0.01	0	0	0.02	0.01	0	0.01	0.01	0.2675	0.24	0.33	0.38375	0.1275	0.3475	0.53375	0.1375	0.13125	0.21875	0.33875	0.37875	0.26625	0.27375	0.06375	0.38625	0.46875	0.02	0.12875	0.27125	-4.5	-1.13333	-0.68	-0.2	-0.622222	0.3018	0.3323	0.31622	0.312629	0.308744
0.99	0.12	0.27	0.5	0.12	0.27	0.88	0.27	0.12	0.02	0.02	0.27	0.02	0.05	0.12	0.73	0.27	0.01	0.02	0.12	0.1975	0.33125	0.3175	0.4	0.02375	0.42375	0.5175	0.0475	0.10375	0.16	0.26	0.43625	0.18875	0.20625	0.04875	0.345	0.37875	0.01375	0.09625	0.1725	1.8	-2.4	-1.02	-0.585714	-0.933333	0.3542	0.3777	0.3141	0.283671	0.339556
0.12	0.95	0.12	0.73	0.01	0.95	0.95	0.02	0.27	0.05	0.05	0.98	0.05	0.05	0.02	0.12	0.73	0.01	0.02	0.02	0.2975	0.16625	0.245	0.30875	0.025	0.2775	0.39875	0.0725	0.07875	0.26	0.37875	0.23	0.2925	0.20625	0.0275	0.33625	0.205	0.01375	0.08375	0.185	-4.5	0.0333333	-1.58	-1.72857	-0.422222	0.4771	0.309267	0.30754	0.3483	0.303111
0	0	0	0	0	0	0	0	0.01	0.05	0.88	0	0.27	1	0	0	0	0.05	0.27	0.02	0.3725	0.285	0.32	0.4025	0.14875	0.3975	0.51875	0.0775	0.11125	0.26	0.1675	0.35375	0.17	0.0275	0.03125	0.38375	0.4125	0.0975	0.04875	0.17625	2.8	-1.73333	-1.38	-1.08571	-0.644444	0.0965	0.2939	0.35908	0.325714	0.300067
0.27	0.02	0.88	0.95	0	0.5	1	0.01	0.27	0.01	0.01	0.05	0.01	0.02	0.02	0.05	0.02	0	0.01	0.01	0.43375	0.31	0.21	0.3125	0.1525	0.43875	0.4975	0.1075	0.10625	0.2775	0.28875	0.405	0.25875	0.15	0.04125	0.36875	0.31875	0.105	0.05375	0.1775	-3.5	-1.4	-0.98	-0.0857143	-0.655556	0.3081	0.321367	0.3248	0.293986	0.313489
0.88	0.12	0.27	0.73	0.02	0.88	0.98	0.27	0.12	0.05	0.12	0.5	0.12	0.01	0.05	0.88	0.27	0.01	0.02	0.05	0.36625	0.17875	0.34625	0.46125	0.15125	0.34375	0.52875	0.08875	0.2375	0.275	0.27625	0.29125	0.245	0.15125	0.16125	0.325	0.32	0.10375	0.05375	0.18625	-3.5	-1.06667	0.42	-0.457143	-0.544444	0.5595	0.350133	0.24532	0.309343	0.333522
0.05	0.01	0	0	0.02	0.01	0	0	0	0.95	1	0.01	0.98	0.05	0	0.05	0.02	0.01	0.02	0.27	0.3525	0.17875	0.34625	0.49	0.1375	0.42	0.54125	0.08875	0.2375	0.2225	0.28875	0.32	0.22625	0.17375	0.1525	0.33875	0.32	0.10375	0.0575	0.15875	3.8	0.933333	-0.3	-0.314286	-0.322222	0.1828	0.274	0.31836	0.310057	0.305411
0.5	0.01	0.5	0.02	1	0.02	0.02	0.02	0.01	0.98	0.12	0.02	0.12	0.02	0.02	0.27	0.98	0.73	0.02	0.88	0.2875	0.06125	0.27	0.39625	0.01625	0.30125	0.42125	0.08375	0.20375	0.33125	0.5025	0.1975	0.36125	0.29375	0.14875	0.29875	0.17125	0.0275	0.07	0.20375	2.5	1.83333	-0.3	-0.171429	0.488889	0.0797	0.2414	0.35316	0.310729	0.264389
0.88	0.27	0.5	0.5	0.05	0.88	0.88	0.27	0.27	0.12	0.12	0.73	0.5	0.02	0.12	0.88	0.27	0.02	0.05	0.05	0.33125	0.13875	0.36125	0.44625	0.13625	0.30375	0.42375	0.0675	0.185	0.43875	0.39875	0.2275	0.295	0.17	0.1425	0.25625	0.29375	0.11125	0.03875	0.3075	-0.8	-0.6	1.16	0.728571	-0.322222	0.4617	0.341167	0.2615	0.282129	0.317433
0.12	0.05	0.5	0.99	0.01	0.12	0.5	0.12	0.95	0.02	0.01	0.27	0.01	0	0.99	0.5	0.27	0	0.02	0.12	0.4075	0.28875	0.26625	0.2725	0.14125	0.37	0.36125	0.1	0.0725	0.45	0.4125	0.40125	0.38875	0.17	0.0325	0.33125	0.29375	0.11375	0.0425	0.29875	-3.5	-0.166667	0.96	0.585714	-0.0222222	0.4821	0.348333	0.24652	0.284186	0.327267
0.05	0.01	0	0	0.01	0.01	0	0	0	0.5	1	0.01	0.73	0.27	0	0.01	0.02	0.01	0.05	0.12	0.3125	0.28125	0.31	0.3075	0.2625	0.27625	0.30375	0.08375	0.1775	0.39875	0.3075	0.37375	0.29	0.13625	0.1525	0.3925	0.41625	0.11125	0.0375	0.355	3.8	1.03333	-0.44	-0.0714286	0.288889	0.1012	0.2304	0.34536	0.314729	0.277289
0.05	0.01	0.01	0	0.02	0.01	0.01	0	0.01	0.95	0.88	0.01	0.27	0.98	0.01	0.02	0.5	0.12	0.12	0.99	0.3125	0.37125	0.31125	0.31	0.26125	0.29	0.33625	0.085	0.1825	0.3425	0.32	0.435	0.34375	0.05625	0.1575	0.39125	0.3875	0.09875	0.0325	0.275	2.8	0.7	-0.44	-0.528571	0.288889	0.1079	0.261	0.33234	0.319014	0.282022
0.73	0.88	0.73	0.88	0.01	0.88	0.88	0.12	0.12	0.05	0.05	0.95	0.12	0.01	0.05	0.27	0.27	0.01	0.05	0.02	0.25625	0.32375	0.1925	0.28875	0.14375	0.24125	0.335	0.13	0.1825	0.36625	0.4425	0.40625	0.43875	0.19	0.2125	0.38875	0.35625	0.02375	0.05375	0.34875	-4.5	-0.833333	0.12	0.128571	-0.377778	0.5739	0.359467	0.25786	0.285257	0.335567
0.12	1	0.12	0.05	0	0.27	0.12	0.12	0.05	0	0.01	0.98	0.27	0	0.01	0.27	0.02	0	0.01	0.01	0.31375	0.28125	0.2075	0.33125	0.14125	0.21	0.3225	0.0975	0.1725	0.3725	0.435	0.3175	0.35875	0.18875	0.3275	0.37	0.36875	0.0225	0.0525	0.35	-0.8	-2	0.12	0.128571	-0.466667	0.3966	0.360067	0.2827	0.296614	0.324122
0.05	0.02	0.12	0.02	0.99	0.02	0.02	0.02	0.01	0.12	0.27	0.02	0.05	0.01	0.02	0.88	1	0	0.01	0.5	0.3225	0.39875	0.14625	0.21125	0.14125	0.2275	0.2725	0.0975	0.05875	0.465	0.46375	0.405	0.47625	0.25	0.20375	0.2375	0.275	0.02375	0.0525	0.39625	-0.7	0.766667	-1.14	-0.642857	0.388889	0.1097	0.2439	0.37344	0.3334	0.2915
0.05	0.73	0.02	0.02	0.02	0.12	0.27	0.01	0.05	0.95	0.98	0.5	0.95	0.12	0.05	0.05	0.27	0.02	0.05	0.5	0.3225	0.4325	0.1925	0.245	0.26125	0.32375	0.36	0.10125	0.11625	0.30125	0.25625	0.4625	0.27875	0.20375	0.2025	0.355	0.37875	0.02125	0.0475	0.38375	3.8	-0.133333	-0.56	-0.442857	-0.422222	0.2254	0.2989	0.3304	0.344914	0.328489
0.73	0.5	0.27	0.73	0.05	0.5	0.88	0.5	0.12	0.27	0.27	0.73	0.73	0.12	0.5	0.5	0.5	0.02	0.12	0.5	0.24625	0.5825	0.25125	0.21875	0.25625	0.39375	0.31625	0.04625	0.14	0.27375	0.2375	0.555	0.2875	0.08375	0.1475	0.33	0.35	0.0075	0.02625	0.275	-3.5	-0.433333	0.44	-0.3	-1.16667	0.5616	0.3819	0.28878	0.324943	0.376889
0.73	0.05	0.01	0.01	0.02	0.02	0.02	0.01	0.12	0.12	0.02	0.05	0.01	0	1	0.73	0.12	0	0	0.05	0.28	0.53	0.19375	0.2	0.35	0.34625	0.31625	0.09875	0.12625	0.30125	0.29625	0.52375	0.36875	0.09875	0.08125	0.30125	0.42625	0.00875	0.03625	0.43875	-1.6	-0.3	-0.12	-0.742857	-0.466667	0.3587	0.3696	0.35366	0.345929	0.3233
0.12	0.01	0.01	0	1	0.01	0	0.02	0	0.88	0.5	0.01	0.73	0.5	0.01	0.05	0.5	0.01	0.02	0.98	0.34375	0.41125	0.17875	0.195	0.23	0.315	0.30375	0.0825	0.135	0.2975	0.36	0.40625	0.355	0.0425	0.20375	0.3525	0.37875	0.00875	0.035	0.38375	4.2	-0.3	-1.66	-0.385714	0.0444444	0.1885	0.3271	0.41728	0.343343	0.290678
0.05	0.99	0.27	0.27	0	0.88	0.95	0.02	0.5	0.02	0.05	0.95	0.05	0.01	0.02	0.12	0.12	0.01	0.05	0.02	0.40875	0.41	0.165	0.1925	0.2325	0.26625	0.27375	0.0825	0.105	0.39125	0.385	0.41	0.44	0.10375	0.2025	0.29625	0.3075	0.01	0.0325	0.4425	-3.5	-1.06667	-0.6	-0.385714	-0.377778	0.4341	0.3887	0.32328	0.325857	0.353189
0.12	0.98	0.73	0.5	0.01	0.95	0.27	0.05	0.27	0.05	0.02	0.98	0.12	0.02	0.02	0.27	0.5	0.01	0.02	0.12	0.39625	0.32125	0.13875	0.28625	0.22875	0.33375	0.3875	0.08375	0.13375	0.26875	0.26625	0.35875	0.3125	0.0875	0.1975	0.28625	0.22875	0.0075	0.03	0.3675	-3.9	-1.86667	0.48	-0.528571	-1.18889	0.5435	0.3564	0.27214	0.341671	0.374511
1	0.01	0.01	0.01	0.73	0.02	0.02	0.05	0.01	0.12	0.27	0.02	0.05	0.01	0.02	0.27	0.5	0	0.01	0.88	0.32	0.38125	0.1975	0.2625	0.195	0.39	0.31125	0.0275	0.1525	0.2325	0.2025	0.39	0.2325	0.075	0.1375	0.33375	0.2	0.00625	0.0175	0.225	1.8	0.566667	-1.26	-0.8	-0.6	0.0916	0.246033	0.3689	0.350043	0.323111
0.02	0.01	0	0	0.02	0.01	0	0	0	0.73	1	0	0.88	0.05	0	0	0.02	0.01	0.02	0.5	0.36625	0.4375	0.28875	0.35375	0.2825	0.45125	0.345	0.15625	0.15375	0.14125	0.10875	0.50875	0.13	0.07	0.0175	0.29125	0.2475	0.00625	0.0175	0.2675	3.8	0.366667	-1.26	-1.14286	-0.855556	0.103	0.288967	0.36554	0.337257	0.370289
0.5	0.99	0.27	0.27	0.01	0.5	0.73	0.02	0.27	0.01	0.02	0.99	0.05	0.01	0.02	0.5	0.05	0.01	0.02	0.01	0.29375	0.315	0.25375	0.32	0.17375	0.39	0.255	0.15125	0.1225	0.24	0.2925	0.38625	0.26125	0.075	0.015	0.22375	0.19625	0.03875	0.03	0.325	-4.5	-1.4	-0.12	-1.2	-0.9	0.6723	0.397533	0.27664	0.387143	0.369878
0.02	0.01	0.27	1	0	0.73	0.5	0.05	0.05	0	0	0.12	0	0	0.01	0.12	0.02	0	0	0	0.41	0.3475	0.2825	0.31375	0.1775	0.285	0.275	0.16	0.09375	0.24125	0.29	0.48625	0.26375	0.07625	0.02875	0.375	0.30375	0.04	0.02875	0.32625	-3.5	-2.06667	-1.26	-0.1	-0.9	0.4173	0.3962	0.41498	0.3359	0.3806
1	0.01	0.02	0.05	0.5	0.02	0.02	0.05	0.01	0.05	0.01	0.02	0.02	0.01	0.02	0.88	0.27	0	0.01	0.12	0.3825	0.2875	0.25625	0.37625	0.12	0.28875	0.31625	0.16	0.07125	0.29125	0.34875	0.495	0.30875	0.0875	0.14375	0.28	0.2725	0.045	0.03125	0.3875	1.8	-1.86667	-1.26	-0.857143	-0.9	0.099	0.4332	0.43134	0.398614	0.359744
0.12	0.5	0.73	0.73	0.01	0.5	0.27	0.99	0.12	0	0	0.98	0.02	0	0.02	0.12	0.02	0.01	0.01	0.01	0.43	0.24	0.2575	0.4125	0.0925	0.28875	0.40125	0.09875	0.0625	0.285	0.3175	0.435	0.30875	0.08875	0.1475	0.46	0.275	0.045	0.0325	0.29375	-3.9	0.566667	-1.06	-1.95714	-0.9	0.7833	0.3557	0.403	0.434729	0.424311
0.02	0.01	0	0	0.12	0.01	0.01	0	0.02	0.95	0.99	0.02	0.95	0.5	0.01	0.01	0.12	0.27	0.12	0.95	0.44625	0.30625	0.3825	0.62875	0.07625	0.4675	0.55625	0.225	0.10875	0.075	0.07	0.58875	0.085	0.02	0.15125	0.5075	0.26625	0.01125	0.0175	0.115	3.8	-1.2	-1.14	-1.05714	-1.71111	0.1848	0.499567	0.3907	0.434786	0.459289
0.5	0.27	0.5	0.95	0.02	0.27	0.88	0.12	0.05	0.02	0.01	0.88	0.02	0.01	0.12	0.95	0.95	0.01	0.02	0.02	0.32625	0.15	0.28625	0.47625	0.09	0.3725	0.35625	0.2075	0.07125	0.315	0.2525	0.3575	0.21	0.08625	0.135	0.32875	0.1625	0.0425	0.03	0.35375	-3.5	-1.2	-1.14	-1.05714	-0.711111	0.5306	0.357067	0.50544	0.434857	0.39
0.88	0.5	0.27	0.05	0.05	0.27	0.12	0.05	0.05	0.5	0.5	0.95	0.5	0.12	0.95	0.27	0.5	0.05	0.05	0.73	0.2825	0.135	0.39125	0.5875	0.0925	0.3725	0.45125	0.21625	0.1875	0.27	0.225	0.425	0.165	0.075	0.0325	0.4325	0.23125	0.03875	0.04125	0.2675	-3.9	-1.86667	-1.06	-0.671429	-0.677778	0.3558	0.5197	0.43234	0.427671	0.389856
0.5	0.12	0.73	0.98	0.02	0.5	0.95	0.5	0.05	0.02	0.01	0.5	0.05	0.01	0.05	0.95	0.27	0.01	0.02	0.02	0.23875	0.19625	0.365	0.58375	0.035	0.4325	0.46875	0.245	0.2775	0.32625	0.28625	0.57	0.23375	0.09375	0.145	0.27125	0.2325	0.045	0.05	0.34375	1.8	-1.86667	-0.92	-0.571429	-1.26667	0.6727	0.4821	0.40512	0.3752	0.413489
0.05	0.05	0.27	1	0	0.95	0.98	0.02	0.27	0	0.01	0.27	0.02	0	0.02	0.27	0.05	0	0.01	0.01	0.28625	0.1425	0.3325	0.49	0.03875	0.315	0.43125	0.18125	0.235	0.45125	0.32	0.4775	0.25	0.10125	0.14625	0.3425	0.29125	0.045	0.0525	0.46875	-3.5	0.933333	-0.86	-1.61429	-0.411111	0.4178	0.379733	0.3822	0.393329	0.330222
0.02	0	0	0	0.02	0	0	0	0	1	0.5	0	0.12	0.05	0	0.01	0.05	0	0.02	0.99	0.29375	0.14875	0.36625	0.61625	0.02375	0.43375	0.615	0.18375	0.26625	0.33	0.1975	0.51	0.13375	0.035	0.14875	0.375	0.2825	0.01125	0.03875	0.3525	4.5	-0.733333	-0.78	-0.571429	-0.366667	0.0487	0.294167	0.37338	0.322371	0.3146
0.05	0.12	0.88	0.99	0.05	0.73	0.5	0.05	0.98	0.12	0.27	0.73	0.12	0.02	0.02	0.27	0.12	0.01	0.12	0.02	0.23	0.10125	0.19375	0.37375	0.02	0.31	0.4425	0.1625	0.1375	0.5	0.34875	0.31	0.25625	0.0525	0.13125	0.225	0.1575	0.01	0.02625	0.505	-3.2	-0.733333	-0.38	0.585714	0.444444	0.416	0.2588	0.24562	0.277857	0.259956
0.27	0.12	0.27	0.95	0.01	0.73	0.99	0.73	0.73	0.02	0.01	0.73	0.12	0.05	0.02	0.27	0.05	0.01	0.05	0.02	0.09875	0.03875	0.2425	0.3725	0.08125	0.27625	0.36625	0.07375	0.1625	0.5125	0.325	0.19125	0.2	0.03625	0.0125	0.19375	0.10625	0.00375	0.03	0.53875	-3.5	-0.966667	1.16	0.871429	1.34444	0.3117	0.253867	0.1709	0.1873	0.224978
0.05	0	0.01	0	0.02	0.01	0	0	0	0.98	0.27	0.01	0.12	0.05	0	0.01	0.27	0	0.02	1	0.06625	0.03875	0.18625	0.37	0.0775	0.30375	0.37125	0.2275	0.2475	0.39	0.29125	0.22	0.19375	0.035	0.00875	0.11	0.04625	0.00375	0.03125	0.41375	3.8	1.5	1.02	1.97143	1.1	0.0339	0.129933	0.16892	0.133471	0.175856
0.05	0.01	0	0.01	0.02	0.01	0.5	0	0	0.98	0.5	0.01	0.12	0.02	0.01	0.01	0.05	0	0.02	1	0.06625	0.03125	0.15625	0.245	0.0775	0.185	0.18625	0.35	0.21375	0.39	0.26125	0.1875	0.19125	0.03875	0.005	0.0825	0.06875	0.00375	0.03	0.4125	4.2	3.93333	2.5	1.27143	1.44444	0.0442	0.0389667	0.09392	0.159457	0.183944
0.02	0.01	0	0	0.02	0.01	0	0	0	0.5	0.99	0.01	1	0.12	0	0.01	0.02	0.01	0.02	0.27	0.1775	0.03375	0.1625	0.24875	0.09	0.27625	0.255	0.365	0.21625	0.32625	0.13875	0.19375	0.185	0.02125	0.02125	0.20625	0.1	0.0025	0.02875	0.3825	3.8	4.06667	3.12	1.67143	0.855556	0.0388	0.0413333	0.0777	0.170114	0.205544
0.05	0	0.05	0	0.5	0	0	0.02	0	0.5	0.05	0	0.05	0.02	0	0.02	0.02	0	0.01	1	0.1825	0.02125	0.04875	0.12625	0.025	0.18875	0.195	0.3575	0.095	0.31375	0.22375	0.10625	0.29125	0.03125	0.02	0.2625	0.21	0.0025	0.01625	0.29125	4.2	2.53333	2.28	2.05714	1.13333	0.041	0.103467	0.16904	0.160314	0.1711
0.02	0	0.02	0.01	0	0	0	1	0	0	0	0.01	0	0	0	0.02	0.01	0	0	0	0.15375	0.13125	0.03375	0.0075	0.08625	0.16	0.07375	0.14375	0.00625	0.37375	0.22875	0.02875	0.28375	0.0275	0.0175	0.23	0.20625	0.00125	0.01125	0.41375	-0.4	1.13333	1.28	1.41429	1.02222	0.2306	0.254067	0.20882	0.170614	0.177111
0.05	0	0.02	0.01	0	0	0	1	0	0	0	0.01	0	0	0	0.05	0.01	0	0	0	0.14625	0.1325	0.0325	0.0075	0.08625	0.16	0.07375	0.14375	0.00625	0.375	0.22875	0.02875	0.39375	0.0275	0.0175	0.23125	0.1875	0.0025	0.01125	0.4075	-0.4	-0.533333	0.38	0.171429	1.1	0.4906	0.321433	0.22226	0.216557	0.187056
0.88	0.02	0.05	0.02	0.12	0.73	0.05	0.12	0.02	0.01	0.01	0.05	0.95	0.01	0.12	1	0.27	0	0.01	0.02	0.0375	0.12875	0.02875	0.005	0.06875	0.06875	0.00625	0.25375	0.00375	0.25125	0.16625	0.02375	0.26	0.02375	0.12625	0.1125	0.15	0.0025	0.0225	0.28125	-0.8	-0.633333	-1.36	0.271429	0.455556	0.2431	0.2799	0.28722	0.228643	0.21
0.12	0.01	0.02	0.01	0.01	0.02	0.02	0.01	0.01	0.02	0.01	0.02	0.02	0	0.01	0.73	1	0	0.01	0.02	0.24	0.19125	0.0475	0.0125	0.11375	0.21875	0.025	0.27375	0.0675	0.22125	0.13375	0.145	0.3425	0.04375	0.14625	0.17875	0.07125	0.00375	0.05375	0.28125	-0.7	-2	-0.38	-0.557143	-0.4	0.106	0.2383	0.26578	0.2586	0.248522
0.01	1	0.12	0.01	0	0.5	0.02	0	0.02	0	0	0.12	0.01	0	0	0.01	0.01	0	0	0	0.25375	0.0675	0.02875	0.0125	0.055	0.16	0.025	0.2725	0.06625	0.28	0.19125	0.1325	0.37125	0.04375	0.1475	0.2675	0.19875	0.00375	0.05625	0.28375	-4.5	-0.233333	-0.62	-1.05714	-0.4	0.3658	0.1984	0.2178	0.280729	0.249578
0.02	0.01	0	0	0.02	0.01	0	0	0	0.99	0.27	0.01	1	0.05	0	0.05	0.12	0.01	0.02	0.95	0.25625	0.31375	0.0475	0.015	0.0675	0.34625	0.0425	0.14875	0.1025	0.17125	0.15875	0.23625	0.25375	0.03875	0.14875	0.275	0.19	0.00375	0.06	0.17125	4.5	-0.533333	-1.24	-0.4	-0.744444	0.1234	0.246633	0.24628	0.217857	0.255878
0.01	0	0	0	0	0.01	0.01	0	0	0	0.01	0.01	0	0	1	0.01	0.01	0	0.12	0.01	0.285	0.425	0.1075	0.105	0.07125	0.465	0.16375	0.03	0.13625	0.29625	0.19375	0.35375	0.38125	0.0475	0.03	0.33625	0.23625	0.00625	0.05	0.29125	-1.6	-0.333333	-0.26	-0.785714	-1.13333	0.2507	0.2532	0.23518	0.224171	0.259211
0.88	0.5	0.12	0.05	0.27	0.5	0.12	0.05	0.5	0.27	0.73	0.95	0.73	0.27	0.05	0.27	0.12	0.02	0.27	0.27	0.17625	0.4225	0.0925	0.1025	0.02875	0.40375	0.20625	0.015	0.0775	0.32375	0.2125	0.32125	0.29	0.04625	0.14	0.2125	0.2225	0.01875	0.045	0.31875	-3.9	-0.433333	-0.06	-1.24286	-0.622222	0.3855	0.2289	0.21948	0.2834	0.249567
0.05	0	0	0	0.02	0.01	0	0	0	0.95	0.5	0	0.27	0.02	0	0.01	0.05	0	0.02	1	0.28	0.48375	0.105	0.1075	0.06125	0.46375	0.21875	0.02	0.13875	0.355	0.33125	0.43875	0.36	0.0925	0.14625	0.155	0.1125	0.02125	0.0775	0.35	4.2	-1.06667	-1.74	-0.0571429	-0.122222	0.0505	0.2411	0.29892	0.253471	0.2468
0.05	0.98	0.05	0.02	0.12	1	0.12	0.01	0.27	0.12	0.01	0.73	0.05	0.01	0.01	0.12	0.05	0.01	0.05	0.05	0.37	0.3275	0.09875	0.11875	0.05125	0.3875	0.2925	0.12875	0.1175	0.46125	0.39875	0.455	0.3925	0.095	0.15125	0.23125	0.17375	0.02125	0.07625	0.48375	-3.5	-1.06667	-0.66	-0.157143	-0.0111111	0.2873	0.286133	0.28004	0.247429	0.2559
0.27	0.88	0.5	0.73	0.01	0.95	0.98	0.05	0.27	0.01	0.02	0.95	0.02	0.02	0.05	0.5	0.27	0.01	0.02	0.02	0.37375	0.40125	0.13375	0.1525	0.06375	0.48375	0.3075	0.13	0.1325	0.3525	0.365	0.53625	0.27375	0.08875	0.14875	0.24	0.14625	0.02125	0.08	0.37	-3.9	-1.2	0.88	-0.428571	-0.9	0.5206	0.3214	0.21916	0.275571	0.310189
0.88	0.5	0.05	0.05	0.05	0.73	0.5	0.05	0.05	0.5	0.88	0.73	0.95	0.27	0.05	0.27	0.27	0.12	0.12	0.5	0.31125	0.45	0.19	0.2375	0.06	0.51125	0.3675	0.13	0.175	0.3825	0.36625	0.56375	0.22	0.1825	0.02375	0.26875	0.1475	0.07	0.17125	0.3425	3.8	1.23333	-0.66	-0.371429	-0.411111	0.1563	0.252667	0.2986	0.307929	0.315778
0.12	0	0	0	0.02	0.01	0	0	0	0.95	0.73	0.01	0.12	0.12	0.01	0.01	0.05	0	0.02	1	0.2975	0.45	0.18125	0.2375	0.03	0.53875	0.415	0.13	0.12	0.32625	0.3275	0.535	0.26625	0.2925	0.0225	0.26875	0.25125	0.08875	0.18375	0.2525	3.8	1.36667	-0.66	-0.571429	0.333333	0.0811	0.228367	0.36354	0.343714	0.3039
0.73	0.73	0.12	0.12	0.02	0.88	0.73	0.88	0.12	0.02	0.05	0.98	0.05	0.01	0.05	0.73	0.5	0.01	0.02	0.12	0.22125	0.36125	0.28875	0.25625	0.03	0.43125	0.32625	0.145	0.11125	0.32375	0.35	0.41625	0.2425	0.30375	0.02	0.18375	0.19125	0.0875	0.18125	0.2375	-3.5	-1.06667	0.68	0.328571	-0.522222	0.4477	0.380267	0.31962	0.342471	0.395578
0.27	0.5	0.73	0.98	0.01	0.73	0.98	0.05	0.12	0.01	0.01	0.88	0.02	0.01	0.02	0.5	0.12	0.01	0.02	0.01	0.30625	0.27	0.22125	0.1525	0.01875	0.33125	0.2825	0.3725	0.08375	0.31125	0.355	0.34375	0.2425	0.30375	0.025	0.2125	0.23875	0.08875	0.17625	0.24625	-3.5	-1.4	0.48	0.385714	-0.177778	0.612	0.453567	0.34408	0.393186	0.5197
