0.5	0.02	0.12	0.05	0.99	0.05	0.12	0.99	0.05	0.02	0.05	0.05	0.27	0.88	0.02	0.27	0.05	0.05	0.12	0.05	0.3	0.3625	0.195	0.24625	0.175	0.25125	0.31125	0.16125	0.35375	0.4775	0.41625	0.29875	0.305	0.16125	0.40375	0.25375	0.26375	0.1575	0.3225	0.4875	1.8	-0.0666667	1.56	1.42857	1.07778	0.4142	0.5028	0.46216	0.557229	0.559578
0.12	0.02	0.05	0.02	0.05	0.05	0.02	0.02	0.02	0.88	0.88	0.05	0.27	0.12	0.99	0.05	0.05	1	0.73	0.5	0.3475	0.30125	0.2925	0.35875	0.2925	0.16625	0.32375	0.31	0.24875	0.36875	0.3075	0.25125	0.2925	0.25125	0.3775	0.3575	0.26375	0.03375	0.215	0.4275	-1.6	1.46667	0.48	1.48571	1.18889	0.4	0.4559	0.57132	0.472757	0.536311
0.27	0.88	0.27	0.27	0.05	0.5	0.88	0.05	0.88	0.5	0.12	0.73	0.5	0.05	0.05	0.73	0.5	0.05	0.5	0.73	0.3575	0.225	0.2775	0.3325	0.25875	0.16625	0.2475	0.3375	0.15375	0.38875	0.355	0.255	0.23625	0.23125	0.58375	0.3	0.255	0.16125	0.32	0.4175	4.2	0.333333	1.4	0.442857	0.377778	0.5535	0.582733	0.47324	0.5404	0.492233
0.27	0.12	0.73	0.98	0.02	0.27	0.95	0.05	0.12	0.02	0.02	0.27	0.05	0.02	0.99	0.27	0.27	0.02	0.02	0.05	0.3575	0.32	0.33625	0.35625	0.25375	0.25125	0.295	0.365	0.2575	0.3925	0.2725	0.33125	0.27375	0.20375	0.34875	0.43375	0.3125	0.16375	0.38	0.39875	-1.6	2.26667	0.34	0	-0.433333	0.7947	0.517333	0.53488	0.498143	0.552867
0.73	0.73	0.05	0.02	0.12	0.12	0.05	0.05	0.73	0.95	0.5	0.27	0.27	0.27	0.05	0.27	0.5	0.05	0.88	0.95	0.3	0.25625	0.525	0.5375	0.24125	0.30125	0.515	0.27375	0.19375	0.27875	0.21375	0.3875	0.2475	0.17375	0.555	0.51	0.34	0.15875	0.28625	0.2875	4.2	-0.3	-0.04	-0.757143	-0.777778	0.2038	0.573633	0.53456	0.552486	0.518289
0.12	0.5	0.98	0.99	0.02	0.27	0.5	0.27	0.12	0.01	0.01	0.5	0.02	0.01	0.88	0.88	0.12	0.01	0.02	0.02	0.37625	0.31625	0.40875	0.425	0.1325	0.33875	0.55375	0.1375	0.2975	0.4	0.3025	0.44375	0.25125	0.09875	0.5725	0.4625	0.415	0.16	0.385	0.4125	-3.5	-0.933333	-1.58	-1.02857	-1.36667	0.7224	0.441533	0.58278	0.550057	0.550656
0.5	0.27	0.12	0.05	0.73	0.5	0.27	0.27	0.12	0.73	0.5	0.73	0.73	0.27	0.73	0.27	0.5	0.12	0.73	0.88	0.32875	0.37625	0.60125	0.65	0.04	0.395	0.7025	0.22625	0.405	0.215	0.13375	0.4425	0.1625	0.0575	0.47375	0.62375	0.37625	0.08375	0.2675	0.24875	-3.5	-3.5	-1.96	-2.12857	-1.23333	0.3984	0.638467	0.50044	0.571771	0.5489
0.5	0.12	0.98	0.95	0.05	0.5	0.5	0.27	0.12	0.05	0.12	0.27	0.12	0.02	0.05	0.88	0.73	0.01	0.05	0.05	0.3575	0.2875	0.4625	0.50625	0.13375	0.33875	0.56625	0.2225	0.2975	0.35625	0.27625	0.415	0.2675	0.1925	0.555	0.47125	0.3475	0.0975	0.305	0.38375	-3.5	-3.5	-3.5	-1.95714	-1.27778	0.7946	0.525333	0.60078	0.513129	0.489967
0.12	0.12	0.95	0.99	0.02	0.27	0.88	0.27	0.12	0.02	0.01	0.5	0.02	0.02	0.73	0.73	0.5	0.01	0.12	0.02	0.405	0.36375	0.4375	0.44125	0.1375	0.4575	0.51	0.2225	0.2975	0.3725	0.35	0.4625	0.3075	0.1925	0.40875	0.49	0.3575	0.0975	0.3	0.39625	-3.5	-3.5	-2.88	-2.01429	-1.48889	0.383	0.6277	0.53314	0.487314	0.448833
0.5	0.27	0.12	0.12	0.02	0.5	0.88	0.12	0.27	0.05	0.27	0.73	0.05	0.02	0.99	0.5	0.27	0.02	0.05	0.12	0.32875	0.345	0.55	0.63875	0.15625	0.52375	0.6275	0.24125	0.22125	0.25625	0.2575	0.49125	0.36125	0.16125	0.40375	0.5475	0.3575	0.0925	0.205	0.27125	-3.5	-2.46667	-1.42	-2.01429	-2.45556	0.7055	0.4909	0.45808	0.444757	0.480367
0.12	0.27	0.73	0.88	0.02	0.73	0.98	0.73	0.88	0.12	0.02	0.27	0.27	0.05	0.05	0.73	0.12	0.5	0.5	0.05	0.48	0.28875	0.3575	0.42625	0.26375	0.47625	0.55875	0.165	0.13625	0.30875	0.37875	0.4925	0.365	0.19	0.4175	0.5	0.47125	0.03375	0.1525	0.36875	-0.4	-0.0333333	-1.42	-2.15714	-1.86667	0.3842	0.370933	0.38406	0.4575	0.403
0.5	0.02	0.02	0.02	0.12	0.05	0.02	0.02	0.02	0.95	0.88	0.05	0.73	0.88	0.02	0.12	0.5	0.05	0.12	0.98	0.48875	0.2925	0.43375	0.53	0.175	0.505	0.65125	0.31125	0.23125	0.1475	0.3275	0.435	0.27875	0.0675	0.33625	0.5575	0.37625	0.0775	0.115	0.2525	3.8	-0.0333333	-1.62	-1.4	-1.05556	0.0231	0.277267	0.40498	0.347714	0.362022
0.27	0.73	0.5	0.5	0.02	0.99	0.88	0.05	0.12	0.12	0.5	0.88	0.27	0.02	0.5	0.27	0.12	0.02	0.05	0.12	0.48875	0.3075	0.3425	0.41375	0.1875	0.41625	0.6	0.33625	0.26625	0.25125	0.375	0.36	0.33625	0.17875	0.30375	0.49125	0.42375	0.19875	0.1325	0.36	-3.5	-1.4	-0.56	-0.357143	-1.05556	0.4245	0.311733	0.2691	0.297229	0.313989
0.5	0.73	0.12	0.73	0.27	0.88	0.99	0.05	0.27	0.05	0.02	0.73	0.73	0.02	0.27	0.5	0.27	0.02	0.05	0.05	0.5075	0.3075	0.2775	0.26375	0.15625	0.4025	0.53875	0.305	0.355	0.2725	0.4675	0.33125	0.29125	0.30125	0.24375	0.38625	0.3575	0.32	0.23625	0.3725	-4.5	-2.06667	0.28	-0.357143	-0.355556	0.4876	0.312733	0.19818	0.2482	0.296067
0.95	0.05	0.05	0.05	0.88	0.12	0.05	0.27	0.05	0.5	0.73	0.05	0.27	0.27	0.05	0.73	0.88	0.02	0.05	0.73	0.5125	0.365	0.2775	0.34	0.14	0.44125	0.5525	0.2775	0.355	0.24375	0.35125	0.33125	0.34875	0.2825	0.15375	0.41375	0.28125	0.32	0.23625	0.36375	1.8	0.366667	-1.18	0.1	0.233333	0.0261	0.1811	0.26602	0.224986	0.218433
0.95	0.05	0.02	0.02	0.12	0.05	0.05	0.73	0.02	0.27	0.95	0.05	0.5	0.12	0.05	0.12	0.12	0.02	0.05	0.88	0.53125	0.3375	0.1925	0.23625	0.23875	0.365	0.43625	0.13	0.25125	0.37625	0.43125	0.33125	0.405	0.31	0.15	0.405	0.42375	0.26	0.18	0.4625	3.8	0.7	0.08	-0.185714	0.488889	0.0296	0.139333	0.22546	0.222657	0.1801
0.27	0.95	0.73	0.5	0.05	0.73	0.95	0.5	0.5	0.05	0.12	0.5	0.12	0.05	0.27	0.5	0.73	0.95	0.12	0.05	0.66375	0.2375	0.1925	0.28375	0.23875	0.365	0.43125	0.17125	0.28	0.29125	0.43125	0.33125	0.395	0.2425	0.15375	0.43375	0.3475	0.14375	0.19	0.4775	-3.5	1.03333	1.34	0.585714	0.266667	0.3623	0.204533	0.1293	0.167614	0.231556
0.5	0.12	0.05	0.02	0.02	0.05	0.5	0.02	0.98	0.12	0.27	0.12	0.12	1	0.02	0.12	0.12	0.98	0.95	0.05	0.635	0.3125	0.24875	0.315	0.2425	0.445	0.5	0.23125	0.32375	0.27	0.3525	0.3875	0.3675	0.12375	0.12875	0.51	0.47125	0.2	0.08625	0.46875	2.8	0.366667	1.36	1.48571	0.266667	0.2217	0.196933	0.13192	0.167414	0.226556
0.99	0.05	0.05	0.05	0.5	0.05	0.05	0.12	0.05	0.27	0.05	0.05	0.05	0.12	0.05	0.95	0.27	0.02	0.05	0.73	0.5175	0.23625	0.2675	0.2225	0.15125	0.35	0.4475	0.21375	0.52875	0.3075	0.46875	0.31125	0.3	0.35375	0.0925	0.35	0.425	0.35125	0.3175	0.46875	1.8	2.16667	0.96	0.728571	0.622222	0.0068	0.0892333	0.22324	0.2179	0.180033
0.27	0.05	0.02	0.02	0.05	0.05	0.05	0.01	0.02	0.95	0.88	0.27	0.95	0.12	0.02	0.05	0.5	0.02	0.05	0.99	0.5225	0.23625	0.39	0.2825	0.09875	0.36875	0.50375	0.2	0.54125	0.16	0.27375	0.28375	0.155	0.32	0.0925	0.43375	0.30125	0.34875	0.3125	0.34625	1.9	1.83333	0.96	-3.17207e-17	0.0333333	0.0392	0.1774	0.22668	0.223514	0.186989
0.88	0.12	0.73	0.88	0.05	0.73	0.88	0.12	0.73	0.05	0.05	0.5	0.27	0.27	0.27	0.73	0.5	0.05	0.27	0.27	0.41875	0.33125	0.39	0.235	0.09	0.3875	0.50375	0.11	0.465	0.245	0.265	0.3675	0.24	0.28875	0.07	0.44375	0.32	0.345	0.285	0.34125	1.8	0.0666667	0.14	1.26883e-16	-0.888889	0.4862	0.301633	0.19612	0.184429	0.273111
0.27	0.5	0.27	0.27	0.02	0.95	0.98	0.05	0.95	0.02	0.02	0.95	0.05	0.02	0.05	0.5	0.5	0.5	0.05	0.05	0.52375	0.25625	0.4475	0.31125	0.12125	0.3875	0.4825	0.1475	0.485	0.24875	0.26875	0.35875	0.28625	0.31625	0.07	0.44375	0.24375	0.1725	0.30375	0.3775	-3.5	-1	-0.92	-1.04286	-0.3	0.3795	0.311533	0.2125	0.267714	0.294411
0.05	0.05	0.27	0.02	0.02	0.12	0.12	0.01	0.98	0.5	0.73	0.05	0.12	0.98	0.01	0.05	0.05	0.27	1	0.73	0.55125	0.3125	0.55125	0.355	0.125	0.595	0.56125	0.165	0.42125	0.18875	0.16125	0.47125	0.26875	0.07375	0.07875	0.60875	0.395	0.08125	0.0725	0.30125	-1.3	-2.76667	-2.2	-1.04286	-0.7	0.0689	0.179033	0.3656	0.345886	0.301211
0.27	0.05	1	0.5	0.01	0.27	0.5	0.05	0.12	0	0	0.05	0.01	0	0.02	0.5	0.12	0	0.01	0.01	0.43375	0.36875	0.5775	0.38	0.06625	0.66125	0.59875	0.16	0.55625	0.22375	0.28	0.55625	0.29125	0.18375	0.1625	0.49625	0.415	0.115	0.19625	0.30625	-3.5	-3.1	-2.2	-1.42857	-1.28889	0.0887	0.320767	0.37916	0.3807	0.400489
0.73	0.88	0.73	0.5	0.05	0.88	0.88	0.12	0.12	0.05	0.05	0.95	0.5	0.02	0.12	0.88	0.27	0.02	0.05	0.12	0.405	0.27375	0.7	0.50125	0.0575	0.64125	0.63625	0.165	0.645	0.10125	0.16625	0.44375	0.11375	0.1675	0.15375	0.56125	0.3675	0.11125	0.1875	0.17125	-4.5	-2.06667	-1.66	-2.18571	-1.88889	0.8047	0.482467	0.35984	0.439857	0.432978
0.5	0.73	0.73	0.5	0.27	0.95	0.88	0.73	0.88	0.05	0.12	0.88	0.27	0.02	0.05	0.27	0.12	0.02	0.05	0.12	0.38625	0.34	0.62375	0.45375	0.0575	0.575	0.63625	0.165	0.47375	0.12875	0.21375	0.48125	0.2	0.14875	0.22	0.58	0.38625	0.1675	0.16875	0.1525	1.8	-1.16667	-2.1	-2.18571	-2.52222	0.554	0.5472	0.52612	0.433014	0.438922
0.5	0.12	0.88	0.12	0.05	0.88	0.27	0.12	0.5	0.12	0.12	0.12	0.05	0.02	0.05	0.99	0.88	0.02	0.05	0.12	0.35875	0.36	0.6625	0.47	0.085	0.5275	0.59625	0.24125	0.49375	0.1325	0.3025	0.4725	0.23625	0.26875	0.2475	0.43375	0.235	0.13875	0.2875	0.1525	-0.8	-0.833333	-2.1	-2.55714	-2.27778	0.2829	0.579067	0.5747	0.500271	0.415122
0.27	0.5	0.99	0.73	0.02	0.73	0.73	0.12	0.27	0.05	0.27	0.73	0.12	0.02	0.73	0.5	0.5	0.02	0.05	0.05	0.4725	0.34	0.64875	0.425	0.12	0.565	0.58625	0.27375	0.51	0.1125	0.255	0.4525	0.24625	0.20875	0.22375	0.5225	0.33875	0.13875	0.28125	0.1325	-3.5	-2.6	-1.98	-2.24286	-2.22222	0.9003	0.504933	0.5217	0.511214	0.424356
0.5	0.12	0.73	0.99	0.02	0.5	0.73	0.12	0.73	0.02	0.02	0.27	0.02	0.01	0.05	0.95	0.27	0.01	0.02	0.02	0.425	0.415	0.5625	0.3325	0.125	0.56625	0.53875	0.27	0.5475	0.13125	0.34875	0.51	0.2725	0.33375	0.30875	0.46625	0.35875	0.17375	0.40875	0.15	-3.5	-3.63333	-2.6	-1.71429	-1.92222	0.3316	0.590533	0.44396	0.417971	0.419711
0.5	0.5	0.12	0.5	0.27	0.27	0.88	0.73	0.12	0.27	0.5	0.73	0.73	0.12	0.73	0.27	0.5	0.5	0.12	0.12	0.34875	0.38	0.5625	0.34625	0.09	0.57625	0.4725	0.185	0.67125	0.1275	0.31625	0.45625	0.18375	0.32375	0.22375	0.45625	0.33	0.11625	0.39625	0.12875	-3.9	-2.9	-2.6	-2.08571	-1.92222	0.5397	0.345533	0.41778	0.345529	0.356
0.05	0.05	0.73	0.02	0.02	0.5	0.05	0.05	0.73	0.12	0.73	0.12	0.12	0.98	0.27	0.05	0.05	0.27	1	0.05	0.43375	0.36	0.40125	0.35875	0.1025	0.4625	0.5	0.185	0.5	0.23125	0.3825	0.45625	0.3175	0.305	0.3375	0.465	0.405	0.1575	0.31375	0.21375	-1.3	-2	-2.06	-2.61429	-1.65556	0.1653	0.285667	0.2471	0.338157	0.314156
0.73	0.27	0.27	0.27	0.27	0.27	0.5	0.27	0.88	0.27	0.5	0.5	0.27	0.5	0.5	0.27	0.5	0.27	0.95	0.5	0.32	0.3325	0.41125	0.375	0.08	0.415	0.4725	0.1575	0.43375	0.28875	0.50625	0.40875	0.355	0.4725	0.30875	0.37625	0.30125	0.17	0.3475	0.2525	-0.8	-0.966667	-2.26	-1.51429	-1.1	0.152	0.1214	0.22704	0.234886	0.324278
0.12	0.27	0.05	0.02	0.05	0.05	0.12	0.02	0.88	0.12	0.5	0.05	0.12	0.99	0.02	0.5	0.05	0.27	1	0.12	0.36875	0.39375	0.3775	0.34875	0.10625	0.4425	0.52	0.17625	0.51	0.3025	0.475	0.49625	0.365	0.41125	0.31125	0.3	0.3575	0.23	0.34125	0.29625	-0.8	-2.03333	-0.64	-0.414286	-1.21111	0.0469	0.1434	0.15458	0.240943	0.288556
0.12	0.98	0.12	0.12	0.02	0.73	0.5	0.05	0.5	0.27	0.27	0.98	0.5	0.05	0.12	0.12	0.27	0.05	0.05	0.05	0.34	0.2925	0.28	0.21375	0.11375	0.2975	0.38375	0.15875	0.4675	0.40375	0.5925	0.34875	0.34875	0.5425	0.295	0.2625	0.33	0.25875	0.46375	0.42625	-4.5	-0.366667	0.46	-0.5	-0.355556	0.2313	0.151867	0.19632	0.246529	0.269356
0.73	0.12	0.05	0.12	0.12	0.27	0.27	0.05	0.12	0.73	0.88	0.27	0.73	0.73	0.5	0.12	0.27	0.12	0.27	0.73	0.21625	0.4	0.3075	0.1575	0.0825	0.33625	0.3175	0.0825	0.53375	0.4225	0.56375	0.40875	0.32	0.4575	0.1625	0.2625	0.35875	0.19	0.43625	0.445	4.2	1.3	-0.28	0.285714	0.577778	0.1774	0.2609	0.28168	0.2456	0.252989
0.27	0.12	0.5	0.5	0.12	0.27	0.5	0.12	0.12	0.73	0.88	0.12	0.5	0.88	0.05	0.5	0.5	0.12	0.27	0.88	0.30125	0.5125	0.2225	0.17	0.0825	0.33625	0.3925	0.0825	0.505	0.41	0.50625	0.53125	0.34875	0.31875	0.19125	0.3	0.33875	0.15875	0.3175	0.42625	4.2	1.3	0.72	1.04286	0.633333	0.374	0.376733	0.30406	0.279943	0.2895
0.05	0.99	0.5	0.27	0.01	0.73	0.73	0.02	0.88	0.01	0.02	0.98	0.05	0.02	0.27	0.12	0.5	0.5	0.05	0.02	0.36	0.37625	0.195	0.17125	0.0775	0.26	0.3075	0.12375	0.30625	0.5	0.5575	0.395	0.38625	0.37	0.1075	0.405	0.31	0.16875	0.28875	0.5625	-4.5	1.3	2.52	1.04286	0.922222	0.5788	0.370533	0.33628	0.3438	0.290378
0.27	0.02	0.02	0.01	0.05	0.02	0.02	0.01	0.01	0.98	0.73	0.02	0.27	0.12	0.02	0.27	0.27	0.02	0.05	0.99	0.3325	0.5825	0.31125	0.21625	0.06875	0.465	0.4725	0.12875	0.32	0.37	0.44	0.61875	0.40625	0.24	0.1425	0.38625	0.42375	0.31875	0.1975	0.4325	4.2	1.4	1.52	1.94286	0.577778	0.1588	0.376667	0.39958	0.3336	0.322122
0.12	0.5	0.27	0.05	0.12	0.12	0.12	0.12	0.27	0.88	0.88	0.5	0.73	0.12	0.05	0.27	0.73	0.02	0.12	0.95	0.39875	0.51	0.29875	0.21125	0.06375	0.47125	0.48875	0.115	0.2875	0.36375	0.42125	0.54625	0.32	0.24	0.18625	0.48125	0.4425	0.315	0.1975	0.5225	4.5	2.63333	1.04	0.785714	0.577778	0.3924	0.348367	0.35676	0.355771	0.328111
0.27	0.95	0.5	0.5	0.02	0.5	0.88	0.12	0.5	0.02	0.27	0.95	0.12	0.02	0.05	0.73	0.12	0.02	0.05	0.05	0.295	0.50125	0.2975	0.14625	0.0625	0.515	0.45125	0.11125	0.25875	0.38125	0.4025	0.56625	0.31125	0.16125	0.12625	0.415	0.49125	0.30125	0.175	0.545	-0.8	1.83333	1.16	-0.457143	-0.277778	0.4939	0.348733	0.30752	0.343086	0.356289
0.98	0.05	0.05	0.05	0.12	0.12	0.05	0.5	0.05	0.27	0.05	0.27	0.12	0.05	0.05	0.73	0.27	0.73	0.5	0.73	0.1875	0.6325	0.29375	0.17375	0.04125	0.535	0.49875	0.055	0.3025	0.36875	0.3825	0.69875	0.31125	0.0625	0.1225	0.3675	0.4725	0.31625	0.09125	0.47375	1.8	-0.966667	-0.58	-0.314286	-0.322222	0.1599	0.3288	0.3328	0.321971	0.354422
0.12	0.95	0.5	0.12	0.02	0.98	0.73	0.05	0.12	0.05	0.27	0.88	0.5	0.05	0.05	0.5	0.73	0.99	0.27	0.05	0.30375	0.39875	0.1775	0.13375	0.05875	0.3425	0.35625	0.11	0.18625	0.4575	0.415	0.5025	0.29125	0.09375	0.1225	0.39625	0.44375	0.34	0.205	0.68	-3.9	-2.2	-2.18	-0.371429	0.644444	0.3326	0.259233	0.34052	0.350314	0.349878
0.5	0.88	0.27	0.12	0.05	0.88	0.73	0.05	0.5	0.12	0.27	0.88	0.27	0.05	0.5	0.88	0.88	0.02	0.12	0.73	0.34125	0.42	0.26625	0.2425	0.06375	0.3675	0.41625	0.17125	0.1525	0.3325	0.33	0.53375	0.2925	0.09375	0.07875	0.43375	0.50125	0.46125	0.22375	0.505	-4.5	-3.96667	-1.26	-0.414286	0.0888889	0.2852	0.3496	0.31318	0.3711	0.392833
0.05	0.5	0.27	0.05	0.01	1	0.73	0.02	0.12	0.01	0.12	0.88	0.05	0	0.02	0.05	0.05	0.01	0.02	0.01	0.3975	0.43875	0.2475	0.25125	0.05625	0.37125	0.435	0.285	0.22875	0.2375	0.24125	0.505	0.29125	0.0875	0.1475	0.5375	0.52875	0.4625	0.22375	0.47875	-3.5	-1.4	-0.78	-0.414286	-0.455556	0.431	0.3578	0.38878	0.378457	0.369367
0.12	0.27	0.02	0.27	0.05	0.05	0.05	0.05	0.02	0.88	0.5	0.5	0.5	0.12	0.02	0.12	0.5	0.95	0.05	0.99	0.38875	0.355	0.25	0.17625	0.0825	0.4425	0.44375	0.2725	0.185	0.23625	0.27	0.44875	0.33875	0.10375	0.20375	0.47125	0.5675	0.34875	0.22875	0.46	3.8	1.5	-0.16	-0.728571	0.133333	0.3572	0.442033	0.43134	0.3815	0.3387
0.12	0.02	0.02	0.02	0.05	0.05	0.27	0.01	0.02	0.5	0.5	0.02	0.27	0.27	0.27	0.12	0.73	0.95	0.73	0.99	0.3	0.41375	0.3625	0.235	0.07375	0.49	0.50125	0.22125	0.19375	0.265	0.2975	0.5975	0.44375	0.085	0.1725	0.4425	0.5675	0.26	0.0875	0.46	4.2	2.4	0.66	0.471429	-0.5	0.5379	0.480167	0.41054	0.365114	0.349311
0.95	0.12	0.5	0.88	0.12	0.12	0.5	0.5	0.12	0.05	0.05	0.27	0.05	0.12	0.12	0.95	0.88	0.02	0.05	0.27	0.18375	0.285	0.2425	0.1275	0.06375	0.36125	0.38375	0.15375	0.27625	0.32125	0.35375	0.45875	0.5	0.22	0.185	0.27875	0.46	0.28625	0.26375	0.54625	-0.8	1	2.26	0.557143	-0.211111	0.5454	0.4215	0.36792	0.360857	0.320211
0.12	0.27	0.12	0.05	0.02	0.27	0.27	1	0.5	0.01	0.02	0.27	0.5	0.02	0.12	0.27	0.12	0.02	0.02	0.02	0.24	0.21875	0.31875	0.25	0.07625	0.26625	0.38375	0.09125	0.27625	0.37375	0.38625	0.3825	0.4725	0.345	0.12875	0.31625	0.47875	0.3175	0.375	0.54875	-0.4	1.1	0.72	0.871429	0.788889	0.1812	0.314833	0.34756	0.309386	0.310889
0.27	0.05	0.27	0.12	0.27	0.12	0.27	0.05	0.05	0.88	0.88	0.12	0.95	0.27	0.5	0.27	0.88	0.05	0.12	0.88	0.23	0.18625	0.2675	0.23625	0.05	0.16625	0.295	0.20875	0.32	0.3825	0.38625	0.29375	0.53375	0.42375	0.08125	0.3125	0.3925	0.31875	0.375	0.55	4.5	0.0666667	-0.38	0.971429	1.6	0.2179	0.218167	0.25412	0.287114	0.265967
0.27	0.27	0.95	0.27	0.05	0.5	0.73	0.05	0.12	0.12	0.27	0.98	0.73	0.05	0.05	0.5	0.5	0.02	0.05	0.73	0.23	0.1875	0.29	0.3025	0.07375	0.175	0.35	0.20875	0.32375	0.37375	0.415	0.215	0.56125	0.45125	0.14125	0.3025	0.49625	0.20625	0.38375	0.47875	-3.9	-0.233333	0.68	0.914286	0.788889	0.2554	0.181333	0.1853	0.214086	0.265433
0.02	0.02	0.02	0.12	0.01	0.02	0.02	0	0.88	0.05	0.27	0.02	0.73	0.98	0	0.02	0.02	0.27	1	0.02	0.28	0.21875	0.40625	0.32	0.07875	0.23125	0.4075	0.215	0.22875	0.43875	0.47125	0.335	0.64625	0.41125	0.11625	0.35375	0.48	0.0625	0.265	0.5625	-1.3	-0.233333	1.52	0.528571	0.788889	0.0707	0.1758	0.1544	0.186514	0.221956
0.12	0.5	0.5	0.27	0.05	0.27	0.5	0.05	0.88	0.5	0.5	0.27	0.5	0.95	0.05	0.5	0.27	0.27	0.98	0.5	0.1825	0.1775	0.3175	0.30125	0.06125	0.30375	0.40875	0.14875	0.305	0.41	0.47	0.36125	0.68375	0.4025	0.10125	0.19	0.3725	0.0625	0.2675	0.48375	4.5	2.33333	-0.08	1.18571	0.488889	0.2013	0.0995667	0.1813	0.181571	0.200422
0.12	0.02	0.01	0.01	0.05	0.05	0.02	0.01	0.02	0.95	0.98	0.02	0.99	0.88	0.02	0.02	0.12	0.05	0.12	0.88	0.25875	0.21	0.36625	0.33	0.07375	0.30375	0.4375	0.03125	0.3525	0.47125	0.5175	0.365	0.6825	0.47125	0.09625	0.23125	0.43875	0.09375	0.3875	0.54375	3.8	1.6	1.54	0.0428571	1.03333	0.0267	0.193467	0.15954	0.200671	0.203211
0.12	0.5	0.88	0.95	0.02	0.5	0.95	0.05	0.12	0.05	0.12	0.73	0.5	0.12	0.05	0.27	0.95	0.02	0.05	0.27	0.31625	0.25375	0.2575	0.2125	0.05	0.32375	0.35	0.13875	0.34875	0.48875	0.54875	0.3525	0.65875	0.53875	0.045	0.22875	0.25875	0.0975	0.3875	0.54375	-3.5	1.5	1.1	1.24286	0.488889	0.3524	0.175233	0.21572	0.193657	0.221489
0.27	0.02	0.02	0.01	0.05	0.02	0.02	0.01	0.02	0.95	0.95	0.02	0.95	0.88	0.02	0.05	0.12	0.05	0.73	0.95	0.27875	0.40375	0.30875	0.33	0.0425	0.38375	0.49375	0.14375	0.36125	0.3675	0.4175	0.41	0.5175	0.44375	0.105	0.25625	0.33375	0.20125	0.3025	0.3825	4.2	-0.933333	1.1	1.37143	0.422222	0.1466	0.283533	0.21672	0.238186	0.237944
0.27	0.27	0.27	0.88	0.02	0.95	0.99	0.02	0.73	0.27	0.27	0.73	0.12	0.02	0.05	0.12	0.27	0.02	0.05	0.12	0.31	0.40375	0.29	0.22125	0.06	0.28	0.40375	0.17625	0.16875	0.46125	0.475	0.33375	0.545	0.435	0.11625	0.355	0.4375	0.1775	0.26875	0.49875	-3.5	1.73333	0.26	0.0857143	0.488889	0.3516	0.234833	0.28786	0.267071	0.250178
0.73	0.05	0.02	0.02	0.12	0.05	0.02	0.02	0.02	0.95	0.88	0.05	0.98	0.5	0.05	0.12	0.5	0.05	0.12	0.88	0.27125	0.43125	0.32125	0.3575	0.05625	0.42125	0.49625	0.2325	0.1625	0.405	0.39875	0.4475	0.4375	0.27125	0.20125	0.355	0.49375	0.14625	0.1525	0.40375	4.5	0.2	0.06	-0.557143	-0.0888889	0.2063	0.313433	0.29808	0.289086	0.284311
0.73	0.88	0.27	0.12	0.05	0.73	0.5	0.95	0.12	0.12	0.27	0.73	0.27	0.05	0.12	0.5	0.27	0.05	0.05	0.27	0.31875	0.3275	0.29125	0.34625	0.18375	0.3325	0.43625	0.12125	0.15	0.39625	0.35875	0.3625	0.40875	0.22	0.1925	0.32	0.51375	0.1425	0.14875	0.385	-0.4	-0.133333	-0.92	-0.157143	-0.233333	0.3824	0.330733	0.30492	0.311386	0.291811
0.12	0.99	0.5	0.27	0.02	0.5	0.95	0.05	0.12	0.05	0.05	0.73	0.05	0.05	0.5	0.5	0.27	0.88	0.05	0.12	0.4425	0.36125	0.18625	0.22375	0.19125	0.39	0.32375	0.31875	0.22625	0.41375	0.405	0.39	0.38875	0.21125	0.1725	0.34875	0.48625	0.0425	0.1575	0.385	-4.5	-1.86667	-0.36	-0.4	-0.0222222	0.4035	0.322233	0.3363	0.3039	0.295133
0.27	0.27	0.12	0.12	0.12	0.12	0.27	0.27	0.05	0.12	0.05	0.12	0.12	0.05	0.12	0.88	1	0.05	0.05	0.12	0.4525	0.55875	0.24625	0.275	0.175	0.4975	0.44	0.305	0.2475	0.28875	0.28875	0.58875	0.2675	0.10375	0.22375	0.31	0.395	0.1425	0.0725	0.26875	-0.7	-1.96667	-0.76	-0.128571	-0.922222	0.1808	0.364267	0.31388	0.308286	0.315278
0.27	0.5	0.5	0.5	0.12	0.5	0.27	0.5	0.12	0.73	0.5	0.5	0.5	0.12	0.73	0.5	0.95	0.05	0.12	0.5	0.4525	0.53	0.25625	0.18	0.1875	0.39375	0.37875	0.3075	0.23875	0.2125	0.2325	0.5125	0.23875	0.18375	0.2325	0.4525	0.45875	0.155	0.12	0.22125	-0.7	0.366667	-1	-1.32857	-0.622222	0.5085	0.261167	0.31386	0.325657	0.354878
0.5	0.02	0.02	0.02	1	0.02	0.02	0.05	0.02	0.05	0.05	0.02	0.05	0.02	0.02	0.12	0.05	0.02	0.02	0.12	0.395	0.6175	0.37625	0.35625	0.06875	0.5575	0.5175	0.4525	0.31125	0.185	0.19375	0.62875	0.1875	0.14	0.33	0.57625	0.5425	0.15875	0.18	0.17375	2.5	0.0666667	-0.88	-1.38571	-1.21111	0.0942	0.328333	0.29874	0.372171	0.3867
0.5	0.88	0.27	0.12	0.05	0.73	0.5	0.73	0.73	0.12	0.27	0.95	0.12	0.05	0.27	0.5	0.73	0.05	0.12	0.12	0.36625	0.43375	0.42125	0.39125	0.1875	0.41125	0.505	0.35875	0.27	0.1675	0.13875	0.48375	0.16	0.13625	0.39375	0.52875	0.515	0.155	0.1675	0.17375	-1.6	-1	-0.9	-0.857143	-1.21111	0.3823	0.268133	0.40418	0.384914	0.418544
0.5	0.88	0.12	0.27	0.02	0.5	0.27	0.12	0.12	0.02	0.02	1	0.05	0.02	0.05	0.12	0.12	0.02	0.05	0.02	0.385	0.3725	0.49625	0.46125	0.195	0.44	0.525	0.49125	0.365	0.18	0.17	0.44875	0.1775	0.14	0.42125	0.57625	0.62	0.055	0.17625	0.205	-3.9	-2.1	-0.92	-0.814286	-1.1	0.3279	0.472733	0.40102	0.454657	0.444689
0.27	0.27	0.73	0.5	0.12	0.5	0.5	0.27	0.73	0.27	0.27	0.5	0.27	0.73	0.73	0.88	0.73	0.12	0.5	0.12	0.41375	0.43	0.4675	0.4325	0.1825	0.44	0.4775	0.45375	0.2975	0.2525	0.2425	0.53	0.1975	0.07875	0.4125	0.405	0.51	0.05125	0.205	0.24	-0.8	-1.83333	-1.5	-1.21429	-0.6	0.708	0.509533	0.51598	0.473271	0.448756
0.5	0.27	0.5	0.95	0.05	0.88	0.88	0.73	0.5	0.05	0.12	0.5	0.12	0.05	0.12	0.73	0.27	0.05	0.5	0.12	0.4425	0.40125	0.4675	0.4325	0.21	0.42125	0.50625	0.3675	0.37375	0.20375	0.21375	0.53	0.16875	0.155	0.4125	0.42375	0.51125	0.06	0.205	0.21125	-0.8	-0.666667	-1.88	-1.02857	-0.911111	0.4927	0.623233	0.56728	0.490871	0.457222
0.5	0.27	0.88	0.5	0.05	0.27	0.88	0.88	0.5	0.05	0.05	0.5	0.12	0.05	0.88	0.5	0.73	0.05	0.05	0.27	0.41375	0.41375	0.54125	0.59625	0.1	0.52875	0.5375	0.3575	0.405	0.23125	0.23125	0.59	0.19625	0.15875	0.33	0.52875	0.5575	0.06375	0.27375	0.1925	-0.4	-1.56667	-0.34	-1.3	-1.27778	0.669	0.600167	0.54518	0.519786	0.530322
0.27	0.5	0.95	0.98	0.05	0.5	0.88	0.5	0.27	0.05	0.05	0.5	0.12	0.05	0.5	0.5	0.5	0.05	0.05	0.27	0.395	0.2775	0.505	0.52375	0.21875	0.415	0.4775	0.32	0.34875	0.23125	0.26	0.47375	0.19625	0.15875	0.35	0.48125	0.52875	0.06375	0.2925	0.24	-3.5	-0.0333333	-0.88	-0.857143	-0.822222	0.6388	0.5084	0.52052	0.580386	0.494467
0.27	0.12	0.5	0.12	0.12	0.12	0.12	0.12	0.12	0.95	0.88	0.27	0.5	0.27	0.73	0.27	0.73	0.12	0.73	0.5	0.42375	0.24875	0.60875	0.68875	0.2225	0.43375	0.63	0.3675	0.38625	0.15	0.16875	0.44	0.1575	0.14375	0.4375	0.58625	0.5475	0.05875	0.21625	0.2425	3.8	-1.06667	-0.88	-0.385714	-0.777778	0.2174	0.4803	0.5724	0.487757	0.523011
0.73	0.27	0.27	0.95	0.27	0.73	0.88	0.27	0.5	0.12	0.12	0.5	0.12	0.05	0.12	0.5	0.5	0.05	0.12	0.27	0.3475	0.23	0.56125	0.5375	0.20375	0.31	0.50625	0.32125	0.2625	0.31125	0.34	0.3825	0.23375	0.2025	0.45625	0.4625	0.51875	0.08625	0.32125	0.3475	-3.5	-0.166667	-0.3	-0.771429	-0.377778	0.5847	0.518067	0.45052	0.500914	0.473611
0.27	0.12	0.99	0.88	0.12	0.27	0.27	0.12	0.27	0.27	0.12	0.5	0.27	0.05	0.12	0.73	0.88	0.05	0.12	0.12	0.37625	0.30625	0.47125	0.46125	0.335	0.38	0.535	0.26375	0.3475	0.30125	0.34	0.35375	0.215	0.2025	0.55125	0.37625	0.47125	0.095	0.27375	0.36625	-0.8	-0.6	-0.3	-0.314286	-0.644444	0.7521	0.465467	0.43972	0.442971	0.452811
0.12	0.02	0.05	0.02	1	0.05	0.02	0.05	0.05	0.12	0.5	0.02	0.12	0.05	0.05	0.12	0.27	0.05	0.27	0.5	0.395	0.37625	0.54125	0.5975	0.23375	0.48375	0.575	0.1775	0.34625	0.32875	0.30125	0.4425	0.23375	0.2025	0.56	0.4525	0.51875	0.10375	0.26375	0.3	2.5	-0.6	-0.5	-0.271429	-0.988889	0.0596	0.4655	0.44892	0.395357	0.458667
0.73	0.27	0.5	0.73	0.12	0.27	0.73	0.12	0.27	0.27	0.12	0.5	0.12	0.12	0.98	0.73	0.5	0.05	0.12	0.27	0.31875	0.345	0.4575	0.4775	0.3525	0.485	0.4675	0.1975	0.3475	0.3375	0.37625	0.41125	0.2525	0.2025	0.415	0.405	0.49	0.1125	0.29125	0.32875	-3.5	0.6	-0.44	-1.31429	-0.988889	0.5848	0.3026	0.39308	0.4674	0.448678
0.12	0.27	0.12	0.12	0.12	0.12	0.27	0.05	0.12	0.73	0.88	0.27	0.5	0.98	0.27	0.12	0.27	0.27	0.73	0.73	0.42375	0.36375	0.505	0.55375	0.3525	0.5225	0.525	0.2825	0.41375	0.17625	0.23375	0.4975	0.1575	0.07625	0.53625	0.51	0.49	0.085	0.215	0.22375	2.8	-1.3	-0.98	-1.31429	-1.58889	0.2634	0.384567	0.387	0.462286	0.492933
0.27	0.73	0.5	0.27	0.95	0.98	0.5	0.12	0.95	0.12	0.12	0.27	0.12	0.05	0.88	0.27	0.27	0.12	0.12	0.12	0.3475	0.335	0.4575	0.5075	0.22125	0.4425	0.505	0.33125	0.36625	0.24375	0.32	0.52625	0.205	0.1925	0.46	0.49125	0.46125	0.10375	0.33875	0.2725	-3.2	-1.3	-2.18	-1.42857	-1.58889	0.3055	0.4302	0.48486	0.4428	0.502533
0.5	0.73	0.5	0.73	0.12	0.88	0.95	0.12	0.27	0.12	0.12	0.73	0.12	0.05	0.88	0.5	0.5	0.12	0.12	0.12	0.3475	0.35375	0.3675	0.355	0.325	0.5125	0.44875	0.35	0.50875	0.2725	0.415	0.44	0.28125	0.24875	0.46	0.43375	0.35625	0.1125	0.3575	0.34875	-3.5	-3.4	-1.8	-2.28571	-1.28889	0.7217	0.525367	0.49104	0.530157	0.454944
0.27	0.5	0.73	0.73	0.12	0.73	0.73	0.73	0.5	0.27	0.27	0.73	0.27	0.12	0.27	0.73	0.5	0.12	0.12	0.27	0.42375	0.4425	0.4425	0.415	0.20625	0.61625	0.58375	0.3775	0.58375	0.245	0.34	0.52875	0.28125	0.24	0.545	0.4525	0.35625	0.1125	0.33875	0.2825	-3.5	-2.86667	-3.06	-1.51429	-1.36667	0.5489	0.628767	0.57258	0.492871	0.507533
0.5	0.27	0.5	0.12	0.12	0.27	0.12	0.73	0.5	0.12	0.5	0.73	0.12	0.12	0.99	0.5	0.5	0.12	0.73	0.12	0.3375	0.5475	0.5	0.43375	0.1975	0.75875	0.66	0.36875	0.565	0.245	0.31125	0.585	0.3	0.23125	0.45125	0.42375	0.30875	0.1125	0.25375	0.33	-1.6	-2.86667	-2.04	-1.65714	-1.41111	0.6157	0.6119	0.57624	0.531371	0.497978
0.27	0.5	0.27	0.73	0.05	0.95	0.95	0.73	0.95	0.05	0.05	0.73	0.12	0.05	0.12	0.5	0.27	0.05	0.5	0.05	0.385	0.5475	0.5475	0.37625	0.20625	0.72125	0.61375	0.3775	0.585	0.1775	0.2725	0.67	0.27125	0.12375	0.6175	0.5	0.41375	0.09375	0.225	0.31	-3.5	-1.06667	-0.98	-1.75714	-1.86667	0.6711	0.536867	0.53848	0.558986	0.514544
0.5	0.27	0.27	0.12	0.12	0.73	0.27	0.27	0.73	0.5	0.88	0.27	0.88	0.5	0.12	0.5	0.27	0.12	0.27	0.73	0.385	0.5475	0.5	0.43375	0.14125	0.68875	0.67	0.4825	0.55625	0.1975	0.245	0.785	0.2525	0.12375	0.5225	0.5	0.4425	0.085	0.30125	0.30125	1.9	0.0666667	-1.06	-1.44286	-1.58889	0.3238	0.509267	0.52846	0.514814	0.5014
0.5	0.5	0.88	0.5	0.05	0.73	0.88	0.88	0.88	0.05	0.05	0.73	0.27	0.05	0.12	0.5	0.27	0.05	0.12	0.12	0.35625	0.49	0.4525	0.3575	0.15	0.64125	0.50875	0.40625	0.595	0.33	0.425	0.69875	0.3475	0.23625	0.4275	0.5	0.49	0.085	0.33875	0.45375	1.8	-0.0666667	-1	-1.04286	-1.27778	0.5329	0.451833	0.48782	0.463143	0.472011
0.27	0.88	0.73	0.27	0.05	0.95	0.73	0.05	0.12	0.12	0.12	0.95	0.12	0.05	0.95	0.27	0.12	0.05	0.05	0.5	0.3575	0.38125	0.38125	0.29625	0.26	0.52375	0.4375	0.42	0.63	0.29375	0.38875	0.58125	0.395	0.28375	0.29125	0.44375	0.4525	0.0725	0.4425	0.40625	-3.9	-1.13333	-0.44	-0.914286	-0.611111	0.4988	0.4814	0.39104	0.4405	0.415233
0.27	0.5	0.27	0.27	0.12	0.5	0.73	0.12	0.73	0.12	0.12	0.95	0.27	0.05	0.73	0.73	0.88	0.05	0.27	0.5	0.32875	0.48625	0.4675	0.3725	0.2425	0.60875	0.51375	0.335	0.60125	0.29375	0.34125	0.5525	0.37625	0.33125	0.21	0.43375	0.38625	0.06375	0.415	0.425	-1.3	-1.96667	-0.96	-0.0571429	-0.511111	0.4125	0.366167	0.41772	0.350043	0.379611
0.5	0.5	0.12	0.12	0.5	0.5	0.27	0.5	0.5	0.73	0.73	0.73	0.73	0.5	0.12	0.27	0.5	0.12	0.5	0.73	0.385	0.42625	0.455	0.3025	0.195	0.4925	0.455	0.21125	0.5175	0.27375	0.2925	0.49125	0.31875	0.39375	0.27375	0.52	0.40625	0.06375	0.415	0.405	-0.7	-0.9	-0.82	-0.428571	0.188889	0.1872	0.3523	0.31872	0.345943	0.305667
0.27	0.5	0.73	0.5	0.12	0.5	0.27	0.12	0.73	0.73	0.73	0.5	0.27	0.5	0.12	0.5	0.88	0.05	0.27	0.73	0.36625	0.42625	0.43625	0.27375	0.23375	0.51125	0.53125	0.23125	0.48875	0.3025	0.21625	0.5775	0.3	0.3375	0.265	0.49125	0.435	0.06	0.41625	0.37625	-0.7	0.366667	-0.18	-0.285714	0.444444	0.4572	0.227433	0.27798	0.270614	0.303889
0.05	0.01	0.01	0.01	1	0.01	0.01	0.01	0.02	0.05	0.05	0.01	0.5	0.5	0.01	0.05	0.05	0.02	0.88	0.27	0.3375	0.42625	0.4175	0.27375	0.12375	0.4825	0.455	0.135	0.46875	0.5	0.3575	0.54875	0.27125	0.39375	0.265	0.4875	0.52	0.05875	0.33125	0.54375	2.5	0.366667	0.64	0.871429	0.711111	0.0379	0.2634	0.1966	0.243329	0.2451
0.27	0.73	0.73	0.73	0.05	0.5	0.73	0.12	0.88	0.12	0.12	0.5	0.12	0.5	0.12	0.88	0.73	0.05	0.73	0.27	0.2825	0.22875	0.25125	0.2125	0.23875	0.30875	0.28875	0.20625	0.38	0.4825	0.39625	0.37125	0.31	0.45	0.13375	0.365	0.4225	0.17375	0.4675	0.49625	-0.7	1.53333	1.62	1.65714	1	0.2951	0.112867	0.22072	0.184943	0.216922
0.95	0.02	0.02	0.02	0.05	0.02	0.02	0.12	0.05	0.5	0.27	0.02	0.12	1	0.02	0.73	0.05	0.12	0.73	0.12	0.255	0.27	0.34	0.33	0.23875	0.34	0.39625	0.20625	0.4075	0.45375	0.3775	0.375	0.3675	0.3875	0.07	0.4025	0.5075	0.165	0.49625	0.5625	2.8	2.1	2.6	1.57143	1.05556	0.0056	0.202833	0.13004	0.193229	0.180689
0.12	0.27	0.73	0.27	0.05	0.88	0.88	0.05	0.73	0.73	0.27	0.73	0.27	0.05	0.05	0.5	0.88	0.02	0.05	0.5	0.31125	0.29875	0.25125	0.29875	0.1825	0.28875	0.3175	0.15875	0.275	0.425	0.32	0.31375	0.32	0.45	0.0575	0.4125	0.35625	0.16875	0.5525	0.515	4.2	3.73333	1.84	1.55714	1.63333	0.3078	0.105733	0.1715	0.140257	0.170178
0.05	0.01	0.01	0.01	0.05	0.01	0.01	0	0.01	0.95	0.5	0.01	0.27	0.5	0.01	0.02	0.12	0.01	0.05	1	0.32	0.27125	0.2525	0.27125	0.17	0.34125	0.39875	0.1525	0.27625	0.30875	0.20125	0.3475	0.28875	0.3325	0.1725	0.4725	0.3475	0.165	0.52	0.3675	4.2	2.36667	1.82	1.84286	1.53333	0.0038	0.1856	0.12976	0.148071	0.171211
0.05	0.02	0.12	0.5	0.02	0.05	0.12	0.73	0.27	0.05	0.5	0.02	0.05	0.5	0.01	0.12	0.02	1	0.99	0.12	0.315	0.27	0.2375	0.20875	0.05	0.36875	0.385	0.06125	0.2425	0.41625	0.20125	0.34625	0.25625	0.285	0.17125	0.455	0.355	0.16375	0.32625	0.445	-1.3	0.7	2.16	1.71429	1.15556	0.2452	0.1118	0.14716	0.172557	0.233433
0.73	0.12	0.27	0.5	0.12	0.27	0.88	0.12	0.12	0.27	0.12	0.5	0.73	0.05	0.12	0.88	0.88	0.05	0.5	0.88	0.21125	0.2	0.19	0.18	0.0375	0.34125	0.30875	0.1375	0.16625	0.465	0.34375	0.28625	0.275	0.37	0.14875	0.265	0.17125	0.2825	0.33	0.37875	-0.8	0.8	1	1.18571	1.65556	0.0864	0.1414	0.1789	0.257171	0.270622
0.12	0.98	0.12	0.12	0.05	0.95	0.5	0.05	0.12	0.73	0.27	0.95	0.5	0.05	0.05	0.12	0.12	0.05	0.27	0.73	0.18375	0.105	0.33	0.31625	0.0425	0.31625	0.445	0.2225	0.25125	0.3475	0.29375	0.29	0.295	0.26	0.24625	0.33125	0.37	0.27	0.27375	0.38875	4.5	0.7	-0.02	1.12857	0.955556	0.0926	0.215167	0.29772	0.303171	0.365211
0.27	0.02	0.02	0.02	0.02	0.05	0.05	0.02	0.02	0.02	0.01	0.05	0.02	0.01	1	0.5	0.05	0.01	0.01	0.05	0.165	0.2825	0.31375	0.3575	0.0425	0.42875	0.4825	0.22625	0.26375	0.36	0.29875	0.43	0.33625	0.3775	0.1275	0.28375	0.3025	0.2875	0.39125	0.42625	-1.6	0.666667	1	0.0285714	0.1	0.4665	0.385667	0.37464	0.425043	0.385756
0.01	0.01	0	0	0.01	0.27	0.01	0.01	0.01	0.01	0.05	0.01	0.02	0.12	0	0.01	0.01	1	0.27	0.01	0.20625	0.345	0.32125	0.365	0.04375	0.415	0.4925	0.26125	0.2975	0.33375	0.29375	0.525	0.4125	0.425	0.25375	0.3575	0.38375	0.1775	0.4625	0.36875	-0.9	0.433333	0.46	-0.285714	0.133333	0.5979	0.564733	0.52874	0.4604	0.422411
0.12	0.27	0.5	0.5	0.05	0.5	0.88	0.12	0.12	0.73	0.88	0.5	0.95	0.73	0.05	0.12	0.12	0.05	0.27	0.5	0.22	0.40125	0.335	0.3025	0.0425	0.49875	0.47875	0.17125	0.28375	0.27125	0.1425	0.57125	0.305	0.2925	0.26125	0.42	0.4775	0.1775	0.35375	0.32625	3.8	-0.2	-1.14	0.471429	-0.155556	0.6298	0.694867	0.60876	0.495729	0.443822
0.12	0.12	0.99	0.73	0.02	0.5	0.73	0.73	0.73	0.02	0.02	0.5	0.05	0.12	0.73	0.5	0.88	0.02	0.05	0.05	0.14375	0.4075	0.2425	0.2125	0.0375	0.47125	0.4025	0.08125	0.195	0.445	0.3575	0.51125	0.445	0.39625	0.16375	0.265	0.2875	0.18125	0.38125	0.39125	-3.5	-1.06667	0.08	-0.728571	0.355556	0.8569	0.6598	0.5822	0.545057	0.451878
0.12	0.73	0.5	0.5	0.02	0.88	0.73	0.05	0.73	0.12	0.05	0.95	0.12	0.95	0.05	0.5	0.27	0.12	0.73	0.12	0.14375	0.215	0.295	0.22875	0.0375	0.31125	0.355	0.1625	0.1825	0.4325	0.43875	0.3425	0.465	0.34875	0.3525	0.28375	0.45875	0.28125	0.2775	0.3825	-3.5	-0.833333	-0.52	0.0428571	0.277778	0.4927	0.5611	0.5502	0.501114	0.492767
0.12	0.5	0.05	0.05	0.05	0.12	0.05	0.27	0.27	0.73	0.5	0.73	0.88	0.99	0.02	0.12	0.73	0.12	0.88	0.5	0.14375	0.30375	0.4675	0.31625	0.0375	0.43375	0.49625	0.1475	0.2525	0.36	0.38375	0.4825	0.37375	0.345	0.2375	0.37875	0.505	0.2825	0.26375	0.34375	4.5	-0.966667	-0.52	0.714286	0.0666667	0.3337	0.421433	0.45602	0.4815	0.4877
0.27	0.73	0.73	0.5	0.05	0.95	0.88	0.12	0.27	0.27	0.12	0.88	0.12	0.05	0.12	0.73	0.88	0.05	0.12	0.27	0.18625	0.3075	0.47375	0.29375	0.05125	0.33	0.425	0.18	0.31375	0.45	0.4875	0.55375	0.5575	0.5575	0.24	0.41125	0.5475	0.1725	0.3875	0.4625	-3.9	1.46667	0.94	-0.328571	0.0777778	0.4379	0.310167	0.37676	0.451657	0.4659
0.12	0.02	0.02	0.01	0.05	0.05	0.12	0.01	0.02	0.95	0.98	0.02	0.95	0.27	0.02	0.02	0.12	0.05	0.5	0.95	0.22375	0.4725	0.61	0.32625	0.05125	0.47125	0.50125	0.19375	0.345	0.28	0.285	0.70875	0.35	0.44125	0.26125	0.595	0.74625	0.16875	0.3125	0.33	3.8	1.23333	0.94	0.0571429	-0.777778	0.1589	0.352467	0.3624	0.386629	0.466644
0.12	0.05	0.05	0.02	0.05	0.05	0.12	0.02	0.02	0.73	0.95	0.05	0.73	0.5	0.88	0.27	0.88	0.95	0.12	0.73	0.215	0.45375	0.48375	0.23375	0.17375	0.40875	0.41	0.1025	0.25375	0.3075	0.28875	0.6425	0.37375	0.39875	0.0625	0.5075	0.5475	0.055	0.355	0.3575	3.8	1.36667	-0.12	-6.34413e-17	-0.111111	0.4606	0.3468	0.376	0.407171	0.4167
0.27	0.5	0.95	0.27	0.05	0.27	0.5	0.12	0.12	0.05	0.02	0.95	0.05	0.02	0.05	0.88	0.88	0.02	0.05	0.12	0.19625	0.3975	0.3425	0.17375	0.17375	0.39625	0.38125	0.09	0.26875	0.38	0.405	0.53	0.45875	0.3425	0.175	0.4025	0.52875	0.1625	0.2875	0.425	-3.5	-0.166667	-0.12	-0.285714	-0.111111	0.4209	0.427733	0.41572	0.4177	0.462522
