0.5	0.73	0.27	0.27	0.95	0.5	0.98	0.05	0.12	0.27	0.05	0.88	0.12	0.02	0.12	0.5	0.5	0.02	0.05	0.12	0.3	0.5475	0.55625	0.28875	0.06875	0.4425	0.41375	0.1225	0.4325	0.35	0.3375	0.48625	0.4175	0.3325	0.22625	0.37625	0.48125	0.13625	0.25875	0.3875	-3.5	-2.76667	-1.52	-0.171429	-0.955556	0.547	0.4151	0.40582	0.401671	0.493622
0.12	0.73	0.98	0.95	0.02	0.73	0.95	0.12	0.27	0.27	0.05	0.27	0.12	0.02	0.5	0.5	0.73	0.02	0.05	0.05	0.37625	0.5	0.515	0.25125	0.18875	0.38625	0.39	0.11375	0.47125	0.35	0.34625	0.53125	0.4175	0.36375	0.255	0.405	0.4525	0.13625	0.30625	0.405	-3.5	-0.933333	0.08	-1	-1	0.5352	0.401567	0.30352	0.397571	0.4496
0.5	0.12	0.12	0.05	0.12	0.12	0.12	0.27	0.73	0.73	0.73	0.5	0.73	0.5	0.5	0.27	0.73	0.05	0.27	0.95	0.37625	0.5475	0.6225	0.44875	0.1675	0.405	0.54125	0.095	0.49	0.2925	0.205	0.53125	0.31	0.3325	0.34	0.4525	0.4525	0.23625	0.3825	0.2925	4.2	1.73333	-0.44	-1.05714	-1.35556	0.1225	0.269167	0.39172	0.393186	0.401811
0.27	0.27	0.95	0.12	0.12	0.12	0.12	0.05	0.12	0.73	0.73	0.5	0.88	0.12	0.05	0.27	0.73	0.05	0.27	0.88	0.405	0.61375	0.45625	0.44	0.16375	0.4625	0.59875	0.10375	0.53875	0.34875	0.20875	0.62	0.29125	0.38	0.415	0.395	0.42375	0.23625	0.3825	0.31	4.5	1.6	-0.52	-1.05714	-1.46667	0.1498	0.292133	0.40844	0.398843	0.374767
0.27	0.88	0.73	0.12	0.05	0.5	0.73	0.05	0.5	0.12	0.05	0.98	0.27	0.73	0.27	0.5	0.27	0.05	0.12	0.5	0.405	0.5375	0.54	0.5	0.18125	0.43375	0.57875	0.18875	0.44375	0.44375	0.34125	0.6075	0.38625	0.2	0.4725	0.4425	0.5575	0.15125	0.31	0.405	-3.9	-1.1	-0.08	-1.2	-1.36667	0.6041	0.4615	0.34194	0.3804	0.407611
0.5	0.5	0.88	0.88	0.05	0.73	0.73	0.12	0.73	0.05	0.12	0.73	0.12	0.27	0.88	0.73	0.27	0.05	0.5	0.12	0.405	0.50875	0.52125	0.49	0.06875	0.37625	0.56625	0.18	0.40625	0.51	0.34125	0.54375	0.405	0.2575	0.50375	0.385	0.5575	0.15125	0.2625	0.47125	-3.9	-3.03333	-1.82	-0.757143	-1.36667	0.6306	0.479133	0.40102	0.369471	0.4067
0.5	0.5	0.12	0.73	0.05	0.27	0.5	0.05	0.73	0.73	0.5	0.5	0.73	0.5	0.73	0.27	0.27	0.95	0.95	0.5	0.4525	0.4325	0.585	0.48125	0.12875	0.405	0.595	0.2075	0.3875	0.45375	0.32125	0.60125	0.32875	0.26	0.475	0.41375	0.5575	0.03875	0.20625	0.50875	-1.3	-3.23333	-2.8	-1.85714	-1.36667	0.2027	0.417067	0.4628	0.428943	0.414078
0.12	0.95	0.5	0.5	0.02	0.73	0.73	0.12	0.73	0.5	0.05	0.98	0.12	0.05	0.27	0.27	0.5	0.02	0.12	0.12	0.5	0.42375	0.61375	0.61375	0.12375	0.395	0.66125	0.19875	0.40625	0.40625	0.2925	0.54125	0.32875	0.26	0.56125	0.49	0.5	0.15125	0.2825	0.47125	-4.5	-2.06667	-2.72	-3	-2.22222	0.4179	0.359767	0.44974	0.493486	0.471689
0.73	0.5	0.5	0.5	0.12	0.27	0.5	0.73	0.12	0.27	0.5	0.5	0.27	0.12	0.73	0.73	0.73	0.05	0.27	0.5	0.4525	0.48	0.58625	0.66125	0.1025	0.47125	0.70875	0.13125	0.53	0.435	0.2075	0.60125	0.23375	0.35875	0.56	0.4325	0.41375	0.15625	0.32125	0.37625	-0.4	-2.8	-2.64	-2.94286	-2.41111	0.4587	0.4718	0.44394	0.498757	0.492967
0.73	0.12	0.27	0.95	0.05	0.27	0.88	0.05	0.05	0.73	0.12	0.12	0.12	0.02	0.98	0.27	0.5	0.02	0.05	0.27	0.48125	0.45125	0.58625	0.7125	0.11125	0.4425	0.6325	0.24375	0.49125	0.425	0.31125	0.56	0.2525	0.3425	0.5575	0.46125	0.42375	0.15625	0.34875	0.43375	-3.5	-2.46667	-3.08	-1.98571	-2.36667	0.5388	0.533033	0.5316	0.457429	0.467644
0.5	0.12	0.73	0.73	0.5	0.5	0.95	0.27	0.12	0.5	0.27	0.5	0.12	0.27	0.12	0.27	0.73	0.02	0.05	0.73	0.4625	0.395	0.4525	0.66375	0.05125	0.32875	0.595	0.20375	0.45375	0.4625	0.28375	0.4275	0.24	0.28	0.68	0.40375	0.3675	0.15125	0.28875	0.37625	-3.5	-3.5	-1.62	-2.3	-2.28889	0.6016	0.5938	0.51628	0.482214	0.427256
0.5	0.5	0.73	0.88	0.05	0.5	0.88	0.27	0.88	0.12	0.05	0.5	0.12	0.05	0.73	0.88	0.5	0.02	0.05	0.27	0.51	0.31875	0.5	0.645	0.1075	0.3575	0.65125	0.2125	0.2825	0.43375	0.31125	0.45625	0.16375	0.25125	0.6225	0.385	0.39625	0.035	0.17625	0.405	-3.5	-1.4	-2.24	-2.11429	-1.94444	0.641	0.527967	0.49978	0.460671	0.468767
0.5	0.27	0.73	0.5	0.05	0.27	0.27	0.12	0.5	0.73	0.5	0.5	0.27	0.98	0.5	0.27	0.27	0.12	0.73	0.5	0.5575	0.3475	0.52875	0.66375	0.11125	0.3575	0.7275	0.2225	0.25375	0.30125	0.25125	0.3675	0.13625	0.14375	0.68	0.55	0.45375	0.0225	0.09125	0.3675	2.8	-1.4	-2.18	-1.8	-1.24444	0.3413	0.452833	0.44544	0.477471	0.485522
0.5	0.27	0.5	0.98	0.05	0.27	0.5	0.27	0.12	0.5	0.5	0.27	0.27	0.5	0.5	0.27	0.12	0.02	0.12	0.73	0.48125	0.3	0.50125	0.575	0.1025	0.33	0.69875	0.115	0.2925	0.40625	0.25125	0.39625	0.165	0.3075	0.59125	0.465	0.415	0.1525	0.24375	0.395	-3.5	-1.3	-1.12	-1.04286	-1.34444	0.3762	0.3282	0.44038	0.481743	0.453211
0.12	0.05	0.27	0.27	0.02	0.05	0.5	0.02	0.5	0.12	0.05	0.05	0.02	0.02	1	0.27	0.05	0.01	0.02	0.12	0.44	0.31875	0.60625	0.67	0.1	0.43375	0.6225	0.1425	0.245	0.36375	0.2925	0.5	0.1825	0.365	0.40875	0.4375	0.3675	0.15125	0.25125	0.43875	-3.2	-1.63333	-0.06	-0.728571	-1.34444	0.2671	0.406533	0.42592	0.419786	0.419189
0.88	0.27	0.5	0.73	0.05	0.5	0.88	0.12	0.12	0.12	0.5	0.73	0.12	0.05	0.88	0.73	0.27	0.02	0.05	0.27	0.2825	0.27625	0.48625	0.52125	0.03375	0.315	0.45625	0.09625	0.2775	0.30125	0.2175	0.3525	0.15625	0.39	0.40875	0.34625	0.24875	0.2725	0.3325	0.34375	1.8	0.133333	-0.88	-0.728571	-1.05556	0.5763	0.4707	0.39124	0.361443	0.363278
0.5	0.95	0.73	0.27	0.05	0.5	0.73	0.05	0.12	0.05	0.02	0.27	0.05	0.12	0.5	0.98	0.73	0.02	0.12	0.05	0.2825	0.25375	0.42875	0.47125	0.02875	0.2675	0.37125	0.0725	0.17375	0.29625	0.2725	0.41	0.1525	0.37625	0.48375	0.23875	0.1625	0.3325	0.32	0.33875	1.8	0.766667	-0.88	-1.25714	-1.16667	0.5687	0.437633	0.36252	0.326743	0.340744
0.12	0.12	0.05	0.27	0.05	0.05	0.5	0.02	0.05	0.88	0.5	0.5	0.5	0.95	0.02	0.05	0.27	0.99	0.88	0.95	0.30125	0.38625	0.545	0.51875	0.025	0.38125	0.47625	0.07625	0.15375	0.10375	0.15625	0.4375	0.0775	0.1525	0.4875	0.4125	0.24875	0.19875	0.14	0.17	-1.3	-1	-0.42	-1.4	-1.05556	0.1679	0.323067	0.32878	0.3356	0.388667
0.02	0.05	0.88	1	0	0.88	0.27	0.02	0.05	0.01	0	0.73	0.01	0	0.02	0.05	0.05	0	0.01	0.01	0.26625	0.42375	0.44125	0.33875	0.14875	0.30625	0.53375	0.0575	0.20125	0.165	0.21875	0.4975	0.13875	0.22375	0.43125	0.4125	0.295	0.32625	0.29625	0.25875	-3.5	-1.9	-1.68	-0.4	-1.02222	0.2326	0.1663	0.30116	0.407814	0.400722
0	0	0	0	0	0	0	0	0	0	0.12	0	0.01	0.5	0	0	0	1	0.73	0.12	0.26875	0.4575	0.63625	0.46375	0.14875	0.44375	0.52	0.18125	0.23625	0.15375	0.2	0.645	0.17	0.17375	0.37125	0.4475	0.3575	0.2025	0.21	0.2325	-0.9	-2.96667	-1.28	-1.11429	-0.755556	0.0984	0.2564	0.34194	0.394729	0.427644
0.12	1	0.5	0.02	0.01	0.12	0.05	0.01	0.05	0.01	0.01	0.5	0.02	0.01	0.95	0.27	0.27	0.5	0.02	0.01	0.25375	0.3325	0.545	0.37625	0.25125	0.38125	0.41875	0.25625	0.23	0.2	0.185	0.55375	0.16875	0.2625	0.1575	0.41375	0.3525	0.3725	0.41125	0.24625	-4.5	-0.533333	-1.66	-1.48571	-1	0.4382	0.4364	0.4053	0.386257	0.373233
0.27	0.5	0.98	0.88	0.02	0.73	0.88	0.12	0.27	0.02	0.05	0.95	0.12	0.02	0.05	0.73	0.5	0.02	0.05	0.05	0.17875	0.2775	0.395	0.23625	0.25	0.245	0.23875	0.2375	0.18875	0.315	0.21125	0.46625	0.24125	0.30875	0.20875	0.23625	0.26625	0.43125	0.39875	0.36	3.8	-1.3	-1.12	-1.35714	-0.733333	0.7726	0.565167	0.46066	0.374643	0.330544
0.12	0.5	0.5	0.27	0.99	0.5	0.73	0.12	0.5	0.12	0.5	0.98	0.27	0.12	0.05	0.27	0.27	0.05	0.5	0.5	0.21625	0.26875	0.55875	0.285	0.12875	0.2825	0.20125	0.25	0.2725	0.19875	0.1075	0.4625	0.19375	0.21125	0.22125	0.3975	0.385	0.30625	0.295	0.21875	-3.2	-0.0666667	-1.02	-0.257143	-0.666667	0.4847	0.5889	0.4583	0.367771	0.326944
0.12	0.27	0.95	0.27	0.02	0.27	0.12	0.99	0.73	0.02	0.02	0.5	0.27	0.12	0.5	0.5	0.5	0.02	0.05	0.02	0.2475	0.325	0.42625	0.19375	0.2525	0.26375	0.35375	0.15375	0.3	0.2125	0.17375	0.49375	0.19875	0.2175	0.2875	0.425	0.38375	0.3125	0.46875	0.28375	-0.8	-1.46667	0.72	-0.228571	-0.455556	0.5094	0.360233	0.40756	0.373071	0.355911
0.88	0.27	0.27	0.05	0.88	0.12	0.12	0.73	0.12	0.5	0.27	0.5	0.12	0.27	0.12	0.73	0.5	0.88	0.95	0.27	0.24375	0.32625	0.5125	0.2225	0.15125	0.285	0.35625	0.1875	0.3775	0.275	0.16125	0.49625	0.25	0.1425	0.445	0.4025	0.39875	0.08125	0.27125	0.36125	-0.4	1	-0.18	0.185714	0.111111	0.0866	0.260167	0.28014	0.380943	0.3738
0.05	0.01	0.01	0.01	0.05	0.02	0.12	0.01	0.01	0.98	0.27	0.02	0.73	0.5	0.01	0.02	0.27	0.01	0.05	1	0.3475	0.35625	0.4975	0.25875	0.255	0.345	0.4125	0.27875	0.39125	0.21625	0.175	0.6175	0.1775	0.11375	0.355	0.54875	0.4275	0.12875	0.38375	0.275	4.2	1.03333	0.14	0.242857	0.177778	0.1845	0.135533	0.28186	0.307629	0.3502
0.27	0.05	0.88	0.05	0.05	0.12	0.05	0.12	0.95	0.05	0.12	0.5	0.27	0.27	0.12	0.88	0.99	0.02	0.5	0.27	0.2925	0.3225	0.39	0.2675	0.25375	0.25625	0.37375	0.25625	0.33125	0.3325	0.19	0.4725	0.25375	0.1425	0.3375	0.38375	0.30875	0.12625	0.355	0.4225	-0.7	0.633333	1.14	0.142857	-0.633333	0.1355	0.2711	0.23186	0.270643	0.321644
0.27	0.27	0.27	0.27	0.02	0.5	0.88	0.12	0.5	0.02	0.05	0.5	0.05	0.05	1	0.5	0.27	0.02	0.95	0.05	0.28	0.2475	0.41	0.20875	0.13375	0.27125	0.2125	0.2425	0.33125	0.32125	0.1375	0.365	0.25	0.155	0.22375	0.40375	0.45625	0.12125	0.2375	0.38875	-1.6	0.633333	0.44	-0.242857	-0.666667	0.4933	0.296067	0.2597	0.271529	0.285367
0.73	0.01	0.01	0.01	0.05	0.02	0.02	0.01	0.01	0.98	0.27	0.02	0.27	0.05	0.88	0.05	0.12	0.01	0.05	0.99	0.27	0.3375	0.3575	0.21375	0.13	0.33125	0.33875	0.25625	0.3075	0.20125	0.11375	0.425	0.20375	0.1425	0.1825	0.46	0.41875	0.1225	0.40625	0.275	4.2	-0.433333	-1.1	-0.685714	-1.01111	0.2594	0.326167	0.32592	0.281757	0.301878
0.12	0.98	0.12	0.27	0.01	0.5	0.5	0.02	0.05	0.02	0.12	0.99	0.05	0.01	0.12	0.73	0.27	0.01	0.02	0.05	0.27	0.245	0.42875	0.2375	0.03125	0.36625	0.32625	0.22625	0.37875	0.27375	0.1325	0.30375	0.27875	0.12	0.29625	0.375	0.4	0.01875	0.35375	0.37375	-3.9	-1.06667	-1.66	-1.84286	-1.35556	0.2258	0.3336	0.33046	0.3494	0.376467
0.05	0.27	0.99	0.99	0.01	0.12	0.5	0.05	0.73	0.02	0.02	0.27	0.27	0.02	0.02	0.27	0.27	0.01	0.27	0.5	0.275	0.3325	0.31875	0.14625	0.15	0.41125	0.31125	0.22125	0.2925	0.1525	0.1125	0.39125	0.16125	0.05625	0.3075	0.4325	0.36875	0.0175	0.31625	0.195	-3.5	-3.63333	-2.12	-2.24286	-1.54444	0.5156	0.299867	0.3634	0.438314	0.374911
0.02	0.12	0.05	0.02	0	1	0.27	0.01	0.05	0	0.01	0.12	0.02	0	0.02	0.05	0.73	0.01	0.01	0.01	0.3075	0.36	0.38875	0.295	0.14625	0.28875	0.34875	0.33625	0.26125	0.14875	0.09875	0.3625	0.16	0.02625	0.295	0.38375	0.19375	0.01625	0.2875	0.22375	-3.5	-3.63333	-3.66	-1.65714	-1.51111	0.1582	0.443933	0.4631	0.3922	0.423211
0.5	0.73	0.27	0.05	0.02	0.27	0.27	0.99	0.05	0.02	0.05	0.5	0.12	0.02	0.05	0.5	0.05	0.02	0.5	0.05	0.305	0.28375	0.39	0.2725	0.26	0.3325	0.25375	0.26125	0.205	0.14625	0.09	0.2675	0.1475	0.02	0.1725	0.39	0.3075	0.015	0.11	0.21875	-3.9	-3.63333	-2.38	-2.31429	-1.42222	0.658	0.5247	0.45204	0.4366	0.398456
0.27	0.5	0.95	0.5	0.05	0.88	0.5	0.5	0.73	0.12	0.27	0.5	0.5	0.05	0.27	0.73	0.5	0.05	0.5	0.12	0.24875	0.3125	0.30625	0.21625	0.375	0.255	0.22375	0.355	0.12	0.01375	0.03125	0.26625	0.06875	0.01125	0.03625	0.44625	0.2425	0.01125	0.105	0.0925	-3.5	-1.63333	-1.76	-1.87143	-1.61111	0.7579	0.5288	0.46296	0.442986	0.3958
0.02	0	0	0	1	0	0	0	0	0.01	0.01	0	0.01	0	0	0.02	0.02	0	0	0.02	0.265	0.2525	0.41	0.245	0.255	0.30375	0.22375	0.415	0.20625	0.025	0.05	0.205	0.125	0.03125	0.055	0.44375	0.26875	0.14125	0.28375	0.09875	2.5	-0.466667	-1.22	-1.01429	-1.27778	0.1705	0.499533	0.48542	0.402971	0.381544
0.5	0.12	0.5	0.27	0.01	0.02	0.12	1	0.02	0	0	0.12	0.01	0.01	0.02	0.27	0.05	0.01	0.01	0.01	0.3225	0.21875	0.23875	0.09375	0.3925	0.30125	0.16125	0.3175	0.11875	0.08625	0.06375	0.17125	0.10625	0.03375	0.065	0.47	0.3225	0.14125	0.255	0.07125	-0.4	0.433333	0.06	-0.642857	-0.688889	0.5702	0.337067	0.40092	0.3943	0.358689
0.73	0.27	0.5	0.12	0.95	0.12	0.12	0.5	0.05	0.02	0.02	0.12	0.05	0.02	0.05	1	0.5	0.02	0.02	0.05	0.30625	0.1875	0.235	0.1125	0.28125	0.17	0.13	0.38125	0.21875	0.09875	0.09375	0.15875	0.20875	0.1575	0.06125	0.3875	0.18125	0.1725	0.34375	0.09875	-0.8	0.433333	0.58	0.171429	0.0111111	0.2705	0.358733	0.26884	0.344571	0.354778
0.05	0.01	0.02	0.01	1	0.01	0.01	0.27	0.01	0.02	0.02	0.01	0.02	0.01	0.01	0.73	0.05	0.01	0.01	0.05	0.43875	0.14375	0.295	0.15375	0.335	0.165	0.125	0.39625	0.2325	0.1025	0.09375	0.125	0.20375	0.1625	0.1225	0.48125	0.29375	0.17375	0.28875	0.1075	2.5	0.266667	0.44	1.07143	0.355556	0.2355	0.201167	0.29672	0.253871	0.359356
0	0	0	0	0	0.01	0	0	0.01	0	0.01	0	0.01	0.12	0	0	0	1	0.95	0	0.53	0.0975	0.2125	0.1075	0.46875	0.1175	0.07875	0.40125	0.15625	0.105	0.07625	0.07875	0.1575	0.14875	0.105	0.6	0.35625	0.05	0.115	0.16125	-0.9	1.13333	1.08	0.6	0.655556	0.0975	0.2143	0.20728	0.3294	0.323689
0.99	0.12	0.12	0.05	0.12	0.12	0.12	0.27	0.05	0.5	0.12	0.12	0.12	0.05	0.12	0.73	0.73	0.02	0.05	0.27	0.495	0.0975	0.2125	0.1075	0.34375	0.11875	0.07875	0.3825	0.1575	0.15125	0.1525	0.0975	0.205	0.1725	0.105	0.56875	0.38125	0.17875	0.2425	0.235	1.8	1.23333	1.08	0.542857	0.877778	0.3099	0.1768	0.29302	0.310357	0.332222
0.12	0.02	0.02	0.02	0.05	0.05	0.02	0.02	0.88	0.12	0.27	0.02	0.88	1	0.02	0.12	0.05	0.27	0.73	0.27	0.66	0.10125	0.19625	0.11125	0.3575	0.15875	0.13875	0.4125	0.0575	0.20125	0.13625	0.11	0.115	0.05875	0.12125	0.7025	0.475	0.14875	0.2475	0.24875	2.8	1.26667	0.42	1.3	0.877778	0.123	0.377367	0.3333	0.307043	0.289333
0.88	0.12	0.27	0.27	0.5	0.12	0.12	0.88	0.12	0.05	0.05	0.12	0.05	0.05	0.5	0.98	0.5	0.02	0.05	0.12	0.59625	0.06125	0.2125	0.07125	0.21625	0.15	0.12625	0.2575	0.20875	0.2225	0.1675	0.0975	0.275	0.1775	0.06125	0.58	0.4475	0.18	0.33625	0.32375	-0.8	0.4	1.5	0.885714	0.877778	0.6992	0.4197	0.36326	0.299714	0.2739
0.95	0.12	0.27	0.12	0.12	0.5	0.12	0.27	0.12	0.12	0.12	0.12	0.12	0.05	0.12	0.95	0.95	0.05	0.05	0.5	0.615	0.0625	0.2125	0.09125	0.15375	0.1075	0.1275	0.3025	0.21	0.33	0.275	0.09875	0.3825	0.2675	0.11	0.5075	0.41875	0.18125	0.35	0.38875	-0.8	0.966667	1.06	0.9	1.06667	0.4369	0.461133	0.33812	0.304586	0.258544
0.73	0.12	0.12	0.05	0.12	0.12	0.12	0.12	0.05	0.88	0.73	0.27	0.5	0.12	0.12	0.5	0.95	0.05	0.12	0.88	0.705	0.125	0.24625	0.13375	0.155	0.21625	0.2525	0.355	0.2325	0.23625	0.19875	0.1425	0.33625	0.245	0.11625	0.655	0.43375	0.0575	0.225	0.34375	4.5	1.1	0.34	1.24286	0.777778	0.2473	0.289467	0.33984	0.274214	0.260044
0.95	0.05	0.27	0.27	0.05	0.27	0.5	0.99	0.05	0.02	0.02	0.12	0.05	0.05	0.05	0.73	0.12	0.02	0.73	0.12	0.645	0.1525	0.24625	0.21875	0.1825	0.1975	0.205	0.335	0.2325	0.2875	0.275	0.16125	0.38375	0.25	0.11625	0.645	0.5375	0.06125	0.1575	0.41125	-0.4	1.1	1.34	0.342857	0.488889	0.1842	0.1877	0.21946	0.2725	0.233444
0.98	0.05	0.88	0.05	0.27	0.12	0.12	0.12	0.5	0.12	0.05	0.12	0.5	0.02	0.05	0.88	0.73	0.02	0.05	0.5	0.7175	0.2725	0.20125	0.30625	0.15125	0.3325	0.28375	0.4475	0.08125	0.35125	0.3	0.1925	0.25125	0.135	0.12	0.62625	0.47	0.09	0.16625	0.36375	-0.8	1	0.8	0.342857	-0.211111	0.1316	0.1377	0.15428	0.182686	0.230978
0.27	0.02	0.02	0.02	0.12	0.05	0.02	0.02	0.02	0.95	0.95	0.02	0.95	0.73	0.02	0.12	0.27	0.05	0.12	0.95	0.71125	0.32375	0.36625	0.2825	0.11375	0.34125	0.2875	0.3525	0.23625	0.35125	0.24375	0.205	0.28	0.13125	0.06375	0.61375	0.49875	0.20625	0.27375	0.38375	4.2	-0.0333333	-0.26	-0.0428571	-0.266667	0.0973	0.1133	0.11892	0.134671	0.163444
0.5	0.5	0.12	0.27	0.01	0.5	1	0.27	0.12	0.01	0.01	0.5	0.02	0.01	0.05	0.73	0.12	0.01	0.02	0.02	0.67375	0.35875	0.3825	0.25125	0.235	0.285	0.18375	0.3025	0.2425	0.46875	0.38	0.22125	0.415	0.325	0.05125	0.4525	0.4325	0.21125	0.3425	0.47125	-3.5	-0.0333333	-0.88	-0.871429	0.0222222	0.111	0.0929333	0.10224	0.1124	0.126733
0.73	0.27	0.27	0.95	0.27	0.12	0.12	0.98	0.05	0.05	0.02	0.12	0.05	0.02	0.05	0.88	0.73	0.02	0.12	0.05	0.5875	0.40625	0.355	0.1625	0.19375	0.35125	0.285	0.20125	0.26	0.4775	0.37875	0.2975	0.44	0.3425	0.0425	0.38625	0.2525	0.26625	0.33	0.4675	-0.8	-2.6	-0.98	-0.557143	0.0222222	0.0705	0.0941	0.0942	0.1013	0.121311
0.73	0.98	0.27	0.5	0.02	0.98	0.27	0.05	0.12	0.73	0.5	0.27	0.27	0.05	0.05	0.12	0.12	0.5	0.12	0.27	0.57875	0.4025	0.355	0.2	0.225	0.30125	0.26625	0.2	0.355	0.405	0.33125	0.38625	0.44	0.33875	0.0425	0.42375	0.3475	0.20625	0.30125	0.45875	-3.5	-1.86667	-1.46	0.2	-0.433333	0.1008	0.0875667	0.09604	0.110857	0.160211
0.12	0.5	0.73	0.05	0.05	0.12	0.05	0.02	0.88	0.88	0.5	0.12	0.73	0.73	0.02	0.12	0.27	0.98	0.98	0.73	0.56625	0.5475	0.25	0.265	0.19375	0.4275	0.29375	0.28	0.3075	0.3775	0.35875	0.4525	0.335	0.285	0.04625	0.405	0.36	0.15	0.25	0.35375	-1.3	-1	0.14	-1.04286	-0.777778	0.0914	0.0995667	0.11354	0.173286	0.204978
0.88	0.88	0.5	0.12	0.98	0.5	0.27	0.12	0.27	0.12	0.27	0.73	0.27	0.88	0.05	0.27	0.27	0.05	0.5	0.27	0.4525	0.53125	0.395	0.31625	0.065	0.43625	0.355	0.3875	0.4725	0.35625	0.275	0.465	0.28	0.19	0.04625	0.405	0.36	0.29375	0.32875	0.295	1.8	1.66667	-0.6	-1.1	-1.63333	0.1065	0.132133	0.2063	0.233786	0.241567
0.27	0.27	0.05	0.02	0.05	0.27	0.05	0.02	0.12	0.99	0.73	0.5	0.73	0.27	0.05	0.12	0.12	0.5	0.12	0.88	0.48125	0.63625	0.5275	0.3575	0.1825	0.5125	0.3675	0.47625	0.49125	0.2525	0.21875	0.55375	0.235	0.2675	0.055	0.36625	0.3975	0.355	0.38875	0.23125	4.5	0.6	-0.68	-1.48571	-1.67778	0.1985	0.279767	0.29304	0.284657	0.289678
0.88	0.73	0.27	0.12	0.05	0.73	0.5	0.05	0.88	0.12	0.12	0.98	0.27	0.05	0.05	0.27	0.27	0.02	0.5	0.27	0.3475	0.6075	0.5	0.2325	0.155	0.5025	0.31125	0.365	0.4525	0.38875	0.41125	0.54125	0.3775	0.355	0.11125	0.32875	0.35	0.41875	0.34125	0.335	-4.5	-1.3	-1.12	-1.54286	-1.16667	0.5343	0.422433	0.36008	0.347971	0.332244
0.27	0.73	0.5	0.12	0.05	0.27	0.12	0.73	0.88	0.05	0.27	0.5	0.12	0.27	0.05	0.73	0.98	0.05	0.5	0.12	0.3475	0.49125	0.44375	0.17625	0.15875	0.47125	0.34	0.27625	0.44375	0.425	0.42125	0.57375	0.45375	0.33625	0.1675	0.27125	0.3375	0.35875	0.38875	0.4425	-3.9	-3.96667	-2.26	-0.814286	-0.277778	0.5345	0.498467	0.44758	0.399714	0.3398
0.12	0.27	0.95	0.5	0.02	0.5	0.73	0.98	0.73	0.02	0.05	0.73	0.05	0.12	0.05	0.27	0.27	0.27	0.27	0.02	0.385	0.50125	0.40625	0.24125	0.1625	0.49	0.34875	0.24875	0.3675	0.325	0.40125	0.5925	0.3775	0.27	0.25625	0.4325	0.48375	0.21125	0.31	0.37	-3.5	-3.76667	-2.4	-0.428571	-0.211111	0.4266	0.5017	0.4986	0.408614	0.386567
0.12	0.73	0.73	0.5	0.02	0.88	0.88	0.88	0.12	0.05	0.02	0.98	0.12	0.02	0.12	0.27	0.27	0.95	0.12	0.12	0.29	0.33625	0.3725	0.22625	0.04625	0.3825	0.2975	0.24625	0.41125	0.41625	0.495	0.47125	0.3975	0.26375	0.2425	0.40125	0.45625	0.12625	0.32875	0.415	-3.9	-1.2	-0.6	-1.17143	0.0111111	0.544	0.474733	0.4255	0.453443	0.392778
0.27	0.5	0.27	0.05	0.05	0.5	0.12	0.12	0.5	0.27	0.95	0.5	0.73	0.5	0.5	0.73	0.5	0.05	0.12	0.27	0.3	0.33375	0.43875	0.28625	0.03875	0.4025	0.3925	0.345	0.35125	0.26625	0.28875	0.475	0.2325	0.17125	0.19125	0.45375	0.44625	0.17625	0.315	0.2875	3.8	1.46667	0.04	0.0142857	-0.577778	0.4536	0.3888	0.42106	0.400314	0.403056
0.12	0.05	0.05	0.05	0.05	0.27	0.12	0.02	0.05	0.95	0.73	0.05	0.73	0.12	0.5	0.12	0.73	0.05	0.5	0.98	0.3	0.305	0.4475	0.28625	0.035	0.37375	0.45375	0.35375	0.30375	0.2	0.3075	0.42375	0.205	0.2275	0.30375	0.53	0.4175	0.175	0.2075	0.275	4.5	2.53333	1.5	0.457143	-0.466667	0.1688	0.378233	0.36822	0.365529	0.388244
0.27	0.12	0.88	0.95	0.05	0.5	0.73	0.05	0.12	0.05	0.12	0.5	0.05	0.05	0.73	0.95	0.73	0.02	0.12	0.05	0.25375	0.22	0.2875	0.17375	0.02875	0.43625	0.45375	0.26	0.19125	0.3075	0.365	0.32	0.30875	0.2025	0.27125	0.34125	0.32875	0.17375	0.195	0.37875	-0.7	2.53333	2.12	0.457143	-0.422222	0.5123	0.281167	0.31762	0.361871	0.365656
0.12	0.02	0.01	0	0.05	0.02	0.01	0	0.01	0.88	0.99	0.01	0.5	0.73	0.01	0.02	0.05	0.05	0.5	0.73	0.26	0.205	0.4	0.34	0.02625	0.5575	0.575	0.14625	0.22375	0.2025	0.25125	0.305	0.30875	0.10375	0.3575	0.43	0.41375	0.19875	0.205	0.2925	3.8	0.766667	0.66	0.514286	-0.422222	0.1624	0.3219	0.3071	0.331471	0.3624
0.5	0.02	0.12	0.05	0.02	0.05	0.05	0.05	0.02	0.01	0.01	0.05	0.02	0.01	0.02	1	0.27	0	0.01	0.01	0.23125	0.115	0.295	0.27125	0.03	0.445	0.46	0.03	0.2075	0.39625	0.495	0.17875	0.4725	0.20625	0.34125	0.275	0.355	0.0875	0.25375	0.48625	-0.8	-0.166667	-0.94	-0.528571	0.433333	0.291	0.2848	0.33958	0.323429	0.326322
0.73	0.05	0.12	0.12	0.02	0.27	0.99	0.02	0.05	0.27	0.05	0.12	0.05	0.12	0.95	0.27	0.27	0.01	0.02	0.88	0.18375	0.05	0.2625	0.25625	0.02625	0.35625	0.32875	0.01875	0.1425	0.44875	0.49	0.10875	0.44	0.13625	0.16375	0.2775	0.29875	0.08125	0.24	0.4675	-3.5	-2.6	-1.5	-0.628571	0.477778	0.401	0.341067	0.31658	0.330643	0.307111
0.05	0.12	0.05	0.12	0	1	0.73	0.01	0.05	0.01	0.12	0.12	0.27	0	0.02	0.05	0.27	0.01	0.02	0.02	0.25625	0.0375	0.35625	0.375	0.02375	0.265	0.38	0.02	0.13875	0.36375	0.39	0.10875	0.3225	0.13625	0.22	0.40875	0.27	0.075	0.18	0.45375	-3.5	-3.5	-1.5	0.0714286	-0.411111	0.3312	0.3765	0.32796	0.297557	0.330544
0.02	0.05	0.98	0.88	0	0.99	0.98	0.02	0.88	0.01	0.01	0.12	0.5	0.01	0.02	0.05	0.27	0.5	0.73	0.01	0.22875	0.03125	0.13	0.16125	0.1425	0.20375	0.2575	0.01375	0.02	0.35875	0.39	0.04625	0.28875	0.12875	0.12875	0.2925	0.18	0.01125	0.07625	0.45	-3.5	-1.06667	-0.5	-0.971429	-0.0555556	0.3973	0.315933	0.3259	0.3286	0.290967
0.27	0.01	0	0	0.02	0.01	0	0	0	0.73	0.99	0.01	0.95	0.12	0	0.01	0.02	0.01	0.02	0.95	0.245	0.03625	0.285	0.395	0.25625	0.33	0.4125	0.07875	0.135	0.17375	0.14625	0.065	0.185	0.02625	0.1325	0.41375	0.23875	0.0675	0.165	0.25625	3.8	1.5	-0.5	-0.5	-0.566667	0.2193	0.2991	0.32164	0.309329	0.311
0.12	0.01	0.01	0	0.02	0.01	0.01	0	0.01	0.95	0.95	0.01	0.5	0.05	0.01	0.02	0.05	0.01	0.02	0.99	0.21625	0.14375	0.36	0.4225	0.25625	0.38625	0.4675	0.0875	0.25	0.15125	0.165	0.16875	0.25375	0.14375	0.19125	0.35	0.2925	0.10125	0.2825	0.25625	4.2	1.5	0.7	-0.114286	-0.166667	0.2807	0.293233	0.28662	0.301	0.352256
0.02	0.02	0.73	1	0.01	0.27	0.27	0.02	0.02	0.01	0	0.05	0.01	0	0.02	0.95	0.5	0	0.02	0.01	0.17125	0.17	0.34625	0.31625	0.37875	0.3825	0.37375	0.1925	0.305	0.26875	0.2925	0.1825	0.3425	0.15	0.0775	0.2625	0.23625	0.1075	0.39	0.33125	-3.5	1.06667	1.24	0.785714	-0.211111	0.3797	0.272167	0.2757	0.3483	0.361078
0.02	0	0	0	1	0	0	0.01	0	0.01	0.01	0	0.01	0	0	0.02	0.01	0	0	0.01	0.19875	0.16375	0.55625	0.545	0.25625	0.3825	0.35	0.3025	0.3075	0.2675	0.27625	0.18	0.31	0.15	0.11125	0.46375	0.27875	0.10625	0.39125	0.33	2.5	-0.6	1.04	0.728571	-0.211111	0.1561	0.292833	0.3643	0.360171	0.361767
0.5	0.02	0.27	0.99	0.98	0.05	0.27	0.5	0.05	0.12	0.02	0.05	0.12	0.02	0.02	0.95	0.27	0.01	0.5	0.12	0.15125	0.17	0.51875	0.4025	0.26125	0.37125	0.285	0.245	0.315	0.255	0.28	0.22125	0.34375	0.2375	0.10875	0.4325	0.2275	0.07625	0.3475	0.32125	-0.8	1.5	-0.58	-0.314286	0.0333333	0.3427	0.387033	0.40424	0.377043	0.381989
0.12	0.88	0.73	0.27	0.02	0.5	0.5	0.12	0.95	0.05	0.12	0.88	0.12	0.88	0.5	0.5	0.73	0.27	0.95	0.05	0.19875	0.0625	0.46375	0.49875	0.38	0.315	0.2575	0.4175	0.20375	0.1725	0.14375	0.13125	0.22625	0.115	0.05	0.49375	0.17	0.04375	0.28875	0.21125	2.8	-0.633333	-0.58	-1.1	-0.433333	0.6623	0.495133	0.39578	0.4197	0.418644
0.27	0.27	0.73	0.27	0.99	0.5	0.5	0.88	0.5	0.27	0.12	0.27	0.27	0.12	0.05	0.5	0.27	0.05	0.88	0.5	0.16625	0.1375	0.4625	0.49875	0.38125	0.31375	0.25625	0.3225	0.25875	0.02625	0.025	0.20625	0.145	0.20375	0.105	0.49375	0.2225	0.07	0.295	0.0325	-3.9	-1.53333	-1.34	-0.657143	-0.622222	0.4804	0.493367	0.48042	0.443914	0.4204
0.27	0.05	1	0.95	0.01	0.73	0.27	0.88	0.05	0	0	0.05	0.01	0	0.27	0.73	0.12	0	0.01	0.01	0.17875	0.19625	0.46125	0.4075	0.50375	0.31375	0.36125	0.35375	0.40375	0.06	0.04625	0.29	0.1825	0.22	0.0775	0.40875	0.185	0.0775	0.435	0.09375	-3.5	-2.9	-1.26	-0.657143	-0.622222	0.3374	0.4657	0.52172	0.463971	0.450389
0.12	0.12	0.95	0.73	0.02	0.95	0.73	0.05	0.99	0.02	0.05	0.5	0.88	0.73	0.02	0.73	0.12	0.27	0.88	0.05	0.1975	0.18875	0.47375	0.43625	0.41125	0.2875	0.31875	0.58125	0.28625	0.05625	0.03875	0.235	0.0725	0.12875	0.10875	0.42125	0.185	0.0775	0.32625	0.0875	-1.3	-1.73333	-1.32	-1.04286	-0.944444	0.5793	0.488633	0.44856	0.507814	0.471922
0.27	0.01	0.02	0.05	0.01	0.01	0.01	1	0.01	0	0	0.12	0.01	0	0.01	0.05	0.02	0.01	0	0	0.11875	0.2	0.55875	0.43125	0.29	0.39875	0.3775	0.525	0.4025	0.04375	0.0425	0.27625	0.16625	0.2175	0.1075	0.39	0.16375	0.10875	0.37375	0.07875	-0.4	0.266667	-1.24	-1.5	-0.9	0.5492	0.475	0.4824	0.463186	0.462344
0.01	0	0	0	1	0	0	0	0	0	0	0	0	0	0	0.02	0.01	0	0	0.01	0.1425	0.10625	0.5325	0.46625	0.16625	0.34	0.31875	0.6375	0.3475	0.07125	0.14625	0.1875	0.1675	0.22625	0.0475	0.39375	0.1075	0.20125	0.37375	0.0775	2.5	-0.466667	-0.62	-1	-0.788889	0.2965	0.498433	0.4849	0.4312	0.410567
0.12	0.27	0.99	0.95	0.01	0.5	0.88	0.27	0.73	0.01	0.05	0.5	0.05	0.01	0.02	0.5	0.05	0.01	0.27	0.01	0.12875	0.04125	0.32375	0.32875	0.16875	0.2775	0.1525	0.5	0.19625	0.1275	0.21625	0.09375	0.2525	0.24375	0.1625	0.305	0.08375	0.195	0.2325	0.0775	-3.5	-0.466667	-0.44	0.0428571	0.144444	0.6496	0.432	0.42034	0.411043	0.375433
0.02	0.01	0.05	0.01	0.27	0.01	0.12	1	0	0	0	0.01	0	0	0	0.12	0.01	0.27	0	0	0.17	0.07375	0.4075	0.4375	0.14125	0.28125	0.27625	0.31375	0.4	0.1625	0.25625	0.16375	0.2725	0.3075	0.2225	0.3525	0.13625	0.2725	0.375	0.0925	-0.4	-1.43333	0.4	0.871429	0.144444	0.3499	0.418667	0.34976	0.351743	0.377356
0.02	0	0.02	0.27	0	0	0.02	1	0	0	0	0	0	0	0	0.02	0	0	0	0	0.17	0.15125	0.41125	0.37625	0.1875	0.255	0.23125	0.34125	0.29125	0.16625	0.3125	0.13625	0.225	0.23125	0.2825	0.33625	0.2325	0.36375	0.375	0.0925	-0.4	1	0.8	0.428571	-0.1	0.2565	0.267567	0.3233	0.323957	0.349022
0.05	0.12	0.5	0.5	0.02	0.02	0.02	0.02	0.5	0.27	0.95	0.05	0.12	0.95	0.01	0.5	0.27	1	0.95	0.05	0.2575	0.13625	0.35125	0.3425	0.18625	0.25375	0.245	0.40125	0.22875	0.16625	0.20875	0.1175	0.21125	0.11375	0.2825	0.3325	0.21125	0.23875	0.27125	0.14875	3.8	2.63333	0.8	-0.428571	0.144444	0.1963	0.205667	0.26432	0.327929	0.288867
0.27	0.02	0.05	0.12	0.02	0.5	0.05	0.05	0.02	0.73	0.73	0.02	1	0.27	0.99	0.27	0.12	0.01	0.02	0.5	0.24375	0.14875	0.4075	0.39	0.0625	0.19375	0.24125	0.3975	0.29125	0.1425	0.3275	0.12125	0.1925	0.32375	0.16	0.36	0.23	0.4875	0.51	0.09375	4.5	1.6	0.18	0.328571	0.177778	0.1642	0.2384	0.2592	0.236243	0.267944
0.5	0.05	0.73	0.88	0.05	0.27	0.5	0.12	0.95	0.27	0.27	0.12	0.12	0.5	0.73	0.73	0.5	0.88	0.88	0.12	0.20625	0.2025	0.29	0.2675	0.05875	0.2825	0.1975	0.37	0.09875	0.205	0.4125	0.10875	0.33	0.295	0.1925	0.27375	0.1825	0.49625	0.37125	0.1425	-3.5	-0.833333	0.62	0.785714	0.177778	0.3547	0.281067	0.20946	0.201714	0.242344
0.12	0.73	0.95	0.5	0.12	0.73	0.27	0.27	0.12	0.05	0.5	0.27	0.5	0.12	0.5	0.5	0.88	0.73	0.88	0.05	0.26625	0.1175	0.2575	0.31625	0.01625	0.315	0.22625	0.2275	0.2175	0.23375	0.38625	0.1225	0.285	0.46625	0.22125	0.29375	0.14	0.605	0.49625	0.1525	-3.5	-1.73333	0.42	0.342857	-0.166667	0.3243	0.228933	0.19184	0.224957	0.221411
1	0.01	0.02	0.01	0.02	0.02	0.12	0.5	0.01	0.27	0.12	0.02	0.02	0.01	0.02	0.5	0.12	0.01	0.12	0.5	0.16	0.21	0.38625	0.345	0.035	0.40625	0.245	0.075	0.24625	0.33125	0.525	0.15625	0.43625	0.51375	0.28375	0.29375	0.25	0.8175	0.65375	0.215	1.8	0.366667	-1.18	-0.7	0.0888889	0.0078	0.146767	0.24284	0.219986	0.197344
0.12	0	0	0	0.01	0	0	0	0.02	0.27	0.73	0	0.73	1	0	0.01	0.01	1	0.98	0.02	0.355	0.23	0.34125	0.29	0.04	0.46875	0.26375	0.14125	0.21625	0.42	0.42125	0.24375	0.45125	0.28625	0.29125	0.3075	0.2925	0.57125	0.43375	0.36	2.8	0.366667	-1.18	-1.07143	0.166667	0.1082	0.1784	0.2042	0.202229	0.210711
0.05	0.73	0.73	0.73	0.01	0.98	0.98	0.12	0.12	0.05	0.27	0.5	0.27	0.01	0.02	0.27	0.05	0.95	0.02	0.02	0.36375	0.24625	0.3625	0.29375	0.03875	0.4025	0.245	0.12625	0.31125	0.3575	0.39	0.2975	0.39	0.39125	0.17125	0.30375	0.2875	0.57875	0.61375	0.3	-3.5	-1.4	-0.1	0.0714286	-0.722222	0.4192	0.229633	0.14732	0.196786	0.269333
0.12	0.01	0.01	0.02	0	0.73	0.12	0.01	0.12	0.01	0.02	0.27	0.02	0.99	0	0.05	0.05	0.99	1	0.01	0.3075	0.3925	0.48625	0.36375	0.035	0.4625	0.32375	0.14	0.28375	0.34375	0.4025	0.4025	0.51625	0.2075	0.085	0.27375	0.2875	0.46375	0.38375	0.2925	-3.5	-1.7	0.44	0.0714286	0.0888889	0.1615	0.206867	0.20908	0.249286	0.271522
0.05	0.02	0.12	0.01	0.05	0.02	0.02	0.01	0.12	1	0.73	0.02	0.73	0.27	0.02	0.02	0.12	0.98	0.5	0.95	0.31625	0.3625	0.46375	0.3175	0.02	0.5225	0.3175	0.23	0.36	0.22875	0.2575	0.4625	0.37125	0.345	0.035	0.24875	0.18375	0.38	0.44625	0.175	1.9	0.966667	-0.82	0.357143	0.433333	0.0399	0.172667	0.3258	0.301657	0.286867
0.73	0.27	0.12	0.05	0.05	0.5	0.05	0.05	0.27	0.98	0.73	0.73	0.95	0.12	0.05	0.12	0.5	0.02	0.05	0.73	0.14	0.33	0.46375	0.3125	0.0175	0.46125	0.30125	0.2875	0.34625	0.1975	0.2425	0.3775	0.34125	0.3625	0.02875	0.18	0.1225	0.49875	0.4875	0.14	4.5	0.966667	0.64	-0.1	0.188889	0.3166	0.349433	0.31684	0.352257	0.309078
0.27	0.88	0.95	0.88	0.01	0.95	0.88	0.05	0.88	0.01	0.02	0.95	0.05	0.12	0.05	0.5	0.12	0.02	0.5	0.02	0.185	0.25375	0.36	0.20875	0.02375	0.40625	0.1975	0.2875	0.2675	0.40875	0.3625	0.35125	0.39625	0.2525	0.02875	0.1325	0.2025	0.375	0.31125	0.34875	-3.5	1.6	1.26	0.342857	0.377778	0.6918	0.460933	0.37702	0.322043	0.304556
0.12	0.5	1	0.73	0.01	0.5	0.27	0.12	0.73	0.12	0.12	0.73	0.88	0.01	0.02	0.27	0.5	0	0.02	0.05	0.28875	0.21625	0.325	0.24625	0.1325	0.4025	0.2425	0.27875	0.3625	0.4225	0.3225	0.33125	0.35	0.28	0.12125	0.16125	0.21125	0.26125	0.38375	0.46125	3.8	-0.0333333	0.8	1.48571	1.04444	0.3744	0.509533	0.41058	0.308614	0.280722
0.12	0.5	0.88	0.12	0.05	0.5	0.12	0.99	0.73	0.12	0.05	0.5	0.05	0.5	0.12	0.27	0.12	0.05	0.88	0.05	0.33625	0.22125	0.35375	0.3825	0.13	0.37375	0.30875	0.18375	0.3625	0.4275	0.34375	0.38875	0.485	0.10125	0.115	0.27375	0.375	0.1325	0.21375	0.46625	-0.4	1	0.8	1.57143	1.25556	0.4624	0.348167	0.36076	0.332157	0.294433
0.27	0	0.02	0.01	0	0.01	0.02	1	0.05	0	0	0.05	0	0	0	0.05	0.01	0	0	0	0.32625	0.29625	0.46125	0.505	0.13	0.46625	0.44375	0.2725	0.46625	0.3175	0.25875	0.47625	0.40125	0.13	0.12875	0.31375	0.38	0.01625	0.2625	0.35375	-0.4	1.23333	2	0.7	0.655556	0.2077	0.245867	0.26334	0.327629	0.310222
0.02	0	0	0	0.02	0.01	0	0	0	0.99	0.98	0.01	0.27	0.12	0	0.01	0.27	0.01	0.02	0.98	0.3575	0.29625	0.54	0.61	0.12375	0.46625	0.55	0.45375	0.5575	0.08625	0.0475	0.48125	0.255	0.10625	0.12875	0.41375	0.3475	0.01375	0.26875	0.14625	4.5	2.2	0.92	0.7	0.111111	0.0675	0.159967	0.24544	0.2548	0.3443
0.73	0.05	0.5	0.88	0.88	0.5	0.73	0.12	0.73	0.27	0.05	0.12	0.73	0.12	0.73	0.27	0.5	0.02	0.12	0.95	0.26875	0.18625	0.46875	0.5125	0.14	0.30125	0.41125	0.435	0.41875	0.18125	0.1675	0.36375	0.19375	0.0925	0.0375	0.42875	0.36625	0.01125	0.20875	0.1625	2.5	1.8	0.3	0.1	0.111111	0.2047	0.1857	0.18936	0.290357	0.298667
0.5	0.05	0.12	0.5	0.02	0.5	0.5	0.12	0.12	0.05	0.12	0.5	0.27	0.05	0.05	0.95	0.98	0.01	0.5	0.05	0.2825	0.12375	0.40625	0.47125	0.26125	0.23875	0.4075	0.42	0.41	0.20875	0.15	0.225	0.1425	0.1625	0.12	0.31	0.24375	0.10375	0.28375	0.3025	-1.6	-0.866667	0.3	-0.342857	-0.455556	0.2849	0.223867	0.27248	0.264457	0.265944
0.12	0.12	0.12	0.88	0	0.27	1	0.73	0.27	0	0	0.27	0.01	0	0.01	0.12	0.05	0	0.01	0	0.3175	0.055	0.33	0.42375	0.2575	0.20625	0.33125	0.22625	0.3	0.2	0.15875	0.1975	0.16875	0.10625	0.235	0.395	0.34625	0.09875	0.235	0.3025	-3.5	-1.83333	-1.3	-0.471429	-0.588889	0.182	0.3634	0.3152	0.2462	0.260567
0.73	0.27	0.73	0.88	0.02	0.5	0.88	0.5	0.95	0.12	0.02	0.73	0.05	0.05	0.05	0.88	0.5	0.01	0.12	0.05	0.2075	0.03625	0.25125	0.4225	0.28875	0.17625	0.34375	0.13	0.27125	0.185	0.17125	0.13375	0.165	0.21875	0.23	0.29375	0.28875	0.1125	0.34625	0.29625	-0.4	-2.46667	-2.06	-1.34286	-0.688889	0.6233	0.362133	0.29024	0.2957	0.256456
0.27	0.05	0.88	0.98	1	0.12	0.5	0.02	0.5	0.05	0.05	0.12	0.02	0.01	0.05	0.88	0.5	0.01	0.12	0.12	0.2775	0.12625	0.2475	0.425	0.1975	0.3325	0.50125	0.1925	0.36125	0.10375	0.06	0.3275	0.14125	0.22375	0.26375	0.355	0.37375	0.11375	0.40625	0.25625	-3.5	-1.73333	-2.06	-1.88571	-0.722222	0.2811	0.3281	0.31606	0.290843	0.304933
0	0	0.12	0.02	0.12	0	0.01	0	0.05	0.12	0.05	0	0.01	0.5	0	0	0	0.73	1	0.27	0.3425	0.12875	0.28625	0.44125	0.2	0.29125	0.48625	0.3025	0.32875	0.06375	0.05625	0.36125	0.085	0.1625	0.19375	0.5225	0.38875	0.13125	0.28375	0.13375	-1.3	-2.13333	-1.62	-1.05714	-1.08889	0.0799	0.258333	0.3138	0.322114	0.3047
0.02	0.02	0.27	0.12	0	0.01	0.01	0.05	0	0	0	0.05	0	0	1	0.12	0.01	0	0	0	0.31125	0.23	0.28625	0.42875	0.33125	0.31875	0.515	0.34375	0.3825	0.10625	0.0625	0.41125	0.08625	0.23375	0.09625	0.45125	0.3275	0.2275	0.36125	0.22375	-1.6	-1.4	-0.7	-0.671429	-1.3	0.414	0.221533	0.2899	0.325057	0.327789
0	0	0	0	0.27	0	0	0	0.5	0	0.12	0	0.01	0.95	0	0	0	0.12	1	0	0.3325	0.2325	0.415	0.45625	0.36	0.3775	0.50125	0.2925	0.32	0.1125	0.05375	0.4175	0.1175	0.1175	0.235	0.5425	0.41375	0.21375	0.25	0.28625	-1.3	0.433333	-0.16	-1.11429	-0.711111	0.1707	0.362833	0.2742	0.3064	0.373344
0.12	0.5	0.12	0.12	0.27	0.88	0.88	0.02	0.27	0.27	0.12	0.95	0.05	0.12	0.27	0.5	0.95	0.02	0.5	0.73	0.26	0.2275	0.4	0.44125	0.3725	0.32375	0.34375	0.34625	0.245	0.06625	0.05375	0.27	0.1125	0.2175	0.305	0.40375	0.295	0.2275	0.3125	0.195	4.2	0.7	-0.6	-0.357143	-0.844444	0.5038	0.292367	0.35676	0.350814	0.373044
0.98	0.02	0.05	0.05	0.02	0.05	0.12	0.98	0.02	0.02	0.02	0.27	0.27	0.12	0.12	0.73	0.12	0.88	0.02	0.12	0.1525	0.34375	0.39	0.39	0.3125	0.475	0.4675	0.3425	0.305	0.0975	0.06625	0.43125	0.0975	0.2225	0.38	0.35625	0.4275	0.12125	0.39125	0.27125	-0.8	-0.0333333	0.08	-0.4	-0.844444	0.2026	0.3997	0.39236	0.428057	0.397978
0.27	0.88	0.27	0.5	0.95	0.73	0.73	0.5	0.5	0.27	0.12	0.95	0.27	0.12	0.27	0.5	0.5	0.05	0.12	0.5	0.25625	0.29875	0.35375	0.3375	0.30625	0.4525	0.405	0.40875	0.25375	0.11375	0.0625	0.40875	0.13	0.19375	0.47125	0.4475	0.49	0.13625	0.345	0.22375	-3.5	-0.833333	0.02	-0.671429	-0.277778	0.4927	0.4291	0.48234	0.441129	0.4356
0.27	0.12	0.88	0.98	0.5	0.73	0.88	0.27	0.27	0.05	0.05	0.27	0.27	0.02	0.12	0.73	0.73	0.01	0.12	0.5	0.26875	0.4825	0.30625	0.325	0.4875	0.46625	0.3875	0.43125	0.28875	0.1475	0.07375	0.55	0.13125	0.20625	0.365	0.41875	0.4625	0.14125	0.37875	0.225	1.8	-1.1	-1.52	0.0571429	0.177778	0.592	0.568433	0.48268	0.476529	0.407033
0.27	0.73	0.73	0.88	0.12	0.95	0.5	0.95	0.12	0.02	0.02	0.5	0.05	0.02	0.88	0.27	0.5	0.02	0.12	0.05	0.3025	0.525	0.435	0.42875	0.51625	0.50125	0.46875	0.36125	0.355	0.16625	0.09625	0.64	0.22	0.09	0.3325	0.53875	0.525	0.1275	0.26875	0.29625	-1.6	-1.1	-0.6	-0.185714	-0.0666667	0.6206	0.5727	0.52586	0.426971	0.447967
0.27	0.5	0.73	0.5	0.27	0.5	0.73	0.95	0.73	0.05	0.05	0.73	0.12	0.05	0.5	0.73	0.73	0.02	0.27	0.12	0.35	0.525	0.51125	0.495	0.47	0.48125	0.345	0.365	0.27875	0.19125	0.11125	0.52625	0.29625	0.19	0.40875	0.48125	0.4875	0.1875	0.30625	0.25875	-3.5	-0.433333	0.6	-0.571429	-0.0333333	0.5055	0.514867	0.4587	0.475043	0.4381
0.12	0.5	0.05	0.05	1	0.5	0.12	0.05	0.12	0.5	0.12	0.5	0.27	0.27	0.88	0.5	0.88	0.02	0.73	0.27	0.28	0.585	0.70875	0.655	0.37875	0.5375	0.46875	0.38875	0.415	0.135	0.10625	0.63125	0.25875	0.15375	0.45625	0.48125	0.4875	0.08	0.35625	0.23125	3.8	0.933333	-0.46	0.571429	-0.333333	0.4185	0.3603	0.44812	0.463943	0.483156
0.12	0.73	0.5	0.5	1	0.12	0.02	0	0.05	0.05	0.02	0.5	0.01	0	0	0.12	0.02	0	0.27	0.01	0.30875	0.55625	0.68125	0.57	0.2625	0.585	0.48125	0.36625	0.3675	0.16	0.10625	0.63125	0.26375	0.17875	0.6425	0.57625	0.56625	0.07875	0.41375	0.235	2.5	0.933333	0.76	-0.185714	-0.444444	0.1569	0.3715	0.407	0.466243	0.498533
0.27	0.95	0.88	0.73	0.12	0.5	0.27	0.12	0.88	0.12	0.27	0.95	0.5	0.02	0.5	0.5	0.27	0.02	0.12	0.12	0.31875	0.5475	0.63375	0.4525	0.43375	0.50875	0.45	0.35125	0.32125	0.2075	0.075	0.6325	0.175	0.18875	0.58	0.5475	0.4775	0.0775	0.45125	0.1925	-3.5	1.16667	0.76	-0.6	-0.366667	0.5391	0.370333	0.42752	0.467743	0.496289
0.5	0.27	0.73	0.27	0.05	0.27	0.12	0.05	0.27	0.5	0.27	0.27	0.73	0.95	0.5	0.5	0.88	0.5	0.95	0.5	0.3475	0.60375	0.67125	0.4625	0.49	0.48125	0.44	0.30375	0.41625	0.19125	0.10625	0.765	0.17375	0.085	0.5325	0.57625	0.40125	0.0175	0.36625	0.20125	4.5	-0.833333	-0.9	0.257143	-0.266667	0.415	0.520733	0.47004	0.477214	0.494767
0.27	0.5	0.95	0.88	0.02	0.5	0.5	0.27	0.5	0.02	0.05	0.88	0.12	0.05	0.88	0.5	0.27	0.02	0.88	0.05	0.405	0.60375	0.615	0.3575	0.49375	0.4525	0.36375	0.19125	0.3875	0.3075	0.1425	0.7075	0.25	0.25375	0.485	0.57625	0.42	0.0775	0.375	0.305	-3.5	-1.16667	-0.9	-0.385714	-0.266667	0.6081	0.5514	0.55302	0.504129	0.493956
0.5	0.88	0.5	0.27	0.02	0.73	0.73	0.27	0.05	0.02	0.02	0.95	0.05	0.05	0.88	0.88	0.27	0.02	0.12	0.27	0.4525	0.585	0.7275	0.43375	0.43125	0.395	0.335	0.27625	0.5475	0.3075	0.165	0.7275	0.24	0.25375	0.38125	0.5	0.34375	0.0775	0.44125	0.35375	-4.5	-1.83333	-0.34	-1.24286	-1.12222	0.6311	0.603667	0.56658	0.552886	0.483111
0.5	0.27	0.88	0.27	0.99	0.5	0.88	0.27	0.73	0.5	0.05	0.73	0.05	0.12	0.12	0.88	0.27	0.02	0.27	0.27	0.55625	0.57625	0.62	0.3725	0.2475	0.42375	0.31625	0.2825	0.5475	0.25625	0.165	0.72625	0.245	0.355	0.47875	0.51875	0.375	0.08	0.51125	0.475	2.5	-0.9	-1.94	-1.3	-1.54444	0.5718	0.603267	0.58322	0.521714	0.4795
0.73	0.5	0.88	0.5	0.5	0.5	0.27	0.5	0.27	0.27	0.27	0.88	0.27	0.12	0.5	0.5	0.5	0.02	0.27	0.5	0.50875	0.44375	0.60125	0.25875	0.29625	0.4525	0.37375	0.3575	0.5575	0.27625	0.11	0.69875	0.17	0.415	0.37125	0.595	0.4225	0.16875	0.5875	0.44625	-0.7	-0.566667	-2.02	-2.12857	-1.2	0.6069	0.558967	0.52578	0.4802	0.468756
0.5	0.73	0.5	0.27	0.27	0.5	0.5	0.27	0.73	0.5	0.12	0.88	0.12	0.5	0.5	0.73	0.27	0.02	0.27	0.5	0.50875	0.3825	0.56375	0.31625	0.44125	0.42125	0.345	0.38125	0.4675	0.30875	0.1575	0.68	0.1125	0.255	0.31	0.56625	0.35625	0.1075	0.5025	0.49375	-3.5	-2.7	-1.38	-1.68571	-1.2	0.4982	0.475333	0.42444	0.456529	0.434778
0.73	0.73	0.5	0.05	0.5	0.27	0.12	0.73	0.95	0.5	0.27	0.73	0.12	0.27	0.05	0.27	0.27	0.02	0.5	0.88	0.46125	0.3825	0.555	0.34375	0.4125	0.45	0.36375	0.305	0.44	0.3125	0.13875	0.68	0.10375	0.28	0.31875	0.67125	0.44125	0.10625	0.42625	0.455	-3.9	-2.9	-1.96	-0.4	-1.24444	0.3209	0.3145	0.39856	0.381971	0.422611
0.95	0.05	0.02	0.01	0.5	0.12	0.02	0.05	0.73	0.12	0.05	0.27	0.05	0.88	0.02	0.27	0.27	0.02	0.98	0.98	0.405	0.44875	0.67125	0.40625	0.41125	0.3925	0.3	0.47875	0.4675	0.35875	0.16625	0.6525	0.10875	0.2125	0.24625	0.67125	0.4225	0.105	0.36625	0.41125	-1.3	-1.86667	-0.92	-1.31429	-1.13333	0.1244	0.2959	0.29902	0.371514	0.3784
0.12	0.12	0.73	0.05	0.02	0.73	0.12	0.95	0.5	0.05	0.05	0.88	0.12	0.5	0.02	0.73	0.88	0.73	0.73	0.12	0.4475	0.4075	0.47375	0.37	0.3475	0.255	0.1775	0.3325	0.52375	0.33875	0.1625	0.48625	0.09625	0.3675	0.24625	0.56625	0.31375	0.02875	0.48875	0.5475	-0.4	0.933333	-1	-1.71429	-1.55556	0.4424	0.225333	0.2991	0.318129	0.328278
0.27	0.01	0.05	0.5	0.98	0.02	0.12	0.01	0.01	0.99	0.5	0.12	0.12	0.05	0.01	0.5	0.12	0.01	0.27	0.88	0.4	0.3925	0.51125	0.285	0.25625	0.34375	0.235	0.45	0.61375	0.27875	0.10625	0.53375	0.09625	0.42375	0.21875	0.595	0.4375	0.13125	0.575	0.5	4.5	0.0666667	-0.92	-1.4	-1.05556	0.1092	0.350067	0.28156	0.2642	0.300344
0.12	0.5	0.88	0.88	0.02	0.5	0.27	0.12	0.5	0.05	0.05	0.73	0.05	0.02	0.5	0.88	0.95	0.01	0.5	0.12	0.39	0.33125	0.455	0.31375	0.34875	0.3125	0.21625	0.465	0.495	0.3675	0.21	0.38125	0.1525	0.39875	0.11	0.51875	0.3625	0.135	0.575	0.595	-3.9	-0.966667	-0.92	-0.3	-0.755556	0.4986	0.280333	0.28082	0.269143	0.305867
0.27	0.73	0.95	0.73	0.01	0.12	0.12	0.98	0.05	0.01	0.02	0.27	0.02	0.12	0.27	0.88	0.12	0.01	0.12	0.02	0.28625	0.245	0.39875	0.3325	0.35	0.34125	0.2225	0.3	0.435	0.42875	0.29	0.3625	0.175	0.38625	0.13375	0.5	0.46625	0.16625	0.59375	0.62	-3.5	-2.9	-0.08	-0.228571	0.144444	0.2332	0.284167	0.26344	0.329643	0.286222
0.01	0.01	0.01	0.02	0	0.01	0	0	0.95	0.27	0.02	0.01	0.02	0.98	0.12	0.5	0.01	0.12	1	0.5	0.20625	0.34375	0.62375	0.53	0.30375	0.4025	0.25	0.43125	0.23375	0.3825	0.285	0.4525	0.17125	0.18375	0.27375	0.62375	0.50875	0.15	0.3675	0.43875	-1.3	-0.333333	-1.14	0.428571	0.111111	0.1207	0.236467	0.35118	0.287029	0.322244
0.5	0.27	0.5	0.27	0.73	0.5	0.73	0.5	0.5	0.73	0.27	0.5	0.27	0.12	0.27	0.5	0.73	0.12	0.5	0.88	0.16375	0.3875	0.505	0.555	0.21125	0.3125	0.2675	0.28375	0.23375	0.32	0.25	0.34375	0.1275	0.235	0.28625	0.62375	0.32375	0.06	0.345	0.41	3.8	0.566667	0.48	-0.442857	-0.233333	0.3555	0.341367	0.28028	0.335514	0.318633
0.27	0.73	0.88	0.88	0.05	0.73	0.5	0.5	0.27	0.27	0.5	0.27	0.5	0.27	0.12	0.5	0.5	0.05	0.5	0.5	0.17375	0.3625	0.575	0.535	0.175	0.29625	0.4	0.2975	0.27625	0.255	0.16125	0.4675	0.08625	0.21125	0.31	0.62375	0.4	0.06875	0.37375	0.35	-0.8	2.4	0.86	-0.385714	-1.12222	0.5479	0.349167	0.32336	0.322843	0.381756
0.05	0.27	0.12	0.05	0.5	0.12	0.02	0.27	0.02	0.95	0.88	0.12	0.27	0.27	0.01	0.12	0.27	0.27	0.27	0.98	0.29625	0.42	0.67	0.63875	0.1225	0.40125	0.545	0.32625	0.25125	0.17	0.1225	0.51375	0.115	0.21	0.2675	0.62375	0.34375	0.04125	0.3425	0.28125	4.2	0.6	0.42	-0.385714	-1.12222	0.1441	0.3802	0.3812	0.386286	0.365611
0.05	0.12	0.88	0.88	0.12	0.5	0.12	0.12	0.02	0.01	0.01	0.73	0.02	0.12	0.99	0.88	0.5	0	0.05	0.01	0.2775	0.34875	0.4575	0.44625	0.17125	0.345	0.63625	0.2225	0.24625	0.40875	0.35125	0.40625	0.26625	0.22	0.1125	0.42125	0.30625	0.075	0.3575	0.43375	-1.6	-0.3	-1.04	-0.757143	-0.311111	0.4486	0.3342	0.44556	0.419514	0.344089
0.27	0.73	0.27	0.5	0.01	0.5	0.99	0.27	0.05	0.01	0.02	0.5	0.02	0.05	0.27	0.73	0.12	0.01	0.05	0.27	0.34	0.3625	0.5475	0.4975	0.18625	0.4625	0.59	0.21	0.13	0.40875	0.3625	0.55625	0.3875	0.10875	0.19	0.41125	0.3675	0.06	0.295	0.3725	-3.5	-2.86667	-1.66	-0.757143	-0.6	0.4099	0.511933	0.40664	0.374371	0.360856
0.12	0.27	0.99	0.95	0.01	0.12	0.95	0.12	0.12	0.01	0.02	0.88	0.02	0.01	0.05	0.5	0.5	0.01	0.5	0.02	0.40625	0.44875	0.48625	0.49875	0.0975	0.53875	0.61375	0.18125	0.15	0.32375	0.34375	0.5375	0.36875	0.10125	0.19	0.46875	0.29125	0.0475	0.21	0.3	-3.5	-3.63333	-1.74	-1.2	-1.41111	0.6773	0.480167	0.38572	0.3349	0.375133
0.88	0.5	0.88	0.88	0.05	0.73	0.95	0.12	0.05	0.05	0.12	0.95	0.05	0.01	0.05	0.5	0.27	0.01	0.02	0.05	0.39625	0.34375	0.405	0.4125	0.08875	0.3775	0.67	0.12125	0.13125	0.3	0.37875	0.51	0.39375	0.0825	0.1775	0.44	0.2725	0.16	0.29875	0.24875	-3.9	-1.2	-2.2	-2.3	-1.12222	0.3533	0.3567	0.35032	0.383457	0.330756
0.12	0.01	0.01	0.02	0.02	0.05	0.95	0	0.01	0.98	0.98	0.02	0.98	0.05	0.01	0.02	0.05	0.01	0.02	0.27	0.49125	0.37375	0.5	0.515	0.0325	0.48125	0.6825	0.1025	0.135	0.1875	0.28375	0.645	0.35375	0.05	0.1825	0.49125	0.2725	0.1275	0.2675	0.2175	3.8	-1.33333	-2.2	-1.81429	-1.16667	0.0395	0.221467	0.36514	0.340586	0.322633
0.73	0.73	0.12	0.05	0.01	0.95	0.5	0.05	0.05	0.27	0.12	0.98	0.99	0.02	0.02	0.27	0.12	0.01	0.5	0.27	0.51875	0.36	0.43875	0.4075	0.025	0.36875	0.73875	0.115	0.16125	0.30875	0.4525	0.525	0.46	0.05375	0.06	0.38375	0.21625	0.13375	0.32	0.27875	-3.9	-1.2	-1.14	-0.771429	-1.48889	0.2716	0.265033	0.25938	0.292171	0.304411
0.88	0.5	0.73	0.73	0.02	0.73	0.88	0.12	0.73	0.05	0.12	0.73	0.12	0.02	0.05	0.73	0.5	0.02	0.27	0.05	0.585	0.33125	0.39125	0.275	0.02875	0.3675	0.63	0.0875	0.1325	0.35	0.48375	0.60375	0.58125	0.08125	0.02875	0.2975	0.2725	0.13375	0.37625	0.30625	-3.5	-1.86667	0.4	-0.914286	-0.788889	0.484	0.301367	0.20292	0.236071	0.327233
0.95	0.12	0.12	0.12	0.02	0.05	0.95	0.02	0.05	0.12	0.88	0.12	0.73	0.12	0.02	0.27	0.12	0.95	0.73	0.12	0.57625	0.37875	0.46625	0.23875	0.03	0.5	0.50875	0.1	0.32625	0.43125	0.3925	0.6325	0.53625	0.0825	0.02875	0.3075	0.29125	0.01875	0.3475	0.41375	1.8	0.7	-1.26	0.0428571	0.0222222	0.1485	0.2345	0.25194	0.2735	0.304167
0.05	0.02	0.01	0.01	0.02	0.27	0.12	0	0.01	0.98	0.98	0.27	0.88	0.05	0.01	0.05	0.05	0.01	0.02	0.95	0.67	0.3625	0.40375	0.17625	0.02625	0.415	0.49625	0.2125	0.3275	0.31875	0.36625	0.50125	0.51375	0.105	0.02625	0.335	0.3	0.13625	0.435	0.305	3.8	0.366667	0.08	0.0428571	0.411111	0.071	0.168033	0.32068	0.334957	0.278833
0.88	0.73	0.5	0.05	0.05	0.5	0.12	0.27	0.27	0.27	0.5	0.73	0.88	0.12	0.02	0.27	0.12	0.05	0.95	0.5	0.56625	0.27375	0.4325	0.17	0.02	0.38125	0.37875	0.18	0.30875	0.285	0.31	0.44375	0.39125	0.09	0.14875	0.3075	0.29125	0.13	0.31625	0.3275	-4.5	0.7	1.54	0.542857	-0.188889	0.2846	0.323633	0.31782	0.314057	0.303133
0.95	0.27	0.5	0.12	0.05	0.27	0.5	0.12	0.5	0.12	0.27	0.88	0.12	0.27	0.05	0.5	0.95	0.02	0.27	0.27	0.48125	0.2425	0.41875	0.15625	0.0525	0.35375	0.27125	0.19375	0.275	0.39375	0.415	0.305	0.4725	0.08375	0.145	0.25125	0.1875	0.13375	0.345	0.44625	2.8	0.7	1.1	0.814286	0.744444	0.6153	0.456533	0.31318	0.2818	0.295444
0.12	0.27	0.98	0.05	0.02	0.5	0.05	0.12	0.99	0.73	0.05	0.5	0.27	0.12	0.02	0.12	0.27	0.02	0.73	0.95	0.585	0.18625	0.2825	0.13625	0.06875	0.325	0.28	0.185	0.12875	0.3175	0.43375	0.27625	0.445	0.1025	0.2525	0.33	0.2725	0.1325	0.25625	0.4175	3.8	2.06667	0.02	1.2	1.04444	0.4697	0.403433	0.35062	0.2895	0.272856
0.73	0.27	0.27	0.27	0.02	0.27	0.02	1	0.02	0.01	0.01	0.05	0.02	0.12	0.02	0.5	0.27	0.01	0.01	0.01	0.5	0.17375	0.35875	0.095	0.1575	0.35	0.1675	0.10625	0.245	0.5025	0.34375	0.32	0.4475	0.15	0.2525	0.26375	0.29125	0.01625	0.26125	0.645	-0.4	0.6	1.82	0.542857	1.34444	0.1253	0.2844	0.33418	0.319457	0.300433
0.12	0.01	0.73	0.01	0	0.01	0.01	0.01	0.12	0	0.05	0.02	0	0	1	0.02	0.05	0	0	0	0.6925	0.20625	0.315	0.12875	0.19125	0.355	0.16	0.34	0.23375	0.44375	0.23125	0.29625	0.37375	0.1925	0.135	0.40875	0.375	0.01875	0.29375	0.5425	-1.6	0.833333	1.1	1.82857	0.833333	0.2582	0.1953	0.26726	0.335471	0.348933
0.12	0.02	0.01	0.01	0.27	0.5	0.02	0.01	0.01	0.99	0.73	0.02	0.88	0.12	0.02	0.05	0.12	0.01	0.05	0.99	0.58875	0.115	0.3425	0.1225	0.15375	0.2325	0.145	0.30625	0.215	0.41125	0.1175	0.20625	0.26375	0.285	0.25625	0.3725	0.3575	0.01375	0.23125	0.47875	4.5	0.7	1.24	1.31429	1.8	0.2024	0.2471	0.25266	0.320071	0.360267
0.88	0.05	0.12	0.5	0.12	0.73	0.5	0.05	0.05	0.05	0.05	0.12	0.05	0.02	0.88	0.98	0.5	0.01	0.02	0.5	0.40875	0.08375	0.3575	0.17	0.16875	0.20375	0.1325	0.34875	0.15375	0.52	0.175	0.1175	0.415	0.27875	0.14875	0.25625	0.25375	0.0125	0.21625	0.54	-0.8	2.73333	1.16	1.37143	1.68889	0.2807	0.293267	0.3291	0.3082	0.350967
0.88	0.02	0.02	0.01	0.73	0.02	0.02	0.27	0.01	0.88	0.12	0.02	0.5	0.5	0.02	0.12	0.27	0.01	0.05	1	0.5175	0.05625	0.25	0.22625	0.12375	0.2325	0.18875	0.34	0.03625	0.41625	0.16625	0.07375	0.3875	0.21875	0.25625	0.3825	0.26375	0.01125	0.12375	0.48125	4.5	0.966667	2.32	1.68571	1.73333	0.3967	0.394967	0.35478	0.366243	0.336778
0.98	0.02	0.12	0.02	0.27	0.05	0.05	0.88	0.02	0.5	0.12	0.05	0.27	0.27	0.05	0.73	0.5	0.02	0.27	0.12	0.47625	0.05625	0.2375	0.20625	0.185	0.21	0.1975	0.23	0.155	0.49625	0.18	0.0975	0.4475	0.32375	0.25625	0.35375	0.26375	0.02375	0.21375	0.62375	-0.8	2.63333	1.78	2.51429	1.68889	0.5075	0.430267	0.42062	0.378214	0.3724
0.05	0.01	0	0	0.02	0.01	0.01	0	0.01	1	0.27	0.01	0.88	0.98	0.01	0.01	0.05	0.02	0.5	0.98	0.64	0.1475	0.22375	0.3175	0.2225	0.27625	0.32	0.3725	0.20375	0.44875	0.16125	0.21	0.38625	0.24125	0.19875	0.55125	0.3475	0.0575	0.21875	0.53125	4.2	1.73333	2.78	1.75714	1.47778	0.3866	0.475233	0.43288	0.413	0.430778
0.27	0.05	0.73	0.99	0.02	0.27	0.88	0.5	0.05	0.05	0.05	0.27	0.5	0.12	0.05	0.5	0.5	0.01	0.12	0.27	0.66	0.155	0.2225	0.31625	0.19125	0.215	0.27125	0.3425	0.20375	0.45875	0.10375	0.19	0.33875	0.33625	0.25375	0.59375	0.33875	0.05875	0.2625	0.5025	1.8	3.4	1.72	1.37143	0.588889	0.5316	0.420067	0.44272	0.484843	0.447944
0.99	0.02	0.02	0.01	0.27	0.02	0.02	0.27	0.01	0.73	0.05	0.05	0.5	0.12	0.02	0.27	0.12	0.01	0.02	0.98	0.46125	0.1525	0.29625	0.37625	0.14625	0.15625	0.33125	0.365	0.20375	0.45875	0.16	0.2025	0.45125	0.45875	0.1475	0.50125	0.325	0.18	0.30625	0.3575	4.2	1.73333	1.18	0.228571	0.988889	0.342	0.439833	0.49794	0.479157	0.446778
0.5	0.27	0.27	0.12	0.05	0.12	0.12	0.73	0.98	0.27	0.12	0.27	0.27	0.73	0.05	0.88	0.5	0.12	0.95	0.27	0.44625	0.22875	0.26875	0.3675	0.085	0.265	0.33125	0.28	0.115	0.44	0.19875	0.235	0.5275	0.41125	0.14375	0.4725	0.25875	0.1675	0.24625	0.38375	-0.8	-0.0333333	-0.36	0.742857	0.688889	0.4459	0.523833	0.492	0.445257	0.476467
0.5	0.73	0.5	0.88	0.05	0.5	0.95	0.27	0.5	0.12	0.05	0.88	0.12	0.05	0.5	0.88	0.27	0.27	0.27	0.12	0.33875	0.18375	0.34375	0.3325	0.05375	0.245	0.2275	0.2425	0.295	0.41125	0.3025	0.1675	0.6225	0.585	0.08375	0.415	0.25875	0.1525	0.38875	0.39375	-3.5	-2.6	-0.16	0.4	1.08889	0.7836	0.5288	0.43972	0.484871	0.493156
0.5	0.12	0.73	0.99	0.02	0.27	0.5	0.27	0.05	0.12	0.05	0.12	0.12	0.02	0.5	0.88	0.5	0.01	0.02	0.05	0.3325	0.25875	0.34875	0.31875	0.055	0.2875	0.2825	0.2425	0.365	0.2875	0.27	0.26125	0.51375	0.5575	0.0825	0.415	0.23	0.1975	0.4825	0.28125	-3.5	-1.4	-0.64	0.542857	0.477778	0.3569	0.470233	0.5041	0.502886	0.495456
0.01	0	0	0	0.01	0.01	0.12	0	0.01	0.73	0.5	0	0.95	1	0	0.01	0.01	0.98	0.27	0.05	0.375	0.38625	0.41125	0.38125	0.05625	0.3775	0.2825	0.22875	0.3975	0.22	0.21375	0.36625	0.38125	0.42625	0.145	0.5525	0.32	0.0775	0.47	0.25375	2.8	0.366667	0.08	-0.242857	-0.155556	0.2702	0.430333	0.54646	0.512214	0.527733
0.27	0.88	0.05	0.05	0.02	0.99	0.12	0.05	0.27	0.27	0.5	0.5	0.88	0.73	0.02	0.5	0.12	0.02	0.5	0.5	0.2525	0.33625	0.43625	0.4075	0.02375	0.2675	0.3425	0.31125	0.42625	0.1875	0.20875	0.36	0.33	0.44625	0.1425	0.58	0.35375	0.1975	0.45375	0.0775	1.8	2.46667	0.52	-0.685714	-1.01111	0.6639	0.5306	0.4712	0.565957	0.587289
0.12	0.12	0.95	0.5	0.02	0.27	0.05	0.12	0.98	0.12	0.88	0.12	0.88	0.98	0.02	0.27	0.27	0.05	0.73	0.05	0.215	0.3975	0.2925	0.3375	0.0175	0.34375	0.3375	0.33625	0.21625	0.1725	0.14625	0.375	0.29625	0.32375	0.1375	0.5325	0.30625	0.17875	0.30625	0.1	2.8	1.1	0.44	-0.685714	-0.966667	0.6577	0.5763	0.56424	0.579443	0.613756
0	0	0.27	0	0	0.12	0	0	0.12	0.01	0.01	0	0.01	0.73	0	0.01	0.05	0.12	1	0.01	0.1825	0.32125	0.315	0.29	0.01625	0.30125	0.225	0.3175	0.26125	0.29625	0.2825	0.28125	0.405	0.355	0.0775	0.45625	0.30625	0.13625	0.24125	0.21375	-1.3	-0.8	-0.82	-0.242857	-0.0777778	0.4073	0.629033	0.6858	0.626186	0.595344
0.12	0.95	0.5	0.5	0.02	0.73	0.5	0.12	0.27	0.12	0.05	0.99	0.27	0.05	0.05	0.73	0.73	0.02	0.27	0.05	0.11125	0.18875	0.19625	0.10375	0.0125	0.1925	0.10125	0.26875	0.25125	0.3775	0.305	0.14375	0.44875	0.56125	0.00875	0.29	0.16125	0.1625	0.455	0.23625	-3.9	-2.9	-1.26	0	0.622222	0.8221	0.702467	0.68984	0.675857	0.579111
0.27	0.5	0.27	0.27	0.02	0.12	0.5	0.98	0.5	0.01	0.01	0.5	0.02	0.01	0.02	0.98	0.5	0.01	0.12	0.02	0.10625	0.33625	0.335	0.2425	0.07375	0.38625	0.1775	0.1675	0.34	0.30625	0.25	0.29625	0.3675	0.44375	0.0275	0.34875	0.29875	0.04375	0.455	0.24875	-3.5	-2.6	-0.92	0.142857	-0.0777778	0.878	0.794733	0.68188	0.611129	0.603111
0.05	0	0.02	0.01	0	0.01	0.01	1	0.01	0	0	0.01	0	0	0.01	0.27	0.27	0	0	0	0.13375	0.30375	0.45125	0.275	0.07625	0.31	0.23875	0.2775	0.4925	0.28	0.195	0.30125	0.29375	0.36875	0.145	0.4375	0.34625	0.045	0.49875	0.195	-0.4	0.2	-0.1	-0.757143	-0.322222	0.6841	0.726667	0.64258	0.586629	0.573067
0.12	0	0	0	0.02	0.01	0	0	0	1	0.27	0.01	0.12	0.05	0	0.01	0.05	0	0.02	0.99	0.14375	0.3225	0.36875	0.27625	0.19625	0.33875	0.325	0.39375	0.405	0.17375	0.06625	0.3775	0.18375	0.2425	0.25375	0.49875	0.45	0.04125	0.42	0.09875	4.5	2.3	-0.02	-0.628571	-1.02222	0.6179	0.504267	0.5754	0.584657	0.559667
0.05	0.01	0.01	0	0.01	0.01	0.01	0	0.12	0.88	0.27	0.01	0.73	0.99	0	0.27	0.02	0.12	1	0.27	0.215	0.32375	0.425	0.29125	0.3225	0.32625	0.33875	0.39625	0.39	0.19375	0.07125	0.3925	0.10875	0.04	0.2875	0.55625	0.53875	0.01375	0.2825	0.19375	2.8	1.26667	0.6	-0.571429	-0.6	0.2108	0.4383	0.4785	0.543943	0.533867
0.12	0.73	0.88	0.88	0.5	0.95	0.73	0.05	0.95	0.05	0.02	0.73	0.05	0.02	0.12	0.73	0.88	0.02	0.12	0.12	0.225	0.1775	0.36375	0.1525	0.35	0.1325	0.1925	0.4975	0.25875	0.28875	0.09875	0.27	0.1625	0.17	0.3	0.5175	0.4025	0.025	0.36125	0.2125	-3.5	-0.366667	-0.02	0.285714	-0.211111	0.4862	0.3635	0.4491	0.443529	0.509511
0.27	0.12	0.73	0.05	0.02	0.27	0.12	0.95	1	0.05	0.05	0.05	0.27	0.12	0.95	0.5	0.27	0.02	0.73	0.05	0.20625	0.25375	0.45875	0.3325	0.41	0.23625	0.2975	0.2775	0.2525	0.3025	0.1	0.355	0.13875	0.17125	0.20875	0.515	0.52625	0.115	0.38875	0.225	-0.4	-2.46667	-0.42	0.285714	-0.211111	0.3935	0.472267	0.36054	0.431929	0.471956
0.27	0.27	0.27	0.5	1	0.5	0.73	0.05	0.27	0.27	0.12	0.73	0.12	0.02	0.88	0.5	0.88	0.02	0.12	0.27	0.23375	0.32625	0.62375	0.36625	0.29375	0.31625	0.31125	0.35625	0.4525	0.29	0.125	0.36	0.19125	0.19875	0.23125	0.5725	0.45	0.14875	0.5275	0.2125	-3.5	-0.466667	-1.06	-0.857143	-0.555556	0.5371	0.368567	0.43896	0.4208	0.459156
0.5	0.02	0.73	0.12	1	0.02	0.12	0.02	0.12	0.05	0.05	0.12	0.02	0.05	0.27	0.73	0.73	0.02	0.88	0.05	0.22375	0.3725	0.5725	0.41625	0.2975	0.39	0.39375	0.4225	0.47375	0.3025	0.2225	0.44125	0.28	0.20375	0.34125	0.54875	0.55375	0.1825	0.43625	0.22625	2.5	-0.466667	-1.06	-1.75714	-0.633333	0.1751	0.438367	0.44972	0.471957	0.457
0.27	0.5	0.88	0.27	0.73	0.12	0.05	0.98	0.05	0.05	0.02	0.73	0.02	0.12	0.27	0.88	0.5	0.01	0.02	0.05	0.24875	0.31375	0.6775	0.52	0.33	0.3825	0.4075	0.4125	0.50125	0.1925	0.1925	0.37	0.19	0.07125	0.3425	0.53	0.61375	0.16875	0.425	0.1925	-0.4	-0.466667	-1.68	-0.714286	-1.33333	0.6029	0.439333	0.4848	0.488	0.522322
0.27	0.5	0.88	0.88	0.02	0.27	0.73	0.12	0.5	0.12	0.05	0.5	0.05	0.12	0.12	0.73	0.88	0.73	0.95	0.05	0.23375	0.225	0.57	0.335	0.35625	0.2475	0.23375	0.51375	0.45125	0.1775	0.18625	0.30875	0.18	0.07	0.34625	0.45875	0.45625	0.07625	0.30875	0.1775	-3.5	-2.46667	-0.22	-1.15714	-1.3	0.54	0.5706	0.49708	0.545886	0.487789
0.27	0.73	0.88	0.73	0.05	0.88	0.73	0.73	0.88	0.12	0.27	0.73	0.27	0.12	0.12	0.73	0.27	0.27	0.5	0.12	0.32375	0.18375	0.49375	0.35	0.38375	0.14375	0.2525	0.4375	0.28125	0.18625	0.15875	0.28	0.12125	0.06125	0.23	0.45875	0.505	0.1325	0.33625	0.1775	-3.5	-1.06667	-1.42	-1.11429	-1.05556	0.5689	0.569133	0.6218	0.494214	0.460811
0.27	0.12	0.05	0.02	0.05	0.12	0.05	0.5	0.02	0.88	0.98	0.05	0.73	0.12	0.27	0.05	0.73	0.27	0.05	0.88	0.305	0.2325	0.56375	0.37625	0.26125	0.1775	0.24625	0.46	0.355	0.17625	0.08875	0.275	0.11125	0.06125	0.10125	0.4825	0.34375	0.13	0.38	0.17375	3.8	-1.06667	-1.98	-1.21429	-0.2	0.5985	0.655367	0.5363	0.490729	0.407822
0.02	0.02	1	0.98	0	0.05	0.05	0.88	0.27	0	0	0.05	0.01	0	0.01	0.27	0.27	0	0.05	0	0.3075	0.305	0.445	0.2475	0.2525	0.19	0.24625	0.4125	0.315	0.31375	0.3275	0.3225	0.26125	0.085	0.1025	0.42625	0.40125	0.16375	0.27625	0.36875	-3.5	-0.966667	-0.92	-0.557143	-0.266667	0.7987	0.5242	0.45844	0.4132	0.396878
0	0.02	0.02	0.01	0	0.02	0.02	0	1	0	0	0.01	0	0.01	0	0.01	0	0	0.12	0	0.38625	0.245	0.45875	0.33625	0.1675	0.18125	0.245	0.4025	0.21875	0.43	0.44375	0.23875	0.35125	0.075	0.0725	0.355	0.37875	0.16375	0.27125	0.48125	-3.2	-1.63333	0.62	0.214286	0.2	0.1754	0.374933	0.3567	0.347	0.3338
0.99	0.02	0.12	0.02	0.27	0.05	0.27	0.95	0.02	0.12	0.05	0.05	0.02	0.05	0.02	0.5	0.05	0.01	0.5	0.12	0.2625	0.18375	0.3375	0.225	0.13375	0.145	0.12375	0.275	0.27875	0.51875	0.49375	0.1725	0.43375	0.06125	0.05625	0.205	0.325	0.0725	0.1075	0.585	1.8	0.933333	0.24	1.25714	1.05556	0.1507	0.128767	0.25232	0.270757	0.2772
0.12	0.05	0	0	0.02	0.01	0	0	0	0.95	0.27	0.01	0.5	0.02	0	0.01	0.05	0	0.02	1	0.34375	0.09	0.245	0.13875	0.15875	0.04125	0.0675	0.4275	0.1725	0.4	0.4325	0.0875	0.34	0.05	0.045	0.18125	0.2925	0.04	0.105	0.46	4.2	2.63333	1.7	1.31429	1.4	0.0602	0.0958333	0.09962	0.189629	0.223089
0.27	0.5	0.73	0.05	0.88	0.05	0.12	0.02	0.05	0.27	0.98	0.5	0.5	0.12	0.02	0.5	0.73	0.02	0.05	0.73	0.2925	0.02	0.14875	0.13	0.04625	0.02375	0.0525	0.36375	0.17875	0.3775	0.22375	0.02125	0.26375	0.14125	0.00875	0.115	0.1175	0.12875	0.22	0.38625	1.9	3.3	3.18	1.75714	1.28889	0.0766	0.0573333	0.07066	0.0872286	0.172333
0.88	0.02	0.01	0.01	0.05	0.02	0.01	0.02	0.01	0.98	0.95	0.02	0.73	0.05	0.02	0.05	0.05	0.01	0.05	0.95	0.22875	0.08	0.1475	0.04625	0.1525	0.0275	0.0625	0.37875	0.1525	0.29	0.22875	0.0775	0.23625	0.15125	0.01	0.1525	0.17125	0.1325	0.215	0.36	3.8	3.3	2.74	2.61429	1.63333	0.0352	0.0474667	0.0569	0.0824143	0.225256
0.27	0.01	0.01	0	0.02	0.01	0.01	0.05	0	0.95	0.5	0.01	0.73	0.05	0.01	0.02	0.5	0.01	0.02	1	0.33875	0.1125	0.2075	0.08	0.17125	0.1175	0.1225	0.39	0.04375	0.385	0.31875	0.14	0.29875	0.2125	0.02625	0.24625	0.225	0.13875	0.26625	0.46375	4.2	2.53333	2.46	2.3	2.2	0.0306	0.0492333	0.0732	0.243029	0.292867
0.05	0.01	0.02	0.02	0	0.01	0.01	1	0.01	0	0	0.01	0	0	0.01	0.05	0.01	0	0	0	0.33375	0.14375	0.25375	0.185	0.14625	0.2025	0.21125	0.1675	0.07375	0.50375	0.40875	0.19625	0.4025	0.21875	0.03875	0.27125	0.3425	0.145	0.2125	0.6075	-0.4	2.2	2	1.97143	1.56667	0.0819	0.0847333	0.31288	0.346414	0.326756
0.01	0.01	0.01	0	0.01	0.02	0.05	0.01	0.12	0.02	0.02	0.01	0.12	0.95	0	0.01	0.01	1	1	0.02	0.3575	0.2	0.3775	0.2975	0.14875	0.29125	0.2975	0.40125	0.1225	0.38875	0.37875	0.28625	0.34	0.10375	0.1025	0.3375	0.39875	0.02625	0.1	0.48625	2.8	0.666667	1.62	1.14286	0.711111	0.1417	0.499533	0.46262	0.400571	0.383267
0.12	0.02	0.27	0.27	0.02	0.05	0.02	1	0.02	0.01	0.01	0.02	0.02	0.01	0.02	0.12	0.02	0.02	0.01	0.01	0.34375	0.17	0.36375	0.32	0.0525	0.315	0.32	0.3975	0.1625	0.41875	0.29125	0.285	0.305	0.24	0.1125	0.32375	0.36875	0.16125	0.28	0.43	-0.4	1.43333	0	0.1	1	1.275	0.733533	0.54764	0.4768	0.430367
0.27	0.27	0.5	0.27	0.12	0.73	0.5	0.12	0.12	0.73	0.27	0.5	0.5	0.5	0.12	0.73	0.88	0.05	0.5	0.88	0.2775	0.17	0.3675	0.3525	0.0675	0.26125	0.32125	0.53875	0.1825	0.2975	0.2025	0.285	0.245	0.20625	0.16	0.30375	0.34625	0.17125	0.24625	0.3125	1.9	-0.8	-0.62	0.142857	1.04444	0.7839	0.8382	0.64502	0.543929	0.475089
0.73	0.27	0.5	0.88	0.05	0.73	0.98	0.12	0.27	0.12	0.27	0.5	0.12	0.05	0.12	0.73	0.5	0.05	0.05	0.27	0.22	0.23125	0.4575	0.38625	0.08875	0.3225	0.3225	0.595	0.22625	0.27	0.17375	0.34625	0.235	0.29	0.2775	0.36375	0.365	0.20375	0.39125	0.2975	-3.9	-1.83333	-0.28	0.8	0.188889	0.4557	0.6028	0.71678	0.594757	0.521756
0.27	0.5	0.98	0.88	0.05	0.73	0.73	0.88	0.5	0.05	0.05	0.73	0.12	0.05	0.5	0.5	0.5	0.05	0.12	0.05	0.33375	0.26375	0.4575	0.44625	0.1225	0.38375	0.415	0.4375	0.25875	0.34125	0.26375	0.37875	0.2975	0.3525	0.32	0.44875	0.42625	0.26625	0.47375	0.3875	-3.5	-0.966667	0.64	-0.1	0.0555556	0.5688	0.508333	0.54932	0.638886	0.5712
0.27	0.27	0.88	0.5	0.12	0.27	0.27	0.98	0.27	0.5	0.27	0.5	0.12	0.27	0.12	0.5	0.5	0.12	0.5	0.27	0.395	0.3825	0.53125	0.55625	0.14625	0.50125	0.52875	0.48625	0.335	0.345	0.29625	0.46875	0.345	0.24	0.43	0.51	0.4875	0.16625	0.36375	0.42	4.5	1.73333	-0.44	-0.271429	0.166667	0.5005	0.502333	0.48266	0.532014	0.610633
0.5	0.27	0.27	0.27	0.27	0.27	0.5	0.27	0.27	0.73	0.5	0.5	0.73	0.27	0.5	0.5	0.73	0.12	0.27	0.88	0.41375	0.4425	0.665	0.61375	0.15875	0.5575	0.56	0.5125	0.395	0.34875	0.32875	0.52875	0.32875	0.30125	0.4425	0.5575	0.51875	0.255	0.45375	0.405	4.2	1.73333	0.02	-6.34413e-17	0.133333	0.4377	0.462933	0.4969	0.490971	0.524944
0.27	0.5	0.73	0.88	0.12	0.5	0.5	0.5	0.5	0.12	0.27	0.5	0.27	0.27	0.95	0.5	0.27	0.27	0.73	0.27	0.47125	0.4425	0.6075	0.595	0.19625	0.5	0.56	0.53125	0.41375	0.3675	0.3575	0.52875	0.38625	0.2725	0.43375	0.52875	0.52875	0.26375	0.3675	0.43375	-3.5	-0.3	1.48	0.457143	-0.511111	0.4506	0.471733	0.48246	0.497843	0.498756
0.5	0.5	0.5	0.5	0.27	0.5	0.5	0.5	0.5	0.5	0.5	0.5	0.5	0.5	0.73	0.5	0.5	0.5	0.73	0.5	0.41375	0.5	0.665	0.62375	0.205	0.5	0.52875	0.57875	0.4425	0.33875	0.32875	0.5575	0.37625	0.27125	0.50875	0.5	0.5	0.2625	0.395	0.405	-1.6	-0.433333	0.44	0.4	-0.511111	0.5269	0.491367	0.48312	0.4949	0.507367
0.5	0.73	0.5	0.5	0.27	0.5	0.5	0.5	0.5	0.5	0.5	0.5	0.5	0.27	0.5	0.5	0.5	0.27	0.5	0.5	0.4425	0.47125	0.63375	0.57625	0.2325	0.47125	0.5	0.56	0.4425	0.36625	0.35625	0.52875	0.395	0.35625	0.5375	0.52875	0.52875	0.31875	0.47125	0.46125	3.8	0.5	-1.18	-0.8	-0.166667	0.4966	0.5091	0.50522	0.499571	0.506478
0.5	0.5	0.73	0.5	0.27	0.5	0.5	0.5	0.5	0.27	0.5	0.5	0.5	0.5	0.5	0.5	0.5	0.73	0.5	0.5	0.47125	0.52875	0.58625	0.605	0.25125	0.52875	0.5575	0.5	0.47125	0.36625	0.35625	0.5575	0.41375	0.3275	0.585	0.5575	0.52875	0.28	0.4425	0.46125	-0.7	-0.266667	-1.26	-1.45714	-1.05556	0.5038	0.5162	0.52174	0.517157	0.510878
0.5	0.5	0.5	0.73	0.27	0.5	0.5	0.5	0.5	0.27	0.27	0.5	0.5	0.27	0.5	0.5	0.5	0.27	0.27	0.5	0.47125	0.5575	0.6725	0.63375	0.25125	0.5575	0.5575	0.57625	0.47125	0.30875	0.35625	0.5575	0.35625	0.35625	0.585	0.5575	0.5	0.35625	0.47125	0.385	-3.9	-2.83333	-1.02	-1.45714	-1.95556	0.5482	0.5284	0.52852	0.529943	0.524844
0.5	0.73	0.73	0.73	0.27	0.73	0.73	0.5	0.5	0.27	0.27	0.73	0.27	0.27	0.5	0.5	0.5	0.27	0.27	0.27	0.5	0.5575	0.64375	0.58625	0.27	0.52875	0.52875	0.57625	0.47125	0.35625	0.35625	0.5575	0.41375	0.35625	0.52875	0.5575	0.52875	0.35625	0.4425	0.4425	-3.9	-2.73333	-2.48	-1.78571	-1.92222	0.5332	0.5474	0.53722	0.535157	0.519411
0.5	0.5	0.73	0.5	0.27	0.5	0.5	0.73	0.5	0.27	0.27	0.5	0.27	0.5	0.5	0.73	0.73	0.27	0.5	0.5	0.5	0.58625	0.64375	0.64375	0.25125	0.5575	0.58625	0.5475	0.47125	0.3275	0.3275	0.615	0.385	0.29875	0.55625	0.52875	0.5	0.3275	0.385	0.385	-0.4	-2.6	-3.12	-2.78571	-1.88889	0.5608	0.5447	0.54914	0.5216	0.489578
0.5	0.5	0.73	0.73	0.27	0.73	0.73	0.5	0.5	0.27	0.27	0.73	0.27	0.27	0.5	0.73	0.5	0.27	0.27	0.27	0.4525	0.50125	0.5875	0.555	0.28	0.4725	0.50125	0.51625	0.5	0.27125	0.28	0.53	0.3375	0.4125	0.49625	0.4725	0.4725	0.35625	0.47625	0.3575	-3.5	-2.6	-2.98	-2.87143	-2.45556	0.5401	0.554767	0.51984	0.486543	0.446722
0.5	0.5	0.73	0.73	0.27	0.5	0.5	0.88	0.27	0.27	0.27	0.5	0.27	0.27	0.5	0.5	0.5	0.27	0.27	0.27	0.3925	0.44125	0.4975	0.49375	0.24875	0.44125	0.47	0.40875	0.46875	0.2525	0.2325	0.49875	0.28125	0.4125	0.435	0.44125	0.4125	0.39	0.52375	0.30125	-3.9	-3.53333	-2.46	-2.5	-2.52222	0.5634	0.501733	0.46488	0.424071	0.392811
0.5	0.73	0.73	0.5	0.27	0.5	0.5	0.5	0.5	0.5	0.27	0.73	0.5	0.27	0.5	0.5	0.5	0.27	0.5	0.5	0.36375	0.35625	0.44125	0.4375	0.23	0.385	0.41375	0.39625	0.38375	0.31375	0.3175	0.4225	0.28125	0.44125	0.37875	0.39375	0.4125	0.3625	0.495	0.30125	-3.2	-2.8	-2.64	-2.12857	-1.58889	0.4017	0.407833	0.3749	0.350557	0.337489
0.5	0.5	0.5	0.73	0.12	0.5	0.73	0.5	0.5	0.27	0.27	0.73	0.27	0.27	0.95	0.5	0.5	0.27	0.5	0.27	0.36375	0.3	0.385	0.32	0.30625	0.3	0.3	0.34	0.32375	0.4275	0.375	0.3375	0.33875	0.47	0.26625	0.34625	0.38375	0.335	0.47625	0.41875	-1.3	-1.93333	-2.2	-1.42857	-0.655556	0.2584	0.257	0.2706	0.277629	0.279944
0.12	0.05	0.05	0.02	0.5	0.05	0.05	0.02	0.73	0.05	0.12	0.05	0.12	0.95	0.02	0.05	0.05	0.5	1	0.05	0.41125	0.41625	0.4125	0.36125	0.2275	0.385	0.35625	0.32375	0.2475	0.42375	0.36625	0.48375	0.33	0.325	0.335	0.345	0.36375	0.275	0.3575	0.39	-1.3	-1.3	-0.52	-0.285714	-1.04444	0.1109	0.1293	0.16798	0.202657	0.225689
0.02	0.02	0.01	0.01	0.02	0.02	0.02	0.02	0.02	0.12	0.12	0.02	0.05	0.5	0.01	0.02	0.02	1	0.88	0.05	0.3675	0.3725	0.45125	0.305	0.25625	0.3125	0.28375	0.27625	0.3075	0.3825	0.33375	0.41125	0.3075	0.34875	0.27625	0.29125	0.32	0.18	0.34125	0.35875	-1.3	0.633333	1.02	-0.285714	-1.04444	0.0186	0.0599333	0.0907	0.132529	0.1696
0.27	0.05	0.05	0.05	0.12	0.05	0.05	0.02	0.05	0.99	0.95	0.12	0.73	0.5	0.05	0.12	0.5	0.05	0.27	0.73	0.3075	0.32125	0.38875	0.22375	0.21625	0.30875	0.2325	0.18125	0.285	0.2425	0.19875	0.35125	0.195	0.3175	0.22375	0.34125	0.28875	0.2675	0.39	0.24625	4.5	2.56667	0.5	-0.328571	-0.7	0.0503	0.0280667	0.05352	0.0801857	0.115044
0.5	0.05	0.05	0.02	0.73	0.05	0.05	0.05	0.02	0.95	0.73	0.05	0.5	0.5	0.05	0.12	0.27	0.05	0.12	0.98	0.2175	0.245	0.2975	0.165	0.1075	0.2475	0.17	0.11625	0.26	0.18625	0.195	0.27	0.195	0.29875	0.16125	0.28	0.25625	0.35875	0.40875	0.1525	4.5	1.7	0.06	-0.257143	-0.444444	0.0153	0.0460333	0.0384	0.0536143	0.0874333
0.5	0.98	0.5	0.12	0.02	0.73	0.27	0.12	0.12	0.02	0.05	0.99	0.05	0.02	0.12	0.27	0.12	0.02	0.05	0.05	0.18875	0.08125	0.27	0.095	0.18375	0.10625	0.0575	0.17	0.21875	0.27	0.2475	0.0675	0.22	0.32625	0.03625	0.2325	0.24625	0.33125	0.3575	0.23625	-3.9	-0.966667	0.16	-0.2	-0.344444	0.0725	0.0410333	0.04916	0.0596571	0.0790778
0.05	0.12	1	0.27	0.02	0.12	0.12	0.12	0.27	0.01	0.01	0.12	0.02	0.01	0.02	0.27	0.12	0.01	0.02	0.02	0.32125	0.21625	0.26375	0.13625	0.13625	0.23875	0.16125	0.1825	0.1425	0.28	0.2525	0.2325	0.22375	0.215	0.165	0.3175	0.35875	0.2725	0.2425	0.2675	-3.5	-2.73333	-0.92	-0.0714286	-0.588889	0.0353	0.0600667	0.06974	0.0831714	0.129422
0.27	0.12	0.27	0.12	0.05	0.5	0.12	0.12	0.12	0.02	0.02	0.12	0.05	0.02	0.12	1	0.73	0.02	0.05	0.05	0.325	0.27625	0.4725	0.2725	0.13625	0.28	0.25	0.21375	0.22125	0.27	0.2425	0.32125	0.22875	0.1575	0.185	0.315	0.3425	0.2375	0.1625	0.26375	-0.8	-1.73333	-1.9	-1.21429	-0.833333	0.0724	0.0869667	0.10332	0.156557	0.213611
0.01	0.12	0	0	0.01	0.01	0	0.01	0.27	0.01	0.02	0.01	0.27	0.12	0	0.01	0.01	1	0.5	0	0.325	0.27125	0.5	0.28125	0.23625	0.33625	0.25875	0.22625	0.1975	0.14875	0.12625	0.32	0.1125	0.17375	0.19375	0.425	0.37125	0.23375	0.16375	0.18	-0.9	-0.7	-1.82	-2.35714	-1.43333	0.1532	0.136267	0.20162	0.265271	0.219967
0.27	0.12	0.73	0.27	0.02	0.05	0.05	1	0.27	0.01	0.01	0.05	0.02	0.01	0.02	0.27	0.27	0.02	0.02	0.01	0.245	0.29875	0.4175	0.25125	0.145	0.3275	0.24875	0.22125	0.1975	0.03	0.03625	0.315	0.0825	0.12625	0.1875	0.3925	0.3075	0.35125	0.21	0.0575	-0.4	-1.6	-1.82	-1.92857	-1.97778	0.1832	0.300133	0.34982	0.270271	0.245267
0.73	0.27	0.5	0.5	0.12	0.5	0.73	0.12	0.27	0.12	0.12	0.5	0.12	0.05	0.95	0.73	0.95	0.02	0.05	0.27	0.13125	0.1725	0.44625	0.32625	0.13125	0.2425	0.255	0.31875	0.1975	0.02875	0.0225	0.16875	0.155	0.12125	0.0625	0.31625	0.2225	0.3825	0.2025	0.025	-3.5	-2.46667	-1.84	-1.48571	-1.93333	0.564	0.507833	0.35684	0.299943	0.277567
0.27	0.5	0.95	0.95	0.05	0.73	0.73	0.27	0.5	0.05	0.05	0.73	0.12	0.05	0.27	0.73	0.5	0.73	0.27	0.05	0.27375	0.22	0.3875	0.34625	0.14375	0.29	0.33125	0.31875	0.1975	0.03875	0.0325	0.235	0.15875	0.1225	0.16	0.37375	0.2975	0.295	0.17875	0.05625	-3.5	-2.63333	-1.74	-1.87143	-2.04444	0.7763	0.4826	0.3748	0.341486	0.362133
0.01	0.01	0	0	0.88	0.01	0	0.01	0.01	0.01	0.02	0	0.02	0.73	0	0.01	0.01	1	0.73	0.01	0.2875	0.26875	0.4875	0.45625	0.035	0.32	0.41	0.46125	0.24625	0.04125	0.03375	0.31375	0.16625	0.03625	0.18125	0.35375	0.27	0.26	0.11625	0.05625	-0.9	-1.6	-2.36	-2.38571	-2	0.1075	0.3756	0.4108	0.433371	0.356056
0.12	0.27	0.12	0.05	0.01	0.02	0.02	1	0.02	0	0	0.05	0.01	0.01	0.02	0.12	0.02	0.01	0.01	0.01	0.275	0.22375	0.4875	0.45125	0.145	0.32375	0.41	0.3375	0.32125	0.0475	0.04875	0.30875	0.14	0.23	0.18	0.34125	0.30125	0.3775	0.26875	0.0625	-0.4	-1.6	-2.56	-2.38571	-1.58889	0.243	0.2379	0.45728	0.409729	0.349444
0.05	0.12	0.5	0.95	0.01	0.5	1	0.02	0.12	0.12	0.05	0.27	0.73	0.02	0.05	0.12	0.12	0.27	0.02	0.05	0.265	0.23	0.35125	0.3075	0.14875	0.26375	0.28375	0.34125	0.28125	0.15375	0.1325	0.2775	0.17	0.35125	0.17625	0.31375	0.27	0.3575	0.35625	0.1475	-3.5	-2.8	-1.94	-1.48571	-1.04444	0.3632	0.467533	0.30556	0.342543	0.330378
0.73	0.73	0.98	0.88	0.05	0.73	0.73	0.27	0.5	0.02	0.02	0.88	0.05	0.02	0.12	0.73	0.27	0.02	0.05	0.05	0.095	0.245	0.29125	0.26	0.13125	0.235	0.26	0.2975	0.29125	0.1575	0.155	0.26125	0.255	0.36	0.055	0.16125	0.1475	0.44875	0.4375	0.12	-4.5	-2.8	-1.2	-0.342857	-1.04444	0.7964	0.392433	0.3028	0.2333	0.292833
0.12	0.02	0.12	0.05	0.01	0.02	0.02	1	0.02	0	0	0.02	0.01	0.01	0.02	0.12	0.02	0.01	0.01	0.01	0.1525	0.27375	0.2825	0.24625	0.13625	0.23875	0.26	0.17375	0.29125	0.27625	0.26125	0.28375	0.37	0.4175	0.03625	0.1525	0.13125	0.365	0.42375	0.22875	-0.4	-0.7	-0.22	-0.714286	-0.155556	0.0177	0.3026	0.25652	0.250243	0.207956
0.02	0.02	0.12	0.01	0.02	0.05	0.02	0.01	0.88	0.05	0.12	0.02	0.05	0.95	0.01	0.02	0.27	0.95	1	0.05	0.27375	0.36375	0.2975	0.285	0.05875	0.325	0.35125	0.31125	0.245	0.3025	0.2775	0.375	0.39625	0.22375	0.07125	0.22625	0.1325	0.12875	0.2425	0.285	2.8	2.3	-0.22	-0.0142857	-0.444444	0.0937	0.041	0.2291	0.2173	0.219278
0.12	0.02	0.02	0.02	0.05	0.05	0.02	0.05	0.05	0.98	0.73	0.02	0.98	0.99	0.02	0.05	0.12	0.12	0.73	0.73	0.28	0.455	0.31	0.28375	0.05625	0.41375	0.36375	0.19625	0.36125	0.20125	0.2075	0.47875	0.38875	0.22	0.07375	0.2225	0.1825	0.23375	0.28125	0.205	4.5	1.26667	1.58	-0.0142857	-0.477778	0.0116	0.110467	0.0723	0.195329	0.207744
0.05	1	0.5	0.05	0.02	0.5	0.27	0.02	0.73	0.05	0.27	0.98	0.12	0.12	0.05	0.12	0.12	0.5	0.73	0.05	0.31625	0.3325	0.31	0.28	0.06125	0.32875	0.27	0.32	0.27625	0.305	0.26125	0.34	0.41125	0.32875	0.07	0.2325	0.1825	0.155	0.28125	0.28625	-3.5	1.83333	0.96	0.528571	-0.477778	0.2261	0.0833667	0.11064	0.101443	0.219256
0.12	0.02	0.02	0.01	0.05	0.05	0.02	0.01	0.02	0.98	0.88	0.05	1	0.5	0.02	0.05	0.12	0.05	0.12	0.88	0.25	0.455	0.31	0.26625	0.06625	0.385	0.2725	0.3025	0.33625	0.2775	0.21625	0.4375	0.32875	0.29375	0.0925	0.2125	0.21125	0.27125	0.36625	0.2675	4.5	-0.833333	0.26	0.0857143	-0.366667	0.0124	0.1493	0.11974	0.1656	0.194044
0.88	0.73	0.12	0.27	0.27	0.73	0.73	0.12	0.5	0.27	0.27	0.73	0.27	0.12	0.27	0.5	0.27	0.05	0.27	0.5	0.2025	0.3975	0.405	0.3375	0.1475	0.33125	0.24375	0.255	0.33625	0.38125	0.29875	0.38375	0.43375	0.34625	0.07375	0.2325	0.22375	0.27625	0.36125	0.32875	-3.5	0.1	-1.34	-0.814286	-0.411111	0.2094	0.120333	0.21078	0.233571	0.255722
0.27	1	0.12	0.05	0.02	0.73	0.12	0.12	0.12	0.12	0.05	0.88	0.88	0.02	0.05	0.12	0.27	0.02	0.05	0.05	0.3675	0.42375	0.5	0.42625	0.21	0.3875	0.40875	0.345	0.33625	0.40875	0.345	0.425	0.385	0.27375	0.13375	0.36875	0.2525	0.195	0.32625	0.4125	-0.7	-2.56667	-1.34	-1.57143	-0.766667	0.1392	0.2718	0.27946	0.313743	0.2973
0.27	0.12	0.98	0.95	0.02	0.27	0.5	0.98	0.12	0.02	0.02	0.12	0.05	0.02	0.05	0.27	0.12	0.02	0.02	0.02	0.415	0.565	0.4525	0.37375	0.31375	0.50125	0.3925	0.29375	0.36375	0.36125	0.32	0.58	0.42875	0.18375	0.24125	0.45375	0.31875	0.21375	0.2725	0.3875	-3.5	-2.56667	-2.4	-1.12857	-0.844444	0.4668	0.391833	0.39154	0.348286	0.357622
0.27	0.73	0.5	0.73	0.12	0.73	0.5	0.12	0.27	0.73	0.27	0.73	0.27	0.12	0.27	0.5	0.5	0.5	0.12	0.73	0.47125	0.455	0.5125	0.4575	0.36125	0.4725	0.42125	0.49	0.2875	0.3	0.28875	0.44375	0.42	0.19	0.27	0.50125	0.3475	0.125	0.2025	0.32625	-3.5	-2.6	-1.78	-1.22857	-0.244444	0.5695	0.536367	0.44324	0.425729	0.384333
0.5	0.27	0.98	0.88	0.88	0.27	0.5	0.73	0.5	0.12	0.05	0.27	0.12	0.05	0.12	0.73	0.27	0.05	0.12	0.12	0.4425	0.54375	0.57375	0.52875	0.26625	0.5575	0.43375	0.535	0.31875	0.26875	0.2125	0.51	0.405	0.1425	0.2925	0.5	0.37625	0.18125	0.19375	0.3075	-0.8	-1.56667	-0.88	-0.457143	-1.24444	0.5728	0.536733	0.5263	0.462457	0.415744
0.73	0.5	0.88	0.5	0.27	0.5	0.73	0.73	0.5	0.12	0.27	0.5	0.27	0.27	0.27	0.73	0.5	0.27	0.5	0.27	0.3375	0.48625	0.63375	0.5575	0.32375	0.5	0.3475	0.535	0.375	0.32625	0.2425	0.48125	0.44375	0.1625	0.255	0.47125	0.405	0.1625	0.175	0.28875	-0.4	0.866667	0.2	-1	-1.28889	0.4679	0.531733	0.52624	0.484729	0.428178
0.5	0.27	0.5	0.5	0.88	0.5	0.27	0.5	0.27	0.5	0.5	0.5	0.5	0.27	0.88	0.88	0.5	0.27	0.27	0.5	0.33875	0.39125	0.7575	0.5525	0.37	0.41	0.39125	0.55	0.39	0.26625	0.21	0.3725	0.3675	0.16125	0.17375	0.44375	0.3775	0.16125	0.19875	0.26	3.8	1.76667	0	-1.05714	-0.933333	0.5545	0.4963	0.47136	0.463943	0.425667
0.5	0.73	0.5	0.5	0.5	0.73	0.5	0.73	0.27	0.27	0.27	0.5	0.27	0.27	0.5	0.73	0.73	0.27	0.27	0.27	0.33875	0.325	0.65	0.4675	0.4175	0.3625	0.33375	0.52375	0.39	0.29375	0.23875	0.36375	0.39625	0.16	0.2175	0.4625	0.34	0.16125	0.1975	0.2875	1.9	0.4	-0.62	-0.2	-0.588889	0.4665	0.4387	0.42106	0.399243	0.400389
0.12	0.27	0.99	0.73	0.05	0.27	0.12	0.98	0.5	0.12	0.05	0.12	0.73	0.05	0.05	0.27	0.12	0.05	0.05	0.12	0.35875	0.29375	0.5275	0.34875	0.465	0.33125	0.32	0.47875	0.32875	0.34625	0.3425	0.3225	0.3675	0.20625	0.2425	0.46	0.36875	0.12875	0.225	0.33375	-4.5	-2.16667	-0.04	-0.142857	0.222222	0.2951	0.360967	0.3508	0.3516	0.342667
0.27	0.5	0.5	0.12	0.12	0.5	0.27	0.12	0.95	0.73	0.73	0.73	0.73	0.5	0.12	0.27	0.73	0.12	0.5	0.5	0.4	0.24625	0.52875	0.3775	0.40875	0.3025	0.34875	0.5575	0.225	0.26125	0.26625	0.24625	0.3675	0.15	0.225	0.43125	0.2925	0.11625	0.245	0.28625	-3.9	-1.96667	-0.88	0.457143	0.266667	0.3213	0.244333	0.28776	0.2919	0.284978
0.05	0.01	0.73	0.01	1	0.01	0.01	0.01	0.01	0.02	0.02	0.01	0.5	0.01	0.01	0.05	0.05	0.01	0.01	0.05	0.39875	0.3075	0.48125	0.3625	0.27125	0.335	0.3525	0.495	0.31375	0.3975	0.33625	0.365	0.4725	0.18375	0.21125	0.48625	0.43375	0.1025	0.30625	0.3425	2.5	-0.6	-0.5	-0.142857	0.233333	0.1166	0.225733	0.20446	0.220343	0.271278
0.27	0.05	0.12	0.27	0.02	0.12	0.27	1	0.12	0.01	0.02	0.05	0.05	0.01	0.02	0.27	0.05	0.02	0.01	0.01	0.37125	0.3025	0.5575	0.35875	0.375	0.32125	0.39625	0.315	0.28125	0.37	0.33625	0.33125	0.585	0.26	0.10625	0.44	0.405	0.0825	0.3825	0.31875	-0.4	1.96667	0.32	-0.514286	-0.577778	0.2393	0.1353	0.15616	0.202929	0.249189
0.05	0.02	0.01	0.01	0.05	0.02	0.01	0.01	0.01	1	0.88	0.02	0.5	0.27	0.02	0.02	0.12	0.02	0.12	0.95	0.45875	0.22125	0.515	0.335	0.3425	0.24875	0.3725	0.3625	0.26375	0.2275	0.20125	0.27875	0.50125	0.19625	0.16625	0.47125	0.32	0.05	0.3375	0.25875	3.8	1	0.96	-0.371429	-0.588889	0.05	0.1143	0.16082	0.211586	0.200522
0.98	0.12	0.5	0.5	0.5	0.27	0.88	0.5	0.12	0.05	0.12	0.27	0.12	0.05	0.05	0.5	0.27	0.02	0.73	0.12	0.36125	0.18125	0.345	0.18875	0.295	0.19875	0.255	0.2125	0.22125	0.34625	0.38125	0.23875	0.52	0.30875	0.1625	0.5	0.34875	0.05	0.365	0.43875	-0.4	0.9	-0.24	0.442857	0.222222	0.0536	0.1494	0.20864	0.169757	0.178456
0.5	0.5	0.73	0.27	0.05	0.27	0.5	0.12	0.27	0.5	0.12	0.73	0.88	0.05	0.05	0.95	0.95	0.05	0.5	0.27	0.42125	0.0775	0.26875	0.20375	0.33875	0.13875	0.27125	0.24625	0.1175	0.29	0.305	0.0925	0.34875	0.36875	0.14875	0.44375	0.1875	0.065	0.45625	0.3725	-0.7	-1.53333	0.2	0.485714	1.15556	0.3446	0.2513	0.16648	0.166886	0.148544
0.5	0.27	0.5	0.73	0.73	0.5	0.88	0.05	0.12	0.27	0.5	0.27	0.95	0.88	0.05	0.73	0.27	0.12	0.88	0.27	0.4775	0.10625	0.20875	0.1475	0.13	0.11125	0.225	0.2875	0.13625	0.3175	0.25625	0.155	0.27875	0.26375	0.2725	0.47125	0.2725	0.055	0.40875	0.3675	-3.5	-0.8	0	1.18571	0.7	0.3557	0.242933	0.17578	0.140143	0.141667
0.98	0.05	0.05	0.05	0.27	0.05	0.05	0.12	0.02	0.12	0.05	0.05	0.05	0.02	0.98	0.73	0.12	0.01	0.02	0.73	0.39875	0.19	0.265	0.205	0.2	0.1675	0.32875	0.15625	0.14	0.4575	0.40125	0.19125	0.4475	0.385	0.16	0.4525	0.4075	0.06875	0.52125	0.41875	1.8	0.366667	0.98	0.414286	1.16667	0.0285	0.160233	0.17548	0.140814	0.136611
0.27	0.05	0.12	0.05	0.12	0.12	0.05	0.27	0.27	0.12	0.73	0.05	0.5	0.73	0.05	0.98	0.5	0.05	0.88	0.73	0.49625	0.19375	0.2575	0.20625	0.2275	0.1625	0.33375	0.13875	0.11	0.45125	0.31625	0.25125	0.42	0.2775	0.3075	0.425	0.4075	0.06375	0.405	0.4225	2.8	3.03333	0.8	1.01429	1.24444	0.0965	0.0590333	0.1175	0.160843	0.176122
0.27	0.05	0.12	0.01	0.02	0.02	0.02	0.01	0.27	0.73	0.12	0.02	0.12	0.98	0.01	0.27	0.12	0.27	1	0.12	0.38875	0.24125	0.2575	0.2675	0.18	0.26375	0.35	0.12375	0.12875	0.37125	0.38	0.33125	0.4675	0.2425	0.32125	0.485	0.43625	0.03625	0.305	0.49	4.5	1.9	2.26	1.75714	0.9	0.0521	0.0677667	0.08512	0.169557	0.269822
