0.73	0.5	0.5	0.5	0.05	0.5	0.95	0.12	0.27	0.05	0.05	0.88	0.12	0.05	0.99	0.5	0.27	0.05	0.12	0.12	0.3375	0.1375	0.40125	0.405	0.20875	0.2225	0.295	0.27625	0.14625	0.32125	0.34125	0.2425	0.3575	0.3325	0.2075	0.4075	0.35625	0.24875	0.30375	0.34875	-3.5	0.1	1.18	0.114286	0.566667	0.5694	0.342033	0.2813	0.371114	0.423011
0.12	0.05	0.02	0.02	0.12	0.12	0.05	0.05	0.05	0.5	0.73	0.05	0.95	0.5	0.05	0.05	0.12	1	0.73	0.88	0.41375	0.2825	0.5175	0.49625	0.09	0.33	0.43875	0.29375	0.18625	0.3125	0.275	0.45375	0.2725	0.3325	0.33375	0.4925	0.46	0.13	0.255	0.31125	4.2	1.16667	-0.08	0.6	0.211111	0.0719	0.243	0.318	0.327929	0.408644
0.12	0.05	0.02	0.02	0.12	0.05	0.05	0.02	0.05	0.73	0.98	0.05	0.88	0.95	0.05	0.05	0.12	0.27	0.5	0.5	0.49	0.34	0.49875	0.4075	0.1025	0.33875	0.41	0.31625	0.18625	0.2925	0.25625	0.45375	0.29	0.28	0.33	0.54	0.5175	0.225	0.2925	0.3675	2.8	1.16667	0.36	0.1	-0.0444444	0.0877	0.211933	0.3236	0.381429	0.403444
0.5	0.27	0.99	0.5	0.12	0.27	0.27	0.27	0.27	0.12	0.05	0.27	0.12	0.05	0.12	0.73	0.95	0.05	0.12	0.12	0.46125	0.32125	0.39	0.36	0.12125	0.32	0.395	0.2975	0.15875	0.34125	0.34375	0.435	0.385	0.3875	0.3525	0.4825	0.46125	0.22375	0.32125	0.4425	-3.5	0.366667	0.92	-0.4	-0.0444444	0.4762	0.325567	0.34316	0.421929	0.391344
0.95	0.12	0.73	0.73	0.12	0.27	0.27	0.95	0.12	0.05	0.05	0.27	0.12	0.05	0.12	0.73	0.27	0.05	0.05	0.12	0.37625	0.3125	0.375	0.2275	0.12125	0.2725	0.29125	0.1275	0.15	0.35	0.34	0.3875	0.37625	0.38375	0.44375	0.435	0.48875	0.22	0.32625	0.43375	1.8	-0.8	-0.7	0.5	-0.177778	0.4128	0.518733	0.46244	0.366843	0.368578
0.27	0.73	0.5	0.27	0.12	0.5	0.27	0.12	0.12	0.5	0.27	0.88	0.27	0.5	0.12	0.5	0.95	0.05	0.27	0.73	0.4325	0.23625	0.45125	0.285	0.13	0.30375	0.235	0.25	0.15	0.29375	0.3125	0.26375	0.3575	0.3275	0.41125	0.52	0.4325	0.22	0.29875	0.3575	-0.7	-0.933333	-0.7	-0.328571	0.122222	0.6672	0.582767	0.48166	0.382271	0.336333
0.73	0.73	0.73	0.27	0.12	0.5	0.5	0.27	0.27	0.12	0.12	0.73	0.12	0.05	0.95	0.88	0.73	0.05	0.12	0.12	0.39375	0.23625	0.42625	0.28875	0.13	0.30375	0.215	0.23125	0.13125	0.37	0.27375	0.29125	0.29125	0.33625	0.42625	0.48125	0.47875	0.0975	0.24125	0.43375	-3.9	-0.6	-0.32	-0.842857	0.122222	0.6683	0.506433	0.4224	0.409629	0.338422
0.27	0.12	0.12	0.12	0.27	0.12	0.12	0.12	0.12	0.73	0.5	0.12	0.5	0.95	0.27	0.27	0.5	0.27	0.73	0.95	0.45125	0.32125	0.50625	0.3075	0.11125	0.36	0.2625	0.25	0.20625	0.29375	0.21375	0.3675	0.225	0.215	0.51125	0.56625	0.5075	0.09875	0.22625	0.35875	2.8	-0.9	-0.84	0.257143	-0.333333	0.1838	0.344	0.39568	0.354557	0.347811
0.27	0.05	0.12	0.12	0.05	0.12	0.12	0.05	0.05	0.05	0.02	0.12	0.05	0.02	1	0.5	0.27	0.02	0.02	0.05	0.48	0.33	0.50625	0.3075	0.13875	0.36	0.2625	0.25875	0.24375	0.3975	0.2825	0.3675	0.28125	0.33125	0.42	0.50875	0.48	0.12625	0.315	0.51875	-1.6	0.133333	0.14	-0.185714	0.255556	0.1799	0.2143	0.28038	0.320186	0.317644
0.5	0.5	0.88	0.5	0.12	0.98	0.5	0.27	0.27	0.05	0.05	0.5	0.12	0.05	0.73	0.95	0.5	0.05	0.12	0.12	0.33875	0.265	0.3225	0.17	0.12125	0.225	0.18375	0.11875	0.2075	0.40625	0.2875	0.28875	0.2725	0.44375	0.44125	0.3675	0.42375	0.24125	0.40625	0.50125	-0.8	0.6	0.66	0.171429	-0.0444444	0.2792	0.183267	0.18116	0.254114	0.280522
0.27	0.05	0.05	0.05	0.12	0.12	0.12	0.05	0.05	0.73	0.27	0.12	0.27	0.12	1	0.12	0.27	0.02	0.12	0.88	0.3675	0.34	0.3975	0.255	0.10875	0.36125	0.32	0.14625	0.25375	0.26125	0.2325	0.345	0.235	0.375	0.4075	0.4425	0.3675	0.245	0.3875	0.32125	4.2	0.7	0.46	0.6	-0.355556	0.0907	0.1807	0.18534	0.169886	0.2661
0.12	0.12	0.05	0.02	0.12	0.12	0.05	0.02	0.5	0.73	0.88	0.05	0.73	0.88	0.05	0.12	0.12	0.5	0.99	0.73	0.31	0.365	0.34	0.24	0.09625	0.39	0.3	0.1225	0.1975	0.24875	0.1475	0.3725	0.1775	0.28	0.41375	0.36625	0.31	0.185	0.27875	0.33125	-1.3	1.56667	0.6	-0.3	-0.422222	0.1722	0.155867	0.1651	0.2204	0.2426
0.73	0.27	0.99	0.5	0.12	0.27	0.27	0.27	0.5	0.27	0.12	0.27	0.12	0.05	0.12	0.5	0.5	0.02	0.12	0.5	0.23375	0.44125	0.24125	0.18	0.06875	0.41875	0.29125	0.0825	0.21625	0.24875	0.27125	0.44875	0.25375	0.3275	0.38625	0.31875	0.2625	0.245	0.40625	0.275	1.8	-0.133333	0.06	-0.714286	-1.16667	0.2047	0.151867	0.21674	0.259957	0.262367
0.05	0.05	0.02	0.01	0.05	0.05	0.02	0.05	0.05	0.12	0.12	0.02	0.12	0.98	0.02	0.05	0.05	1	0.88	0.05	0.31875	0.49625	0.3625	0.24125	0.08625	0.465	0.34125	0.11	0.28125	0.37125	0.33125	0.55625	0.3575	0.2425	0.28875	0.34625	0.395	0.12625	0.32375	0.435	-0.9	-0.866667	-1.68	-1.15714	-1.42222	0.0787	0.2736	0.28996	0.271743	0.303444
0.27	0.88	0.27	0.5	0.02	0.73	0.98	0.12	0.27	0.02	0.05	0.95	0.12	0.02	0.12	0.27	0.27	0.05	0.12	0.05	0.24375	0.33625	0.22375	0.12	0.09	0.26375	0.16125	0.07	0.235	0.4875	0.44375	0.38375	0.405	0.48125	0.1875	0.20625	0.32	0.30125	0.51375	0.4825	-3.5	-2.96667	-2.2	-2.31429	-0.833333	0.5374	0.357633	0.32786	0.3373	0.279167
0.12	1	0.27	0.12	0.02	0.73	0.27	0.05	0.27	0.02	0.05	0.88	0.12	0.05	0.05	0.27	0.12	0.05	0.12	0.05	0.29125	0.34875	0.28	0.195	0.09	0.35875	0.2975	0.10625	0.29125	0.41125	0.425	0.44	0.405	0.49625	0.08625	0.31	0.415	0.3325	0.60875	0.3875	-4.5	-3.96667	-3.34	-1.48571	-1.38889	0.4568	0.451967	0.39684	0.321371	0.306689
0.27	0.88	0.27	0.12	0.05	0.5	0.27	0.05	0.27	0.27	0.73	0.95	0.5	0.5	0.12	0.27	0.5	0.27	0.88	0.27	0.2725	0.3825	0.39875	0.315	0.0775	0.435	0.35375	0.1375	0.29125	0.29125	0.2325	0.45875	0.2725	0.3325	0.08625	0.3575	0.38625	0.245	0.39625	0.27125	-3.9	-4.1	-2.26	-1.85714	-1.63333	0.3617	0.456033	0.39324	0.340471	0.371222
0.27	0.27	0.12	0.12	0.12	0.27	0.27	0.05	0.12	0.88	0.5	0.73	0.88	0.27	0.12	0.27	0.88	0.05	0.12	0.88	0.215	0.4275	0.3	0.255	0.17875	0.4325	0.3225	0.11	0.25	0.19625	0.26125	0.455	0.225	0.36125	0.07375	0.31	0.29125	0.27625	0.4825	0.16625	-3.9	-1.1	-1.72	-2.22857	-1.55556	0.5496	0.324	0.35344	0.4368	0.367522
0.12	0.05	0.02	0.02	0.12	0.05	0.02	0.02	0.12	0.88	0.88	0.05	0.5	1	0.02	0.05	0.12	0.5	0.88	0.5	0.26125	0.4825	0.43375	0.32875	0.1875	0.4875	0.385	0.1225	0.2775	0.24375	0.21375	0.57125	0.29125	0.15375	0.09	0.39375	0.4425	0.0975	0.2925	0.3175	4.5	-0.0666667	-1.52	-1.37143	-0.988889	0.0607	0.316233	0.41268	0.384514	0.418689
0.5	0.27	0.5	0.27	0.12	0.88	0.5	0.27	0.5	0.12	0.12	0.5	0.27	0.27	0.12	0.95	0.88	0.27	0.88	0.12	0.27125	0.35125	0.34625	0.24125	0.2	0.29875	0.20875	0.0825	0.23	0.37	0.33625	0.4025	0.33875	0.3675	0.06875	0.2625	0.32875	0.21125	0.40125	0.3925	-0.8	0.0666667	-0.24	-0.128571	-0.4	0.3384	0.384033	0.37462	0.396286	0.390767
0.12	0.27	1	0.98	0.05	0.5	0.5	0.27	0.5	0.02	0.02	0.27	0.05	0.02	0.12	0.5	0.27	0.02	0.05	0.02	0.31875	0.26	0.375	0.26	0.2125	0.3175	0.2375	0.11	0.25875	0.3825	0.345	0.355	0.3575	0.395	0.0775	0.3475	0.42375	0.23875	0.49625	0.40125	-3.5	-0.6	1.38	0.685714	-0.288889	0.753	0.420933	0.37254	0.385486	0.387622
0.27	0.02	0.05	0.02	1	0.02	0.02	0.05	0.02	0.12	0.12	0.02	0.12	0.05	0.02	0.12	0.12	0.05	0.05	0.27	0.28125	0.19625	0.46625	0.3675	0.1025	0.33	0.27	0.13375	0.31875	0.4275	0.36	0.27375	0.405	0.4475	0.08125	0.37625	0.395	0.26375	0.505	0.39875	2.5	1.06667	0.84	0.742857	-2.46716e-17	0.1714	0.487867	0.41762	0.368186	0.382478
0.27	0.27	0.99	0.5	0.12	0.27	0.27	0.12	0.27	0.5	0.12	0.27	0.27	0.05	0.05	0.5	0.5	0.02	0.12	0.88	0.31	0.165	0.39625	0.32625	0.23125	0.29875	0.23875	0.18125	0.2875	0.285	0.3125	0.185	0.31	0.42	0.09625	0.41375	0.36	0.2675	0.49625	0.24625	4.2	2.83333	0.3	-0.0857143	0.344444	0.5392	0.332233	0.43564	0.404571	0.396578
0.73	0.05	0.05	0.05	0.12	0.05	0.05	0.05	0.27	0.27	0.27	0.05	0.27	1	0.05	0.12	0.12	0.73	0.99	0.27	0.3	0.2775	0.545	0.395	0.23125	0.3825	0.2975	0.2025	0.2875	0.26625	0.2175	0.31625	0.28125	0.19125	0.10875	0.565	0.48375	0.1225	0.2925	0.37	1.8	0.833333	0.74	-0.0857143	0.311111	0.2861	0.417933	0.34812	0.452871	0.439911
0.12	0.27	1	0.98	0.05	0.5	0.5	0.27	0.5	0.02	0.02	0.27	0.05	0.02	0.12	0.5	0.27	0.02	0.05	0.02	0.32875	0.2225	0.36625	0.2475	0.24	0.2225	0.185	0.14375	0.2025	0.3925	0.35625	0.2325	0.385	0.3425	0.09125	0.405	0.38875	0.1925	0.33375	0.49625	-3.5	-1	0.08	1.01429	0.822222	0.4285	0.343333	0.44914	0.409686	0.410333
0.12	0.12	0.05	0.02	0.12	0.12	0.05	0.02	0.27	0.73	0.95	0.05	0.95	0.95	0.05	0.12	0.12	0.5	0.95	0.5	0.3475	0.2225	0.36625	0.2475	0.24	0.2225	0.185	0.14375	0.2025	0.3925	0.35625	0.24125	0.385	0.315	0.09125	0.405	0.4075	0.16375	0.33375	0.525	-1.3	-1.86667	0.08	1.2	1.06667	0.3154	0.473467	0.43144	0.395514	0.356889
0.5	0.27	0.5	0.27	0.27	0.27	0.27	0.5	0.12	0.12	0.12	0.27	0.27	0.05	0.27	0.95	0.98	0.05	0.12	0.27	0.32875	0.32	0.4225	0.32375	0.11125	0.26375	0.2175	0.11125	0.2525	0.46	0.45125	0.27375	0.47	0.4275	0.07625	0.405	0.3475	0.21625	0.44625	0.52625	-0.8	0.7	0.48	0.414286	0.4	0.6765	0.480867	0.38866	0.357343	0.405222
0.5	0.73	0.27	0.12	0.12	0.5	0.27	0.12	0.12	0.5	0.27	0.88	0.27	0.12	0.12	0.88	0.73	0.05	0.12	0.88	0.32875	0.24375	0.3425	0.295	0.13	0.21625	0.19875	0.15875	0.2525	0.4125	0.5275	0.17875	0.49875	0.53125	0.10375	0.46125	0.37875	0.2475	0.54125	0.37375	4.2	2.4	0.92	-0.342857	-0.155556	0.4507	0.3998	0.35736	0.4031	0.392733
0.12	0.05	0.02	0.02	0.12	0.05	0.05	0.02	0.05	0.88	0.98	0.05	0.88	0.5	0.05	0.05	0.27	0.12	0.27	0.88	0.31875	0.32875	0.37375	0.3075	0.13	0.28125	0.22625	0.17125	0.23375	0.44125	0.49625	0.29125	0.48	0.4775	0.1125	0.58375	0.5125	0.18125	0.46125	0.45	3.8	2.23333	0.48	0.0428571	-0.433333	0.0722	0.264967	0.41556	0.402857	0.378978
0.27	0.12	0.05	0.02	0.12	0.12	0.05	0.02	0.27	0.73	0.95	0.12	0.95	0.73	0.05	0.12	0.27	0.27	0.95	0.73	0.37625	0.34875	0.27875	0.21875	0.13875	0.3325	0.22625	0.1525	0.25375	0.46375	0.5125	0.31125	0.49875	0.5375	0.21625	0.60375	0.5125	0.175	0.40375	0.48125	-1.3	-0.333333	0.48	0.128571	0.266667	0.272	0.316867	0.36562	0.380986	0.396367
0.5	0.95	0.95	0.88	0.12	0.5	0.5	0.27	0.27	0.05	0.05	0.5	0.12	0.05	0.12	0.95	0.5	0.02	0.12	0.05	0.4425	0.245	0.175	0.115	0.1575	0.285	0.17875	0.13375	0.235	0.54875	0.56875	0.2725	0.54625	0.61375	0.21625	0.5475	0.57875	0.15875	0.45125	0.61375	-3.5	-1.86667	-0.5	0.642857	0.722222	0.6064	0.435067	0.30794	0.367914	0.3979
0.27	0.12	0.12	0.12	0.12	0.12	0.12	0.12	0.27	0.5	0.88	0.12	0.5	0.95	0.12	0.88	0.5	0.27	0.88	0.27	0.4425	0.34875	0.32625	0.29875	0.13	0.36125	0.3025	0.12375	0.33875	0.48375	0.45625	0.32	0.48	0.50125	0.1975	0.5475	0.51875	0.12375	0.375	0.55875	-0.8	-1.66667	-0.7	0.442857	0.722222	0.4268	0.3985	0.4105	0.350557	0.396633
0.27	0.05	0.05	0.05	0.12	0.12	0.05	0.05	0.05	0.88	0.73	0.12	0.73	0.95	0.05	0.27	0.73	0.27	0.5	0.88	0.4425	0.3	0.36375	0.38375	0.13	0.40875	0.3875	0.15125	0.385	0.38	0.4475	0.2725	0.4325	0.4925	0.225	0.6325	0.50875	0.12375	0.4225	0.3875	-0.7	0.433333	0.12	-0.214286	0.177778	0.1623	0.391367	0.42194	0.435257	0.383778
0.73	0.5	0.27	0.27	0.12	0.98	0.5	0.12	0.88	0.05	0.12	0.5	0.27	0.73	0.95	0.73	0.27	0.12	0.27	0.12	0.385	0.24375	0.33625	0.35625	0.13	0.30125	0.3275	0.1425	0.29	0.43625	0.51125	0.225	0.4425	0.5825	0.10875	0.575	0.5475	0.19	0.5275	0.40625	2.8	1.63333	0.66	-0.128571	0.0666667	0.585	0.358833	0.43368	0.444257	0.409944
0.88	0.12	0.12	0.05	0.27	0.12	0.12	0.12	0.12	0.73	0.5	0.12	0.5	0.88	0.12	0.5	0.88	0.12	0.5	0.88	0.395	0.33875	0.41125	0.415	0.11125	0.50375	0.43125	0.2025	0.385	0.275	0.36	0.3675	0.32875	0.50625	0.24	0.7075	0.5475	0.1625	0.395	0.235	2.8	1.6	0.68	0.771429	-0.222222	0.3292	0.526433	0.41532	0.401586	0.438433
0.27	0.27	0.88	0.98	0.05	0.5	0.88	0.27	0.95	0.05	0.05	0.27	0.12	0.05	0.12	0.88	0.5	0.02	0.27	0.05	0.4425	0.20375	0.20375	0.19125	0.24875	0.39625	0.27625	0.15625	0.25	0.36875	0.425	0.28875	0.37625	0.61	0.2275	0.55625	0.5475	0.17875	0.415	0.36625	-0.8	0.433333	1.38	0.328571	0.444444	0.6651	0.4431	0.4444	0.4161	0.403456
0.5	0.27	0.5	0.73	0.12	0.88	0.88	0.27	0.27	0.05	0.05	0.5	0.12	0.05	0.27	0.95	0.88	0.05	0.12	0.12	0.395	0.2225	0.36	0.27	0.23125	0.3675	0.295	0.15625	0.42	0.3125	0.32125	0.27875	0.32875	0.55375	0.2	0.52875	0.47125	0.175	0.4475	0.33	-0.7	0.433333	0.04	0.785714	0.388889	0.335	0.435933	0.43308	0.434571	0.388078
0.12	0.05	0.02	0.02	0.12	0.05	0.02	0.02	0.12	0.5	0.88	0.05	0.5	1	0.02	0.05	0.12	0.5	0.88	0.27	0.4425	0.2775	0.53625	0.415	0.2225	0.56625	0.43	0.30375	0.46625	0.14875	0.12875	0.35375	0.205	0.31875	0.24	0.67	0.50875	0.09125	0.29625	0.2075	2.8	-0.6	-0.02	0.2	0.422222	0.3077	0.390367	0.42556	0.3922	0.445222
0.5	0.5	0.5	0.27	0.12	0.88	0.5	0.5	0.27	0.12	0.12	0.88	0.27	0.27	0.27	0.95	0.88	0.05	0.12	0.12	0.3375	0.165	0.445	0.3525	0.24125	0.34625	0.31375	0.23125	0.34375	0.3125	0.3	0.19375	0.29125	0.41	0.09625	0.48125	0.41375	0.13875	0.39125	0.33	-3.9	0.466667	-0.12	-0.257143	0.577778	0.5284	0.3759	0.35022	0.441829	0.405044
0.27	0.02	0.05	0.02	1	0.02	0.02	0.05	0.02	0.12	0.12	0.02	0.12	0.05	0.02	0.12	0.12	0.05	0.05	0.27	0.31875	0.24375	0.5775	0.5	0.1125	0.4725	0.42125	0.30625	0.39375	0.2275	0.24375	0.32	0.2625	0.33375	0.14625	0.645	0.46125	0.12625	0.34375	0.2075	2.5	-0.9	-0.06	0.457143	0.177778	0.2916	0.369467	0.41854	0.378729	0.421722
0.12	0.27	0.99	0.5	0.05	0.27	0.27	0.12	0.95	0.05	0.05	0.27	0.12	0.5	0.05	0.73	0.27	0.27	0.99	0.05	0.4225	0.19375	0.365	0.3325	0.24	0.4125	0.3425	0.2975	0.17375	0.23625	0.2525	0.3175	0.2625	0.2775	0.2525	0.52125	0.41375	0.09875	0.19875	0.24375	-1.3	0.266667	0.22	0.442857	0.466667	0.2884	0.418867	0.40168	0.399343	0.400122
0.27	0.27	0.98	0.5	0.05	0.88	0.27	0.98	0.27	0.02	0.02	0.27	0.12	0.02	0.12	0.5	0.27	0.05	0.05	0.05	0.45125	0.27	0.36625	0.3325	0.24	0.28875	0.295	0.19	0.25875	0.24875	0.25625	0.3175	0.2625	0.3375	0.24375	0.55	0.395	0.12625	0.31625	0.24375	-0.4	0.833333	0.84	0.3	0.466667	0.6766	0.396133	0.39186	0.422629	0.429411
0.27	0.05	0.02	0.02	0.27	0.05	0.05	0.02	0.05	0.98	0.73	0.05	0.73	0.73	0.05	0.12	0.27	0.05	0.27	0.95	0.5275	0.41	0.5175	0.42375	0.20375	0.4775	0.3825	0.3225	0.305	0.0725	0.06375	0.46125	0.13875	0.13	0.28375	0.6825	0.41375	0.07	0.19375	0.1125	4.2	1	0.7	0.757143	-0.277778	0.2234	0.459767	0.42768	0.432657	0.444078
0.5	0.27	0.73	0.98	0.12	0.27	0.5	0.27	0.27	0.05	0.05	0.27	0.12	0.05	0.27	0.98	0.5	0.02	0.05	0.05	0.47	0.32625	0.36875	0.2725	0.24125	0.34625	0.27	0.23125	0.25	0.2925	0.2525	0.33	0.2725	0.24375	0.22875	0.4625	0.30875	0.0825	0.24	0.32	-0.8	1.73333	0.82	-0.157143	0.577778	0.4793	0.391133	0.48972	0.453814	0.399856
0.95	0.12	0.12	0.12	0.12	0.27	0.5	0.27	0.12	0.05	0.05	0.5	0.12	0.05	1	0.5	0.27	0.02	0.05	0.12	0.47125	0.37625	0.54875	0.41125	0.15	0.3775	0.30125	0.25875	0.3	0.28375	0.24375	0.3325	0.2725	0.24375	0.16875	0.63	0.4325	0.0825	0.24875	0.2925	1.8	0.1	0.12	0.571429	-0.0888889	0.4707	0.5162	0.44234	0.431243	0.407622
0.88	0.88	0.5	0.73	0.12	0.5	0.5	0.27	0.27	0.12	0.05	0.5	0.12	0.05	0.27	0.95	0.73	0.05	0.12	0.12	0.49875	0.25375	0.38	0.275	0.1775	0.32125	0.27375	0.24625	0.16875	0.3875	0.3475	0.305	0.34875	0.24375	0.26	0.4975	0.375	0.05125	0.15	0.405	-0.7	-0.933333	0.04	0.128571	0.522222	0.5986	0.503	0.42374	0.386229	0.394556
0.73	0.95	0.27	0.27	0.05	0.73	0.5	0.12	0.27	0.05	0.05	0.98	0.12	0.05	0.27	0.73	0.27	0.05	0.12	0.12	0.54625	0.22625	0.32	0.285	0.21375	0.21625	0.27375	0.1575	0.16875	0.45625	0.37875	0.245	0.3675	0.30375	0.26	0.5725	0.52125	0.07875	0.2625	0.46125	-3.9	-0.266667	-0.5	0.128571	0.422222	0.4397	0.389567	0.40018	0.378714	0.349333
0.27	0.05	0.02	0.02	0.27	0.05	0.05	0.02	0.05	0.95	0.95	0.05	0.73	0.5	0.05	0.05	0.27	0.12	0.27	0.88	0.66125	0.33875	0.355	0.32	0.18625	0.31	0.33	0.17375	0.19625	0.34	0.285	0.37	0.29125	0.19	0.29625	0.67625	0.52125	0.07	0.225	0.36625	3.8	-1.2	-0.02	0.0571429	0.155556	0.1304	0.310533	0.3402	0.348757	0.3364
0.73	0.27	0.88	0.27	0.27	0.27	0.27	0.27	0.27	0.05	0.05	0.27	0.12	0.05	0.27	0.98	0.88	0.05	0.12	0.12	0.55625	0.2925	0.2475	0.29125	0.17375	0.2825	0.33125	0.12375	0.15	0.44875	0.39375	0.3425	0.355	0.2425	0.25	0.47125	0.3975	0.0775	0.24	0.4575	-3.5	1.5	-0.14	0.0571429	-0.144444	0.3615	0.2209	0.2744	0.2968	0.309611
0.27	0.05	0.02	0.02	0.27	0.05	0.05	0.02	0.05	0.95	0.88	0.05	0.73	0.5	0.05	0.12	0.27	0.05	0.27	0.95	0.52875	0.3675	0.37375	0.3225	0.17375	0.33875	0.33	0.13625	0.225	0.36375	0.29875	0.42625	0.2975	0.2425	0.1675	0.57875	0.53125	0.10875	0.3375	0.40125	4.2	-0.2	1	-0.342857	-0.433333	0.1708	0.2673	0.20786	0.245314	0.279156
0.5	0.12	0.27	0.12	0.27	0.27	0.27	0.12	0.27	0.5	0.27	0.27	0.27	0.5	0.12	0.88	0.98	0.27	0.95	0.5	0.39625	0.255	0.28625	0.22125	0.165	0.255	0.2425	0.0925	0.17875	0.4675	0.43125	0.3425	0.45875	0.36125	0.1275	0.37125	0.36625	0.1375	0.3475	0.47625	-1.3	1.56667	-0.46	0.1	-0.0444444	0.2696	0.182467	0.22942	0.210586	0.221267
0.73	0.05	0.05	0.05	0.27	0.12	0.05	0.05	0.05	0.95	0.88	0.12	0.73	0.27	0.12	0.27	0.27	0.05	0.12	0.95	0.395	0.255	0.295	0.21125	0.1925	0.21625	0.24125	0.12	0.1875	0.43875	0.41125	0.30125	0.42	0.39875	0.10875	0.4475	0.48375	0.165	0.45125	0.4675	1.8	-1	0.08	-0.0428571	0.855556	0.107	0.204933	0.19644	0.203043	0.193011
0.12	0.12	0.73	1	0.02	0.27	0.73	0.12	0.12	0.02	0.02	0.27	0.02	0.02	0.12	0.27	0.12	0.01	0.02	0.02	0.4525	0.24625	0.21375	0.0925	0.205	0.1975	0.15625	0.11125	0.20625	0.55875	0.49125	0.2825	0.48	0.45875	0.10875	0.45625	0.5025	0.18875	0.5525	0.58375	-3.5	-0.833333	-0.2	1.05714	0.9	0.2382	0.1806	0.1778	0.177886	0.1837
0.27	0.5	0.27	0.12	0.12	0.5	0.27	0.12	0.5	0.27	0.12	0.95	0.27	0.5	0.12	0.5	0.73	0.27	0.98	0.5	0.37625	0.25625	0.27125	0.2025	0.165	0.16875	0.21375	0.0925	0.15875	0.5275	0.47875	0.255	0.44	0.395	0.2	0.3675	0.35	0.1525	0.42375	0.515	-0.8	-0.5	0.9	1.05714	0.855556	0.1966	0.1708	0.16096	0.160143	0.183711
0.05	0.05	0.05	0.02	0.05	0.05	0.02	0.02	0.12	0.5	0.5	0.05	0.95	1	0.02	0.05	0.12	0.5	0.88	0.27	0.40375	0.3975	0.415	0.275	0.155	0.28125	0.33	0.19375	0.23375	0.395	0.38375	0.42375	0.2975	0.285	0.22125	0.5	0.455	0.12375	0.4175	0.44	2.8	2.06667	1.38	0.685714	0.344444	0.0776	0.1532	0.14888	0.173286	0.208522
0.95	0.88	0.12	0.12	0.27	0.27	0.27	0.27	0.12	0.27	0.5	0.5	0.27	0.12	0.12	0.73	0.5	0.05	0.12	0.5	0.29125	0.34125	0.435	0.3575	0.10875	0.25375	0.3275	0.23875	0.23375	0.3675	0.35625	0.3675	0.36375	0.33875	0.2275	0.42375	0.395	0.1525	0.40875	0.36375	4.2	3.73333	1.3	0.371429	0.1	0.1854	0.1032	0.17356	0.2143	0.239344
0.12	0.05	0.05	0.02	0.12	0.05	0.05	0.02	0.27	0.98	0.73	0.05	0.5	0.73	0.05	0.12	0.27	0.27	0.98	0.88	0.31875	0.56125	0.47125	0.455	0.1	0.32875	0.44	0.27	0.33125	0.175	0.25125	0.5	0.3625	0.24375	0.23625	0.5	0.42375	0.125	0.32	0.2125	4.2	1.5	1.38	0.371429	-0.488889	0.0466	0.197867	0.21306	0.258414	0.271544
0.27	0.73	0.88	0.27	0.05	0.27	0.27	0.12	0.27	0.05	0.05	0.73	0.05	0.02	1	0.5	0.27	0.02	0.05	0.05	0.31875	0.57125	0.31	0.31375	0.12125	0.3775	0.38375	0.2575	0.35	0.35125	0.39625	0.5	0.47875	0.345	0.1175	0.48125	0.4425	0.16125	0.44875	0.405	-3.9	-0.0333333	0.12	-0.0142857	0.366667	0.3616	0.267433	0.30694	0.287014	0.2722
0.27	0.73	0.95	0.5	0.12	0.5	0.73	0.73	0.27	0.12	0.5	0.5	0.27	0.12	0.12	0.73	0.5	0.05	0.12	0.12	0.3475	0.61875	0.3775	0.3325	0.1125	0.32	0.32625	0.18125	0.32125	0.37125	0.35875	0.4725	0.45125	0.285	0.2275	0.5	0.385	0.13	0.3325	0.425	-0.4	-2.6	-1.42	0.185714	-0.0444444	0.3941	0.434233	0.34922	0.3108	0.3063
0.5	0.5	0.5	0.88	0.12	0.27	0.5	0.73	0.27	0.05	0.05	0.27	0.12	0.05	0.27	0.95	0.88	0.05	0.12	0.12	0.3275	0.675	0.5375	0.40625	0.1125	0.4525	0.44375	0.19375	0.36875	0.32375	0.35875	0.52875	0.36625	0.2025	0.22125	0.5	0.35625	0.0825	0.34125	0.3975	-3.5	-2.46667	-1.42	-1.05714	-0.744444	0.547	0.445967	0.38872	0.356243	0.332211
0.12	0.98	0.27	0.73	0.05	0.5	0.73	0.05	0.98	0.12	0.27	0.73	0.95	0.12	0.12	0.27	0.27	0.05	0.27	0.12	0.27125	0.51125	0.55375	0.4125	0.1025	0.39625	0.3875	0.2475	0.27125	0.4	0.39125	0.415	0.33875	0.24125	0.23125	0.5	0.40375	0.09125	0.34125	0.445	-3.5	-0.933333	-1.54	-2.15714	-0.711111	0.3968	0.395967	0.4171	0.393986	0.319256
0.27	0.88	0.27	0.12	0.12	0.88	0.5	0.12	0.27	0.5	0.5	0.95	0.5	0.12	0.12	0.5	0.27	0.05	0.12	0.73	0.32875	0.6275	0.58125	0.52	0.09375	0.465	0.4725	0.25125	0.36	0.245	0.28625	0.44375	0.36625	0.26	0.24	0.51875	0.40375	0.0725	0.27125	0.27375	4.2	-1.26667	-2.16	-0.957143	-0.977778	0.2441	0.381467	0.40044	0.352157	0.3432
0.5	0.88	0.88	0.5	0.12	0.27	0.27	0.12	0.27	0.5	0.27	0.5	0.27	0.12	0.12	0.88	0.5	0.05	0.12	0.73	0.3	0.55125	0.48625	0.45375	0.1025	0.5225	0.4825	0.2425	0.34125	0.33	0.4	0.42375	0.45125	0.2725	0.23875	0.4425	0.375	0.07625	0.28	0.35875	-4.5	-1.26667	-0.56	-0.642857	-0.722222	0.5035	0.3528	0.3048	0.3333	0.338422
0.12	0.27	0.88	0.99	0.05	0.88	0.73	0.12	0.5	0.05	0.05	0.27	0.12	0.27	0.12	0.27	0.27	0.12	0.95	0.05	0.37625	0.6275	0.40125	0.345	0.1025	0.4175	0.34875	0.275	0.29375	0.37375	0.3675	0.42375	0.4425	0.245	0.23875	0.49	0.35625	0.0675	0.1675	0.435	-3.5	-1.16667	0.5	-0.371429	-0.722222	0.3108	0.294367	0.27786	0.300671	0.358656
0.12	0.05	0.02	0.02	0.12	0.05	0.05	0.02	0.05	0.95	0.98	0.05	0.88	0.5	0.05	0.05	0.27	0.12	0.27	0.88	0.37625	0.655	0.565	0.41875	0.09375	0.57875	0.4625	0.23	0.35	0.28875	0.26	0.50875	0.36625	0.21625	0.22875	0.50875	0.30875	0.0675	0.2525	0.37875	4.5	0.933333	-0.66	0.0714286	-0.722222	0.0688	0.2139	0.29276	0.3263	0.337
0.73	0.88	0.27	0.27	0.12	0.98	0.5	0.12	0.27	0.12	0.12	0.5	0.27	0.88	0.12	0.5	0.27	0.12	0.27	0.12	0.395	0.44375	0.53375	0.33	0.12125	0.43375	0.34875	0.245	0.215	0.41125	0.39625	0.395	0.3575	0.16875	0.32375	0.52875	0.385	0.0675	0.23375	0.4925	1.8	1.56667	0.16	-1.02857	-0.411111	0.2621	0.2165	0.3073	0.341729	0.353044
0.27	0.12	0.73	0.12	0.12	0.12	0.12	0.05	0.12	0.73	0.73	0.12	0.5	0.12	0.99	0.27	0.27	0.05	0.12	0.73	0.48125	0.435	0.505	0.44375	0.1125	0.44625	0.34875	0.36375	0.215	0.275	0.26	0.33875	0.2725	0.25125	0.215	0.52875	0.36625	0.07625	0.24	0.3275	-1.6	-0.0666667	0.16	-0.485714	-0.922222	0.3186	0.385633	0.31556	0.347114	0.359167
0.5	0.73	0.27	0.12	0.05	0.27	0.12	0.99	0.12	0.02	0.02	0.27	0.05	0.05	0.12	0.5	0.12	0.05	0.05	0.05	0.4525	0.26375	0.54375	0.39625	0.12125	0.40875	0.33	0.24625	0.215	0.36375	0.3775	0.2725	0.3575	0.36375	0.4	0.42375	0.41375	0.10375	0.3525	0.4125	-0.4	-1.83333	-0.88	-0.0428571	0.0444444	0.5762	0.415633	0.41004	0.345457	0.331133
0.5	0.5	0.95	0.5	0.12	0.73	0.73	0.27	0.27	0.27	0.12	0.73	0.27	0.05	0.12	0.88	0.5	0.05	0.12	0.5	0.4525	0.265	0.35125	0.2275	0.12125	0.2475	0.16875	0.32375	0.14	0.445	0.4775	0.1875	0.40625	0.44875	0.39125	0.34875	0.36625	0.10375	0.2875	0.44125	-3.5	-1.53333	-1.32	-0.0857143	0.933333	0.3521	0.489833	0.41746	0.371514	0.302111
0.88	0.12	0.27	0.27	0.27	0.27	0.27	0.27	0.12	0.27	0.5	0.27	0.27	0.12	0.95	0.88	0.88	0.05	0.12	0.27	0.48125	0.36875	0.4675	0.2875	0.1025	0.42125	0.2825	0.355	0.18625	0.34125	0.3225	0.30125	0.33	0.38375	0.39125	0.4525	0.3475	0.095	0.26875	0.39375	-0.7	-1.53333	-0.16	0.3	0.633333	0.5412	0.3975	0.40398	0.341157	0.318389
0.5	0.05	0.5	0.88	0.05	0.12	0.12	1	0.12	0.02	0.02	0.12	0.05	0.02	0.12	0.27	0.12	0.05	0.02	0.02	0.5	0.30125	0.4675	0.2875	0.13	0.4275	0.30125	0.26375	0.18625	0.39125	0.45875	0.29125	0.38625	0.30125	0.495	0.57625	0.5	0.08625	0.2625	0.44375	-0.4	1.03333	0.82	0.785714	0.0444444	0.2992	0.363867	0.29866	0.3264	0.323867
0.5	0.12	0.73	0.12	0.12	0.12	0.12	0.12	0.27	0.5	0.5	0.12	0.5	0.95	0.73	0.27	0.73	0.27	0.95	0.73	0.52875	0.2925	0.3625	0.37375	0.12125	0.4275	0.30125	0.37375	0.215	0.27375	0.34125	0.29125	0.30125	0.29375	0.30125	0.605	0.42375	0.14375	0.25625	0.2975	4.2	2.76667	1.88	0.342857	0.0777778	0.2512	0.2	0.2713	0.288571	0.311556
0.12	0.05	0.02	0.02	0.12	0.05	0.05	0.02	0.05	0.95	0.95	0.05	0.73	0.95	0.05	0.05	0.27	0.12	0.5	0.73	0.52875	0.24375	0.5425	0.4625	0.12125	0.465	0.32875	0.29625	0.29	0.2175	0.285	0.3	0.2725	0.29	0.3775	0.6325	0.5	0.15875	0.3125	0.29375	4.5	3.5	1.32	0.657143	-0.266667	0.0496	0.172033	0.22534	0.267957	0.268356
0.73	0.5	0.27	0.27	0.12	0.98	0.5	0.27	0.27	0.12	0.12	0.5	0.27	0.05	0.88	0.88	0.5	0.05	0.12	0.27	0.405	0.14	0.39875	0.37125	0.1125	0.2725	0.1875	0.23375	0.32	0.3025	0.38875	0.1675	0.31125	0.515	0.26125	0.43375	0.42375	0.27125	0.47	0.30375	1.8	0.933333	1.14	0.257143	-0.0222222	0.2153	0.1921	0.20706	0.217414	0.2404
0.5	0.27	0.5	0.88	0.12	0.88	0.5	0.12	0.27	0.27	0.73	0.27	0.5	0.12	0.12	0.88	0.73	0.05	0.12	0.27	0.415	0.2725	0.37	0.295	0.085	0.3425	0.21625	0.23375	0.33875	0.25625	0.25625	0.28625	0.26375	0.4975	0.27125	0.38625	0.31875	0.27125	0.47	0.285	-3.5	-1	-0.4	0.128571	-0.377778	0.3114	0.244833	0.1943	0.189029	0.215678
0.5	0.12	0.12	0.05	0.12	0.12	0.12	0.05	0.5	0.27	0.27	0.12	0.27	0.99	0.05	0.5	0.27	0.73	1	0.27	0.3675	0.31875	0.37	0.295	0.09375	0.5325	0.2825	0.12375	0.31	0.3725	0.42125	0.32375	0.3775	0.42	0.27125	0.415	0.395	0.195	0.3725	0.37375	-1.3	-2.76667	-1.56	-1.02857	0.0888889	0.2078	0.235533	0.20448	0.198671	0.190244
0.12	0.27	1	0.73	0.05	0.5	0.27	0.27	0.5	0.02	0.02	0.27	0.05	0.02	0.05	0.5	0.27	0.02	0.05	0.02	0.38625	0.3	0.23125	0.3175	0.09375	0.50375	0.31125	0.09625	0.29125	0.3475	0.3925	0.32375	0.34875	0.425	0.30375	0.4725	0.3375	0.2525	0.37875	0.32	-3.5	-2.03333	-2.7	-1.12857	-0.555556	0.1874	0.165233	0.22516	0.201629	0.190789
0.12	0.12	0.05	0.02	0.05	0.12	0.05	0.02	0.73	0.12	0.12	0.12	0.12	0.95	0.02	0.12	0.12	0.88	1	0.12	0.405	0.3275	0.41	0.52625	0.09375	0.57875	0.395	0.14	0.27125	0.25	0.295	0.35125	0.2825	0.30875	0.31625	0.57625	0.44125	0.145	0.26	0.25	-1.3	-2.9	-1.24	-1.61429	-1.44444	0.1005	0.2022	0.17694	0.207457	0.269178
0.73	0.95	0.27	0.27	0.05	0.73	0.5	0.12	0.27	0.05	0.05	0.99	0.12	0.05	0.27	0.5	0.27	0.05	0.12	0.12	0.3475	0.22375	0.45875	0.57125	0.09375	0.41375	0.33875	0.1275	0.32875	0.25875	0.30375	0.21375	0.26375	0.42125	0.20875	0.52875	0.47	0.24875	0.37	0.25	-3.9	-0.466667	-1.3	-1.61429	-2.03333	0.3187	0.163167	0.1866	0.270843	0.3215
0.12	0.27	0.12	0.05	0.12	0.88	0.27	0.05	0.12	0.95	0.88	0.27	0.73	0.27	0.05	0.12	0.27	0.12	0.12	0.73	0.4525	0.29	0.53375	0.5225	0.085	0.31875	0.32	0.155	0.3475	0.14625	0.1425	0.30375	0.15875	0.50125	0.23625	0.5575	0.4125	0.2675	0.44625	0.17375	3.8	-0.566667	-1.3	-1.92857	-1.33333	0.0703	0.215033	0.30014	0.339186	0.301133
0.27	0.12	0.5	0.98	0.05	0.27	0.5	0.12	0.12	0.05	0.02	0.27	0.05	0.02	0.99	0.73	0.27	0.02	0.05	0.05	0.405	0.30875	0.505	0.415	0.09375	0.41375	0.31	0.155	0.31875	0.25875	0.25	0.3225	0.30125	0.4425	0.235	0.51	0.4975	0.2225	0.44	0.25875	-1.6	-0.433333	-1.74	-1.02857	-0.977778	0.2561	0.3605	0.41728	0.330714	0.327178
0.27	0.12	0.5	0.98	0.12	0.27	0.5	0.12	0.12	0.27	0.27	0.12	0.27	0.95	0.12	0.5	0.95	0.12	0.5	0.27	0.4525	0.29	0.4425	0.3575	0.09375	0.385	0.31	0.24	0.27125	0.235	0.2225	0.34125	0.2825	0.33	0.3525	0.595	0.4975	0.21375	0.3925	0.24375	-3.5	-2.86667	-0.4	-0.571429	-0.633333	0.7551	0.5658	0.37916	0.379529	0.322589
0.88	0.5	0.88	0.88	0.12	0.27	0.5	0.27	0.27	0.12	0.12	0.27	0.12	0.05	0.27	0.88	0.88	0.05	0.12	0.27	0.395	0.23	0.395	0.37	0.2125	0.3725	0.30625	0.225	0.16375	0.25375	0.24125	0.31	0.30125	0.33	0.33375	0.5475	0.50625	0.11875	0.32125	0.2625	-3.5	-1.4	-0.78	-0.0714286	-0.211111	0.6862	0.523133	0.45354	0.354871	0.315533
0.73	0.12	0.95	0.27	0.12	0.27	0.12	0.27	0.27	0.27	0.27	0.27	0.27	0.98	0.12	0.73	0.27	0.27	0.73	0.27	0.35625	0.26875	0.38625	0.4275	0.22125	0.40375	0.35375	0.21625	0.16375	0.29125	0.3075	0.24875	0.33	0.2225	0.33375	0.5375	0.5825	0.09125	0.245	0.33875	2.8	0.4	-0.54	-0.257143	0.688889	0.1281	0.418833	0.43154	0.350114	0.291322
0.27	0.12	0.27	0.12	0.12	0.27	0.27	0.12	0.27	0.27	0.27	0.27	0.73	0.27	0.98	0.73	0.95	0.27	0.88	0.27	0.41375	0.25	0.47125	0.44625	0.22125	0.30875	0.31625	0.23125	0.2675	0.2825	0.31625	0.23	0.29125	0.34	0.22625	0.5375	0.4975	0.09125	0.245	0.3575	1.9	1.43333	0.66	0.571429	0.688889	0.4422	0.2388	0.28792	0.327929	0.287844
0.5	0.12	0.5	0.27	0.12	0.27	0.27	0.95	0.12	0.05	0.05	0.27	0.12	0.05	0.12	0.95	0.95	0.05	0.12	0.12	0.46125	0.25	0.395	0.31125	0.23	0.30875	0.26875	0.1275	0.3625	0.3375	0.4325	0.21125	0.4525	0.45625	0.225	0.4525	0.4975	0.17875	0.4575	0.40375	-0.4	1.33333	2.2	1.61429	1.06667	0.1461	0.208433	0.17084	0.225629	0.263633
0.27	0.02	0.05	0.02	1	0.02	0.02	0.05	0.02	0.12	0.12	0.02	0.12	0.05	0.02	0.12	0.12	0.05	0.05	0.27	0.5475	0.2625	0.40375	0.22625	0.12	0.32125	0.2525	0.24	0.4225	0.31	0.42375	0.2425	0.4525	0.45625	0.22875	0.55625	0.51625	0.28875	0.5275	0.36625	2.5	2.1	2.4	2.37143	1.35556	0.037	0.0946333	0.15302	0.133057	0.189967
0.27	0.88	0.27	0.12	0.12	0.98	0.5	0.05	0.27	0.5	0.73	0.5	0.5	0.12	0.12	0.27	0.27	0.05	0.12	0.73	0.5	0.12625	0.385	0.16625	0.23	0.20125	0.16375	0.24	0.42	0.2625	0.3475	0.1825	0.405	0.475	0.1975	0.5375	0.4975	0.2975	0.61375	0.30875	4.2	3.5	2.38	1.84286	1.35556	0.1008	0.0589333	0.07222	0.127914	0.148333
0.12	0.12	0.12	0.05	0.12	0.12	0.12	0.02	0.95	0.88	0.95	0.12	0.88	0.5	0.05	0.12	0.27	0.12	0.27	0.88	0.46125	0.22125	0.29125	0.1475	0.24875	0.29	0.2025	0.21625	0.3075	0.2725	0.405	0.21125	0.415	0.3675	0.1975	0.49875	0.555	0.27	0.5375	0.36625	3.8	3.26667	2.28	1.07143	0.966667	0.039	0.0593333	0.06142	0.109243	0.1465
0.88	0.12	0.12	0.05	0.12	0.27	0.12	0.12	0.73	0.27	0.73	0.12	0.73	0.73	0.12	0.27	0.27	0.5	0.99	0.27	0.4425	0.2975	0.2725	0.1475	0.24875	0.27125	0.2025	0.20375	0.31625	0.32125	0.405	0.21125	0.3575	0.3075	0.19125	0.4225	0.47	0.19125	0.34375	0.42375	1.8	1.56667	1.08	1.02857	0.255556	0.0382	0.0564333	0.11632	0.104314	0.140367
0.73	0.12	0.12	0.05	0.12	0.12	0.12	0.12	0.5	0.12	0.27	0.12	0.27	0.95	0.05	0.5	0.27	1	0.99	0.12	0.49	0.345	0.32875	0.17625	0.24875	0.36625	0.23125	0.11875	0.44	0.34875	0.47125	0.2875	0.43375	0.28	0.2	0.3375	0.385	0.12875	0.3625	0.4425	-0.9	-0.866667	0.1	0.0285714	-0.0888889	0.0921	0.147267	0.11848	0.154314	0.193789
0.5	0.27	0.95	0.5	0.12	0.27	0.27	0.27	0.5	0.12	0.12	0.27	0.12	0.27	0.12	0.88	0.88	0.12	0.88	0.27	0.57625	0.3575	0.3375	0.18	0.13875	0.43625	0.24375	0.1275	0.47125	0.425	0.50875	0.3	0.47125	0.37375	0.20375	0.3375	0.35625	0.23875	0.385	0.48125	-3.5	-1.7	-1.56	-1.07143	0.133333	0.3115	0.171733	0.18808	0.229471	0.250311
0.27	0.12	0.05	0.05	0.27	0.12	0.05	0.05	0.05	0.73	0.95	0.12	0.73	0.5	0.05	0.27	0.73	0.12	0.27	0.88	0.58625	0.3	0.53875	0.34	0.11125	0.36625	0.27125	0.1825	0.5275	0.30125	0.37625	0.29	0.36625	0.345	0.2125	0.4425	0.4325	0.235	0.46125	0.32875	-0.7	-2.9	-2.62	-0.971429	-0.722222	0.1116	0.270033	0.30582	0.301857	0.2913
0.88	0.73	0.12	0.12	0.12	0.27	0.27	0.12	0.12	0.05	0.05	0.27	0.12	0.02	1	0.27	0.27	0.02	0.05	0.12	0.58625	0.22375	0.53	0.34	0.14875	0.42375	0.2625	0.18625	0.415	0.38625	0.4325	0.29	0.395	0.37625	0.1025	0.46125	0.56625	0.23875	0.47	0.4325	-4.5	-2.9	-1.54	-1.72857	-0.944444	0.387	0.375167	0.39654	0.3635	0.324433
0.73	0.5	0.95	0.5	0.12	0.88	0.5	0.27	0.88	0.12	0.12	0.88	0.27	0.05	0.12	0.5	0.27	0.05	0.27	0.12	0.5575	0.2525	0.47375	0.32	0.1675	0.3475	0.2525	0.24375	0.24375	0.35875	0.3475	0.2325	0.31875	0.2875	0.23125	0.50875	0.65625	0.17875	0.33375	0.4325	-3.5	-1.16667	-1.54	-1.34286	-1.22222	0.6269	0.519867	0.42818	0.398514	0.374044
0.73	0.27	0.95	0.5	0.12	0.73	0.27	0.27	0.27	0.73	0.27	0.27	0.27	0.12	0.12	0.5	0.5	0.05	0.12	0.73	0.5	0.32875	0.58125	0.37625	0.1675	0.41375	0.3	0.2625	0.32	0.35875	0.32875	0.385	0.31875	0.175	0.24	0.5375	0.65625	0.06	0.24375	0.375	4.5	-0.833333	-1.04	-0.942857	-1.21111	0.5457	0.547433	0.4733	0.423257	0.4091
0.12	0.27	0.98	0.95	0.05	0.27	0.5	0.27	0.27	0.12	0.5	0.27	0.27	0.12	0.12	0.5	0.73	0.02	0.12	0.12	0.5475	0.31	0.4925	0.29125	0.17625	0.47125	0.27125	0.24375	0.2725	0.435	0.3	0.385	0.31875	0.1475	0.35	0.49	0.6275	0.055	0.14875	0.45125	-3.5	0.933333	-0.28	-0.957143	-0.9	0.4697	0.450867	0.49284	0.465543	0.419189
0.73	0.12	0.12	0.12	0.27	0.73	0.27	0.12	0.12	0.88	0.5	0.27	0.5	0.27	0.12	0.27	0.88	0.05	0.12	0.95	0.5	0.37625	0.65625	0.4225	0.13	0.46125	0.35625	0.36625	0.395	0.255	0.19625	0.46125	0.21375	0.08125	0.3775	0.60375	0.58	0.05125	0.14875	0.2525	1.8	-0.8	0.26	-0.414286	-0.866667	0.3372	0.430533	0.44898	0.467729	0.453667
0.5	0.12	0.5	0.27	0.27	0.27	0.27	0.73	0.12	0.12	0.12	0.27	0.27	0.05	0.27	0.88	0.99	0.05	0.12	0.27	0.51	0.31875	0.70375	0.4225	0.14875	0.51875	0.35625	0.30875	0.41375	0.35875	0.2525	0.46125	0.26125	0.12125	0.3525	0.60375	0.6425	0.055	0.1575	0.35625	-0.7	0.1	-0.78	0.0285714	-0.755556	0.4847	0.409833	0.4203	0.438443	0.457611
0.27	0.5	0.98	0.5	0.12	0.5	0.27	0.27	0.5	0.73	0.27	0.73	0.27	0.12	0.12	0.73	0.5	0.05	0.12	0.27	0.4625	0.22375	0.54	0.3375	0.1675	0.395	0.30875	0.3475	0.29	0.2825	0.28125	0.30875	0.26125	0.1975	0.3625	0.59375	0.685	0.17375	0.24625	0.35625	-0.8	-0.733333	-0.16	-1.11429	-0.511111	0.4076	0.431533	0.41074	0.420843	0.431289
0.27	0.12	0.27	0.27	0.12	0.27	0.27	0.12	0.12	0.12	0.12	0.27	0.12	0.05	1	0.5	0.88	0.05	0.12	0.27	0.405	0.3	0.63375	0.36625	0.15875	0.4425	0.3375	0.4425	0.36625	0.27	0.26875	0.42375	0.26125	0.1975	0.2525	0.6225	0.60875	0.17	0.24625	0.27125	-0.7	-0.633333	-1.22	-0.8	-1.4	0.4023	0.4106	0.4278	0.409457	0.4273
0.5	0.5	0.5	0.27	0.12	0.5	0.5	0.88	0.88	0.05	0.12	0.73	0.12	0.12	0.27	0.95	0.5	0.12	0.27	0.12	0.37625	0.34125	0.4975	0.25375	0.15875	0.4425	0.28	0.32	0.32875	0.27875	0.22125	0.42375	0.2425	0.265	0.335	0.51875	0.58	0.25	0.3375	0.29	-0.4	-1.53333	-1.34	-1.55714	-1.15556	0.4219	0.415567	0.40886	0.434114	0.398433
0.73	0.27	0.88	0.27	0.27	0.27	0.27	0.27	0.27	0.12	0.12	0.27	0.27	0.12	0.95	0.88	0.88	0.05	0.12	0.27	0.31875	0.4775	0.46875	0.25375	0.1125	0.4425	0.30875	0.39625	0.42375	0.2225	0.1925	0.5575	0.195	0.265	0.25	0.55625	0.45625	0.2675	0.45125	0.18625	-3.5	-1.73333	-1.88	-1.64286	-1.78889	0.4225	0.411467	0.4293	0.394857	0.403622
0.12	0.12	0.12	0.05	0.12	0.12	0.12	0.12	0.27	0.12	0.5	0.12	0.27	0.73	0.05	0.27	0.12	1	0.98	0.12	0.3475	0.49625	0.51625	0.25375	0.10375	0.4425	0.30875	0.33	0.5	0.2225	0.16375	0.5575	0.195	0.30125	0.335	0.585	0.46125	0.23375	0.45375	0.18625	-1.3	-2.76667	-2	-2.08571	-1.85556	0.39	0.440767	0.39082	0.391471	0.382056
0.27	0.5	0.99	0.5	0.05	0.88	0.5	0.88	0.5	0.02	0.02	0.73	0.12	0.05	0.12	0.5	0.27	0.02	0.12	0.05	0.32875	0.505	0.31875	0.16875	0.10375	0.3475	0.26125	0.32375	0.4425	0.15875	0.22375	0.48125	0.21375	0.38625	0.32625	0.49875	0.41375	0.365	0.56125	0.17625	-3.5	-2.03333	-2.7	-2.17143	-2.26667	0.5098	0.3699	0.38322	0.375514	0.374822
0.12	0.98	0.12	0.05	0.05	0.5	0.27	0.05	0.73	0.12	0.12	0.73	0.12	0.73	0.05	0.12	0.12	0.73	1	0.12	0.3475	0.43625	0.40875	0.1975	0.21125	0.37625	0.2625	0.41875	0.4325	0.19375	0.25875	0.4625	0.2325	0.41875	0.21625	0.54625	0.385	0.3325	0.555	0.1675	-1.3	-2.9	-2.26	-2.75714	-2.33333	0.2099	0.367867	0.35684	0.364171	0.362956
0.5	0.98	0.27	0.12	0.05	0.5	0.27	0.12	0.27	0.5	0.27	0.88	0.27	0.27	0.12	0.5	0.27	0.12	0.88	0.27	0.27125	0.4075	0.45	0.2175	0.21125	0.37625	0.29125	0.33375	0.49875	0.17375	0.2875	0.38625	0.2325	0.47625	0.18875	0.47125	0.395	0.4	0.57	0.1675	-3.9	-2.16667	-2.9	-2.44286	-1.86667	0.3839	0.2948	0.34734	0.346029	0.347767
0.12	0.12	0.12	0.05	0.05	0.12	0.12	0.05	0.73	0.12	0.27	0.12	0.27	0.95	0.05	0.5	0.27	0.73	1	0.12	0.26125	0.60375	0.46875	0.3025	0.2875	0.48125	0.38625	0.32375	0.44125	0.2125	0.27875	0.5575	0.21375	0.3825	0.09375	0.395	0.31875	0.32375	0.555	0.15875	-1.3	-3.23333	-2.46	-1.71429	-1.97778	0.2906	0.339	0.30448	0.331057	0.356289
0.27	0.95	0.27	0.27	0.05	0.5	0.27	0.98	0.27	0.12	0.27	0.73	0.27	0.12	0.12	0.27	0.27	0.12	0.12	0.12	0.29	0.5475	0.46875	0.33125	0.39125	0.52875	0.415	0.2075	0.58375	0.23125	0.27875	0.5575	0.2425	0.42875	0.09375	0.42375	0.3375	0.29	0.6525	0.1775	-4.5	-2.36667	-1.44	-1.85714	-2.18889	0.3425	0.309533	0.31954	0.329543	0.3717
0.27	0.05	0.12	0.05	0.98	0.12	0.05	0.05	0.27	0.5	0.5	0.12	0.27	0.99	0.05	0.5	0.5	0.5	0.95	0.27	0.3475	0.63125	0.42625	0.33	0.28375	0.5	0.41375	0.3325	0.53625	0.19625	0.25375	0.605	0.2425	0.32	0.12125	0.45125	0.385	0.24625	0.54875	0.1675	-1.3	-0.666667	-1.56	-2.12857	-1.84444	0.2955	0.307733	0.3426	0.375086	0.366467
0.27	0.27	0.98	0.5	0.12	0.5	0.73	0.27	0.95	0.27	0.5	0.27	0.27	0.12	0.12	0.73	0.73	0.05	0.27	0.27	0.395	0.5725	0.3375	0.2825	0.4	0.42375	0.32875	0.39	0.375	0.2725	0.2725	0.605	0.26125	0.4	0.12125	0.47	0.4325	0.2175	0.5425	0.24375	3.8	-0.666667	-1.94	-1.62857	-2.13333	0.2852	0.359967	0.39022	0.386343	0.390844
0.27	0.98	0.88	0.88	0.88	0.73	0.88	0.12	0.27	0.05	0.05	0.88	0.12	0.05	0.12	0.27	0.27	0.05	0.12	0.05	0.36625	0.3675	0.3225	0.22625	0.31375	0.33875	0.2825	0.4275	0.44125	0.32875	0.405	0.425	0.30875	0.49875	0.1125	0.49875	0.49	0.23625	0.5425	0.32875	-4.5	-1.3	-1.12	-2	-1.27778	0.4992	0.4377	0.41426	0.406157	0.376644
0.5	0.5	0.27	0.5	0.95	0.88	0.5	0.12	0.95	0.27	0.5	0.73	0.5	0.27	0.12	0.27	0.27	0.12	0.88	0.27	0.385	0.5225	0.49375	0.30125	0.31375	0.3675	0.3775	0.5125	0.35625	0.30125	0.34875	0.53875	0.26125	0.3675	0.12125	0.49875	0.49	0.15125	0.385	0.30125	-3.2	-2.7	-1.64	-0.814286	-1.63333	0.5287	0.496867	0.44102	0.393814	0.396233
0.73	0.27	0.5	0.27	0.12	0.27	0.27	0.95	0.12	0.12	0.05	0.5	0.12	0.05	0.27	0.95	0.88	0.05	0.12	0.12	0.35625	0.495	0.465	0.31125	0.4175	0.415	0.40625	0.30125	0.46	0.32	0.3775	0.5675	0.29	0.395	0.2125	0.47125	0.41375	0.15125	0.55625	0.33875	-0.4	-2.5	-1.64	-1.27143	-1.31111	0.4627	0.473567	0.4352	0.4183	0.403856
0.5	0.73	0.27	0.12	0.12	0.27	0.27	0.73	0.12	0.5	0.27	0.88	0.27	0.5	0.12	0.5	0.73	0.05	0.27	0.73	0.385	0.49375	0.54125	0.415	0.31	0.43375	0.43375	0.44125	0.44125	0.225	0.3025	0.53875	0.2525	0.33375	0.24	0.55625	0.46125	0.10375	0.48125	0.24375	-3.9	-0.166667	-1.64	-2.04286	-0.855556	0.4293	0.3827	0.42874	0.436286	0.4002
0.27	0.05	0.05	0.05	0.12	0.05	0.05	0.27	0.12	0.73	0.88	0.05	0.5	0.99	0.05	0.27	0.27	0.27	0.73	0.73	0.41375	0.6075	0.5375	0.48	0.30125	0.49	0.4925	0.48	0.385	0.16875	0.17875	0.7	0.205	0.2725	0.24875	0.55625	0.46125	0.07625	0.4525	0.225	3.8	-1.53333	-1.32	-1	-1.66667	0.2561	0.3841	0.40522	0.402486	0.417556
0.5	0.88	0.88	0.27	0.12	0.5	0.5	0.73	0.73	0.12	0.27	0.88	0.27	0.12	0.12	0.5	0.27	0.12	0.5	0.12	0.36625	0.50375	0.415	0.3575	0.2825	0.405	0.36	0.41375	0.4	0.245	0.255	0.5775	0.23375	0.39	0.23125	0.5275	0.4425	0.10375	0.5575	0.30125	-4.5	-0.766667	-0.68	-1.04286	-1.66667	0.4669	0.378033	0.3652	0.390014	0.413289
0.27	0.5	0.27	0.12	0.05	0.27	0.27	0.12	0.27	0.12	0.05	0.73	0.12	0.12	1	0.73	0.27	0.05	0.73	0.27	0.3475	0.50375	0.54875	0.43875	0.175	0.3575	0.43625	0.49	0.3725	0.2175	0.22625	0.53875	0.19625	0.41875	0.12125	0.49875	0.42375	0.10375	0.51	0.255	-1.6	-1.1	-0.6	-1.62857	-1.7	0.4111	0.3802	0.36762	0.389743	0.403133
0.27	0.5	0.5	0.73	0.12	0.27	0.27	0.95	0.12	0.12	0.12	0.27	0.12	0.95	0.12	0.73	0.73	0.12	0.5	0.12	0.31875	0.47625	0.46375	0.335	0.185	0.33875	0.40875	0.27375	0.3825	0.3125	0.32125	0.54875	0.2725	0.41875	0.20375	0.41375	0.29	0.10375	0.58625	0.3775	2.8	-0.766667	-2.26	-1.57143	-1.15556	0.2626	0.3717	0.40856	0.390886	0.369078
0.27	0.5	0.73	0.95	0.05	0.73	0.98	0.12	0.5	0.05	0.12	0.73	0.12	0.12	0.12	0.5	0.27	0.05	0.5	0.12	0.36625	0.4	0.435	0.3075	0.2125	0.28125	0.32	0.32	0.35375	0.32125	0.32125	0.415	0.2725	0.49375	0.29875	0.49	0.3475	0.12125	0.64375	0.3775	-3.5	-1.73333	-2.06	-1.47143	-0.811111	0.4414	0.388267	0.40264	0.376614	0.373189
0.12	0.98	0.73	0.12	0.73	0.5	0.27	0.05	1	0.05	0.05	0.73	0.12	0.12	0.05	0.27	0.12	0.12	0.73	0.05	0.385	0.3675	0.5475	0.43875	0.11875	0.395	0.43625	0.3575	0.33875	0.23625	0.22625	0.4425	0.225	0.40375	0.42375	0.57625	0.36625	0.09375	0.6425	0.30125	-4.5	-3.83333	-0.84	-0.942857	-1.62222	0.4608	0.4465	0.35166	0.376529	0.403289
0.12	0.12	0.73	1	0.02	0.27	0.88	0.12	0.27	0.05	0.05	0.27	0.05	0.5	0.12	0.27	0.12	0.05	0.73	0.05	0.4325	0.38	0.52875	0.38625	0.22625	0.395	0.33125	0.32	0.35375	0.28375	0.255	0.42375	0.2625	0.35625	0.415	0.605	0.395	0.09375	0.595	0.34875	-3.5	-1.16667	-1.56	-1.21429	-0.655556	0.4373	0.351433	0.3924	0.393086	0.389767
0.5	0.05	0.05	0.05	0.27	0.12	0.05	0.05	0.05	0.88	0.88	0.12	0.73	0.88	0.05	0.27	0.27	0.12	0.5	0.95	0.41375	0.36	0.6425	0.58125	0.20375	0.47125	0.4925	0.405	0.38125	0.18	0.16	0.385	0.1775	0.3	0.4175	0.605	0.43375	0.085	0.5475	0.23625	4.5	0.0666667	-1.56	-1.01429	-0.655556	0.1562	0.353267	0.40952	0.404886	0.399233
0.88	0.12	0.27	0.12	0.27	0.27	0.27	0.27	0.27	0.5	0.27	0.27	0.27	0.27	0.88	0.88	0.73	0.12	0.73	0.73	0.3475	0.30375	0.64375	0.49625	0.20375	0.43375	0.44625	0.27375	0.4575	0.24625	0.255	0.3475	0.25375	0.38125	0.305	0.4525	0.3	0.16125	0.58	0.2825	-0.8	0.0666667	0.18	-0.742857	-0.655556	0.4663	0.383167	0.3864	0.412729	0.415044
0.27	0.27	0.95	0.27	0.05	0.73	0.27	0.5	0.5	0.05	0.05	0.27	0.12	0.27	0.98	0.73	0.27	0.12	0.95	0.05	0.48125	0.2375	0.50125	0.37375	0.35	0.31875	0.33875	0.26375	0.38125	0.31125	0.2825	0.27125	0.29125	0.38125	0.2925	0.51875	0.415	0.17	0.505	0.38625	-3.5	-0.0333333	0.56	0.3	-0.355556	0.527	0.446167	0.3982	0.404743	0.414467
0.88	0.12	0.73	0.73	0.27	0.27	0.27	0.5	0.12	0.5	0.5	0.27	0.5	0.12	0.12	0.73	0.5	0.05	0.12	0.5	0.42375	0.14875	0.52875	0.335	0.2375	0.3475	0.39625	0.2725	0.3375	0.26375	0.235	0.21375	0.24375	0.47625	0.51875	0.51875	0.405	0.17875	0.55125	0.33875	4.2	-0.3	0.22	0.685714	-0.0333333	0.3452	0.456167	0.44794	0.404586	0.424967
0.5	0.27	0.5	0.73	0.12	0.73	0.73	0.73	0.27	0.12	0.12	0.27	0.12	0.05	0.95	0.73	0.73	0.05	0.12	0.27	0.49	0.14875	0.5	0.32875	0.37875	0.3475	0.29125	0.24375	0.3	0.32	0.29125	0.2425	0.3	0.42875	0.415	0.51875	0.395	0.17875	0.475	0.37625	-1.6	1.8	0.22	-0.185714	-0.0333333	0.4963	0.415467	0.44192	0.4616	0.446033
0.12	0.12	0.73	0.12	0.12	0.12	0.12	0.12	0.95	0.27	0.27	0.12	0.27	0.99	0.05	0.12	0.12	0.73	0.99	0.27	0.585	0.195	0.49875	0.41375	0.37875	0.4425	0.395	0.4325	0.2425	0.225	0.225	0.30875	0.22375	0.235	0.555	0.62375	0.47125	0.1125	0.395	0.29125	2.8	0.133333	0.6	-0.571429	-0.577778	0.4049	0.4458	0.44758	0.484543	0.487389
0.73	0.12	0.27	0.12	1	0.27	0.12	0.27	0.12	0.12	0.12	0.12	0.27	0.12	0.12	0.88	0.73	0.12	0.12	0.27	0.46125	0.27125	0.585	0.49	0.25	0.50875	0.4525	0.41375	0.34625	0.19625	0.24375	0.39375	0.22375	0.325	0.5275	0.51	0.36625	0.18875	0.4275	0.215	-0.8	0.133333	-0.94	-0.128571	-0.922222	0.4362	0.465467	0.50392	0.484743	0.485056
0.27	0.12	0.73	0.27	0.05	0.27	0.73	0.12	0.27	0.12	0.12	0.27	0.12	0.73	1	0.27	0.27	0.12	0.27	0.12	0.51875	0.2525	0.47125	0.5	0.3775	0.45125	0.37625	0.385	0.28	0.205	0.3	0.375	0.26125	0.23	0.42	0.52875	0.42375	0.18	0.305	0.2425	-1.6	-1.96667	-0.7	-1.28571	-0.711111	0.5553	0.539467	0.51034	0.499043	0.472789
0.27	0.27	0.27	0.95	1	0.73	0.5	0.12	0.12	0.12	0.12	0.5	0.12	0.05	0.12	0.27	0.27	0.05	0.12	0.12	0.5	0.23375	0.47125	0.38625	0.35	0.39375	0.405	0.385	0.29875	0.1575	0.2525	0.34625	0.2325	0.3625	0.53	0.5475	0.42375	0.1975	0.3425	0.21375	-3.5	-1.83333	-2.04	-1.28571	-0.9	0.6269	0.5702	0.51842	0.487657	0.496844
0.88	0.27	0.27	0.12	0.27	0.27	0.27	0.95	0.27	0.27	0.5	0.5	0.27	0.27	0.27	0.5	0.27	0.27	0.73	0.27	0.42375	0.23375	0.4425	0.4325	0.53625	0.39375	0.37625	0.205	0.26125	0.215	0.22375	0.40375	0.26125	0.34375	0.42625	0.51875	0.4425	0.17875	0.285	0.2525	-0.4	-2.6	-2.2	-1.32857	-0.8	0.5284	0.533533	0.5145	0.510057	0.4851
0.5	0.73	0.5	0.73	0.12	0.95	0.73	0.27	0.27	0.12	0.27	0.95	0.27	0.12	0.73	0.73	0.5	0.12	0.12	0.12	0.49	0.2525	0.35625	0.35625	0.555	0.3275	0.3375	0.29	0.1575	0.2625	0.28125	0.36625	0.26125	0.25375	0.48625	0.56625	0.46125	0.1125	0.2525	0.32875	-3.9	-1.96667	-1.38	-1.31429	-1.28889	0.4453	0.463433	0.51578	0.503543	0.484511
0.27	0.12	0.5	0.5	0.12	0.27	0.27	0.12	0.12	0.12	0.5	0.27	0.27	0.12	1	0.27	0.27	0.05	0.12	0.12	0.46125	0.3475	0.41375	0.4325	0.54875	0.4125	0.41375	0.36625	0.17625	0.31	0.27125	0.49875	0.26125	0.25375	0.56	0.57625	0.4325	0.1125	0.2525	0.32875	-1.6	-1	-0.82	-1.31429	-1.37778	0.4166	0.474533	0.46852	0.4813	0.482822
0.73	0.12	0.27	0.5	1	0.27	0.27	0.5	0.12	0.12	0.12	0.27	0.27	0.5	0.12	0.88	0.5	0.12	0.27	0.27	0.48	0.36625	0.385	0.4325	0.46625	0.4125	0.35625	0.36625	0.17625	0.3575	0.3375	0.5275	0.28	0.20625	0.57875	0.5575	0.4325	0.10375	0.2625	0.38625	2.5	0.0666667	-1.06	-1.04286	-1	0.5617	0.4563	0.44276	0.451886	0.471322
0.5	0.27	0.27	0.27	0.88	0.27	0.27	0.12	0.12	0.73	0.27	0.73	0.5	0.12	0.27	0.73	0.88	0.12	0.27	0.73	0.56625	0.32875	0.385	0.3575	0.47875	0.355	0.3275	0.46125	0.17625	0.3	0.395	0.44125	0.29875	0.2625	0.66375	0.63375	0.41375	0.1125	0.2625	0.3475	-0.7	0.0666667	-0.6	-0.728571	-0.188889	0.3906	0.450633	0.4379	0.440943	0.460489
0.27	0.73	0.27	0.12	0.12	0.27	0.27	0.12	0.12	0.5	0.5	0.27	0.27	0.12	0.99	0.73	0.5	0.05	0.12	0.73	0.51875	0.27125	0.47375	0.42375	0.555	0.355	0.3275	0.37625	0.17625	0.32875	0.3375	0.47	0.3275	0.235	0.555	0.68125	0.5375	0.09375	0.205	0.37625	-1.6	-1.3	0.08	0.371429	-0.533333	0.3996	0.403733	0.44494	0.452957	0.462611
0.27	0.27	0.73	0.5	0.95	0.27	0.27	0.73	0.12	0.5	0.27	0.5	0.27	0.12	0.98	0.5	0.27	0.05	0.12	0.27	0.51875	0.27125	0.3875	0.3	0.56125	0.27	0.25125	0.385	0.1575	0.32875	0.3475	0.41375	0.30875	0.22625	0.48	0.68125	0.595	0.085	0.19625	0.43375	-1.6	-0.466667	0.34	0.1	0.177778	0.421	0.424133	0.43848	0.471657	0.4421
0.88	0.27	0.27	0.27	0.27	0.27	0.27	0.5	0.27	0.5	0.27	0.5	0.27	0.73	0.27	0.73	0.5	0.12	0.5	0.73	0.4425	0.27125	0.3975	0.2725	0.665	0.25125	0.2325	0.405	0.1575	0.405	0.3475	0.395	0.3375	0.22625	0.45875	0.68125	0.62375	0.10375	0.25625	0.48	1.8	1.33333	-0.22	0.1	0.211111	0.4518	0.4674	0.46986	0.428657	0.418789
0.73	0.12	0.27	0.12	0.98	0.27	0.27	0.5	0.12	0.27	0.73	0.27	0.5	0.12	0.95	0.73	0.5	0.12	0.12	0.27	0.40375	0.385	0.3975	0.24375	0.4575	0.3275	0.26125	0.43375	0.195	0.425	0.28125	0.5	0.29	0.27375	0.37375	0.605	0.57625	0.21375	0.3325	0.51	3.8	0.7	0.6	0.0142857	-0.166667	0.5294	0.509567	0.44208	0.4024	0.409411
0.27	0.27	0.98	0.5	0.12	0.27	0.27	0.27	0.27	0.27	0.27	0.27	0.27	0.05	0.12	0.88	0.88	0.05	0.12	0.5	0.46125	0.36625	0.30875	0.19625	0.47	0.35625	0.31875	0.4625	0.17625	0.34	0.31125	0.4425	0.27125	0.27375	0.5675	0.605	0.52875	0.21375	0.31375	0.405	-3.5	0.933333	0.66	0.114286	-0.266667	0.5475	0.445867	0.39924	0.4135	0.395544
0.5	0.27	0.27	0.12	1	0.27	0.12	0.95	0.12	0.12	0.12	0.73	0.12	0.05	0.12	0.5	0.73	0.05	0.05	0.12	0.4325	0.29	0.3975	0.32	0.36	0.35625	0.3375	0.45375	0.29875	0.35875	0.3775	0.36625	0.36625	0.2925	0.45	0.57625	0.51875	0.2225	0.34125	0.395	2.5	-0.766667	0.12	0.114286	0.333333	0.2607	0.338333	0.40434	0.391329	0.377167
0.27	0.12	0.12	0.05	0.27	0.12	0.12	0.05	0.27	0.73	0.5	0.12	0.5	0.73	0.12	0.5	0.73	0.27	0.98	0.95	0.51875	0.30875	0.435	0.32875	0.3475	0.375	0.3375	0.585	0.29875	0.22625	0.3025	0.41375	0.3	0.19875	0.36125	0.63625	0.57625	0.195	0.225	0.2725	-1.3	0.1	-0.96	0.4	0.122222	0.2068	0.314933	0.35162	0.360243	0.383289
0.27	0.88	0.27	0.12	0.05	0.88	0.5	0.73	0.27	0.05	0.05	0.88	0.12	0.27	0.12	0.27	0.12	1	0.5	0.05	0.5	0.195	0.445	0.40875	0.35625	0.28	0.31875	0.5475	0.28	0.255	0.33125	0.29	0.32875	0.17125	0.3425	0.63625	0.68125	0.09125	0.22875	0.30875	-0.9	-1.26667	0.5	-0.642857	-0.466667	0.4773	0.316633	0.28896	0.352629	0.383933
0.5	0.27	0.27	0.27	0.12	0.5	0.73	0.12	0.12	0.05	0.05	0.27	0.12	0.05	0.99	0.88	0.88	0.05	0.12	0.12	0.395	0.27125	0.42625	0.38125	0.24	0.3275	0.27125	0.5675	0.375	0.3125	0.3025	0.3475	0.3	0.29375	0.13	0.48375	0.5575	0.28625	0.38625	0.32875	-1.6	0.433333	-0.7	-0.642857	-1.03333	0.2658	0.325767	0.33204	0.339786	0.345911
0.27	0.12	0.27	0.73	0.12	0.27	0.27	0.73	0.95	0.5	0.88	0.12	0.88	0.27	0.05	0.12	0.27	0.12	0.27	0.27	0.42375	0.27125	0.395	0.38375	0.23125	0.35625	0.3575	0.58	0.2525	0.225	0.1675	0.36625	0.1775	0.2625	0.2475	0.53125	0.5575	0.27375	0.35875	0.25375	3.8	-0.433333	-1.14	-1.18571	-0.688889	0.2342	0.325367	0.3822	0.329286	0.326211
0.73	0.27	0.88	0.5	0.12	0.27	0.27	0.88	0.27	0.05	0.05	0.27	0.12	0.05	0.27	0.98	0.73	0.05	0.12	0.12	0.395	0.23375	0.3	0.43125	0.12125	0.385	0.4525	0.4575	0.35625	0.3	0.29	0.29	0.29125	0.40625	0.22	0.42375	0.4425	0.31	0.4625	0.29125	-3.5	-1.06667	-1.22	-1.05714	-0.655556	0.4761	0.3893	0.32418	0.352629	0.306656
0.73	0.12	0.5	0.98	0.12	0.27	0.5	0.88	0.12	0.05	0.05	0.27	0.12	0.05	0.12	0.5	0.73	0.02	0.05	0.12	0.37625	0.2525	0.33875	0.3675	0.1025	0.385	0.42375	0.45375	0.4325	0.27125	0.31875	0.29	0.29125	0.425	0.23	0.43625	0.36625	0.37125	0.47375	0.20625	-3.5	-2.76667	-0.98	-0.528571	-0.655556	0.4576	0.373633	0.34506	0.296543	0.322189
0.12	0.12	0.12	0.05	0.12	0.27	0.12	0.05	0.73	0.73	0.5	0.12	0.27	0.88	0.12	0.12	0.27	0.73	1	0.5	0.48125	0.205	0.38625	0.5025	0.11125	0.3375	0.47125	0.48125	0.3375	0.195	0.27125	0.30875	0.29125	0.29375	0.3375	0.54125	0.5275	0.16375	0.3075	0.18625	-1.3	-1.73333	-1.18	-0.485714	-0.633333	0.1872	0.338333	0.31516	0.308086	0.309311
0.27	0.12	0.73	0.98	0.05	0.27	0.5	0.98	0.12	0.02	0.02	0.27	0.05	0.02	0.12	0.5	0.27	0.02	0.05	0.05	0.4625	0.205	0.395	0.415	0.13875	0.3375	0.36625	0.38375	0.4325	0.2925	0.34	0.29	0.3375	0.40125	0.2475	0.49375	0.54	0.2525	0.42625	0.26125	-0.4	0.366667	-0.74	-1.12857	-0.533333	0.3702	0.214033	0.28926	0.326257	0.357711
0.73	0.12	0.12	0.27	0.12	0.5	0.88	0.12	0.27	0.27	0.27	0.27	0.27	0.98	0.12	0.5	0.27	0.27	0.73	0.27	0.43375	0.205	0.47125	0.4275	0.14875	0.30875	0.31875	0.415	0.31	0.26125	0.2325	0.30875	0.2625	0.2625	0.25625	0.57	0.62875	0.2125	0.3225	0.31	2.8	0.366667	-0.18	-0.728571	-1.03333	0.0847	0.267167	0.27002	0.358443	0.367622
0.12	0.12	0.05	0.02	0.12	0.12	0.12	0.02	0.73	0.5	0.73	0.12	0.5	0.88	0.05	0.12	0.12	0.73	1	0.27	0.48125	0.18625	0.40375	0.41125	0.14	0.3375	0.395	0.44125	0.23375	0.22875	0.17125	0.30875	0.225	0.27125	0.35375	0.52875	0.57125	0.155	0.28	0.30125	-1.3	0.266667	-0.06	-0.328571	-0.688889	0.3466	0.264233	0.37286	0.339271	0.371656
0.5	0.5	0.27	0.27	0.12	0.5	0.5	0.12	0.12	0.12	0.12	0.88	0.27	0.05	0.98	0.73	0.95	0.05	0.12	0.27	0.37625	0.13	0.32	0.26375	0.14	0.27125	0.29125	0.32125	0.32875	0.38875	0.3325	0.18625	0.33	0.46	0.22875	0.405	0.41	0.27125	0.50625	0.39625	-0.7	-0.9	-0.12	-0.2	0.2	0.3614	0.4698	0.3635	0.385729	0.363256
0.5	0.27	0.95	0.5	0.27	0.5	0.27	0.27	0.27	0.12	0.12	0.27	0.27	0.05	0.27	0.88	0.98	0.05	0.12	0.27	0.4525	0.15875	0.25375	0.24375	0.12125	0.2525	0.32	0.41875	0.23375	0.38875	0.30375	0.2625	0.33	0.365	0.3175	0.43375	0.40625	0.18625	0.39625	0.39625	-0.7	-0.7	-0.76	0.5	0.3	0.7014	0.462067	0.44904	0.387414	0.372422
0.5	0.12	0.27	0.12	0.27	0.27	0.27	0.12	0.12	0.5	0.27	0.27	0.5	0.12	0.12	0.73	0.98	0.05	0.12	0.88	0.4525	0.1775	0.2625	0.175	0.13	0.28125	0.2725	0.32125	0.32875	0.3725	0.31625	0.24375	0.32875	0.46375	0.3275	0.42375	0.4825	0.275	0.515	0.3475	-0.7	-0.6	0.4	0.0428571	0.2	0.3234	0.5124	0.45612	0.413843	0.373033
0.5	0.12	0.27	0.12	0.05	0.12	0.12	0.99	0.12	0.02	0.02	0.12	0.05	0.02	0.98	0.27	0.12	0.05	0.05	0.05	0.395	0.19625	0.28125	0.175	0.2675	0.36	0.24375	0.2125	0.32875	0.41375	0.32875	0.29125	0.385	0.36	0.3275	0.4525	0.59	0.2475	0.4475	0.4325	-0.4	1.13333	0.46	0.0428571	-0.5	0.5124	0.405933	0.43778	0.418	0.389967
0.27	0.05	0.05	0.05	0.12	0.12	0.05	0.02	0.27	0.95	0.73	0.05	0.73	0.73	0.05	0.12	0.27	0.27	0.98	0.88	0.5	0.205	0.3175	0.19625	0.25875	0.36	0.2525	0.34625	0.23375	0.2975	0.1825	0.31875	0.27125	0.1675	0.5625	0.49	0.59	0.135	0.22125	0.38625	4.5	1.23333	0.34	-0.357143	-0.533333	0.382	0.388033	0.37264	0.400243	0.362722
0.73	0.12	0.27	0.12	0.12	0.12	0.12	0.98	0.12	0.73	0.27	0.12	0.27	0.12	0.12	0.5	0.27	0.05	0.12	0.5	0.41375	0.1675	0.29	0.16875	0.2775	0.33125	0.215	0.22625	0.3	0.34375	0.25875	0.23375	0.32875	0.3	0.44625	0.4425	0.59375	0.21875	0.43625	0.4625	-0.4	0.933333	-0.22	-0.485714	-0.6	0.2697	0.342467	0.35538	0.314529	0.339378
0.27	0.12	0.12	0.05	0.12	0.27	0.12	0.05	0.73	0.27	0.27	0.12	0.27	0.88	0.05	0.27	0.88	0.73	1	0.27	0.4425	0.25625	0.2525	0.13	0.25	0.3125	0.215	0.4275	0.22375	0.38875	0.25	0.29125	0.31	0.205	0.43625	0.395	0.42875	0.13375	0.32625	0.46375	-1.3	-1.73333	-0.46	-0.571429	-1.02222	0.3757	0.294167	0.27318	0.289943	0.278467
0.27	0.27	0.27	0.27	1	0.98	0.5	0.12	0.27	0.12	0.12	0.5	0.27	0.05	0.98	0.27	0.27	0.05	0.12	0.12	0.41375	0.2375	0.31875	0.12125	0.12125	0.22375	0.14875	0.41875	0.3	0.43625	0.2975	0.24375	0.31	0.30875	0.32	0.3375	0.445	0.21875	0.43625	0.49125	-3.5	-2.13333	-1.62	-1.15714	-0.477778	0.2371	0.238067	0.22704	0.238629	0.247333
0.73	0.12	0.12	0.12	0.12	0.12	0.12	0.12	0.12	0.5	0.27	0.27	0.27	0.05	1	0.27	0.27	0.05	0.12	0.73	0.3275	0.2475	0.31	0.1275	0.25875	0.33125	0.1875	0.2975	0.31	0.49625	0.395	0.26375	0.395	0.36875	0.20125	0.31875	0.46375	0.2275	0.46375	0.5275	-1.6	-2.13333	-2.44	-1.2	0.0333333	0.1014	0.163267	0.20374	0.190229	0.197011
0.27	0.27	0.27	0.12	0.27	0.27	0.27	0.12	0.5	0.27	0.27	0.27	0.27	0.5	0.12	0.73	0.98	0.5	0.98	0.5	0.41375	0.25625	0.3	0.13625	0.24	0.41625	0.225	0.30125	0.2625	0.4975	0.36625	0.32	0.36625	0.23625	0.32	0.28	0.40375	0.14375	0.2675	0.565	-1.3	-2.46667	-1.34	-0.542857	-1.97373e-16	0.1513	0.1353	0.13724	0.1602	0.166133
0.27	0.98	0.5	0.12	0.05	0.5	0.27	0.95	0.27	0.02	0.05	0.73	0.12	0.05	0.12	0.27	0.27	0.05	0.12	0.05	0.35625	0.1675	0.24375	0.12375	0.28625	0.40625	0.21625	0.08125	0.29125	0.52875	0.4825	0.2625	0.47375	0.34	0.31125	0.29	0.4925	0.20875	0.39375	0.65	-4.5	-0.533333	0.2	0.242857	0.466667	0.1532	0.1159	0.10172	0.1214	0.152744
0.27	0.12	0.95	0.27	0.12	0.27	0.12	0.12	0.27	0.73	0.5	0.27	0.5	0.12	0.12	0.27	0.5	0.05	0.12	0.95	0.44125	0.29375	0.235	0.1325	0.29625	0.46375	0.2825	0.24125	0.23375	0.42125	0.4075	0.3675	0.42625	0.23625	0.33875	0.375	0.445	0.12375	0.28375	0.5375	4.2	1.3	1.36	1.28571	0.522222	0.0432	0.0853	0.10226	0.108843	0.160478
0.27	0.05	0.05	0.02	0.27	0.12	0.05	0.02	0.05	0.88	0.95	0.05	0.73	0.5	0.05	0.12	0.27	0.12	0.27	0.95	0.4225	0.275	0.32	0.1325	0.15875	0.36625	0.235	0.245	0.26125	0.45	0.39875	0.33875	0.42625	0.3075	0.2275	0.36625	0.455	0.2	0.36875	0.55625	4.2	4.2	2.38	1.4	1.22222	0.0595	0.0689333	0.10184	0.157971	0.186089
0.5	0.27	0.12	0.12	0.12	0.95	0.5	0.05	0.27	0.73	0.5	0.5	0.5	0.12	0.12	0.27	0.5	0.05	0.27	0.95	0.33625	0.295	0.35875	0.215	0.165	0.3575	0.2875	0.24125	0.28125	0.4125	0.4275	0.34	0.43625	0.355	0.1275	0.37625	0.42625	0.20875	0.36875	0.47125	4.2	4.06667	3.12	1.98571	1.01111	0.1041	0.104267	0.16026	0.203157	0.276844
