0.12	0.02	0.02	0.02	0.12	0.05	0.02	0.02	0.02	0.98	0.73	0.02	0.5	0.5	0.02	0.27	0.27	0.05	0.5	0.98	0.2875	0.34375	0.635	0.38875	0.05	0.4225	0.39625	0.2275	0.38125	0.20375	0.27125	0.32375	0.18625	0.3975	0.1975	0.46625	0.50625	0.19375	0.44625	0.16625	4.2	2.46667	1.34	-0.0428571	0	0.0293	0.2084	0.23188	0.384057	0.449556
0.12	0.12	0.5	0.05	0.05	0.5	0.05	0.02	0.88	0.27	0.88	0.27	0.27	0.98	0.02	0.12	0.27	0.27	0.98	0.27	0.26875	0.24625	0.635	0.475	0.055	0.30625	0.335	0.33125	0.165	0.2875	0.2475	0.1975	0.18375	0.3325	0.18875	0.45625	0.535	0.16125	0.355	0.25125	-1.3	1.9	1.34	1	0	0.2655	0.1081	0.26224	0.326243	0.4183
0.02	0.01	0.01	0.01	0.01	0.01	0.12	0.01	0.05	0.12	0.12	0.01	0.12	1	0	0.01	0.02	0.27	0.95	0.05	0.28125	0.28875	0.66375	0.48	0.06	0.39625	0.355	0.30375	0.22125	0.30625	0.33875	0.31875	0.19375	0.32625	0.19125	0.47875	0.49	0.16125	0.35875	0.30625	2.8	-0.666667	1.2	1	-0.0444444	0.0295	0.317167	0.28972	0.341071	0.378578
0.5	0.5	0.88	0.98	0.02	0.27	0.88	0.5	0.12	0.02	0.02	0.27	0.05	0.02	0.88	0.5	0.12	0.02	0.27	0.02	0.2775	0.20875	0.47	0.41625	0.05875	0.2875	0.18375	0.22375	0.27	0.31	0.35125	0.2675	0.2025	0.44875	0.08125	0.4175	0.4775	0.19625	0.53875	0.28125	-3.5	1.03333	-0.34	-0.2	0.2	0.6565	0.3846	0.40556	0.367443	0.355422
0.5	0.73	0.27	0.05	0.05	0.5	0.12	0.05	0.12	0.27	0.27	0.5	0.27	0.98	0.27	0.5	0.88	0.88	0.88	0.12	0.325	0.19875	0.515	0.52	0.055	0.35375	0.33625	0.28	0.27	0.2025	0.24375	0.315	0.15625	0.32875	0.16625	0.475	0.40125	0.08875	0.4625	0.2975	3.8	-1.06667	-0.86	-0.985714	-0.688889	0.4678	0.5776	0.45546	0.405586	0.361878
0.12	0.05	0.98	0.99	0.02	0.5	0.27	0.95	0.12	0.01	0.01	0.12	0.02	0.01	0.05	0.27	0.5	0.01	0.02	0.02	0.36375	0.28375	0.425	0.40125	0.05	0.35	0.3175	0.16625	0.27	0.235	0.3075	0.3625	0.1875	0.47875	0.19375	0.4725	0.43	0.1975	0.5225	0.2975	-3.5	-1.2	-1.68	-1.3	-0.655556	0.6085	0.530433	0.50882	0.423157	0.380433
0.27	0.5	0.73	0.5	0.05	0.5	0.5	0.5	0.12	0.05	0.02	0.98	0.05	0.02	0.12	0.95	0.27	0.02	0.05	0.27	0.3925	0.33125	0.50375	0.51875	0.04625	0.35	0.345	0.22625	0.175	0.21125	0.23	0.34	0.2125	0.36125	0.18875	0.40625	0.51625	0.165	0.4025	0.2475	-3.9	-2.9	-1.68	-1.05714	-1.01111	0.515	0.473267	0.45522	0.446986	0.409844
0.95	0.12	0.27	0.73	0.12	0.12	0.12	0.12	0.73	0.05	0.05	0.12	0.12	0.05	0.12	0.95	0.88	0.05	0.88	0.27	0.39625	0.41125	0.575	0.5225	0.03875	0.45875	0.44	0.30625	0.09875	0.19875	0.2175	0.55625	0.195	0.23375	0.31375	0.4675	0.4525	0.12875	0.1825	0.2475	-1.3	-2.9	-1.54	-1.2	-1.41111	0.2963	0.399933	0.40092	0.428943	0.498544
0.5	0.27	0.73	0.88	0.05	0.88	0.73	0.12	0.12	0.12	0.12	0.73	0.12	0.05	0.12	0.73	0.88	0.02	0.05	0.5	0.4525	0.3925	0.5175	0.5	0.05125	0.42125	0.3725	0.25875	0.19375	0.2025	0.2125	0.5375	0.20375	0.29375	0.21875	0.495	0.5	0.13625	0.315	0.2225	-3.5	-0.1	-1.74	-1.85714	-1.41111	0.3885	0.2937	0.38526	0.480371	0.513911
0.05	0.02	0.01	0.01	0.05	0.02	0.02	0.01	0.02	0.98	0.98	0.02	0.5	0.73	0.02	0.02	0.12	0.05	0.12	0.88	0.55625	0.3475	0.6075	0.665	0.05125	0.52875	0.50875	0.37625	0.20625	0.0675	0.08625	0.57875	0.2325	0.1775	0.20375	0.63125	0.51875	0.0375	0.30625	0.175	4.5	-1.16667	-1.12	-1.85714	-1.52222	0.1963	0.371667	0.44782	0.506986	0.4773
0.5	0.95	0.88	0.5	0.05	0.5	0.5	0.05	0.12	0.12	0.27	0.95	0.5	0.05	0.05	0.27	0.73	0.02	0.05	0.12	0.5475	0.335	0.39125	0.51375	0.055	0.525	0.50625	0.25875	0.24125	0.18875	0.2075	0.53875	0.34	0.27625	0.2	0.6	0.41375	0.055	0.43125	0.33	-4.5	-0.266667	-1.56	-0.9	-0.933333	0.5302	0.5181	0.54752	0.453171	0.435956
0.73	0.27	0.12	0.27	0.02	0.5	0.5	0.27	0.05	0.02	0.05	0.88	0.05	0.01	1	0.5	0.12	0.01	0.02	0.05	0.5475	0.42	0.4575	0.59	0.05875	0.585	0.55375	0.2025	0.25	0.22875	0.2475	0.51625	0.405	0.28125	0.185	0.48625	0.51875	0.05625	0.435	0.32	-0.8	-2.93333	-0.3	-0.457143	-0.888889	0.8278	0.7176	0.49748	0.444614	0.461956
0.5	0.5	0.88	0.95	0.05	0.73	0.95	0.12	0.27	0.12	0.05	0.73	0.12	0.5	0.12	0.5	0.5	0.05	0.5	0.05	0.54875	0.43875	0.42	0.47625	0.055	0.60375	0.51625	0.22125	0.165	0.30125	0.3325	0.5825	0.44375	0.27625	0.295	0.43	0.4525	0.06	0.3275	0.34875	-3.5	-0.5	-0.84	-0.457143	-0.533333	0.7948	0.586967	0.5055	0.496114	0.453733
0.88	0.12	0.27	0.5	0.05	0.5	0.5	0.88	0.12	0.05	0.12	0.12	0.88	0.73	0.05	0.88	0.27	0.12	0.88	0.12	0.4725	0.455	0.40625	0.42375	0.055	0.525	0.48375	0.1125	0.17125	0.41375	0.4325	0.57	0.39625	0.275	0.29125	0.29375	0.38625	0.055	0.28	0.36875	2.8	0.366667	-0.64	-0.828571	0.277778	0.1383	0.389833	0.54926	0.499829	0.413467
0.5	0.88	0.12	0.27	0.05	0.95	0.73	0.05	0.5	0.12	0.27	0.73	0.88	0.12	0.05	0.27	0.27	0.12	0.95	0.5	0.57625	0.44875	0.53375	0.57	0.055	0.5575	0.515	0.23	0.18375	0.28875	0.325	0.5825	0.34875	0.26625	0.30375	0.43	0.405	0.055	0.31875	0.245	1.8	0.366667	-0.1	0.357143	-0.611111	0.2364	0.374567	0.42816	0.427814	0.435978
0.5	0.5	0.5	0.88	0.05	0.98	0.88	0.27	0.12	0.27	0.12	0.73	0.12	0.02	0.95	0.27	0.5	0.02	0.05	0.12	0.605	0.4875	0.4675	0.49375	0.055	0.61375	0.54375	0.23	0.25	0.26125	0.31625	0.57375	0.39625	0.275	0.2	0.45875	0.3475	0.0675	0.43125	0.31125	-3.5	0.0666667	1.36	-0.0285714	0.0888889	0.749	0.402567	0.27442	0.366543	0.430422
0.73	0.5	0.73	0.5	0.12	0.5	0.27	0.12	0.27	0.73	0.73	0.5	0.5	0.5	0.12	0.5	0.73	0.12	0.5	0.5	0.51875	0.46	0.43	0.51	0.05875	0.7025	0.56375	0.2175	0.335	0.32	0.3525	0.49875	0.43375	0.2475	0.18125	0.37375	0.3375	0.06	0.3875	0.3675	1.9	0.733333	0.1	0.728571	-0.177778	0.2223	0.332467	0.32654	0.3216	0.346889
0.27	0.02	0.01	0.01	0.05	0.02	0.02	0.01	0.02	0.95	0.99	0.02	0.5	0.27	0.02	0.02	0.12	0.05	0.05	0.73	0.6375	0.46375	0.41625	0.4675	0.07625	0.705	0.49125	0.25	0.4425	0.28375	0.32	0.4825	0.425	0.22	0.185	0.43375	0.36625	0.06875	0.49125	0.36625	3.8	0.733333	0.1	-0.128571	0.411111	0.0261	0.215767	0.3753	0.3127	0.2645
0.5	0.73	0.88	0.95	0.05	0.73	0.5	0.12	0.5	0.05	0.27	0.73	0.12	0.05	0.12	0.5	0.27	0.05	0.5	0.27	0.56125	0.4225	0.365	0.3975	0.07625	0.6725	0.47875	0.16	0.3825	0.39625	0.40125	0.47	0.39625	0.15875	0.27625	0.2975	0.405	0.05625	0.33125	0.42375	-3.5	0.7	0.16	-0.128571	-0.288889	0.3989	0.301733	0.2407	0.286543	0.310356
0.73	0.88	0.73	0.5	0.05	0.98	0.88	0.27	0.27	0.05	0.05	0.88	0.12	0.02	0.12	0.5	0.5	0.02	0.05	0.27	0.50375	0.3275	0.375	0.45375	0.07625	0.61375	0.37375	0.14125	0.36375	0.44375	0.505	0.4225	0.34875	0.26625	0.27625	0.27875	0.3575	0.1675	0.3875	0.4525	1.8	-1.63333	0.14	-0.128571	-0.177778	0.4802	0.318367	0.2069	0.258257	0.311122
0.27	0.05	0.05	0.02	0.12	0.73	0.05	0.02	0.88	0.95	0.95	0.05	0.73	0.27	0.02	0.05	0.27	0.05	0.12	0.88	0.5325	0.375	0.4	0.40625	0.0675	0.52875	0.37	0.14125	0.275	0.4075	0.5	0.44125	0.3675	0.3425	0.1725	0.335	0.33875	0.1675	0.3875	0.4525	-3.2	0.133333	-1.32	-1.26883e-16	0.633333	0.076	0.203167	0.31188	0.261257	0.229367
0.99	0.05	0.05	0.12	0.12	0.27	0.12	0.27	0.88	0.05	0.05	0.12	0.05	0.05	0.05	0.5	0.12	0.05	0.88	0.27	0.41375	0.4225	0.41875	0.39375	0.115	0.63375	0.39	0.11	0.275	0.435	0.5275	0.48875	0.405	0.31375	0.16875	0.32625	0.32875	0.27125	0.245	0.48125	1.8	-1.63333	-0.06	-1.26883e-16	-0.0777778	0.0533	0.226767	0.28076	0.259414	0.268911
0.5	0.5	0.73	0.88	0.05	0.95	0.88	0.27	0.12	0.05	0.05	0.73	0.27	0.02	0.88	0.27	0.73	0.02	0.05	0.12	0.5325	0.42625	0.395	0.36	0.1325	0.65625	0.38375	0.17125	0.4775	0.35	0.41875	0.4725	0.34875	0.3175	0.125	0.44375	0.32875	0.275	0.405	0.42375	-3.5	0.366667	0.34	-0.142857	-0.588889	0.551	0.282533	0.18736	0.285029	0.342033
0.27	0.27	0.05	0.27	0.05	0.73	0.27	0.05	0.12	0.5	0.88	0.5	0.5	0.95	0.05	0.12	0.12	0.98	0.95	0.73	0.51375	0.37	0.48	0.35125	0.18875	0.6075	0.4125	0.19	0.525	0.3975	0.3725	0.425	0.3675	0.28625	0.22	0.43375	0.4625	0.16375	0.34875	0.405	2.8	1.03333	0.08	-0.514286	-0.588889	0.2433	0.269167	0.2878	0.314171	0.328333
0.27	0.05	0.02	0.02	0.05	0.05	0.02	0.02	0.02	0.88	0.98	0.05	0.88	0.88	0.02	0.27	0.12	0.05	0.12	0.73	0.45625	0.3025	0.42625	0.3825	0.185	0.66125	0.3675	0.2225	0.51	0.34625	0.35625	0.48125	0.31125	0.295	0.33375	0.38625	0.43375	0.28	0.44875	0.3775	3.8	0.7	-0.44	-0.557143	-0.966667	0.0132	0.278233	0.41398	0.342686	0.346911
0.5	0.88	0.88	0.5	0.5	0.88	0.5	0.12	0.27	0.05	0.05	0.95	0.12	0.05	0.12	0.88	0.5	0.95	0.12	0.12	0.4275	0.22625	0.435	0.43875	0.12	0.52875	0.335	0.27	0.38375	0.3375	0.36875	0.45375	0.32125	0.3675	0.38125	0.395	0.415	0.16375	0.44	0.35875	-4.5	-0.5	-0.44	-1.04286	-0.7	0.5782	0.4252	0.3589	0.427557	0.426089
0.73	0.5	0.5	0.5	0.12	0.88	0.73	0.5	0.88	0.27	0.12	0.5	0.27	0.27	0.5	0.73	0.73	0.05	0.5	0.12	0.36625	0.3775	0.51	0.4575	0.1675	0.58625	0.35375	0.28	0.28875	0.36625	0.36875	0.5575	0.33	0.3675	0.3425	0.41375	0.4625	0.285	0.37375	0.35875	-0.8	-2.93333	-1.32	-0.657143	-1.04444	0.6842	0.512667	0.43972	0.4615	0.455256
0.12	0.05	0.88	0.27	0.5	0.12	0.12	0.05	0.88	0.88	0.73	0.12	0.5	0.73	0.05	0.27	0.73	0.12	0.95	0.73	0.4425	0.48125	0.4625	0.48625	0.12	0.625	0.3825	0.33625	0.38375	0.29	0.2925	0.62375	0.2825	0.31375	0.39875	0.52875	0.43375	0.27625	0.32625	0.27375	-3.5	-1.96667	-2.24	-1.24286	-1.08889	0.2756	0.535733	0.5948	0.471857	0.444289
0.27	0.12	0.27	0.5	0.02	0.73	0.27	0.5	0.05	0.02	0.02	0.88	0.05	0.02	1	0.27	0.27	0.02	0.02	0.05	0.4525	0.44125	0.535	0.42625	0.18875	0.46	0.3325	0.27625	0.475	0.45875	0.3625	0.46875	0.33875	0.34625	0.27625	0.52	0.51	0.16875	0.33875	0.39	-1.6	-1.96667	-1.6	-2.34286	-0.933333	0.6474	0.570533	0.54232	0.534586	0.4189
0.27	0.27	0.98	0.95	0.05	0.5	0.27	0.5	0.12	0.05	0.12	0.73	0.05	0.02	0.5	0.73	0.5	0.02	0.05	0.12	0.4525	0.5075	0.535	0.3825	0.19375	0.545	0.3925	0.28	0.47875	0.43625	0.31875	0.54375	0.32	0.25125	0.3425	0.49125	0.5575	0.16875	0.335	0.38125	-0.8	-1.23333	-2.22	-1.1	-1.43333	0.7886	0.583933	0.49594	0.4541	0.434567
0.73	0.88	0.27	0.27	0.12	0.73	0.5	0.73	0.73	0.5	0.12	0.5	0.27	0.27	0.12	0.5	0.73	0.12	0.73	0.27	0.36625	0.32375	0.515	0.40625	0.12875	0.40875	0.30375	0.2375	0.37	0.49625	0.40375	0.45625	0.36875	0.22875	0.3775	0.41625	0.48125	0.04	0.24125	0.47125	-1.3	-2	-0.68	-1.08571	-0.466667	0.3158	0.5189	0.44378	0.378386	0.371956
0.5	0.88	0.73	0.88	0.05	0.5	0.5	0.27	0.88	0.05	0.05	0.88	0.12	0.05	0.88	0.73	0.5	0.02	0.12	0.05	0.395	0.3525	0.4575	0.33	0.12875	0.39	0.33125	0.2475	0.25625	0.5525	0.46	0.38	0.3875	0.22875	0.235	0.40625	0.48125	0.04875	0.26125	0.54625	-3.9	-0.333333	-0.5	0.0142857	-0.766667	0.4523	0.260967	0.34514	0.341114	0.324478
0.5	0.02	0.02	0.02	0.12	0.02	0.02	0.02	0.02	0.99	0.73	0.02	0.5	0.5	0.02	0.05	0.27	0.02	0.12	0.98	0.395	0.45625	0.45125	0.41	0.05875	0.4375	0.37875	0.3975	0.25625	0.325	0.28375	0.475	0.27875	0.0825	0.33875	0.4725	0.48125	0.035	0.14375	0.34	4.2	-0.133333	0.5	-0.257143	-0.422222	0.0148	0.2071	0.19036	0.285329	0.312722
0.27	0.73	0.73	0.12	0.12	0.5	0.5	0.05	0.12	0.73	0.73	0.5	0.73	0.12	0.05	0.5	0.73	0.05	0.12	0.73	0.3925	0.35875	0.42	0.3375	0.0575	0.30125	0.29125	0.33375	0.3625	0.3575	0.29625	0.31125	0.25	0.21875	0.21125	0.38875	0.3925	0.04375	0.265	0.3675	-0.7	2.56667	0.06	-0.2	-0.6	0.1542	0.0612333	0.17858	0.196929	0.247789
0.27	0.02	0.01	0.01	0.05	0.02	0.02	0.01	0.01	0.98	0.73	0.02	0.73	0.12	0.02	0.05	0.12	0.02	0.05	0.99	0.46875	0.42	0.4025	0.23875	0.06625	0.305	0.32375	0.2825	0.36375	0.32625	0.2875	0.28625	0.25	0.21875	0.15875	0.3875	0.53125	0.04625	0.27	0.335	4.2	0	0.76	-0.471429	-0.311111	0.0147	0.141933	0.12208	0.160814	0.165011
0.73	0.73	0.5	0.5	0.05	0.5	0.95	0.12	0.12	0.27	0.5	0.27	0.27	0.05	0.12	0.88	0.5	0.02	0.05	0.5	0.335	0.22375	0.34125	0.26875	0.05125	0.16	0.17875	0.18	0.265	0.35375	0.30125	0.19875	0.275	0.19375	0.13375	0.23625	0.39875	0.03125	0.18	0.36375	-3.5	0.1	-0.72	0.342857	-0.555556	0.2569	0.147133	0.13172	0.102429	0.137978
0.12	0.02	0.12	0.05	0.01	0.02	0.02	1	0.02	0	0	0.02	0.01	0.01	0.02	0.12	0.5	0.01	0.01	0.01	0.41125	0.3125	0.42	0.2775	0.05625	0.19125	0.3425	0.05125	0.20125	0.38375	0.36	0.1825	0.29875	0.2075	0.09875	0.35	0.37	0.0325	0.17625	0.425	-0.4	-2.36667	-0.22	-0.757143	-0.511111	0.1698	0.163233	0.1096	0.110671	0.129467
0.02	0.05	0.73	0.02	0.01	0.12	0.05	0.02	1	0.02	0.12	0.05	0.05	0.73	0.01	0.05	0.02	0.12	0.99	0.02	0.37625	0.425	0.375	0.285	0.0475	0.19125	0.35125	0.1775	0.09125	0.3675	0.2875	0.21	0.34125	0.07	0.10375	0.44375	0.50625	0.0225	0.10125	0.3925	-3.2	-0.6	-1.76	-1.15714	-1.47778	0.063	0.0921333	0.12116	0.142314	0.179967
0.88	0.05	0.12	0.05	0.05	0.05	0.05	0.05	0.02	0.05	0.05	0.05	0.05	0.02	0.05	0.27	1	0.01	0.02	0.12	0.2975	0.33625	0.39375	0.32875	0.1375	0.14375	0.3225	0.2925	0.205	0.27375	0.20625	0.15375	0.2525	0.145	0.21125	0.36875	0.29875	0.0325	0.21	0.29125	1.8	-1.63333	-1.76	-2.4	-1.44444	0.0436	0.0597	0.14492	0.207257	0.261756
0.12	0.02	0.27	1	0	0.05	0.27	0.02	0.05	0.01	0	0.05	0.01	0	0.02	0.12	0.05	0	0.01	0.01	0.42125	0.3525	0.43625	0.2425	0.1525	0.175	0.38375	0.3575	0.215	0.21875	0.155	0.185	0.18125	0.1475	0.3225	0.49125	0.5125	0.0375	0.2675	0.215	-3.5	-1.73333	-2.58	-1.95714	-1.98889	0.0725	0.163933	0.20482	0.297743	0.3293
0.5	0.88	0.98	0.5	0.05	0.27	0.88	0.12	0.27	0.02	0.02	0.5	0.05	0.12	0.5	0.88	0.27	0.02	0.05	0.05	0.31625	0.2725	0.37625	0.36125	0.1425	0.11875	0.28	0.33625	0.2825	0.19	0.0925	0.205	0.14875	0.12875	0.36625	0.32	0.45625	0.035	0.2625	0.1625	-3.5	-3.83333	-2.02	-2	-1.77778	0.3757	0.305833	0.37028	0.362429	0.351478
0.12	0.95	0.27	0.05	0.05	0.12	0.12	0.05	0.12	0.88	0.27	0.27	0.88	0.12	0.05	0.73	0.88	0.05	0.5	0.73	0.45875	0.295	0.5125	0.47375	0.1475	0.25375	0.49125	0.31125	0.31375	0.08875	0.0675	0.34125	0.05875	0.13	0.51125	0.38625	0.38	0.0325	0.21125	0.0825	-4.5	-2.8	-2.52	-1.77143	-2.12222	0.4693	0.578433	0.48608	0.418643	0.424822
0.5	0.02	0.27	0.5	0.88	0.05	0.27	1	0.05	0.01	0.01	0.05	0.02	0.01	0.95	0.12	0.05	0.02	0.02	0.02	0.42375	0.41125	0.455	0.4775	0.045	0.25375	0.5	0.22375	0.23125	0.22875	0.11875	0.36875	0.175	0.14375	0.4125	0.51875	0.515	0.055	0.2725	0.2025	-0.4	-1.86667	-2.14	-2.52857	-1.91111	0.8903	0.660733	0.56288	0.530971	0.476111
0.5	0.12	0.5	0.27	0.12	0.27	0.73	0.5	0.12	0.5	0.27	0.27	0.12	0.12	0.88	0.88	0.88	0.05	0.5	0.27	0.32	0.455	0.53625	0.59125	0.135	0.2825	0.45125	0.28625	0.235	0.1625	0.08125	0.35	0.15875	0.12875	0.4175	0.4525	0.30125	0.05	0.2125	0.1575	-0.7	-0.9	-2.14	-2.21429	-2.5	0.6226	0.656467	0.65372	0.595557	0.474333
0.27	0.95	0.73	0.95	0.02	0.27	0.73	0.05	0.88	0.05	0.02	0.88	0.05	0.02	0.95	0.27	0.27	0.02	0.05	0.12	0.34	0.36375	0.48	0.3875	0.15	0.39875	0.50875	0.3425	0.14875	0.28	0.175	0.2825	0.28875	0.20375	0.40875	0.52	0.43375	0.17875	0.30125	0.20875	-1.6	-1.93333	-1.5	-2.21429	-1.61111	0.4565	0.636333	0.66478	0.545829	0.495178
0.88	0.27	0.5	0.5	0.05	0.95	0.95	0.73	0.12	0.05	0.05	0.88	0.12	0.02	0.73	0.5	0.5	0.02	0.05	0.05	0.31125	0.44875	0.44875	0.44375	0.14625	0.37125	0.48125	0.305	0.30125	0.28375	0.175	0.33875	0.28875	0.195	0.4075	0.44375	0.405	0.1825	0.32875	0.2175	-3.5	-2.13333	-2.12	-0.928571	-1.31111	0.8299	0.603667	0.49224	0.515943	0.484367
0.12	0.05	0.27	0.5	0.02	0.05	0.27	0.27	0.27	0.27	0.27	0.05	0.12	0.73	0.12	0.5	0.27	0.27	1	0.27	0.3975	0.36	0.445	0.4375	0.15	0.47125	0.5525	0.35625	0.26875	0.2375	0.23875	0.41125	0.24125	0.125	0.47875	0.355	0.33	0.1475	0.15375	0.16125	-1.3	-2.76667	-1.08	-0.985714	-0.388889	0.5246	0.4607	0.41974	0.428529	0.442144
0.05	0.5	1	0.73	0.01	0.5	0.12	0.05	0.12	0.01	0.01	0.12	0.02	0.01	0.02	0.5	0.12	0	0.02	0.01	0.435	0.3075	0.35375	0.36125	0.0475	0.42375	0.5525	0.36875	0.2875	0.27125	0.2725	0.41125	0.25375	0.21625	0.37875	0.465	0.37625	0.18	0.27625	0.19375	-3.5	-0.1	-0.92	-0.342857	-0.388889	0.0276	0.270767	0.38412	0.352343	0.345867
0.05	0.12	0.05	0.05	0.02	0.98	0.73	0.02	0.12	0.5	0.5	0.12	0.98	0.5	0.02	0.05	0.5	1	0.27	0.27	0.4825	0.4025	0.425	0.44625	0.0375	0.44875	0.5075	0.34375	0.2875	0.18125	0.21125	0.41125	0.13375	0.1425	0.275	0.445	0.2525	0.05125	0.18875	0.16125	4.5	0.0666667	0.54	-0.171429	-0.7	0.2601	0.1887	0.236	0.290529	0.331133
0.88	0.88	0.5	0.5	0.05	0.73	0.88	0.5	0.73	0.05	0.05	0.95	0.12	0.05	0.27	0.5	0.27	0.05	0.27	0.05	0.4075	0.3125	0.36875	0.3625	0.03375	0.5375	0.48875	0.28375	0.11625	0.2375	0.27125	0.28875	0.2975	0.19875	0.13125	0.38875	0.2625	0.17	0.18875	0.2075	-0.8	2.5	0.72	-0.171429	-1.02222	0.2784	0.209267	0.13584	0.241971	0.326256
0.05	0.02	0.01	0	0.05	0.02	0.01	0	0.01	0.73	1	0.02	0.5	0.27	0.01	0.02	0.05	0.02	0.05	0.5	0.40375	0.51125	0.37375	0.365	0.0275	0.54125	0.49375	0.25625	0.1975	0.1475	0.1475	0.3575	0.2375	0.17	0.07375	0.3925	0.23	0.1725	0.2125	0.14625	3.8	0.866667	0.72	-0.628571	-1.13333	0.0893	0.1305	0.22832	0.225971	0.238956
0.73	0.05	0.27	0.12	0.05	0.12	0.12	0.88	0.05	0.02	0.02	0.12	0.02	0.02	0.05	1	0.27	0.01	0.02	0.02	0.42875	0.50375	0.31	0.29	0.03125	0.52875	0.4525	0.1275	0.16125	0.205	0.23875	0.345	0.28875	0.1125	0.06	0.24125	0.18375	0.14125	0.09375	0.1875	-0.4	-0.0333333	-1.08	-0.771429	-0.788889	0.0238	0.201033	0.25882	0.228343	0.182344
0.88	0.5	0.12	0.27	0.05	0.95	0.98	0.27	0.12	0.27	0.27	0.27	0.12	0.02	0.05	0.27	0.27	0.02	0.05	0.27	0.46625	0.41875	0.31375	0.29875	0.03625	0.45375	0.42125	0.2125	0.17125	0.1875	0.24	0.4025	0.28875	0.12625	0.0725	0.3325	0.2025	0.14625	0.1975	0.18875	-3.5	-2.8	-1.82	-1.15714	-0.788889	0.49	0.3088	0.21198	0.193343	0.229278
0.5	0.99	0.73	0.73	0.02	0.73	0.73	0.05	0.12	0.05	0.05	0.73	0.5	0.02	0.05	0.27	0.12	0.02	0.05	0.27	0.62625	0.43375	0.29375	0.25	0.0525	0.37375	0.37625	0.3	0.1625	0.18625	0.21125	0.345	0.13375	0.07	0.085	0.445	0.22125	0.02375	0.17	0.24625	-4.5	-4.16667	-2.22	-1.54286	-1.08889	0.4126	0.3156	0.19714	0.217857	0.217989
0.02	1	0.05	0.02	0	0.27	0.12	0.01	0.05	0.01	0.01	0.5	0.02	0.01	0.01	0.05	0.02	0.01	0.02	0.01	0.63875	0.325	0.31875	0.27875	0.06375	0.34625	0.345	0.245	0.0825	0.295	0.2725	0.2575	0.2125	0.1275	0.05875	0.44375	0.2625	0.02125	0.155	0.39625	-4.5	-2.4	-2.84	-1.82857	-0.533333	0.0442	0.1573	0.28238	0.227743	0.187389
1	0.02	0.02	0.02	0.05	0.05	0.05	0.12	0.02	0.02	0.02	0.05	0.05	0.02	0.05	0.27	0.12	0.01	0.02	0.12	0.62	0.56375	0.33625	0.285	0.0575	0.43375	0.38625	0.2375	0.1	0.265	0.18	0.43	0.25625	0.1075	0.05875	0.4475	0.25875	0.025	0.21125	0.3825	1.8	-2.06667	-1.78	-1.17143	-1.38889	0.0151	0.169767	0.21608	0.224771	0.198867
0.5	0.27	0.88	0.95	0.05	0.73	0.73	0.12	0.27	0.12	0.27	0.73	0.12	0.12	0.12	0.5	0.27	0.05	0.88	0.27	0.65375	0.63625	0.305	0.2725	0.05375	0.425	0.34875	0.19	0.15375	0.25625	0.1525	0.42125	0.27875	0.095	0.05875	0.35625	0.24	0.02125	0.1075	0.3675	-3.5	0.0333333	-0.04	-1.22857	-1.13333	0.45	0.207867	0.13416	0.182286	0.251378
0.95	0.73	0.5	0.12	0.12	0.12	0.12	0.5	0.05	0.27	0.05	0.12	0.12	0.05	0.12	0.95	0.5	0.02	0.05	0.73	0.55	0.5225	0.3525	0.345	0.045	0.38875	0.365	0.11125	0.2	0.2375	0.18	0.47	0.32625	0.21125	0.055	0.2725	0.21125	0.145	0.33	0.3675	1.8	0.833333	0.08	-0.314286	-0.888889	0.1585	0.203833	0.16384	0.194257	0.218656
0.5	0.02	0.02	0.02	0.12	0.05	0.02	0.02	0.02	0.88	0.5	0.02	0.27	0.5	0.02	0.27	0.5	0.02	0.12	0.99	0.55	0.49	0.3225	0.26625	0.04875	0.30875	0.2875	0.16625	0.19125	0.2175	0.24125	0.39375	0.3075	0.27125	0.0625	0.32625	0.2025	0.2525	0.33	0.335	4.2	0.7	0.1	0.142857	0.0333333	0.003	0.118033	0.2601	0.215871	0.173589
0.88	0.95	0.12	0.05	0.05	0.5	0.27	0.05	0.12	0.5	0.27	0.95	0.88	0.12	0.05	0.27	0.12	0.05	0.5	0.5	0.5625	0.2825	0.31875	0.275	0.0725	0.28125	0.3325	0.1675	0.17875	0.3825	0.3025	0.24875	0.29125	0.3325	0.06375	0.35375	0.33875	0.25	0.28625	0.51375	-3.9	0.733333	0.54	0.428571	0.144444	0.1926	0.230667	0.2092	0.214714	0.215978
0.5	0.88	0.88	0.95	0.02	0.73	0.5	0.5	0.73	0.05	0.05	0.73	0.27	0.02	0.12	0.5	0.27	0.02	0.05	0.05	0.57625	0.35125	0.33125	0.2225	0.07625	0.3375	0.4075	0.15875	0.115	0.4425	0.3425	0.3325	0.4525	0.34875	0.06375	0.41	0.3675	0.255	0.34625	0.57	1.9	-1.1	0.94	0.428571	-0.1	0.4964	0.294833	0.1789	0.211243	0.2995
0.5	0.05	0.12	0.02	0.05	0.05	0.5	0.02	0.27	0.27	0.27	0.05	0.5	0.88	0.02	0.05	0.27	0.98	1	0.73	0.57625	0.5125	0.4075	0.2825	0.0725	0.44125	0.37875	0.295	0.23	0.40625	0.315	0.445	0.42375	0.26	0.0675	0.4375	0.34875	0.135	0.20875	0.4575	-1.3	1.46667	-0.6	0.114286	-0.144444	0.1955	0.232967	0.26344	0.298143	0.290922
0.05	0.02	0.01	0	0.05	0.02	0.01	0.01	0.02	0.5	0.99	0.02	0.5	0.95	0.01	0.02	0.05	0.88	0.12	0.27	0.52875	0.4275	0.3925	0.27625	0.05875	0.43625	0.4275	0.35875	0.2575	0.34375	0.21875	0.49625	0.41	0.24625	0.05625	0.35625	0.32	0.14625	0.31375	0.425	3.8	-0.333333	0.1	-1.04286	-0.388889	0.007	0.2094	0.37828	0.350971	0.345944
0.5	0.27	0.12	0.12	0.12	0.5	0.73	0.05	0.05	0.95	0.27	0.27	0.5	0.12	0.05	0.27	0.73	0.02	0.05	0.95	0.44375	0.39625	0.37875	0.26	0.05	0.3725	0.3375	0.3525	0.25375	0.29625	0.35625	0.465	0.48625	0.32125	0.05125	0.2975	0.1875	0.25375	0.3225	0.34	-3.5	-0.0333333	-1.06	-0.542857	-0.388889	0.4257	0.399833	0.35356	0.416843	0.351744
0.73	0.5	0.88	0.5	0.05	0.73	0.88	0.5	0.12	0.05	0.12	0.5	0.73	0.05	0.12	0.95	0.5	0.02	0.05	0.12	0.3675	0.255	0.28375	0.325	0.055	0.34375	0.3475	0.305	0.23625	0.34875	0.34375	0.3325	0.35	0.31625	0.16125	0.28875	0.21625	0.24875	0.2625	0.38375	-0.4	-2.6	-0.88	-0.214286	-0.0444444	0.7668	0.521767	0.4452	0.353814	0.3786
0.5	0.73	0.73	0.5	0.05	0.88	0.5	0.73	0.73	0.05	0.27	0.95	0.12	0.27	0.05	0.27	0.12	0.05	0.73	0.05	0.4525	0.2075	0.255	0.26875	0.0675	0.29625	0.42375	0.27625	0.08375	0.34875	0.325	0.21875	0.4075	0.28875	0.265	0.4025	0.2925	0.245	0.1775	0.40125	-3.9	-1.56667	-0.8	-0.142857	-0.0555556	0.3728	0.597767	0.45484	0.387929	0.361356
0.12	0.02	0.27	0.05	0.01	0.05	0.02	1	0.02	0	0	0.5	0.01	0.01	0.02	0.27	0.05	0.01	0.01	0.01	0.5	0.305	0.41625	0.445	0.0725	0.45625	0.48375	0.35	0.15375	0.32375	0.3275	0.33125	0.365	0.21375	0.2725	0.50625	0.30125	0.13	0.14875	0.3175	-0.4	-0.0333333	-0.26	-0.428571	-0.3	0.6537	0.360567	0.45656	0.435671	0.431911
0.27	0.02	0.02	0.01	0.12	0.02	0.02	0.01	0.02	0.95	0.88	0.02	0.88	0.27	0.02	0.05	0.12	0.02	0.12	0.99	0.50875	0.42625	0.50875	0.45625	0.055	0.57625	0.51625	0.47875	0.26125	0.145	0.10875	0.5075	0.20875	0.065	0.2775	0.54625	0.30125	0.02125	0.12625	0.17625	4.2	1	0.18	-0.428571	-1.11111	0.0552	0.381067	0.37144	0.4935	0.451322
0.5	0.05	0.12	0.95	0.02	0.5	0.5	0.12	0.05	0.02	0.02	0.12	0.02	0.01	1	0.88	0.12	0.01	0.02	0.02	0.42375	0.39125	0.4825	0.325	0.05875	0.45625	0.3675	0.46	0.25375	0.26625	0.2925	0.46375	0.36375	0.1925	0.15125	0.41125	0.225	0.02625	0.1475	0.2975	-0.8	1.73333	0.26	-0.871429	-0.222222	0.4343	0.2769	0.46298	0.409914	0.408522
0.95	0.73	0.5	0.5	0.12	0.5	0.73	0.5	0.12	0.05	0.05	0.27	0.12	0.02	0.88	0.73	0.5	0.02	0.05	0.12	0.33875	0.35375	0.3875	0.38125	0.055	0.45625	0.29125	0.38375	0.26375	0.27125	0.28875	0.445	0.3225	0.2	0.16625	0.43	0.225	0.02875	0.22875	0.285	1.8	-0.833333	-0.36	0.328571	-0.266667	0.3412	0.535333	0.36858	0.362443	0.353367
0.5	0.12	0.95	0.98	0.05	0.5	0.5	0.88	0.12	0.02	0.02	0.5	0.05	0.02	0.05	0.88	0.27	0.02	0.05	0.02	0.4425	0.345	0.255	0.265	0.0725	0.38	0.2725	0.25125	0.17875	0.36	0.32125	0.3125	0.35	0.22875	0.27	0.44	0.3575	0.02875	0.1525	0.40125	-3.5	-1.73333	-0.3	0.271429	0.666667	0.8305	0.451133	0.36564	0.307686	0.346578
0.27	0.99	0.5	0.05	0.02	0.95	0.27	0.05	0.88	0.02	0.12	0.95	0.12	0.02	0.05	0.12	0.12	0.02	0.05	0.12	0.49	0.325	0.2925	0.39	0.08125	0.43625	0.36125	0.23625	0.14375	0.45125	0.3425	0.285	0.37375	0.23375	0.27375	0.535	0.4325	0.03	0.16625	0.50625	-3.5	-0.833333	-0.3	0.314286	1.17778	0.1817	0.3509	0.33286	0.344329	0.315011
0.05	0.02	0.01	0.01	0.05	0.02	0.02	0.01	0.02	0.99	0.88	0.02	0.88	0.88	0.02	0.02	0.12	0.05	0.12	0.95	0.5175	0.44625	0.36625	0.4	0.065	0.55625	0.39625	0.365	0.255	0.2125	0.13875	0.405	0.17125	0.095	0.2775	0.66	0.4325	0.1425	0.145	0.28125	4.5	0.0666667	0.24	1.02857	0.622222	0.0405	0.1642	0.32696	0.335086	0.325489
0.5	0.88	0.5	0.5	0.12	0.73	0.5	0.27	0.27	0.12	0.12	0.5	0.5	0.12	0.12	0.95	0.88	0.05	0.73	0.12	0.41375	0.33875	0.2925	0.22125	0.145	0.42	0.28875	0.31875	0.25125	0.33375	0.29375	0.3925	0.33875	0.28	0.1425	0.44	0.32875	0.175	0.19125	0.3975	-0.8	2.73333	1.78	0.657143	0.566667	0.2704	0.207533	0.23478	0.3077	0.307978
0.88	0.05	0.12	0.05	0.12	0.27	0.12	0.05	0.05	0.73	0.5	0.12	0.27	0.5	0.05	0.5	0.95	0.05	0.12	0.88	0.3575	0.35375	0.2925	0.22125	0.1325	0.42125	0.2475	0.40875	0.26625	0.2525	0.24125	0.4125	0.415	0.23125	0.04375	0.43875	0.26375	0.175	0.2625	0.29	4.5	2.63333	2.32	0.971429	0.322222	0.3117	0.317233	0.22834	0.228586	0.2746
0.27	0.73	0.12	0.12	0.05	0.95	0.5	0.05	0.5	0.73	0.27	0.73	0.27	0.05	0.05	0.27	0.5	0.02	0.12	0.95	0.4625	0.2875	0.23625	0.2	0.1375	0.33625	0.25625	0.31375	0.21	0.2525	0.27	0.3925	0.415	0.2875	0.12875	0.44875	0.32	0.2675	0.2625	0.285	4.2	2.63333	1.16	1.41429	0.277778	0.3696	0.276933	0.27558	0.208457	0.210867
0.27	0.02	0.12	0.05	0.02	0.05	0.05	1	0.05	0.01	0.01	0.05	0.02	0.02	0.02	0.95	0.12	0.95	0.02	0.02	0.49125	0.34375	0.2075	0.29375	0.145	0.42125	0.38875	0.20375	0.17125	0.355	0.3025	0.42125	0.44625	0.295	0.14125	0.45875	0.4625	0.155	0.33125	0.44875	-0.8	0.7	1.24	0.214286	0.277778	0.1495	0.265267	0.22966	0.239371	0.256267
0.12	0.05	0.02	0.01	0.73	0.12	0.12	0.01	0.27	0.12	0.5	0.5	0.98	0.73	0.02	0.05	0.05	0.27	1	0.12	0.51875	0.45625	0.3375	0.36	0.0525	0.52	0.44	0.3325	0.2325	0.22375	0.1375	0.48125	0.27875	0.13	0.145	0.6025	0.47125	0.24	0.285	0.32375	-1.3	-0.833333	-0.44	-0.171429	-0.655556	0.2767	0.155667	0.2187	0.285071	0.319478
0.88	0.02	0.12	0.05	0.02	0.05	0.02	1	0.02	0.01	0.01	0.05	0.5	0.01	0.02	0.27	0.05	0.02	0.01	0.02	0.42375	0.38375	0.26875	0.355	0.12875	0.5	0.405	0.18125	0.23625	0.225	0.18625	0.49	0.33875	0.20625	0.255	0.51875	0.37625	0.26625	0.32	0.32375	-0.4	-1.86667	-1.98	-1.37143	-0.744444	0.0408	0.191467	0.26284	0.3276	0.333733
0.73	0.27	0.5	0.88	0.02	0.5	0.95	0.12	0.12	0.02	0.02	0.95	0.05	0.02	0.73	0.73	0.27	0.73	0.05	0.05	0.395	0.3525	0.20875	0.2475	0.12875	0.44375	0.28	0.2875	0.22375	0.255	0.2325	0.3775	0.42375	0.17625	0.16625	0.41375	0.245	0.1775	0.3625	0.3325	-3.9	-2.6	-2.6	-2.2	-1.04444	0.2569	0.296	0.35482	0.331757	0.352744
0.5	0.73	0.27	0.73	0.05	0.73	0.88	0.12	0.12	0.12	0.12	0.5	0.12	0.05	0.12	0.88	0.88	0.05	0.5	0.5	0.5125	0.21875	0.25625	0.2575	0.13375	0.31125	0.24125	0.29625	0.1675	0.185	0.24875	0.37625	0.44375	0.2	0.25125	0.42375	0.21625	0.26625	0.30625	0.24875	-3.5	-3.76667	-2.66	-1.82857	-1.04444	0.5903	0.485533	0.37922	0.379371	0.352211
0.12	0.95	0.95	0.5	0.02	0.88	0.5	0.05	0.73	0.05	0.05	0.95	0.5	0.27	0.05	0.27	0.12	0.05	0.73	0.05	0.56	0.20375	0.2475	0.39875	0.14125	0.30125	0.31625	0.27125	0.1475	0.2075	0.29	0.32875	0.40875	0.17625	0.37625	0.49125	0.3875	0.15375	0.30875	0.33625	-3.9	-3	-2.22	-1.04286	-0.533333	0.6094	0.5328	0.46762	0.391957	0.429078
0.5	0.27	0.05	0.5	0.02	0.5	0.12	0.05	0.05	0.02	0.02	0.12	0.5	0.01	1	0.5	0.12	0.01	0.02	0.02	0.53125	0.345	0.4825	0.43125	0.16	0.425	0.36375	0.36125	0.2325	0.19875	0.23375	0.40375	0.2925	0.12	0.26125	0.49	0.44375	0.1275	0.27875	0.3275	-1.6	-1.23333	-0.6	-0.442857	-0.433333	0.3987	0.496967	0.4892	0.506314	0.438311
0.5	0.05	0.02	0.02	0.12	0.27	0.05	0.02	0.05	0.98	0.88	0.12	0.5	0.27	0.05	0.12	0.12	0.05	0.5	0.98	0.5125	0.40375	0.53375	0.595	0.15125	0.48125	0.4325	0.33125	0.34	0.0925	0.13125	0.5075	0.245	0.0925	0.44	0.56625	0.52875	0.12625	0.28	0.23875	1.8	1.46667	0.86	0.0571429	-0.744444	0.4828	0.415433	0.5394	0.521014	0.515767
0.98	0.12	0.27	0.05	0.12	0.12	0.12	0.12	0.05	0.27	0.5	0.27	0.5	0.27	0.12	0.5	0.88	0.05	0.12	0.73	0.395	0.37625	0.53125	0.59125	0.2725	0.47125	0.3675	0.31	0.33125	0.185	0.1825	0.40375	0.245	0.0925	0.45	0.5375	0.51875	0.0375	0.3275	0.27	4.2	3.26667	1.56	0.1	-0.7	0.3648	0.562967	0.48948	0.5421	0.546256
0.27	0.12	0.73	0.95	0.05	0.12	0.27	0.73	0.5	0.12	0.27	0.12	0.12	0.05	0.95	0.88	0.73	0.05	0.27	0.27	0.48375	0.31875	0.53125	0.4975	0.28125	0.41375	0.3575	0.225	0.275	0.2225	0.23	0.4225	0.2925	0.12	0.45	0.41375	0.4425	0.03375	0.2525	0.28	3.8	2.53333	1.24	0.157143	-0.7	0.8413	0.521967	0.55732	0.530943	0.539022
0.27	0.5	1	0.27	0.88	0.73	0.12	0.73	0.27	0.02	0.02	0.27	0.05	0.02	0.05	0.27	0.5	0.02	0.05	0.02	0.56	0.1675	0.47	0.63875	0.18125	0.3375	0.4325	0.23375	0.2275	0.2625	0.26125	0.31875	0.25375	0.0925	0.61875	0.5475	0.51875	0.03375	0.195	0.32	-0.4	0.0666667	0.18	-0.114286	-0.0666667	0.3598	0.646333	0.56702	0.549014	0.539311
0.73	0.27	0.5	0.88	0.05	0.27	0.5	0.73	0.88	0.12	0.05	0.88	0.12	0.05	0.5	0.5	0.73	0.05	0.5	0.27	0.53125	0.19625	0.6175	0.53375	0.40625	0.3475	0.385	0.35	0.2075	0.25375	0.26125	0.2425	0.18875	0.09	0.44375	0.5475	0.50875	0.03125	0.1425	0.32	-3.2	-2.36667	-1.36	-0.114286	0.311111	0.7379	0.543	0.5991	0.567471	0.499133
0.27	0.12	0.73	0.88	0.99	0.27	0.5	0.05	0.05	0.05	0.05	0.27	0.05	0.02	0.88	0.88	0.95	0.02	0.05	0.05	0.54125	0.33125	0.60125	0.5375	0.28	0.3475	0.44125	0.43875	0.3675	0.155	0.2425	0.41375	0.1975	0.09375	0.39625	0.51875	0.48125	0.15375	0.24625	0.24	-3.5	-3.4	-1.76	-0.457143	-0.0333333	0.5313	0.598133	0.55324	0.520657	0.464344
0.5	0.27	0.73	0.88	0.05	0.27	0.95	0.05	0.12	0.27	0.27	0.5	0.12	0.05	0.95	0.27	0.12	0.02	0.05	0.12	0.5125	0.36	0.5825	0.59375	0.3975	0.395	0.40375	0.4575	0.3675	0.10875	0.1675	0.41375	0.2175	0.0625	0.435	0.6425	0.50875	0.15375	0.2375	0.2025	-3.5	-1.73333	-1.32	-1.18571	-0.588889	0.5252	0.556167	0.4887	0.424714	0.463578
0.73	0.12	0.73	0.95	0.05	0.88	0.95	0.12	0.12	0.27	0.05	0.27	0.12	0.02	0.5	0.73	0.5	0.02	0.05	0.12	0.465	0.42625	0.50625	0.48125	0.3975	0.4225	0.46125	0.39125	0.32	0.1275	0.195	0.54625	0.265	0.06625	0.4825	0.50875	0.385	0.15375	0.26625	0.2025	1.8	0.0333333	-0.94	-1.24286	-1.44444	0.612	0.391433	0.37506	0.424443	0.431
0.73	0.27	0.73	0.27	0.99	0.12	0.12	0.98	0.5	0.05	0.05	0.12	0.05	0.02	0.05	0.73	0.27	0.02	0.05	0.27	0.4375	0.36	0.50625	0.6425	0.17125	0.44125	0.565	0.22625	0.25375	0.15375	0.19375	0.565	0.27	0.065	0.535	0.50875	0.36625	0.15125	0.2625	0.1825	1.8	0.766667	-0.4	-1.34286	-1.78889	0.0371	0.272933	0.34038	0.397329	0.401767
0.12	0.98	0.12	0.05	0.05	0.27	0.5	0.05	0.5	0.12	0.73	0.88	0.5	0.27	0.05	0.27	0.12	1	0.88	0.12	0.425	0.3625	0.5825	0.5625	0.2825	0.4225	0.47	0.25375	0.15875	0.13125	0.105	0.4225	0.20125	0.02875	0.475	0.51	0.3	0.02375	0.09875	0.16875	-1.3	-0.1	-0.48	-1.34286	-1.93333	0.1697	0.188233	0.34496	0.335243	0.329156
0.98	0.5	0.12	0.5	0.12	0.5	0.27	0.27	0.12	0.12	0.12	0.5	0.73	0.05	0.5	0.88	0.27	0.05	0.05	0.5	0.29875	0.5325	0.4975	0.39875	0.15125	0.39375	0.47	0.2225	0.215	0.14	0.1775	0.5275	0.1725	0.055	0.31125	0.33	0.16875	0.14125	0.19875	0.1175	-0.8	-2	-1.54	-1.48571	-2.04444	0.3579	0.358567	0.2419	0.272271	0.287867
0.12	0.5	0.12	0.12	0.05	0.95	0.73	0.27	0.12	0.27	0.27	0.95	0.5	0.05	0.88	0.27	0.12	0.05	0.5	0.27	0.45375	0.50125	0.40875	0.33875	0.16875	0.30625	0.29625	0.21875	0.2025	0.1975	0.15875	0.41125	0.22	0.055	0.1475	0.40625	0.1875	0.14125	0.1425	0.25625	-3.9	-2.73333	-2.8	-2.38571	-1.45556	0.5481	0.334233	0.25136	0.207657	0.235156
0.05	0.12	1	0.88	0.01	0.12	0.12	0.27	0.12	0.01	0.01	0.27	0.02	0.01	0.02	0.27	0.12	0	0.02	0.01	0.405	0.54875	0.2225	0.21625	0.17	0.3625	0.3775	0.20625	0.2025	0.21125	0.21875	0.49625	0.28	0.06	0.19875	0.34875	0.14	0.1475	0.2025	0.38375	-3.5	-3.96667	-3.44	-2.38571	-1.18889	0.0967	0.243067	0.24936	0.209614	0.186344
0.02	1	0.5	0.02	0	0.27	0.12	0.02	0.12	0.01	0.02	0.5	0.02	0.01	0.02	0.05	0.05	0.01	0.02	0.01	0.32375	0.4075	0.19625	0.29125	0.05375	0.33125	0.365	0.11625	0.1425	0.33	0.32125	0.455	0.38375	0.12	0.195	0.29125	0.1775	0.14625	0.21125	0.46	-4.5	-4.16667	-2.92	-1.6	-0.966667	0.0844	0.1136	0.18794	0.210043	0.187267
0.12	1	0.05	0.02	0.01	0.27	0.27	0.02	0.12	0.12	0.02	0.73	0.05	0.01	0.02	0.05	0.05	0.01	0.02	0.02	0.35875	0.29125	0.2525	0.31875	0.06125	0.3125	0.375	0.11625	0.08625	0.41125	0.32125	0.33125	0.40875	0.1775	0.195	0.29125	0.25375	0.0275	0.135	0.55375	-4.5	-2.4	-1.3	-0.942857	-0.355556	0.1597	0.0983	0.11286	0.1654	0.206456
0.88	0.02	0.02	0.02	0.12	0.02	0.02	0.02	0.02	0.88	0.27	0.02	0.27	0.05	0.02	0.27	0.12	0.02	0.05	1	0.15625	0.35375	0.24375	0.25875	0.15625	0.28375	0.375	0.085	0.09	0.42375	0.3375	0.36	0.32375	0.27625	0.135	0.16	0.22625	0.035	0.24375	0.4875	1.8	0.5	0.16	0.214286	-0.411111	0.0508	0.127733	0.1026	0.136014	0.219044
0.27	0.12	0.12	0.73	0.02	0.5	0.99	0.02	0.12	0.12	0.27	0.27	0.12	0.02	0.05	0.27	0.12	0.02	0.05	0.88	0.2325	0.285	0.21875	0.1575	0.1775	0.11125	0.165	0.0525	0.065	0.595	0.4275	0.21625	0.37125	0.33625	0.02375	0.1325	0.22625	0.035	0.19625	0.53125	4.2	3.26667	1.9	0.528571	0.444444	0.1727	0.0896333	0.1542	0.189514	0.237244
