0.5	0.05	0.05	0.05	0.27	0.12	0.12	0.05	0.05	0.95	0.73	0.12	0.73	0.27	0.12	0.12	0.5	0.05	0.27	0.98	0.31875	0.31	0.3975	0.38	0.165	0.44375	0.44875	0.15625	0.23375	0.33125	0.3675	0.4	0.41875	0.29875	0.1925	0.465	0.39875	0.17625	0.2525	0.33	4.2	2.43333	-0.02	0.271429	0.0333333	0.2435	0.389633	0.48734	0.500486	0.556889
0.5	0.27	0.5	0.27	0.27	0.27	0.27	0.12	0.12	0.27	0.27	0.27	0.27	0.12	0.27	0.73	0.99	0.12	0.12	0.5	0.37625	0.2825	0.4175	0.40875	0.165	0.425	0.4775	0.20375	0.24375	0.34	0.33	0.41	0.38625	0.27	0.1925	0.4775	0.395	0.14	0.2525	0.31375	-0.7	-0.133333	1.24	-0.114286	-0.266667	0.5335	0.4301	0.40422	0.481543	0.520467
0.27	0.88	0.5	0.27	0.05	0.73	0.73	0.12	0.27	0.05	0.12	0.99	0.27	0.05	0.27	0.5	0.27	0.05	0.12	0.12	0.3475	0.1875	0.3325	0.34875	0.1925	0.32	0.36375	0.14375	0.1975	0.4625	0.45625	0.2725	0.4625	0.32625	0.165	0.39875	0.4275	0.1575	0.27125	0.4375	-3.9	-0.6	-0.22	0.271429	0.244444	0.5133	0.4619	0.44488	0.457414	0.467133
0.12	0.05	0.05	0.05	0.12	0.05	0.05	0.05	0.27	0.5	0.5	0.05	0.5	1	0.02	0.12	0.12	0.73	0.95	0.27	0.385	0.2825	0.30375	0.2575	0.21125	0.34875	0.345	0.12125	0.17	0.5225	0.51625	0.3625	0.51875	0.26375	0.16875	0.39875	0.44625	0.07625	0.195	0.53125	2.8	-1.53333	-1.22	0.271429	1.13333	0.3389	0.482467	0.5133	0.436829	0.425956
0.27	0.5	0.5	0.88	0.02	0.88	0.99	0.12	0.5	0.05	0.05	0.73	0.12	0.05	0.27	0.5	0.27	0.05	0.12	0.12	0.36625	0.2175	0.2475	0.1575	0.22375	0.23625	0.2275	0.1125	0.14125	0.59125	0.56	0.26875	0.5475	0.3825	0.1375	0.35125	0.4275	0.1525	0.29875	0.5775	-3.5	-0.5	-0.32	0.314286	1.21111	0.5952	0.506567	0.45616	0.456886	0.408733
0.73	0.27	0.73	0.5	0.27	0.5	0.5	0.5	0.27	0.12	0.12	0.5	0.27	0.12	0.27	0.98	0.73	0.05	0.12	0.12	0.3375	0.27375	0.30375	0.26125	0.1925	0.33125	0.33625	0.12125	0.1975	0.47875	0.475	0.345	0.47125	0.355	0.15625	0.39875	0.39875	0.1525	0.28	0.47	-0.8	-0.166667	1.36	1.05714	0.655556	0.5856	0.4762	0.43028	0.414514	0.432511
0.27	0.12	0.05	0.02	0.27	0.12	0.05	0.02	0.05	0.88	0.98	0.12	0.88	0.5	0.05	0.12	0.27	0.12	0.27	0.73	0.36625	0.36875	0.38875	0.32125	0.165	0.43625	0.45	0.18125	0.24375	0.35625	0.34875	0.4825	0.395	0.29875	0.18375	0.4775	0.36625	0.135	0.26125	0.34625	3.8	2.5	1.7	1.5	0.3	0.2478	0.405767	0.40988	0.406543	0.430089
0.27	0.05	0.05	0.05	0.27	0.05	0.05	0.02	0.05	0.98	0.88	0.05	0.73	0.5	0.05	0.12	0.27	0.05	0.27	0.95	0.3475	0.2825	0.34125	0.29	0.17375	0.3875	0.37375	0.1725	0.32	0.37125	0.38	0.3825	0.41375	0.41125	0.15625	0.43	0.3475	0.2475	0.37125	0.3375	4.5	4.26667	2.24	0.542857	0.588889	0.3839	0.289533	0.38234	0.431229	0.399833
0.27	0.05	0.05	0.05	0.27	0.05	0.05	0.02	0.05	0.98	0.88	0.05	0.73	0.5	0.05	0.12	0.27	0.05	0.27	0.95	0.36625	0.29125	0.35	0.3175	0.165	0.415	0.40125	0.18125	0.30125	0.315	0.32375	0.41	0.36625	0.28875	0.27875	0.44875	0.36625	0.15875	0.25875	0.31875	4.5	2.73333	1.62	0.857143	0.1	0.2369	0.359433	0.36756	0.380629	0.398089
0.73	0.27	0.73	0.5	0.27	0.5	0.5	0.5	0.27	0.12	0.12	0.5	0.27	0.12	0.27	0.98	0.73	0.05	0.12	0.12	0.3375	0.2075	0.20875	0.1575	0.19625	0.26375	0.23625	0.1125	0.2175	0.535	0.50375	0.2775	0.5	0.36375	0.2325	0.29375	0.3375	0.15875	0.29625	0.53	-0.8	-0.0666667	0.6	0.742857	0.955556	0.4575	0.402033	0.3662	0.343143	0.386867
0.27	0.88	0.5	0.27	0.05	0.73	0.73	0.12	0.27	0.05	0.12	0.99	0.27	0.05	0.27	0.5	0.27	0.05	0.12	0.12	0.395	0.13125	0.2375	0.18625	0.22375	0.235	0.2075	0.16	0.2175	0.54375	0.50375	0.21625	0.5	0.3725	0.2325	0.35375	0.395	0.15875	0.29625	0.53	-3.9	-2	-0.62	0.8	0.955556	0.5117	0.4034	0.35406	0.378343	0.392111
0.12	0.12	0.12	0.05	0.12	0.27	0.12	0.05	0.88	0.27	0.27	0.12	0.27	0.95	0.05	0.12	0.12	0.88	1	0.27	0.395	0.2175	0.285	0.2175	0.19625	0.28375	0.28375	0.1725	0.16875	0.46875	0.425	0.31625	0.4525	0.3225	0.25625	0.40125	0.395	0.13125	0.27125	0.45375	-1.3	-2.26667	-0.68	0.0428571	0.844444	0.241	0.358633	0.40552	0.4139	0.382322
0.27	0.12	0.12	0.27	0.05	0.27	0.27	0.12	0.12	0.05	0.05	0.27	0.12	0.02	1	0.27	0.27	0.02	0.05	0.12	0.405	0.245	0.34125	0.2175	0.205	0.31125	0.2925	0.17625	0.2725	0.4075	0.37625	0.325	0.41375	0.39125	0.165	0.45875	0.46625	0.2475	0.37125	0.41625	-1.6	0.433333	-0.68	-0.2	0.266667	0.3232	0.3528	0.44058	0.402871	0.392167
0.5	0.05	0.05	0.05	0.27	0.12	0.12	0.05	0.05	0.95	0.73	0.12	0.73	0.27	0.12	0.12	0.5	0.05	0.27	0.98	0.37625	0.3575	0.40625	0.2725	0.15	0.415	0.39625	0.1975	0.30875	0.17875	0.19625	0.46125	0.28	0.30375	0.3025	0.525	0.4375	0.24375	0.325	0.205	4.2	0.6	0.66	-0.185714	-0.666667	0.4942	0.4834	0.37018	0.405014	0.445678
0.73	0.27	0.73	0.5	0.27	0.5	0.5	0.5	0.27	0.12	0.12	0.5	0.27	0.12	0.27	0.98	0.73	0.05	0.12	0.12	0.29	0.35875	0.2925	0.26375	0.11875	0.415	0.41	0.09375	0.31	0.27375	0.26375	0.4425	0.31875	0.31375	0.28375	0.3575	0.35125	0.24375	0.34375	0.3125	-0.8	2.06667	0.78	-0.185714	-0.966667	0.6328	0.4289	0.41648	0.434557	0.450789
0.12	0.05	0.05	0.05	0.12	0.05	0.05	0.05	0.27	0.5	0.5	0.05	0.5	1	0.02	0.12	0.12	0.73	0.95	0.27	0.36625	0.3675	0.3775	0.34875	0.1375	0.50375	0.485	0.15	0.33875	0.22625	0.21625	0.46625	0.31875	0.20375	0.315	0.465	0.4275	0.1675	0.25875	0.29375	2.8	0.433333	0.32	-0.5	-0.922222	0.1597	0.421667	0.49554	0.472057	0.420422
0.5	0.27	0.5	0.27	0.27	0.27	0.27	0.12	0.12	0.27	0.27	0.27	0.27	0.12	0.27	0.73	0.99	0.12	0.12	0.5	0.395	0.35875	0.3975	0.3775	0.1375	0.505	0.505	0.1975	0.28125	0.23625	0.22625	0.48625	0.3475	0.21	0.31125	0.49625	0.395	0.14	0.2525	0.24625	-0.7	-0.6	-1.22	-0.771429	-0.866667	0.4725	0.450233	0.4974	0.459943	0.452133
0.27	0.88	0.5	0.27	0.05	0.73	0.73	0.12	0.27	0.05	0.12	0.99	0.27	0.05	0.27	0.5	0.27	0.05	0.12	0.12	0.5125	0.30125	0.3975	0.35875	0.22125	0.4475	0.4475	0.245	0.2625	0.29125	0.2725	0.39625	0.36625	0.23125	0.22	0.5825	0.51375	0.1525	0.26125	0.34125	-3.9	-2.7	-1.76	-1.48571	-0.488889	0.7185	0.564833	0.41852	0.464543	0.4572
0.27	0.5	0.5	0.88	0.02	0.88	0.99	0.12	0.5	0.05	0.05	0.73	0.12	0.05	0.27	0.5	0.27	0.05	0.12	0.12	0.48375	0.43375	0.45375	0.33875	0.1975	0.5375	0.51	0.25375	0.29	0.17875	0.205	0.505	0.35625	0.20375	0.23875	0.63	0.485	0.16125	0.26125	0.23375	-3.5	-3.63333	-2.48	-1.11429	-1.34444	0.5035	0.4868	0.49186	0.426829	0.440567
0.27	0.73	0.5	0.5	0.05	0.99	0.88	0.12	0.5	0.05	0.12	0.73	0.5	0.05	0.27	0.5	0.27	0.12	0.27	0.12	0.515	0.405	0.3775	0.33875	0.2225	0.495	0.495	0.25375	0.27125	0.1975	0.215	0.47625	0.30875	0.20375	0.23875	0.59875	0.45625	0.1525	0.2425	0.28125	-3.5	-2.6	-1.98	-2.01429	-1.05556	0.2384	0.422767	0.47112	0.453229	0.3874
0.73	0.27	0.73	0.5	0.27	0.5	0.5	0.5	0.27	0.12	0.12	0.5	0.27	0.12	0.27	0.98	0.73	0.05	0.12	0.12	0.565	0.49	0.3575	0.3475	0.2425	0.58375	0.57	0.2625	0.28125	0.16	0.18625	0.5325	0.30875	0.085	0.27	0.615	0.44625	0.07625	0.1575	0.31	-0.8	-0.833333	-1.9	-1.65714	-1.16667	0.5264	0.377867	0.39632	0.407771	0.421056
0.98	0.27	0.12	0.12	0.5	0.27	0.27	0.5	0.12	0.27	0.27	0.27	0.27	0.12	0.27	0.73	0.5	0.05	0.12	0.5	0.505	0.5475	0.43375	0.42375	0.18625	0.7025	0.675	0.2625	0.3475	0.11375	0.14875	0.61875	0.3375	0.07625	0.27	0.6175	0.385	0.07625	0.17625	0.215	1.8	-0.833333	-0.84	-0.842857	-1.47778	0.3688	0.413233	0.32648	0.371214	0.427844
0.27	0.73	0.5	0.5	0.05	0.99	0.88	0.12	0.5	0.05	0.12	0.73	0.5	0.05	0.27	0.5	0.27	0.12	0.27	0.12	0.56625	0.38625	0.32625	0.345	0.25125	0.53625	0.51375	0.31	0.28125	0.14125	0.1675	0.44375	0.30875	0.17	0.23875	0.59	0.395	0.18625	0.2525	0.25375	-3.5	0.0333333	0.22	-0.842857	-1.14444	0.3445	0.2892	0.37132	0.375514	0.3562
0.98	0.27	0.12	0.12	0.5	0.27	0.27	0.5	0.12	0.27	0.27	0.27	0.27	0.12	0.27	0.73	0.5	0.05	0.12	0.5	0.4775	0.44375	0.37375	0.3925	0.195	0.62625	0.59	0.2625	0.32875	0.11375	0.14875	0.50125	0.3375	0.16125	0.23875	0.56125	0.36625	0.195	0.27125	0.20625	1.8	0.0333333	-0.32	-0.471429	-1.14444	0.1543	0.320467	0.37276	0.351986	0.363778
0.98	0.27	0.12	0.12	0.5	0.27	0.27	0.5	0.12	0.27	0.27	0.27	0.27	0.12	0.27	0.73	0.5	0.05	0.12	0.5	0.535	0.38625	0.4025	0.3925	0.2225	0.565	0.5425	0.31	0.3	0.1225	0.14875	0.4725	0.30875	0.17	0.23875	0.62125	0.42375	0.18625	0.2525	0.20625	1.8	0.0333333	-0.86	-0.857143	-0.844444	0.4626	0.3835	0.31374	0.358457	0.399722
0.27	0.73	0.5	0.5	0.05	0.99	0.88	0.12	0.5	0.05	0.12	0.73	0.5	0.05	0.27	0.5	0.27	0.12	0.27	0.12	0.595	0.30125	0.27	0.28875	0.27875	0.4275	0.41875	0.30125	0.225	0.25375	0.24375	0.3675	0.3375	0.1975	0.22	0.5425	0.42375	0.1775	0.2525	0.36125	-3.5	-0.866667	-0.86	-1.22857	-0.288889	0.5336	0.356633	0.35918	0.386043	0.354967
0.05	0.05	0.02	0.02	0.12	0.12	0.05	0.12	0.12	0.05	0.12	0.05	0.27	0.73	0.02	0.05	0.12	1	0.88	0.05	0.53375	0.3675	0.32125	0.33625	0.24125	0.5175	0.495	0.24125	0.26375	0.33	0.3325	0.43375	0.4425	0.16	0.22375	0.5225	0.41375	0.07625	0.195	0.39875	-0.9	-2.63333	-1.38	-0.128571	-0.0666667	0.0737	0.393	0.4407	0.354486	0.341178
0.27	0.5	0.5	0.88	0.02	0.88	0.99	0.12	0.5	0.05	0.05	0.73	0.12	0.05	0.27	0.5	0.27	0.05	0.12	0.12	0.50625	0.33	0.26125	0.2	0.25375	0.39	0.35875	0.24125	0.1875	0.33	0.34125	0.38125	0.4325	0.245	0.1925	0.46625	0.395	0.18625	0.27125	0.39	-3.5	-1.73333	-0.9	0.157143	-0.111111	0.5717	0.402433	0.3729	0.3674	0.361267
0.73	0.27	0.73	0.5	0.27	0.5	0.5	0.5	0.27	0.12	0.12	0.5	0.27	0.12	0.27	0.98	0.73	0.05	0.12	0.12	0.4175	0.35875	0.30875	0.295	0.19375	0.46625	0.44875	0.19375	0.235	0.3025	0.31375	0.43875	0.41375	0.23625	0.1925	0.4375	0.36625	0.18625	0.27125	0.3425	-0.8	-0.0333333	0.56	-0.657143	-0.4	0.5619	0.419067	0.31512	0.376357	0.403033
0.5	0.05	0.05	0.05	0.27	0.12	0.12	0.05	0.05	0.95	0.73	0.12	0.73	0.27	0.12	0.12	0.5	0.05	0.27	0.98	0.38625	0.3675	0.44125	0.37	0.14625	0.495	0.4775	0.3125	0.2625	0.1675	0.20625	0.4675	0.32875	0.20875	0.1925	0.51625	0.3475	0.195	0.24375	0.17875	4.2	2.4	-0.04	-0.271429	-0.644444	0.1236	0.310067	0.40544	0.375871	0.420389
0.27	0.12	0.05	0.02	0.27	0.12	0.05	0.02	0.05	0.88	0.98	0.12	0.88	0.5	0.05	0.12	0.27	0.12	0.27	0.73	0.415	0.35875	0.44125	0.37375	0.14625	0.495	0.48625	0.31625	0.2625	0.17625	0.175	0.4675	0.31	0.18	0.20125	0.51625	0.37625	0.18625	0.24375	0.21	3.8	1.36667	0.5	-0.2	-0.644444	0.2447	0.297867	0.39714	0.453743	0.422344
0.27	0.88	0.5	0.27	0.05	0.73	0.73	0.12	0.27	0.05	0.12	0.99	0.27	0.05	0.27	0.5	0.27	0.05	0.12	0.12	0.4425	0.26375	0.38875	0.34625	0.1925	0.41	0.40125	0.29125	0.22625	0.39625	0.3775	0.35875	0.44375	0.2075	0.1775	0.4775	0.395	0.07625	0.18625	0.39875	-3.9	-0.3	0.58	-0.2	-0.0444444	0.5253	0.4334	0.40852	0.450814	0.4393
0.73	0.27	0.73	0.5	0.27	0.5	0.5	0.5	0.27	0.12	0.12	0.5	0.27	0.12	0.27	0.98	0.73	0.05	0.12	0.12	0.385	0.36875	0.36	0.27	0.16875	0.4525	0.41625	0.24375	0.22625	0.3875	0.38625	0.42	0.49125	0.19875	0.1775	0.4175	0.3375	0.085	0.205	0.39875	-0.8	-1.7	-0.96	0.557143	-0.0444444	0.5302	0.5581	0.49404	0.402871	0.429
0.5	0.12	0.5	0.27	0.12	0.12	0.12	1	0.12	0.02	0.02	0.12	0.05	0.05	0.12	0.5	0.12	0.12	0.05	0.05	0.35625	0.36875	0.3125	0.27	0.16	0.47125	0.435	0.13375	0.22625	0.39125	0.39	0.43875	0.5	0.195	0.2875	0.38875	0.35625	0.0725	0.205	0.4075	-0.4	-1.56667	-0.82	-0.542857	-0.133333	0.6188	0.566733	0.49036	0.453643	0.4318
0.27	0.73	0.5	0.5	0.05	0.99	0.88	0.12	0.5	0.05	0.12	0.73	0.5	0.05	0.27	0.5	0.27	0.12	0.27	0.12	0.3375	0.34875	0.3975	0.26875	0.14125	0.41	0.3875	0.2525	0.2975	0.275	0.2925	0.38125	0.3675	0.195	0.26875	0.4075	0.29	0.08125	0.25375	0.2825	-3.5	0.2	-0.74	-1.31429	-0.955556	0.5512	0.465433	0.4811	0.502557	0.4421
0.27	0.05	0.05	0.05	0.27	0.05	0.05	0.02	0.05	0.98	0.88	0.05	0.73	0.5	0.05	0.12	0.27	0.05	0.27	0.95	0.3375	0.43375	0.45375	0.325	0.11375	0.5275	0.49125	0.265	0.35375	0.15875	0.1975	0.46625	0.33875	0.13875	0.29625	0.455	0.29	0.09	0.25375	0.17875	4.5	-0.833333	-0.9	-1.21429	-0.955556	0.2263	0.418833	0.49248	0.458414	0.419122
0.27	0.73	0.5	0.5	0.05	0.99	0.88	0.12	0.5	0.05	0.12	0.73	0.5	0.05	0.27	0.5	0.27	0.12	0.27	0.12	0.31875	0.25375	0.42625	0.36	0.14125	0.38125	0.40625	0.27125	0.2975	0.275	0.28	0.29125	0.34	0.195	0.26875	0.4075	0.29	0.0775	0.245	0.27375	-3.5	-0.2	-1.46	-0.557143	-0.911111	0.479	0.4308	0.41198	0.388086	0.422933
0.27	0.12	0.12	0.27	0.05	0.27	0.27	0.12	0.12	0.05	0.05	0.27	0.12	0.02	1	0.27	0.27	0.02	0.05	0.12	0.26125	0.3875	0.445	0.38875	0.11375	0.5325	0.53	0.22375	0.37375	0.26625	0.28875	0.3775	0.41625	0.19	0.1775	0.37625	0.2325	0.09875	0.29125	0.27375	-1.6	-2.76667	-8.88178e-17	-1	-1.21111	0.5871	0.427467	0.30932	0.379629	0.418644
0.12	0.5	0.73	0.27	0.05	0.5	0.5	0.12	1	0.05	0.05	0.27	0.12	0.27	0.12	0.27	0.12	0.12	0.88	0.05	0.25125	0.34	0.3125	0.3575	0.1325	0.50375	0.4925	0.10125	0.255	0.37375	0.40875	0.3775	0.52	0.215	0.27875	0.32875	0.27	0.08625	0.215	0.3675	-3.2	-0.333333	-1.6	-1	-0.744444	0.2163	0.280433	0.37598	0.371114	0.354867
0.27	0.12	0.05	0.02	0.27	0.12	0.05	0.02	0.05	0.88	0.98	0.12	0.88	0.5	0.05	0.12	0.27	0.12	0.27	0.73	0.21375	0.35875	0.46	0.4175	0.105	0.49	0.50125	0.16125	0.4025	0.27	0.28375	0.3675	0.3775	0.18625	0.26875	0.37625	0.28	0.07375	0.2725	0.27375	3.8	-0.966667	-1.6	-1.1	-0.744444	0.0379	0.271267	0.3785	0.345186	0.311733
0.12	0.12	0.73	1	0.05	0.5	0.88	0.27	0.27	0.05	0.02	0.27	0.05	0.05	0.27	0.5	0.27	0.02	0.05	0.05	0.2325	0.3675	0.375	0.29125	0.1325	0.45125	0.3975	0.13	0.375	0.36125	0.41625	0.3575	0.5	0.2425	0.24125	0.32875	0.28	0.095	0.3	0.33125	-3.5	-1.06667	-0.52	-1.1	-0.822222	0.5596	0.363033	0.27004	0.300043	0.346822
0.27	0.73	0.5	0.5	0.05	0.99	0.88	0.12	0.5	0.05	0.12	0.73	0.5	0.05	0.27	0.5	0.27	0.12	0.27	0.12	0.2425	0.20625	0.3475	0.2975	0.16	0.28125	0.3025	0.14	0.29	0.47375	0.48	0.22375	0.4725	0.27	0.2225	0.28125	0.30875	0.07375	0.2725	0.43	-3.5	-1.06667	-0.58	-0.328571	0.0333333	0.4916	0.365333	0.25938	0.293614	0.317578
0.27	0.12	0.05	0.02	0.27	0.12	0.05	0.02	0.05	0.88	0.98	0.12	0.88	0.5	0.05	0.12	0.27	0.12	0.27	0.73	0.2425	0.2825	0.395	0.32625	0.16	0.37125	0.37875	0.14	0.3375	0.47375	0.48875	0.28125	0.52	0.27375	0.13125	0.31	0.30875	0.08625	0.3	0.43	3.8	-1.06667	-0.58	0.728571	0.633333	0.0448	0.233133	0.36022	0.293543	0.255378
0.12	0.5	1	0.73	0.05	0.5	0.5	0.5	0.73	0.05	0.05	0.5	0.12	0.05	0.12	0.73	0.5	0.02	0.12	0.05	0.28	0.29625	0.2475	0.21875	0.1875	0.3525	0.3225	0.08	0.19	0.5775	0.61375	0.31	0.63375	0.3025	0.1225	0.23375	0.29875	0.09	0.22375	0.515	-3.5	1.36667	0.96	0.728571	0.488889	0.163	0.249967	0.29146	0.292029	0.295411
0.27	0.12	0.05	0.02	0.27	0.12	0.05	0.02	0.05	0.88	0.98	0.12	0.88	0.5	0.05	0.12	0.27	0.12	0.27	0.73	0.2425	0.34375	0.45125	0.43	0.1325	0.4475	0.4825	0.17125	0.3025	0.37	0.3775	0.37625	0.435	0.19	0.15875	0.3575	0.3275	0.065	0.1775	0.345	3.8	1.5	2.42	0.585714	-0.322222	0.5421	0.306967	0.1986	0.294457	0.364422
0.5	0.05	0.05	0.05	0.27	0.12	0.12	0.05	0.05	0.95	0.73	0.12	0.73	0.27	0.12	0.12	0.5	0.05	0.27	0.98	0.21375	0.4	0.485	0.3925	0.1325	0.4475	0.42625	0.19625	0.36	0.36125	0.4125	0.405	0.4625	0.21875	0.13125	0.38625	0.3275	0.07375	0.18625	0.31375	4.2	3.93333	0.76	0.585714	-0.322222	0.2158	0.261733	0.30496	0.318371	0.341122
0.27	0.12	0.05	0.02	0.27	0.12	0.05	0.02	0.05	0.88	0.98	0.12	0.88	0.5	0.05	0.12	0.27	0.12	0.27	0.73	0.27125	0.33375	0.485	0.3675	0.16	0.3575	0.35875	0.2	0.3125	0.3975	0.4	0.3475	0.415	0.19875	0.14	0.415	0.44625	0.065	0.1675	0.3925	3.8	1.16667	0.76	-0.457143	-0.0111111	0.0273	0.273233	0.40416	0.361957	0.348378
0.27	0.99	0.5	0.12	0.05	0.73	0.5	0.12	0.5	0.05	0.12	0.88	0.27	0.05	0.12	0.27	0.27	0.05	0.12	0.05	0.2525	0.21625	0.42875	0.35875	0.16875	0.2725	0.3025	0.19125	0.28375	0.45375	0.4475	0.24375	0.44375	0.3175	0.1275	0.39625	0.4275	0.15	0.27125	0.42	-4.5	-1.4	-0.7	-0.0571429	-0.122222	0.5766	0.420967	0.36572	0.418229	0.352711
0.12	0.12	0.73	1	0.05	0.5	0.88	0.27	0.27	0.05	0.02	0.27	0.05	0.05	0.27	0.5	0.27	0.02	0.05	0.05	0.29	0.26875	0.28125	0.16375	0.19625	0.245	0.19875	0.1125	0.2275	0.57	0.56375	0.26375	0.5475	0.37375	0.1	0.29125	0.39875	0.1575	0.29875	0.5325	-3.5	-3.83333	-1.68	-0.2	0.766667	0.659	0.5285	0.43394	0.352757	0.339733
0.12	0.5	1	0.73	0.05	0.5	0.5	0.5	0.73	0.05	0.05	0.5	0.12	0.05	0.12	0.73	0.5	0.02	0.12	0.05	0.31875	0.2125	0.2475	0.20125	0.19625	0.245	0.255	0.0875	0.17	0.57875	0.52875	0.235	0.52	0.345	0.1275	0.2625	0.39875	0.14875	0.29	0.56375	-3.5	-2.56667	-1.88	-0.157143	0.811111	0.3499	0.521933	0.44524	0.328529	0.286344
0.5	0.27	0.5	0.27	0.27	0.27	0.27	0.12	0.12	0.27	0.27	0.27	0.27	0.12	0.27	0.73	0.99	0.12	0.12	0.5	0.3	0.26875	0.395	0.315	0.16875	0.32125	0.33125	0.19125	0.27375	0.4475	0.425	0.31125	0.44375	0.3175	0.1275	0.37	0.36625	0.13625	0.27125	0.4	-0.7	-0.466667	-0.08	-0.1	0.255556	0.5569	0.3302	0.33916	0.333429	0.306578
0.12	0.05	0.05	0.05	0.12	0.05	0.05	0.05	0.27	0.5	0.5	0.05	0.5	1	0.02	0.12	0.12	0.73	0.95	0.27	0.37625	0.315	0.5075	0.37375	0.1875	0.3675	0.38625	0.2125	0.26375	0.3425	0.3075	0.3575	0.33875	0.16	0.18625	0.5225	0.565	0.06	0.14875	0.4	2.8	2.2	1.46	0.428571	-0.244444	0.0838	0.228967	0.21968	0.3079	0.3356
0.27	0.05	0.05	0.05	0.27	0.05	0.05	0.02	0.05	0.98	0.88	0.05	0.73	0.5	0.05	0.12	0.27	0.05	0.27	0.95	0.3575	0.20625	0.45125	0.36125	0.19625	0.29125	0.33	0.20375	0.235	0.38625	0.3675	0.2625	0.38625	0.27875	0.17375	0.50375	0.54625	0.15375	0.2525	0.4	4.5	3.83333	2	0.828571	0.677778	0.0462	0.0638667	0.22928	0.254971	0.3449
0.5	0.05	0.05	0.05	0.27	0.12	0.12	0.05	0.05	0.95	0.73	0.12	0.73	0.27	0.12	0.12	0.5	0.05	0.27	0.98	0.32875	0.20625	0.375	0.2425	0.205	0.25375	0.22625	0.1725	0.31125	0.4175	0.4175	0.235	0.41375	0.42	0.1375	0.45625	0.49875	0.26125	0.37125	0.42375	4.2	2.63333	2	1.87143	0.922222	0.0616	0.168567	0.1756	0.299314	0.343067
0.73	0.27	0.73	0.5	0.27	0.5	0.5	0.5	0.27	0.12	0.12	0.5	0.27	0.12	0.27	0.98	0.73	0.05	0.12	0.12	0.31875	0.13125	0.18	0.12875	0.205	0.1775	0.15	0.06875	0.2075	0.52125	0.49375	0.15875	0.47125	0.435	0.22875	0.29125	0.44125	0.26125	0.38125	0.54	-0.8	0.9	2.2	1.78571	1.13333	0.3979	0.249333	0.2909	0.311543	0.330744
0.5	0.27	0.5	0.27	0.27	0.27	0.27	0.12	0.12	0.27	0.27	0.27	0.27	0.12	0.27	0.73	0.99	0.12	0.12	0.5	0.3475	0.13125	0.20875	0.1575	0.205	0.20625	0.17875	0.11625	0.22625	0.5025	0.475	0.1875	0.47125	0.435	0.22875	0.3225	0.40875	0.2525	0.38125	0.4925	-0.7	0.766667	1.04	1.15714	1.13333	0.2885	0.4489	0.41016	0.333714	0.301356
0.27	0.12	0.05	0.02	0.27	0.12	0.05	0.02	0.05	0.88	0.98	0.12	0.88	0.5	0.05	0.12	0.27	0.12	0.27	0.73	0.4525	0.1775	0.35	0.245	0.22375	0.28125	0.2625	0.185	0.235	0.37875	0.33875	0.2625	0.36625	0.2775	0.2875	0.50625	0.575	0.1675	0.25875	0.445	3.8	0.6	-0.12	0.414286	0.733333	0.6603	0.530433	0.44564	0.368886	0.351722
0.12	0.12	0.12	0.05	0.12	0.27	0.12	0.05	0.88	0.27	0.27	0.12	0.27	0.95	0.05	0.12	0.12	0.88	1	0.27	0.5	0.205	0.3975	0.26875	0.2425	0.29	0.28125	0.19375	0.14	0.36625	0.35125	0.29	0.385	0.17375	0.315	0.5825	0.68375	0.08125	0.14875	0.44625	-1.3	0.3	-0.1	-0.3	0.155556	0.6425	0.513933	0.42454	0.436814	0.363278
0.27	0.12	0.12	0.27	0.05	0.27	0.27	0.12	0.12	0.05	0.05	0.27	0.12	0.02	1	0.27	0.27	0.02	0.05	0.12	0.43375	0.21375	0.4825	0.36	0.22375	0.3375	0.3575	0.2125	0.2625	0.28125	0.29	0.29	0.31875	0.2625	0.215	0.61125	0.63625	0.185	0.24	0.34875	-1.6	-1.2	-0.12	-0.285714	-0.7	0.239	0.3913	0.47426	0.401429	0.3685
0.5	0.27	0.5	0.27	0.27	0.27	0.27	0.12	0.12	0.27	0.27	0.27	0.27	0.12	0.27	0.73	0.99	0.12	0.12	0.5	0.37625	0.1675	0.35	0.30375	0.19625	0.29	0.31	0.15625	0.235	0.3575	0.33875	0.2425	0.3575	0.26875	0.2875	0.44625	0.5175	0.1725	0.25	0.40875	-0.7	-1.03333	-1.02	-0.685714	-0.144444	0.2924	0.356167	0.37224	0.375729	0.344144
0.73	0.27	0.73	0.5	0.27	0.5	0.5	0.5	0.27	0.12	0.12	0.5	0.27	0.12	0.27	0.98	0.73	0.05	0.12	0.12	0.3	0.19625	0.35	0.275	0.16875	0.29	0.31	0.10875	0.32625	0.34875	0.33	0.21375	0.33875	0.2875	0.26875	0.3575	0.44125	0.18125	0.345	0.4	-0.8	-0.733333	-1.46	-0.628571	-0.422222	0.5371	0.326567	0.26546	0.306929	0.347811
0.5	0.27	0.5	0.27	0.27	0.27	0.27	0.12	0.12	0.27	0.27	0.27	0.27	0.12	0.27	0.73	0.99	0.12	0.12	0.5	0.3575	0.1875	0.37875	0.3075	0.16875	0.31875	0.3475	0.16	0.345	0.33875	0.28	0.2425	0.32	0.25875	0.2775	0.38875	0.4375	0.16375	0.345	0.38375	-0.7	-1.66667	-0.3	-0.9	-0.377778	0.1502	0.2653	0.2534	0.261071	0.281244
0.12	0.12	0.73	1	0.05	0.5	0.88	0.27	0.27	0.05	0.02	0.27	0.05	0.05	0.27	0.5	0.27	0.02	0.05	0.05	0.405	0.1975	0.34125	0.21625	0.19625	0.2625	0.2625	0.14125	0.25	0.395	0.34	0.23375	0.37625	0.27375	0.27375	0.4175	0.5275	0.1575	0.3475	0.44	-3.5	0	-0.8	-0.0714286	0.0777778	0.1086	0.145833	0.25922	0.235671	0.217178
0.5	0.05	0.05	0.05	0.27	0.12	0.12	0.05	0.05	0.95	0.73	0.12	0.73	0.27	0.12	0.12	0.5	0.05	0.27	0.98	0.3575	0.25375	0.47375	0.41125	0.165	0.38625	0.4475	0.16875	0.325	0.2825	0.25125	0.31	0.29125	0.25	0.20125	0.49375	0.49875	0.1575	0.32875	0.32375	4.2	-0.833333	0.2	0.428571	-0.133333	0.1787	0.202933	0.16404	0.203314	0.251956
0.12	0.5	0.73	0.27	0.05	0.5	0.5	0.12	1	0.05	0.05	0.27	0.12	0.27	0.12	0.27	0.12	0.12	0.88	0.05	0.405	0.17	0.3325	0.35625	0.1925	0.32	0.38125	0.15125	0.1975	0.48	0.39375	0.2725	0.425	0.26875	0.1825	0.39875	0.485	0.14	0.27125	0.5	-3.2	1.73333	0.9	0.0428571	0.411111	0.3215	0.187133	0.14718	0.205443	0.2539
0.5	0.05	0.05	0.05	0.27	0.12	0.12	0.05	0.05	0.95	0.73	0.12	0.73	0.27	0.12	0.12	0.5	0.05	0.27	0.98	0.38875	0.22625	0.34125	0.33625	0.19375	0.33875	0.4	0.16	0.2975	0.38625	0.3275	0.2625	0.34875	0.26875	0.1825	0.38625	0.40875	0.14875	0.3475	0.43125	4.2	1.26667	0.9	0.742857	0.7	0.0612	0.149533	0.23586	0.228257	0.197122
0.12	0.05	0.05	0.05	0.12	0.05	0.05	0.05	0.27	0.5	0.5	0.05	0.5	1	0.02	0.12	0.12	0.73	0.95	0.27	0.4075	0.2075	0.285	0.305	0.2125	0.32875	0.38125	0.1475	0.26125	0.51875	0.445	0.2525	0.45375	0.225	0.1675	0.31	0.36625	0.06375	0.28125	0.54875	2.8	1.16667	0.9	1.5	1.2	0.0659	0.226367	0.2621	0.216471	0.201733
0.27	0.5	0.5	0.88	0.02	0.88	0.99	0.12	0.5	0.05	0.05	0.73	0.12	0.05	0.27	0.5	0.27	0.05	0.12	0.12	0.4075	0.15125	0.1525	0.11	0.225	0.19625	0.1875	0.12	0.21375	0.575	0.505	0.1675	0.51	0.34	0.2275	0.23375	0.3475	0.14875	0.385	0.57625	-3.5	1.16667	1.9	1.44286	1.41111	0.552	0.309267	0.20302	0.218329	0.2319
0.5	0.05	0.05	0.05	0.27	0.12	0.12	0.05	0.05	0.95	0.73	0.12	0.73	0.27	0.12	0.12	0.5	0.05	0.27	0.98	0.35	0.21625	0.20875	0.21	0.19375	0.29125	0.2875	0.125	0.27	0.45375	0.45125	0.24375	0.4525	0.34125	0.2375	0.28125	0.29	0.1575	0.36625	0.4375	4.2	0.833333	1.82	1.67143	1.36667	0.3099	0.296	0.22912	0.2267	0.228222
0.98	0.27	0.12	0.12	0.5	0.27	0.27	0.5	0.12	0.27	0.27	0.27	0.27	0.12	0.27	0.73	0.5	0.05	0.12	0.5	0.30875	0.1325	0.115	0.17375	0.1925	0.21625	0.2125	0.05625	0.1425	0.655	0.6125	0.1975	0.58625	0.38875	0.21	0.18625	0.30875	0.14875	0.30875	0.61	1.8	3.26667	0.94	1.61429	2.22222	0.0261	0.1759	0.29196	0.238757	0.202633
0.27	0.12	0.05	0.02	0.27	0.12	0.05	0.02	0.05	0.88	0.98	0.12	0.88	0.5	0.05	0.12	0.27	0.12	0.27	0.73	0.36875	0.255	0.18	0.21375	0.19375	0.31125	0.31625	0.125	0.17875	0.46625	0.4475	0.325	0.4525	0.31375	0.25625	0.31	0.30875	0.14	0.27125	0.47375	3.8	1.33333	2.4	1.85714	1.32222	0.1917	0.1993	0.21068	0.242371	0.250944
0.27	0.12	0.12	0.27	0.05	0.27	0.27	0.12	0.12	0.05	0.05	0.27	0.12	0.02	1	0.27	0.27	0.02	0.05	0.12	0.36875	0.26375	0.25625	0.30125	0.2125	0.34875	0.3925	0.14	0.17	0.51375	0.50375	0.33375	0.49125	0.255	0.16875	0.33875	0.3275	0.06375	0.18625	0.5225	-1.6	2	2.46	1.8	0.622222	0.3801	0.239133	0.16694	0.234371	0.303644
0.27	0.12	0.05	0.02	0.27	0.12	0.05	0.02	0.05	0.88	0.98	0.12	0.88	0.5	0.05	0.12	0.27	0.12	0.27	0.73	0.36875	0.21625	0.20875	0.225	0.21625	0.2725	0.3025	0.14	0.1225	0.51375	0.50375	0.27625	0.49125	0.25125	0.26	0.31	0.3275	0.06	0.1775	0.5225	3.8	2.23333	1.32	0.7	1.43333	0.1456	0.205633	0.26092	0.267271	0.259311
0.27	0.05	0.05	0.05	0.27	0.05	0.05	0.02	0.05	0.98	0.88	0.05	0.73	0.5	0.05	0.12	0.27	0.05	0.27	0.95	0.36875	0.225	0.20875	0.22125	0.21625	0.28125	0.3025	0.14	0.1225	0.50125	0.51625	0.285	0.51	0.25125	0.26	0.31	0.3275	0.06875	0.1775	0.495	4.5	1.46667	-0.14	0.985714	1.43333	0.0912	0.244267	0.33062	0.2854	0.248567
0.27	0.88	0.5	0.27	0.05	0.73	0.73	0.12	0.27	0.05	0.12	0.99	0.27	0.05	0.27	0.5	0.27	0.05	0.12	0.12	0.36875	0.12125	0.1525	0.19375	0.24375	0.19625	0.2175	0.1275	0.095	0.6175	0.61125	0.1675	0.5675	0.3075	0.2325	0.2625	0.3275	0.06875	0.19625	0.59875	-3.9	-0.966667	0.94	1.04286	1.43333	0.496	0.3758	0.2852	0.288471	0.310478
0.12	0.12	0.73	1	0.05	0.5	0.88	0.27	0.27	0.05	0.02	0.27	0.05	0.05	0.27	0.5	0.27	0.02	0.05	0.05	0.445	0.235	0.20875	0.1625	0.24375	0.2725	0.255	0.16875	0.1225	0.5225	0.51625	0.305	0.51875	0.26	0.26	0.37	0.385	0.06375	0.18625	0.53125	-3.5	-1.2	1.02	1.52857	0.922222	0.5402	0.3964	0.29872	0.3175	0.352522
0.27	0.12	0.05	0.02	0.27	0.12	0.05	0.02	0.05	0.88	0.98	0.12	0.88	0.5	0.05	0.12	0.27	0.12	0.27	0.73	0.48375	0.25375	0.37	0.31375	0.24375	0.34875	0.3875	0.2475	0.16875	0.4275	0.405	0.3525	0.43375	0.21625	0.19625	0.50625	0.4425	0.055	0.1675	0.44625	3.8	1.5	0.48	0.871429	1.01111	0.153	0.302133	0.39714	0.378143	0.352744
0.5	0.05	0.05	0.05	0.27	0.12	0.12	0.05	0.05	0.95	0.73	0.12	0.73	0.27	0.12	0.12	0.5	0.05	0.27	0.98	0.455	0.3575	0.42625	0.34125	0.21625	0.425	0.46375	0.25625	0.19625	0.315	0.32875	0.46125	0.37625	0.18875	0.215	0.55375	0.41375	0.055	0.14875	0.33875	4.2	3.26667	1.1	0.114286	0.155556	0.2132	0.3165	0.41196	0.4197	0.418467
0.98	0.27	0.12	0.12	0.5	0.27	0.27	0.5	0.12	0.27	0.27	0.27	0.27	0.12	0.27	0.73	0.5	0.05	0.12	0.5	0.37625	0.33875	0.5025	0.45125	0.16	0.4625	0.54875	0.23125	0.215	0.28375	0.27875	0.47	0.34875	0.15125	0.22375	0.525	0.41375	0.05125	0.14	0.28625	1.8	1.73333	1.64	0.114286	-0.733333	0.5833	0.455533	0.38034	0.454143	0.471311
0.73	0.27	0.73	0.5	0.27	0.5	0.5	0.5	0.27	0.12	0.12	0.5	0.27	0.12	0.27	0.98	0.73	0.05	0.12	0.12	0.43625	0.235	0.37	0.37625	0.21625	0.3575	0.44375	0.2225	0.16875	0.415	0.37375	0.3325	0.40625	0.17875	0.205	0.44625	0.41375	0.05125	0.15875	0.44125	-0.8	0.0666667	0.1	0.114286	0.166667	0.5701	0.511833	0.49716	0.457943	0.460689
0.73	0.27	0.73	0.5	0.27	0.5	0.5	0.5	0.27	0.12	0.12	0.5	0.27	0.12	0.27	0.98	0.73	0.05	0.12	0.12	0.455	0.33	0.34125	0.285	0.21625	0.38625	0.425	0.20375	0.16875	0.415	0.38625	0.4225	0.43375	0.17875	0.205	0.44625	0.41375	0.055	0.1675	0.45	-0.8	-1.83333	-1.44	0.171429	0.122222	0.3821	0.5631	0.56788	0.493286	0.467222
0.27	0.88	0.5	0.27	0.05	0.73	0.73	0.12	0.27	0.05	0.12	0.99	0.27	0.05	0.27	0.5	0.27	0.05	0.12	0.12	0.57	0.2725	0.455	0.37375	0.24375	0.405	0.4525	0.31125	0.19625	0.32875	0.27875	0.40875	0.3575	0.14	0.2325	0.61375	0.52875	0.04625	0.14875	0.37375	-3.9	-2.73333	-0.96	-0.985714	-0.388889	0.7371	0.562	0.5313	0.5484	0.518444
0.12	0.12	0.73	1	0.05	0.5	0.88	0.27	0.27	0.05	0.02	0.27	0.05	0.05	0.27	0.5	0.27	0.02	0.05	0.05	0.58875	0.395	0.4825	0.31	0.24375	0.4525	0.4525	0.30125	0.205	0.24375	0.23375	0.5175	0.3275	0.12125	0.25125	0.69	0.59	0.05875	0.13875	0.3225	-3.5	-1.06667	-1.58	-1.35714	-0.933333	0.5668	0.5681	0.53708	0.552786	0.534289
0.5	0.05	0.05	0.05	0.27	0.12	0.12	0.05	0.05	0.95	0.73	0.12	0.73	0.27	0.12	0.12	0.5	0.05	0.27	0.98	0.43375	0.385	0.5675	0.42	0.16875	0.5	0.52875	0.2725	0.3275	0.13125	0.145	0.5175	0.2425	0.1975	0.2425	0.66125	0.51375	0.15875	0.22125	0.1775	4.2	-1.06667	-1.58	-1.34286	-1.27778	0.4004	0.522067	0.58346	0.522171	0.492922
0.27	0.88	0.5	0.27	0.05	0.73	0.73	0.12	0.27	0.05	0.12	0.99	0.27	0.05	0.27	0.5	0.27	0.05	0.12	0.12	0.43375	0.28125	0.4825	0.36375	0.19625	0.395	0.42375	0.21625	0.28125	0.2625	0.24	0.38	0.3	0.225	0.22375	0.5825	0.575	0.1675	0.24	0.3325	-3.9	-0.166667	-0.94	-1.41429	-1.26667	0.599	0.5378	0.5072	0.497729	0.480422
0.73	0.27	0.73	0.5	0.27	0.5	0.5	0.5	0.27	0.12	0.12	0.5	0.27	0.12	0.27	0.98	0.73	0.05	0.12	0.12	0.3475	0.3575	0.425	0.30625	0.16875	0.395	0.42375	0.12125	0.2625	0.2725	0.25875	0.4125	0.3	0.21625	0.22375	0.49125	0.55	0.17625	0.24	0.38	-0.8	-1.8	-0.5	-0.957143	-1.25556	0.614	0.522933	0.43604	0.4578	0.493344
0.5	0.27	0.5	0.27	0.27	0.27	0.27	0.12	0.12	0.27	0.27	0.27	0.27	0.12	0.27	0.73	0.99	0.12	0.12	0.5	0.3575	0.2625	0.40625	0.3075	0.1775	0.36625	0.37625	0.16	0.3575	0.28125	0.25875	0.3325	0.3	0.32875	0.19625	0.475	0.49875	0.27125	0.35	0.35125	-0.7	-0.933333	-1.48	-0.557143	-0.966667	0.3558	0.3936	0.44748	0.448029	0.431378
0.12	0.12	0.12	0.05	0.12	0.27	0.12	0.05	0.88	0.27	0.27	0.12	0.27	0.95	0.05	0.12	0.12	0.88	1	0.27	0.42375	0.39	0.425	0.225	0.19625	0.395	0.3475	0.15	0.29125	0.28125	0.27125	0.4275	0.3275	0.225	0.205	0.5225	0.6075	0.18	0.24875	0.38	-1.3	-0.9	-0.84	-1.34286	-1.07778	0.211	0.341467	0.42736	0.416457	0.427289
0.5	0.27	0.5	0.27	0.27	0.27	0.27	0.12	0.12	0.27	0.27	0.27	0.27	0.12	0.27	0.73	0.99	0.12	0.12	0.5	0.32875	0.4275	0.4625	0.225	0.15	0.4425	0.37625	0.15	0.505	0.16875	0.18625	0.4275	0.25125	0.32875	0.1775	0.465	0.45125	0.28375	0.435	0.235	-0.7	-0.9	-0.94	-1.42857	-1.9	0.4576	0.389	0.34044	0.4066	0.414133
0.5	0.27	0.5	0.27	0.27	0.27	0.27	0.12	0.12	0.27	0.27	0.27	0.27	0.12	0.27	0.73	0.99	0.12	0.12	0.5	0.32875	0.32375	0.40625	0.1975	0.1775	0.3575	0.29125	0.1375	0.4775	0.285	0.28125	0.31	0.30875	0.385	0.15	0.4175	0.45125	0.28375	0.45375	0.33875	-0.7	-0.9	-1.7	-1.77143	-0.966667	0.4984	0.378467	0.37528	0.359171	0.349978
0.12	0.12	0.12	0.05	0.12	0.27	0.12	0.05	0.88	0.27	0.27	0.12	0.27	0.95	0.05	0.12	0.12	0.88	1	0.27	0.31875	0.32375	0.36875	0.165	0.19625	0.31	0.25375	0.08625	0.355	0.38	0.38875	0.28125	0.385	0.32875	0.15	0.38625	0.5025	0.1975	0.3625	0.44375	-1.3	-2.16667	-2.08	-1.02857	-0.455556	0.1794	0.4026	0.38948	0.311429	0.2923
0.27	0.99	0.5	0.12	0.05	0.73	0.5	0.12	0.5	0.05	0.12	0.88	0.27	0.05	0.12	0.27	0.27	0.05	0.12	0.05	0.27125	0.305	0.32125	0.1375	0.1775	0.31	0.235	0.0775	0.45	0.38	0.38875	0.2625	0.385	0.4325	0.1225	0.31	0.39375	0.2925	0.4725	0.415	-4.5	-3	-1.04	-0.3	-0.877778	0.53	0.330467	0.30228	0.294843	0.301989
0.12	0.5	0.73	0.27	0.05	0.5	0.5	0.12	1	0.05	0.05	0.27	0.12	0.27	0.12	0.27	0.12	0.12	0.88	0.05	0.28125	0.3575	0.28	0.115	0.1775	0.32	0.22625	0.08625	0.2925	0.3525	0.37875	0.33	0.40375	0.3775	0.11875	0.30125	0.4125	0.29875	0.3625	0.3875	-3.2	-1.06667	-0.14	-0.842857	-0.833333	0.282	0.277867	0.22158	0.292757	0.282544
0.27	0.05	0.05	0.05	0.27	0.05	0.05	0.02	0.05	0.98	0.88	0.05	0.73	0.5	0.05	0.12	0.27	0.05	0.27	0.95	0.23375	0.38625	0.30875	0.115	0.15	0.34875	0.255	0.08625	0.4025	0.325	0.35125	0.33	0.385	0.39625	0.1	0.24375	0.30375	0.29875	0.4575	0.33125	4.5	1.7	-0.78	-0.871429	-0.255556	0.0216	0.132833	0.2743	0.2267	0.235022
0.27	0.12	0.05	0.02	0.27	0.12	0.05	0.02	0.05	0.88	0.98	0.12	0.88	0.5	0.05	0.12	0.27	0.12	0.27	0.73	0.18625	0.35875	0.3375	0.21	0.1225	0.36875	0.33125	0.105	0.42125	0.31	0.3075	0.32125	0.33875	0.3875	0.1	0.215	0.21375	0.2775	0.44875	0.3025	3.8	1.26667	-0.06	-0.0428571	-0.566667	0.0949	0.1865	0.1755	0.205343	0.225267
0.27	0.99	0.5	0.12	0.05	0.73	0.5	0.12	0.5	0.05	0.12	0.88	0.27	0.05	0.12	0.27	0.27	0.05	0.12	0.05	0.18625	0.25	0.28125	0.1975	0.15	0.2925	0.275	0.0925	0.365	0.41375	0.415	0.22625	0.415	0.44375	0.09125	0.19625	0.21375	0.28625	0.4675	0.3875	-4.5	-0.533333	1.48	0.1	-0.566667	0.443	0.1913	0.12508	0.188286	0.245711
0.05	0.05	0.02	0.02	0.12	0.12	0.05	0.12	0.12	0.05	0.12	0.05	0.27	0.73	0.02	0.05	0.12	1	0.88	0.05	0.21375	0.2775	0.29375	0.20125	0.16875	0.34	0.28375	0.08375	0.365	0.49875	0.51	0.25375	0.505	0.415	0.10375	0.22375	0.2325	0.195	0.39125	0.4725	-0.9	-0.3	-0.12	0.371429	0.144444	0.036	0.169633	0.20288	0.199914	0.190311
0.27	0.05	0.05	0.05	0.27	0.05	0.05	0.02	0.05	0.98	0.88	0.05	0.73	0.5	0.05	0.12	0.27	0.05	0.27	0.95	0.205	0.30625	0.26125	0.22625	0.15	0.41	0.33125	0.09625	0.31125	0.3825	0.42375	0.31125	0.495	0.41625	0.11875	0.24375	0.2325	0.31375	0.39125	0.36875	4.5	0.0333333	-1.14	-3.17207e-17	0.111111	0.0299	0.158833	0.25658	0.201314	0.171711
0.12	0.12	0.73	1	0.05	0.5	0.88	0.27	0.27	0.05	0.02	0.27	0.05	0.05	0.27	0.5	0.27	0.02	0.05	0.05	0.205	0.35375	0.295	0.1925	0.15	0.41	0.28375	0.125	0.36875	0.3825	0.4275	0.34	0.50375	0.41625	0.1	0.2725	0.26125	0.31375	0.4	0.36875	-3.5	-0.1	0.14	-1.04286	-0.777778	0.4106	0.267967	0.17426	0.204129	0.227978
0.12	0.12	0.12	0.05	0.12	0.27	0.12	0.05	0.88	0.27	0.27	0.12	0.27	0.95	0.05	0.12	0.12	0.88	1	0.27	0.205	0.35375	0.37125	0.31125	0.14125	0.43875	0.37875	0.1525	0.2925	0.355	0.39625	0.35875	0.47625	0.30375	0.1275	0.32	0.28	0.20625	0.28125	0.34125	-1.3	-0.966667	-0.38	-0.9	-0.777778	0.3634	0.268467	0.18998	0.216271	0.255144
0.27	0.27	0.12	0.05	0.27	0.5	0.12	0.05	0.12	0.73	0.88	0.27	0.99	0.5	0.12	0.27	0.27	0.27	0.27	0.73	0.18625	0.22625	0.315	0.29875	0.15	0.33375	0.3225	0.14	0.33125	0.40125	0.4275	0.245	0.4625	0.41625	0.11	0.2825	0.26125	0.29125	0.39125	0.36875	1.9	-0.966667	-1.98	-0.228571	0.144444	0.0314	0.1698	0.2896	0.259614	0.241889
0.27	0.73	0.5	0.5	0.05	0.99	0.88	0.12	0.5	0.05	0.12	0.73	0.5	0.05	0.27	0.5	0.27	0.12	0.27	0.12	0.21375	0.225	0.3275	0.35	0.165	0.3675	0.345	0.13125	0.33125	0.48625	0.51375	0.2725	0.505	0.3875	0.1225	0.31	0.28	0.19125	0.29625	0.45375	-3.5	-1.7	-0.52	-0.328571	-0.144444	0.1146	0.224667	0.27536	0.301586	0.321989
0.12	0.5	1	0.73	0.05	0.5	0.5	0.5	0.73	0.05	0.05	0.5	0.12	0.05	0.12	0.73	0.5	0.02	0.12	0.05	0.26125	0.25375	0.265	0.32125	0.165	0.4375	0.40125	0.0875	0.3025	0.4825	0.50375	0.31	0.5525	0.35875	0.15	0.28125	0.28	0.20375	0.315	0.46625	-3.5	-1.06667	0.5	-0.328571	-0.177778	0.528	0.327333	0.26742	0.351057	0.338433
0.27	0.12	0.05	0.02	0.27	0.12	0.05	0.02	0.05	0.88	0.98	0.12	0.88	0.5	0.05	0.12	0.27	0.12	0.27	0.73	0.31875	0.32	0.38375	0.3475	0.165	0.485	0.41	0.17625	0.3875	0.3875	0.4	0.38625	0.485	0.31125	0.15875	0.4175	0.36625	0.195	0.305	0.39	3.8	1.36667	-0.58	0.457143	0.122222	0.3394	0.397033	0.41252	0.324557	0.347089
0.27	0.12	0.05	0.02	0.27	0.12	0.05	0.02	0.05	0.88	0.98	0.12	0.88	0.5	0.05	0.12	0.27	0.12	0.27	0.73	0.395	0.33875	0.46	0.40375	0.18375	0.51375	0.4575	0.2325	0.31125	0.36875	0.38125	0.43375	0.485	0.2075	0.18625	0.525	0.4425	0.09125	0.195	0.37125	3.8	1.36667	0.96	0.0714286	0.177778	0.3237	0.473333	0.42518	0.389857	0.390644
0.27	0.5	0.5	0.88	0.02	0.88	0.99	0.12	0.5	0.05	0.05	0.73	0.12	0.05	0.27	0.5	0.27	0.05	0.12	0.12	0.42375	0.29125	0.45125	0.32375	0.215	0.39	0.35875	0.22875	0.255	0.415	0.42125	0.3575	0.49	0.21625	0.1775	0.535	0.5325	0.08125	0.195	0.41875	-3.5	1.5	1.5	0.457143	-0.111111	0.7569	0.4195	0.41728	0.4814	0.464667
0.5	0.05	0.05	0.05	0.27	0.12	0.12	0.05	0.05	0.95	0.73	0.12	0.73	0.27	0.12	0.12	0.5	0.05	0.27	0.98	0.37625	0.27125	0.53625	0.49	0.18375	0.42375	0.4675	0.25625	0.2825	0.3025	0.32375	0.37625	0.3575	0.18875	0.19625	0.5825	0.50375	0.06875	0.14875	0.3025	4.2	-0.0333333	0.58	0.857143	-0.111111	0.1779	0.474433	0.50048	0.505629	0.515322
0.73	0.27	0.73	0.5	0.27	0.5	0.5	0.5	0.27	0.12	0.12	0.5	0.27	0.12	0.27	0.98	0.73	0.05	0.12	0.12	0.36625	0.29125	0.38875	0.37625	0.18375	0.405	0.44875	0.1525	0.1975	0.40625	0.40875	0.39	0.43375	0.2075	0.19625	0.44625	0.44625	0.0725	0.1675	0.41875	-0.8	0.866667	-0.32	-0.185714	-0.155556	0.4885	0.473933	0.57526	0.538643	0.503911
0.73	0.27	0.73	0.5	0.27	0.5	0.5	0.5	0.27	0.12	0.12	0.5	0.27	0.12	0.27	0.98	0.73	0.05	0.12	0.12	0.36625	0.29125	0.38875	0.37625	0.18375	0.405	0.44875	0.1525	0.1975	0.40625	0.40875	0.39	0.43375	0.2075	0.19625	0.44625	0.44625	0.0725	0.1675	0.41875	-0.8	-0.766667	-0.32	-1.28571	-0.155556	0.7554	0.647167	0.53798	0.553157	0.483144
0.5	0.27	0.5	0.27	0.27	0.27	0.27	0.12	0.12	0.27	0.27	0.27	0.27	0.12	0.27	0.73	0.99	0.12	0.12	0.5	0.395	0.33875	0.47375	0.5125	0.1525	0.52875	0.595	0.2125	0.2725	0.28375	0.27375	0.495	0.33875	0.15125	0.22375	0.525	0.41375	0.055	0.14875	0.295	-0.7	-1.66667	-1.94	-0.242857	-0.966667	0.6976	0.6745	0.58746	0.466814	0.503856
0.12	0.12	0.73	1	0.05	0.5	0.88	0.27	0.27	0.05	0.02	0.27	0.05	0.05	0.27	0.5	0.27	0.02	0.05	0.05	0.4425	0.30125	0.38875	0.3175	0.21125	0.39625	0.40125	0.18125	0.1975	0.4275	0.40875	0.41	0.4425	0.21625	0.19625	0.50625	0.50375	0.0675	0.17625	0.455	-3.5	-2.7	-1.02	-1.34286	-0.0777778	0.5705	0.564467	0.52026	0.514271	0.474333
0.27	0.88	0.5	0.27	0.05	0.73	0.73	0.12	0.27	0.05	0.12	0.99	0.27	0.05	0.27	0.5	0.27	0.05	0.12	0.12	0.37625	0.2625	0.53625	0.49375	0.18375	0.415	0.4675	0.25625	0.2825	0.315	0.31125	0.3675	0.33875	0.18875	0.19625	0.5825	0.50375	0.06	0.14875	0.33	-3.9	-1.2	-1.56	-0.585714	-0.933333	0.4253	0.382767	0.4712	0.514657	0.536622
0.27	0.12	0.05	0.02	0.27	0.12	0.05	0.02	0.05	0.88	0.98	0.12	0.88	0.5	0.05	0.12	0.27	0.12	0.27	0.73	0.3	0.38625	0.5925	0.49625	0.12875	0.49125	0.5525	0.22125	0.40125	0.2025	0.195	0.4475	0.24375	0.15125	0.205	0.54125	0.4275	0.06	0.225	0.245	3.8	-1.2	-0.52	-0.971429	-1.2	0.1525	0.362633	0.42992	0.512243	0.574722
