0.5	0.27	0.5	0.27	0.27	0.27	0.27	0.27	0.12	0.27	0.12	0.27	0.27	0.12	0.27	0.88	0.99	0.05	0.12	0.27	0.5	0.225	0.45875	0.275	0.1775	0.31	0.24375	0.4075	0.20625	0.39625	0.3675	0.3575	0.3475	0.1975	0.25	0.52125	0.47375	0.05125	0.14875	0.4125	-0.7	2.53333	0.68	0.314286	-0.366667	0.2759	0.146333	0.2486	0.341743	0.433111
0.27	0.05	0.05	0.02	0.27	0.05	0.05	0.02	0.05	0.95	0.88	0.05	0.73	0.5	0.05	0.12	0.27	0.05	0.27	0.95	0.605	0.3475	0.61	0.3825	0.18625	0.36625	0.3	0.4575	0.23375	0.32	0.28125	0.41375	0.29	0.15	0.1675	0.645	0.56375	0.055	0.13875	0.3275	4.5	0.1	0.74	-0.128571	0.0111111	0.0603	0.181233	0.19448	0.307214	0.353844
0.73	0.27	1	0.73	0.12	0.5	0.27	0.5	0.5	0.05	0.05	0.5	0.12	0.05	0.12	0.73	0.5	0.02	0.12	0.12	0.51875	0.34875	0.43375	0.265	0.18625	0.31	0.24375	0.35	0.15875	0.42375	0.37625	0.405	0.3475	0.1975	0.25	0.5375	0.50625	0.055	0.14875	0.43125	-3.5	0.2	-0.8	0.228571	-0.0777778	0.2075	0.1979	0.29024	0.252114	0.322578
0.73	0.27	0.95	0.27	0.12	0.27	0.27	0.88	0.27	0.27	0.5	0.27	0.27	0.12	0.12	0.73	0.5	0.05	0.12	0.27	0.46125	0.32125	0.38375	0.30375	0.15875	0.32	0.225	0.275	0.16	0.4725	0.33875	0.415	0.31	0.18	0.34125	0.4525	0.4175	0.0475	0.14	0.4125	-0.4	-2.6	-0.3	-0.542857	0.5	0.3259	0.371667	0.27722	0.314843	0.310522
0.27	0.5	0.27	0.12	0.05	0.5	0.27	0.95	0.12	0.73	0.27	0.95	0.27	0.12	0.12	0.27	0.27	0.05	0.12	0.5	0.51875	0.32	0.4775	0.335	0.14875	0.38625	0.2525	0.27	0.1875	0.415	0.35875	0.3575	0.31	0.15125	0.35	0.51	0.44625	0.0475	0.14	0.375	-3.9	-0.833333	-1.52	0.2	0.544444	0.5816	0.372767	0.37354	0.345143	0.320211
0.88	0.88	0.88	0.88	0.12	0.5	0.5	0.27	0.27	0.12	0.12	0.5	0.12	0.05	0.12	0.5	0.27	0.05	0.12	0.12	0.49	0.2725	0.3725	0.24	0.14	0.415	0.28125	0.355	0.1875	0.49125	0.39625	0.41375	0.32875	0.26375	0.35	0.43375	0.35625	0.075	0.1875	0.4225	1.8	-1.23333	0.08	0.157143	0.822222	0.2108	0.444767	0.42964	0.363671	0.315867
0.5	0.5	0.27	0.27	0.12	0.5	0.27	0.12	0.12	0.05	0.05	0.88	0.12	0.05	1	0.73	0.5	0.02	0.05	0.12	0.5375	0.3475	0.47625	0.32875	0.12125	0.4425	0.3375	0.38625	0.29125	0.415	0.32875	0.39375	0.27125	0.31125	0.2675	0.42375	0.3275	0.1825	0.2875	0.3375	-1.6	1.56667	1	0.914286	0.177778	0.5419	0.413567	0.40246	0.367857	0.3281
0.27	0.05	0.05	0.12	0.05	0.12	0.12	0.05	0.05	0.73	0.27	0.12	0.12	0.05	1	0.27	0.27	0.02	0.05	0.27	0.59375	0.385	0.4125	0.29	0.14875	0.46125	0.35625	0.455	0.2525	0.33875	0.31	0.46	0.29	0.32	0.28625	0.4525	0.3275	0.195	0.2875	0.3375	4.5	2.36667	2.14	0.785714	0.766667	0.488	0.406633	0.3335	0.345643	0.327856
0.27	0.27	0.12	0.12	0.12	0.88	0.27	0.05	0.12	0.88	0.88	0.27	0.73	0.27	0.12	0.12	0.27	0.12	0.27	0.88	0.62125	0.38625	0.31875	0.29	0.14	0.395	0.41375	0.37875	0.24375	0.30125	0.18625	0.5175	0.21375	0.28375	0.415	0.47125	0.3275	0.1825	0.26	0.26125	4.2	3.5	1.52	1.6	0.422222	0.19	0.304933	0.32542	0.291886	0.311378
0.88	0.27	0.27	0.27	0.27	0.5	0.73	0.27	0.27	0.27	0.27	0.27	0.27	0.95	0.27	0.5	0.27	0.27	0.5	0.27	0.545	0.33875	0.26875	0.25875	0.14875	0.395	0.32875	0.235	0.21625	0.39625	0.35125	0.405	0.3475	0.24625	0.3875	0.405	0.3275	0.1725	0.25	0.385	1.8	1.56667	2.2	0.842857	1.27778	0.2368	0.199067	0.2581	0.287143	0.253478
0.27	0.27	0.27	0.12	0.12	0.27	0.27	0.12	0.73	0.27	0.27	0.27	0.27	0.88	0.27	0.27	0.27	0.88	1	0.27	0.6025	0.24375	0.17375	0.1825	0.18625	0.37625	0.33875	0.235	0.14	0.49125	0.44625	0.3575	0.42375	0.2825	0.3875	0.43375	0.40375	0.105	0.1875	0.46125	-1.3	0.766667	0.6	1.61429	1.57778	0.1704	0.204167	0.19602	0.218371	0.240511
0.95	0.12	0.27	0.27	0.27	0.27	0.27	0.98	0.12	0.12	0.12	0.27	0.27	0.12	0.27	0.5	0.27	0.12	0.12	0.27	0.57375	0.215	0.155	0.13625	0.27625	0.32875	0.32	0.14625	0.21625	0.5375	0.4925	0.2625	0.4425	0.49	0.2775	0.37625	0.375	0.23125	0.35375	0.48	1.8	-1	0.52	1.61429	1.95556	0.2053	0.184433	0.17012	0.1621	0.1914
0.95	0.5	0.27	0.27	0.12	0.5	0.88	0.27	0.27	0.12	0.12	0.88	0.27	0.05	0.27	0.73	0.5	0.05	0.12	0.27	0.65875	0.17625	0.1825	0.13625	0.3225	0.31875	0.2625	0.2625	0.20625	0.50875	0.4925	0.205	0.46125	0.5075	0.18625	0.42375	0.375	0.24375	0.3625	0.55625	-3.5	0.7	1.06	1.27143	1.65556	0.1776	0.1478	0.14158	0.149229	0.149533
0.27	0.12	0.02	0.02	0.27	0.12	0.05	0.02	0.05	0.88	0.98	0.05	0.88	0.5	0.05	0.12	0.27	0.12	0.27	0.88	0.74375	0.3	0.3175	0.215	0.295	0.3475	0.45125	0.3025	0.34125	0.31	0.28125	0.36625	0.30875	0.42375	0.21375	0.5475	0.40375	0.22625	0.34375	0.37625	3.8	1.6	1.68	1.27143	0.688889	0.0605	0.110733	0.12748	0.131286	0.1718
0.73	0.12	0.12	0.12	0.27	0.12	0.12	0.12	0.12	0.88	0.88	0.12	0.73	0.27	0.12	0.5	0.88	0.12	0.12	0.73	0.59125	0.3	0.305	0.18375	0.2675	0.31875	0.385	0.2625	0.42375	0.3675	0.29375	0.33875	0.3275	0.39625	0.1775	0.4525	0.30875	0.22625	0.4225	0.395	4.5	3.36667	1.68	0.814286	0.988889	0.0941	0.0848333	0.10866	0.162714	0.171956
0.95	0.12	0.12	0.05	0.99	0.12	0.12	0.27	0.12	0.27	0.27	0.12	0.27	0.95	0.12	0.5	0.27	0.27	0.5	0.27	0.5925	0.3	0.28625	0.1925	0.19625	0.395	0.385	0.235	0.3475	0.52	0.39875	0.33875	0.41375	0.235	0.15875	0.4525	0.41375	0.10375	0.28375	0.54125	1.8	2.7	1.48	1.2	1.6	0.0999	0.101733	0.15122	0.167414	0.1734
0.95	0.12	0.27	0.12	0.27	0.27	0.27	0.27	0.12	0.5	0.27	0.27	0.27	0.12	0.27	0.88	0.5	0.05	0.12	0.88	0.5075	0.3475	0.35625	0.2125	0.2675	0.405	0.395	0.14625	0.395	0.49125	0.39	0.405	0.395	0.33	0.12125	0.43375	0.46125	0.1225	0.33125	0.44625	1.8	-0.3	1.62	2.3	1.01111	0.1112	0.2005	0.18676	0.168243	0.201722
0.27	0.88	0.95	0.5	0.05	0.73	0.95	0.12	0.98	0.05	0.05	0.73	0.12	0.05	0.12	0.5	0.27	0.05	0.27	0.05	0.565	0.22375	0.27125	0.14625	0.31375	0.31875	0.23375	0.165	0.26875	0.62375	0.49375	0.27125	0.47125	0.36625	0.14	0.4525	0.49	0.15	0.33125	0.62625	-4.5	0.6	1.56	1.25714	1.6	0.3904	0.2466	0.20462	0.225343	0.245011
0.12	0.27	0.27	0.12	0.05	0.27	0.27	0.05	1	0.73	0.27	0.12	0.27	0.5	0.05	0.12	0.12	0.27	0.98	0.27	0.6125	0.31875	0.41625	0.225	0.31375	0.42375	0.375	0.205	0.29375	0.4625	0.435	0.375	0.405	0.28125	0.17625	0.60375	0.56625	0.14125	0.2425	0.5225	4.5	1.4	0.5	0.871429	1.6	0.2382	0.270667	0.27668	0.292929	0.294044
0.5	0.27	0.12	0.12	0.27	0.88	0.27	0.05	0.12	0.88	0.5	0.27	0.5	0.27	0.12	0.27	0.5	0.05	0.27	0.98	0.58375	0.3375	0.45375	0.24375	0.28625	0.36625	0.39375	0.3125	0.4225	0.34875	0.31125	0.375	0.31875	0.29125	0.18625	0.585	0.4425	0.16875	0.33125	0.37625	4.2	1.73333	0.5	1.15714	1.3	0.1834	0.293933	0.36788	0.350343	0.3312
0.27	0.5	0.98	0.5	0.12	0.5	0.5	0.27	0.5	0.12	0.05	0.95	0.12	0.05	0.12	0.73	0.88	0.05	0.12	0.12	0.585	0.3275	0.365	0.22375	0.215	0.4325	0.38375	0.285	0.39375	0.44375	0.3675	0.30875	0.36625	0.215	0.29375	0.55625	0.47125	0.15	0.32125	0.48375	-3.5	0.833333	2.16	1.15714	0.922222	0.4602	0.4036	0.39016	0.395671	0.390544
0.73	0.27	0.27	0.12	0.27	0.27	0.27	0.27	0.12	0.73	0.73	0.27	0.73	0.27	0.27	0.5	0.5	0.27	0.27	0.88	0.4425	0.35625	0.53875	0.36625	0.16875	0.46125	0.4125	0.37	0.46	0.32	0.2825	0.39375	0.36625	0.1875	0.25625	0.5375	0.49	0.1225	0.3025	0.29375	1.8	0.7	1.62	1.57143	0.333333	0.5672	0.509733	0.42822	0.430471	0.438711
0.5	0.27	0.5	0.27	0.27	0.5	0.5	0.27	0.27	0.27	0.73	0.27	0.5	0.27	0.27	0.95	0.73	0.27	0.27	0.27	0.5	0.28	0.4825	0.4075	0.1775	0.40375	0.3275	0.38875	0.3525	0.3775	0.2825	0.33625	0.395	0.1875	0.275	0.54125	0.51875	0.1225	0.28375	0.37875	3.8	2.46667	0.46	0.428571	0.744444	0.5018	0.499167	0.51834	0.474257	0.442811
0.88	0.27	0.27	0.27	0.27	0.27	0.27	0.98	0.27	0.12	0.12	0.27	0.27	0.12	0.27	0.5	0.27	0.12	0.12	0.27	0.47125	0.26125	0.4925	0.39875	0.205	0.41375	0.3375	0.3	0.23375	0.42375	0.41625	0.33625	0.48125	0.1775	0.28375	0.61625	0.67125	0.11375	0.195	0.46375	1.8	1.33333	0.46	-0.285714	0.744444	0.4285	0.521433	0.53524	0.5091	0.424211
0.73	0.27	0.27	0.27	0.27	0.27	0.27	0.27	0.27	0.27	0.27	0.27	0.27	0.12	0.98	0.73	0.88	0.12	0.27	0.27	0.5375	0.26125	0.54	0.44625	0.205	0.36625	0.41375	0.41625	0.2525	0.30125	0.34125	0.365	0.43375	0.15	0.21375	0.6725	0.62375	0.11375	0.1575	0.35625	-1.6	-1.1	-0.06	0.857143	0.477778	0.634	0.535733	0.50726	0.453471	0.443478
0.27	0.12	0.95	0.88	0.05	0.27	0.27	0.95	0.27	0.12	0.27	0.27	0.88	0.12	0.12	0.5	0.27	0.05	0.12	0.12	0.595	0.22375	0.33875	0.31	0.25125	0.31	0.3575	0.3	0.19625	0.4275	0.445	0.2525	0.43375	0.20625	0.3125	0.625	0.62375	0.1225	0.195	0.47875	-3.5	-1.96667	0.08	0.857143	1.36667	0.5447	0.535333	0.42106	0.423414	0.408689
0.5	0.27	0.73	0.98	0.12	0.5	0.5	0.27	0.27	0.05	0.05	0.27	0.12	0.05	0.27	0.98	0.73	0.05	0.12	0.12	0.5375	0.2625	0.395	0.31625	0.22375	0.33875	0.3575	0.385	0.215	0.35125	0.3875	0.34125	0.4525	0.1875	0.29375	0.6125	0.56625	0.095	0.17625	0.38375	-0.8	0.0666667	0.08	0.957143	0.733333	0.4273	0.3476	0.40672	0.372743	0.391111
0.27	0.12	0.12	0.05	0.27	0.12	0.12	0.05	0.05	0.95	0.73	0.12	0.73	0.27	0.12	0.27	0.88	0.05	0.12	0.95	0.5375	0.25375	0.415	0.40125	0.18625	0.33875	0.34875	0.385	0.2425	0.29625	0.32125	0.3325	0.405	0.245	0.285	0.5975	0.49	0.12375	0.265	0.35625	4.5	1.83333	1.3	0.142857	0.733333	0.0708	0.284967	0.30934	0.369957	0.355356
0.88	0.27	0.5	0.5	0.27	0.5	0.88	0.27	0.27	0.05	0.05	0.5	0.12	0.05	0.27	0.95	0.73	0.05	0.12	0.12	0.385	0.235	0.3675	0.37375	0.1675	0.34875	0.3425	0.24125	0.215	0.50375	0.45375	0.31375	0.51	0.2725	0.2475	0.48375	0.50875	0.115	0.265	0.53625	1.8	3.6	1.22	0.914286	1	0.3568	0.191567	0.2822	0.3051	0.347656
0.27	0.05	0.05	0.02	0.27	0.05	0.05	0.02	0.05	0.98	0.88	0.05	0.73	0.5	0.05	0.12	0.27	0.05	0.27	0.95	0.40375	0.2625	0.48125	0.5225	0.14	0.4625	0.53125	0.2725	0.2425	0.36	0.3225	0.39875	0.415	0.2075	0.18625	0.60625	0.51875	0.1025	0.21875	0.405	4.5	0.8	2.14	2.01429	0.788889	0.1471	0.3043	0.23274	0.2786	0.330744
0.5	0.73	0.5	0.27	0.12	0.73	0.5	0.27	0.27	0.05	0.05	0.98	0.12	0.05	0.27	0.88	0.5	0.05	0.12	0.12	0.375	0.225	0.36875	0.50375	0.15875	0.40625	0.50375	0.24125	0.215	0.4675	0.395	0.35875	0.3875	0.25125	0.15875	0.51125	0.49	0.09875	0.22875	0.5	-3.9	1.46667	2.08	1.62857	0.788889	0.409	0.245367	0.29042	0.286386	0.329033
0.27	0.05	0.05	0.02	0.12	0.12	0.05	0.05	0.27	0.73	0.88	0.05	0.73	0.95	0.05	0.12	0.27	0.5	0.98	0.88	0.375	0.3675	0.3675	0.44625	0.15	0.51125	0.56	0.25	0.24375	0.3825	0.3	0.56375	0.33	0.195	0.1675	0.5175	0.46125	0.07	0.225	0.405	3.8	1.36667	1.02	0.485714	0.444444	0.18	0.316067	0.31542	0.351886	0.350622
0.27	0.27	0.27	0.5	0.12	0.73	0.98	0.05	0.27	0.88	0.5	0.5	0.5	0.12	0.12	0.27	0.27	0.05	0.12	0.88	0.40375	0.41625	0.3875	0.4425	0.1225	0.53875	0.5475	0.25875	0.3	0.25125	0.2625	0.6025	0.30125	0.27125	0.1775	0.575	0.41375	0.12625	0.3325	0.30125	4.2	1.5	-0.58	-0.328571	-0.488889	0.3592	0.340333	0.39186	0.389714	0.416633
0.27	0.27	0.73	0.98	0.05	0.73	0.95	0.27	0.27	0.05	0.05	0.5	0.12	0.05	0.27	0.88	0.5	0.02	0.05	0.05	0.385	0.41625	0.39	0.3825	0.1125	0.51	0.475	0.23125	0.3	0.44	0.34625	0.57375	0.3675	0.28875	0.14	0.4425	0.35625	0.13	0.34125	0.4525	-3.5	-0.933333	-0.58	-1.52857	-0.488889	0.4818	0.456767	0.43438	0.463686	0.417889
0.27	0.5	0.5	0.98	0.05	0.5	0.5	0.95	0.27	0.05	0.02	0.88	0.05	0.02	0.12	0.5	0.27	0.02	0.05	0.05	0.385	0.415	0.4275	0.395	0.09375	0.56625	0.55875	0.15	0.30875	0.40875	0.33125	0.61125	0.3475	0.245	0.2775	0.50875	0.385	0.13	0.3225	0.39625	-3.5	-3.63333	-2.12	-0.714286	-1.16667	0.5293	0.544233	0.53136	0.457843	0.453656
0.27	0.73	0.27	0.27	0.05	0.73	0.5	0.12	0.5	0.05	0.12	0.98	0.27	0.5	0.12	0.27	0.27	0.27	0.95	0.12	0.41375	0.32875	0.4275	0.5125	0.09375	0.5375	0.615	0.25375	0.28	0.43625	0.375	0.53875	0.3675	0.19375	0.2775	0.49	0.35625	0.1075	0.21	0.40625	-3.9	-3.76667	-2.6	-1.48571	-0.533333	0.6216	0.605267	0.53314	0.499129	0.469356
0.5	0.73	0.5	0.5	0.05	0.95	0.95	0.12	0.5	0.05	0.05	0.88	0.27	0.05	0.27	0.88	0.5	0.05	0.12	0.12	0.46125	0.4325	0.455	0.515	0.1125	0.5575	0.615	0.28125	0.28	0.37875	0.28875	0.6075	0.31	0.14625	0.28625	0.50875	0.40375	0.0875	0.225	0.33	-3.9	-2	-2.22	-1.82857	-0.755556	0.6649	0.551533	0.53058	0.526429	0.493156
0.73	0.27	0.98	0.5	0.12	0.27	0.27	0.27	0.27	0.73	0.27	0.27	0.27	0.12	0.12	0.5	0.5	0.05	0.12	0.5	0.4325	0.5475	0.395	0.48625	0.10375	0.67	0.66875	0.27125	0.30875	0.2175	0.21375	0.74375	0.28125	0.1375	0.32375	0.585	0.40375	0.09625	0.225	0.235	1.8	-1.23333	-1.16	-1.07143	-1.65556	0.3681	0.500667	0.53478	0.513914	0.505556
0.27	0.27	0.12	0.12	0.12	0.27	0.27	0.05	0.12	0.73	0.73	0.73	0.5	0.12	1	0.27	0.27	0.05	0.12	0.5	0.49	0.52875	0.42625	0.42625	0.13125	0.6125	0.565	0.28	0.30875	0.3025	0.26875	0.63875	0.32875	0.19375	0.195	0.56625	0.40375	0.10875	0.2525	0.29125	-1.6	0.666667	-0.02	-1.12857	-0.844444	0.469	0.462467	0.4893	0.505557	0.485411
0.73	0.27	0.27	0.5	0.12	0.73	0.95	0.27	0.27	0.27	0.5	0.5	0.5	0.12	0.27	0.5	0.27	0.12	0.12	0.27	0.41375	0.5	0.4675	0.375	0.13125	0.58375	0.53625	0.14875	0.375	0.35625	0.30125	0.62	0.3375	0.1975	0.28625	0.5375	0.40375	0.1	0.26125	0.32	1.8	0.666667	-0.02	-0.0285714	-0.844444	0.5503	0.471167	0.45048	0.459686	0.467378
0.88	0.88	0.5	0.27	0.27	0.5	0.5	0.27	0.27	0.27	0.12	0.5	0.27	0.12	0.27	0.88	0.88	0.12	0.27	0.27	0.42375	0.3475	0.4675	0.48	0.12125	0.53625	0.56375	0.25625	0.3275	0.38375	0.34875	0.5125	0.3475	0.14125	0.28625	0.51875	0.385	0.0725	0.13	0.3675	1.8	-0.1	0.38	0.0285714	-0.8	0.3942	0.471767	0.43696	0.417129	0.454389
0.27	0.73	0.27	0.27	0.12	0.95	0.73	0.12	0.27	0.27	0.12	0.98	0.27	0.12	0.27	0.5	0.27	0.12	0.12	0.5	0.5475	0.29	0.4675	0.45125	0.1675	0.395	0.45	0.29375	0.28	0.41125	0.3575	0.37625	0.3475	0.15	0.37125	0.56625	0.46125	0.0725	0.14875	0.38625	-3.9	0.566667	0	-0.728571	-0.166667	0.4708	0.3885	0.41656	0.436643	0.422544
0.27	0.12	0.12	0.12	0.27	0.27	0.12	0.12	0.12	0.73	0.95	0.12	0.73	0.5	0.12	0.5	0.27	0.12	0.27	0.5	0.5475	0.36625	0.42625	0.5175	0.14875	0.50875	0.58375	0.275	0.28	0.325	0.25375	0.48375	0.29	0.1025	0.39	0.56625	0.5175	0.0725	0.13	0.415	3.8	-1.2	-1.06	-0.242857	-0.444444	0.3005	0.379433	0.40744	0.423686	0.428633
0.12	0.27	0.98	0.95	0.05	0.73	0.95	0.12	0.95	0.02	0.05	0.5	0.12	0.05	0.12	0.5	0.27	0.02	0.12	0.05	0.595	0.3475	0.41375	0.46125	0.17625	0.48	0.5375	0.3025	0.195	0.35625	0.30875	0.37875	0.3375	0.25375	0.28	0.6425	0.54625	0.09375	0.1675	0.47125	-3.5	-1.06667	-1.06	-0.6	-0.655556	0.367	0.390733	0.40426	0.405486	0.433178
0.5	0.12	0.5	0.88	0.12	0.12	0.27	0.98	0.12	0.27	0.12	0.12	0.12	0.05	0.12	0.5	0.73	0.05	0.05	0.5	0.51875	0.3475	0.47375	0.5175	0.1675	0.49875	0.5375	0.17625	0.28	0.35375	0.3	0.3975	0.3375	0.25375	0.365	0.67125	0.54625	0.08125	0.17625	0.44375	-3.5	-1.73333	-0.42	-1.35714	-1.24444	0.5047	0.416667	0.39468	0.422014	0.420289
0.88	0.12	0.27	0.27	0.27	0.27	0.27	0.27	0.12	0.27	0.12	0.27	0.27	0.12	0.95	0.88	0.5	0.05	0.12	0.5	0.395	0.24375	0.455	0.65125	0.13	0.4325	0.49	0.2375	0.2525	0.43	0.395	0.33125	0.37625	0.26375	0.23375	0.52875	0.49875	0.0725	0.14875	0.52875	1.8	-0.8	-1.88	-1.3	-0.977778	0.3783	0.4353	0.43656	0.4168	0.385756
0.73	0.27	0.5	0.88	0.12	0.5	0.73	0.12	0.12	0.5	0.27	0.27	0.27	0.12	0.12	0.5	0.95	0.05	0.12	0.73	0.395	0.14	0.39875	0.54375	0.14875	0.29125	0.3475	0.24375	0.23375	0.45875	0.42375	0.215	0.405	0.37375	0.30625	0.52875	0.42375	0.12	0.24375	0.5475	-0.7	-0.8	-1.88	-1.24286	-0.233333	0.4229	0.437033	0.45002	0.385786	0.340133
0.5	0.27	0.88	0.5	0.12	0.5	0.73	0.27	0.27	0.27	0.27	0.27	0.27	0.88	0.12	0.88	0.5	0.12	0.27	0.5	0.42375	0.1875	0.45875	0.63875	0.12125	0.32	0.36625	0.32875	0.23375	0.39875	0.3075	0.31	0.32875	0.2225	0.30625	0.48125	0.48	0.1025	0.1975	0.52	-3.5	-2.56667	-0.34	-0.342857	-1.04444	0.5099	0.4557	0.36576	0.341957	0.356967
0.5	0.12	0.27	0.88	0.12	0.27	0.27	0.12	0.12	0.5	0.5	0.27	0.5	0.12	0.95	0.73	0.73	0.05	0.12	0.5	0.51875	0.2825	0.475	0.50625	0.13	0.32	0.3675	0.36625	0.1675	0.37375	0.2875	0.3575	0.3	0.3175	0.22125	0.55625	0.48	0.115	0.21625	0.52875	-3.5	-0.933333	-0.14	-0.342857	-1.08889	0.4343	0.342533	0.30214	0.334429	0.357733
0.27	0.05	0.12	0.73	0.12	0.12	0.12	0.05	0.05	0.88	0.88	0.12	0.73	0.27	0.05	0.12	0.27	0.05	0.12	0.95	0.57625	0.29125	0.44625	0.43	0.14875	0.33875	0.3675	0.2675	0.1675	0.41125	0.2875	0.37625	0.31875	0.32625	0.33375	0.66125	0.50875	0.115	0.225	0.52	4.2	1.16667	-0.7	-1.15714	-0.2	0.0834	0.192633	0.30796	0.3338	0.3034
0.12	0.05	0.05	0.02	0.12	0.05	0.05	0.02	0.12	0.73	0.5	0.05	0.5	1	0.02	0.12	0.12	0.5	0.88	0.88	0.57625	0.29125	0.455	0.5	0.14875	0.3475	0.3575	0.2525	0.15875	0.45875	0.43	0.385	0.405	0.25375	0.23375	0.6425	0.575	0.0675	0.13	0.52875	2.8	1.16667	-0.78	-0.414286	-0.477778	0.0602	0.198533	0.28076	0.275629	0.283978
0.27	0.5	0.98	0.5	0.05	0.5	0.27	0.95	0.27	0.02	0.02	0.88	0.12	0.05	0.12	0.5	0.27	0.05	0.05	0.05	0.5	0.32	0.33875	0.3925	0.14875	0.3475	0.34875	0.13625	0.1875	0.49125	0.4625	0.3575	0.43375	0.36375	0.22125	0.62375	0.5	0.12375	0.23375	0.55625	-3.5	-1.53333	0.82	-0.0142857	-0.488889	0.452	0.295367	0.19704	0.231857	0.309
0.88	0.88	0.5	0.27	0.12	0.5	0.5	0.27	0.27	0.05	0.12	0.88	0.12	0.05	0.27	0.95	0.5	0.05	0.12	0.12	0.395	0.33	0.3225	0.3925	0.13125	0.395	0.29125	0.2025	0.21625	0.46875	0.43125	0.4425	0.43375	0.31625	0.2025	0.52	0.5	0.1425	0.31375	0.5	-3.9	-0.966667	-0.16	0.371429	-0.533333	0.3739	0.280533	0.22106	0.2624	0.296911
0.73	0.12	0.12	0.12	0.27	0.12	0.12	0.12	0.05	0.95	0.5	0.12	0.5	0.27	0.12	0.73	0.5	0.05	0.12	0.88	0.36625	0.44375	0.3425	0.3075	0.1125	0.42375	0.32	0.2125	0.24375	0.35625	0.44	0.595	0.415	0.39625	0.10875	0.47125	0.42375	0.17	0.39	0.405	4.5	-0.0333333	-0.88	-0.785714	0.166667	0.0157	0.1977	0.33864	0.307786	0.265211
0.73	0.12	0.27	0.12	0.27	0.27	0.12	0.12	0.12	0.5	0.88	0.27	0.73	0.27	0.12	0.73	0.88	0.12	0.12	0.5	0.45125	0.4525	0.3425	0.23125	0.13125	0.42375	0.33875	0.24	0.24375	0.3175	0.2975	0.595	0.31	0.36875	0.22625	0.56625	0.405	0.16125	0.39	0.3675	-0.7	1	-0.96	-0.785714	-0.1	0.2035	0.2891	0.32846	0.320471	0.304811
0.27	0.95	0.5	0.5	0.05	0.95	0.88	0.12	0.5	0.05	0.05	0.88	0.12	0.05	0.12	0.73	0.5	0.05	0.12	0.12	0.585	0.46125	0.37	0.29125	0.15	0.4425	0.3475	0.2525	0.215	0.28875	0.345	0.60375	0.33875	0.2775	0.23875	0.61375	0.47125	0.11375	0.295	0.32	-0.8	-1.8	0.38	-0.0285714	-0.211111	0.6481	0.417567	0.28348	0.318729	0.365256
0.27	0.73	0.27	0.27	0.05	0.88	0.5	0.12	0.5	0.12	0.12	0.95	0.27	0.5	0.12	0.5	0.73	0.27	0.98	0.12	0.585	0.4325	0.2825	0.26	0.1775	0.395	0.3675	0.13625	0.1875	0.39625	0.44375	0.49125	0.39625	0.325	0.23	0.595	0.4425	0.095	0.24375	0.4325	-3.9	-0.633333	-0.16	0.785714	0.677778	0.4011	0.3994	0.3683	0.351629	0.336811
0.12	0.27	0.05	0.05	0.12	0.12	0.12	0.05	0.12	0.5	0.95	0.73	0.73	0.98	0.05	0.12	0.12	0.27	0.73	0.5	0.50875	0.395	0.25375	0.25625	0.16	0.4425	0.35875	0.11375	0.2925	0.37625	0.41625	0.42375	0.38625	0.38125	0.21125	0.53875	0.47125	0.18	0.385	0.40375	2.8	0.233333	0.34	0.785714	1.42222	0.149	0.329967	0.44844	0.377386	0.325
0.95	0.12	0.27	0.12	0.27	0.27	0.27	0.27	0.12	0.12	0.12	0.27	0.12	0.05	0.99	0.88	0.5	0.05	0.12	0.27	0.37625	0.405	0.27375	0.3425	0.11375	0.42375	0.35875	0.19625	0.30125	0.3075	0.46	0.48125	0.40625	0.46625	0.09375	0.38625	0.37625	0.2075	0.4525	0.325	1.8	2.13333	1.4	1.28571	0.533333	0.4398	0.397667	0.35802	0.386543	0.378978
0.73	0.95	0.5	0.88	0.05	0.88	0.88	0.12	0.27	0.05	0.05	0.73	0.12	0.05	0.12	0.5	0.27	0.05	0.12	0.12	0.34625	0.32	0.335	0.32375	0.1225	0.37625	0.3775	0.23375	0.33	0.26	0.365	0.4525	0.33	0.43875	0.2025	0.43375	0.405	0.195	0.4525	0.29625	1.8	2.7	2.74	0.9	0.222222	0.6042	0.413333	0.33132	0.3656	0.404633
0.27	0.05	0.05	0.02	0.27	0.05	0.05	0.02	0.05	0.95	0.88	0.05	0.73	0.88	0.05	0.12	0.27	0.12	0.5	0.95	0.40375	0.3475	0.4525	0.43125	0.095	0.395	0.405	0.34125	0.3575	0.1475	0.26125	0.46125	0.25375	0.335	0.21125	0.4525	0.4525	0.1825	0.405	0.1925	4.5	3.03333	1.48	0.957143	0.266667	0.196	0.355933	0.40182	0.370357	0.397311
0.12	0.12	0.05	0.02	0.05	0.12	0.05	0.02	0.73	0.27	0.73	0.12	0.5	0.98	0.05	0.12	0.12	0.73	1	0.27	0.40375	0.28125	0.51	0.5225	0.11875	0.33875	0.46125	0.34125	0.24375	0.22	0.2675	0.39625	0.255	0.2625	0.21125	0.4525	0.41375	0.075	0.22625	0.26875	2.8	1.26667	0.42	0.5	0.311111	0.2676	0.3217	0.40074	0.432243	0.413489
0.5	0.05	0.5	0.88	0.05	0.12	0.27	1	0.12	0.02	0.02	0.12	0.05	0.02	0.12	0.27	0.12	0.05	0.05	0.02	0.375	0.375	0.51	0.4425	0.11	0.415	0.48125	0.2275	0.42875	0.195	0.24375	0.42375	0.235	0.26625	0.21125	0.51	0.4325	0.1325	0.2875	0.24375	-3.5	-1.4	-0.02	-0.257143	-0.433333	0.5015	0.401167	0.39634	0.447514	0.466367
0.27	0.27	0.99	0.73	0.12	0.5	0.88	0.27	0.5	0.05	0.05	0.5	0.12	0.05	0.12	0.73	0.88	0.02	0.12	0.12	0.395	0.36625	0.4775	0.50875	0.10125	0.39625	0.48125	0.31875	0.4	0.19125	0.24	0.405	0.245	0.2625	0.12125	0.46125	0.39375	0.13625	0.27875	0.23125	-3.5	-2.46667	-1.62	-1.07143	-1.02222	0.4344	0.506033	0.46648	0.450471	0.488344
0.27	0.27	0.99	0.5	0.05	0.27	0.27	0.88	0.5	0.05	0.05	0.27	0.12	0.05	0.12	0.5	0.88	0.02	0.12	0.12	0.3375	0.31	0.44875	0.49	0.11	0.43875	0.56625	0.2425	0.42875	0.2	0.29625	0.43375	0.2925	0.27125	0.12125	0.46125	0.39375	0.145	0.27875	0.23125	-0.4	-2.46667	-2.96	-2.21429	-1.61111	0.5822	0.5211	0.53794	0.513557	0.458733
0.12	0.27	0.73	1	0.02	0.5	0.95	0.12	0.27	0.02	0.02	0.5	0.05	0.02	0.12	0.5	0.27	0.02	0.05	0.05	0.35625	0.31	0.48125	0.4275	0.11375	0.41	0.48125	0.3375	0.45375	0.2075	0.28125	0.405	0.30125	0.19875	0.12125	0.46125	0.47	0.13625	0.24	0.24	-3.5	-2.6	-2.96	-3.11429	-1.64444	0.5467	0.5846	0.56516	0.523571	0.445167
0.27	0.95	0.5	0.27	0.05	0.73	0.5	0.12	0.99	0.05	0.05	0.95	0.12	0.05	0.12	0.73	0.27	0.05	0.27	0.05	0.41375	0.225	0.56625	0.63875	0.11875	0.42875	0.64125	0.35	0.30625	0.20375	0.24875	0.3675	0.26375	0.0875	0.13	0.48	0.48875	0.0475	0.1025	0.24	-3.9	-3.63333	-2.96	-2.01429	-1.75556	0.6249	0.603067	0.54582	0.462486	0.4581
0.88	0.27	0.5	0.5	0.27	0.5	0.88	0.27	0.27	0.12	0.12	0.5	0.27	0.05	0.27	0.95	0.95	0.05	0.12	0.27	0.30875	0.36625	0.56625	0.5625	0.09125	0.53375	0.67875	0.22125	0.505	0.19875	0.24375	0.51875	0.25375	0.09125	0.11125	0.51	0.4225	0.0475	0.14875	0.21625	-3.5	-3.63333	-2.04	-1.25714	-1.8	0.6376	0.5334	0.44416	0.455286	0.456778
0.27	0.5	0.27	0.5	0.05	0.99	0.95	0.12	0.5	0.12	0.5	0.73	0.5	0.12	0.12	0.27	0.27	0.12	0.12	0.12	0.3575	0.31	0.47375	0.4725	0.11	0.41625	0.5625	0.2125	0.42	0.19875	0.205	0.43	0.225	0.13875	0.1175	0.51	0.40375	0.16125	0.24375	0.2225	-3.5	-0.933333	-0.98	-1.75714	-1.51111	0.3377	0.349733	0.41162	0.442057	0.412944
0.27	0.05	0.05	0.02	0.27	0.05	0.05	0.02	0.02	0.98	0.73	0.05	0.73	0.27	0.05	0.12	0.27	0.05	0.12	0.95	0.3575	0.3475	0.3925	0.47625	0.11	0.515	0.65625	0.12125	0.42375	0.195	0.28	0.49625	0.2725	0.1475	0.12625	0.5	0.40375	0.17375	0.2625	0.2225	4.2	0.833333	-0.98	-1.38571	-1	0.0739	0.2652	0.38456	0.369657	0.352311
0.73	0.12	0.5	0.98	0.12	0.5	0.88	0.12	0.27	0.27	0.5	0.27	0.27	0.12	0.12	0.5	0.27	0.05	0.12	0.27	0.31875	0.33875	0.355	0.35	0.1325	0.4875	0.55625	0.10875	0.3925	0.2875	0.3125	0.46875	0.33875	0.17	0.1175	0.4525	0.48	0.1775	0.27125	0.31625	1.8	0.7	-0.46	-0.228571	-1	0.384	0.315833	0.26502	0.2856	0.338878
0.27	0.5	0.5	0.5	0.05	0.73	0.95	0.12	0.99	0.05	0.05	0.88	0.12	0.05	0.12	0.73	0.27	0.05	0.27	0.05	0.37625	0.20625	0.32625	0.39125	0.15	0.40125	0.51875	0.10875	0.2125	0.3425	0.45375	0.365	0.405	0.2825	0.1175	0.42375	0.5375	0.205	0.3375	0.37125	-3.9	-1	1.08	-0.228571	-0.144444	0.4896	0.3045	0.20478	0.255343	0.285333
0.05	0.05	0.02	0.01	0.05	0.05	0.02	0.05	0.05	0.05	0.12	0.02	0.12	0.5	0.02	0.05	0.05	1	0.88	0.02	0.41625	0.24375	0.3575	0.405	0.15	0.4575	0.55875	0.14625	0.31125	0.3425	0.445	0.44375	0.405	0.22625	0.13	0.5	0.50875	0.08625	0.26125	0.375	-0.9	-0.2	-0.46	0.814286	0.444444	0.0399	0.188667	0.27516	0.227529	0.221433
0.27	0.12	0.12	0.05	0.27	0.12	0.12	0.05	0.05	0.88	0.88	0.12	0.73	0.27	0.12	0.27	0.88	0.05	0.27	0.95	0.44625	0.20625	0.37375	0.37125	0.13125	0.435	0.49	0.165	0.2825	0.23875	0.3025	0.37375	0.3	0.35	0.1175	0.54875	0.4625	0.205	0.385	0.2775	4.2	-0.0666667	-0.06	0.471429	0.444444	0.0365	0.1674	0.22696	0.2259	0.222589
0.27	0.27	0.88	0.95	0.05	0.73	0.98	0.12	0.27	0.05	0.05	0.5	0.12	0.05	0.12	0.5	0.88	0.05	0.12	0.12	0.50375	0.24375	0.335	0.29	0.15875	0.415	0.43875	0.1875	0.28625	0.235	0.33	0.43	0.31875	0.35875	0.145	0.615	0.53875	0.21375	0.40375	0.29625	-3.5	1.5	1.08	-0.285714	-0.455556	0.4258	0.201767	0.14154	0.220771	0.279811
0.27	0.27	0.27	0.12	0.12	0.27	0.27	0.12	0.27	0.27	0.73	0.73	0.5	0.88	0.12	0.73	0.73	0.27	0.95	0.27	0.44625	0.29125	0.3825	0.305	0.15	0.4725	0.50875	0.1875	0.28625	0.23625	0.27375	0.45875	0.3	0.27375	0.24875	0.5575	0.5575	0.195	0.3	0.2775	3.8	0.7	0.56	-0.285714	-1.04444	0.143	0.210433	0.20318	0.234957	0.290967
0.98	0.12	0.27	0.12	0.27	0.27	0.27	0.5	0.12	0.12	0.12	0.27	0.27	0.05	0.27	0.88	0.5	0.05	0.12	0.27	0.415	0.2625	0.335	0.2575	0.15875	0.415	0.42375	0.15875	0.19625	0.35875	0.45375	0.44	0.405	0.405	0.24875	0.53875	0.615	0.23125	0.40375	0.3625	1.8	0.7	-1.06	-0.657143	-0.188889	0.0625	0.184533	0.31366	0.298457	0.253044
0.73	0.27	0.5	0.27	0.12	0.88	0.5	0.27	0.27	0.12	0.12	0.27	0.27	0.88	0.12	0.88	0.73	0.12	0.5	0.27	0.5025	0.27125	0.3375	0.27125	0.205	0.36625	0.42625	0.29125	0.18625	0.415	0.4725	0.47125	0.42375	0.25375	0.29875	0.6425	0.6425	0.1125	0.28	0.47	-3.5	-1.86667	-1.06	-0.714286	0.377778	0.3481	0.333167	0.32538	0.314429	0.283233
0.73	0.5	0.5	0.27	0.27	0.5	0.5	0.27	0.27	0.12	0.12	0.88	0.27	0.12	0.27	0.88	0.88	0.12	0.12	0.27	0.5025	0.26125	0.4325	0.29875	0.275	0.4325	0.445	0.31875	0.21375	0.39625	0.425	0.41375	0.36625	0.425	0.28	0.7	0.57625	0.14	0.35625	0.41375	-3.9	-3.63333	-1.06	0.385714	0.411111	0.5889	0.4738	0.32644	0.298114	0.333556
0.27	0.5	0.27	0.27	0.12	0.5	0.73	0.12	0.27	0.5	0.73	0.73	0.5	0.27	0.95	0.27	0.27	0.12	0.12	0.27	0.58875	0.29	0.41375	0.29	0.41	0.40375	0.35625	0.35625	0.3025	0.3575	0.3575	0.46125	0.35625	0.415	0.21375	0.805	0.605	0.14875	0.375	0.41375	-3.5	-1.2	-0.58	0.485714	0.366667	0.4844	0.4072	0.37626	0.3476	0.347267
0.73	0.12	0.12	0.12	0.27	0.27	0.27	0.27	0.12	0.88	0.88	0.27	0.73	0.27	0.27	0.73	0.5	0.12	0.27	0.73	0.56	0.3375	0.52125	0.40375	0.39125	0.46125	0.4425	0.35625	0.35	0.2825	0.25375	0.49	0.28	0.32	0.3175	0.76625	0.5475	0.12125	0.2525	0.3375	3.8	1.5	1.02	-0.328571	-0.444444	0.1483	0.314767	0.40452	0.417129	0.3824
0.5	0.27	0.27	0.27	0.27	0.27	0.27	0.88	0.12	0.5	0.27	0.27	0.27	0.12	0.27	0.88	0.5	0.12	0.27	0.88	0.5	0.31875	0.48375	0.385	0.3725	0.4425	0.42375	0.30875	0.36875	0.34875	0.3775	0.47125	0.36625	0.45625	0.29875	0.67125	0.51875	0.1775	0.3475	0.31875	4.2	4.16667	1.02	-0.328571	-0.333333	0.3116	0.316433	0.39658	0.433	0.409078
0.27	0.27	0.88	0.27	0.98	0.27	0.27	0.27	0.27	0.73	0.5	0.27	0.27	0.88	0.12	0.73	0.5	0.27	0.5	0.5	0.5475	0.31875	0.37875	0.385	0.3025	0.395	0.395	0.41375	0.35	0.3675	0.425	0.47125	0.395	0.285	0.365	0.67125	0.49	0.1775	0.29	0.395	4.5	1.6	1.02	0.628571	0.255556	0.4894	0.450067	0.39154	0.3921	0.433222
0.5	0.5	0.5	0.88	0.98	0.5	0.5	0.27	0.98	0.12	0.12	0.73	0.27	0.12	0.27	0.73	0.5	0.12	0.27	0.12	0.46125	0.3375	0.42625	0.3375	0.275	0.395	0.42625	0.395	0.29	0.435	0.4725	0.4225	0.37625	0.37125	0.34625	0.62375	0.41375	0.1875	0.31875	0.42375	-3.9	-0.966667	0.82	1.38571	0.255556	0.5492	0.499267	0.4224	0.403671	0.418067
0.5	0.27	0.98	0.88	0.12	0.5	0.5	0.27	0.5	0.05	0.05	0.5	0.12	0.12	0.27	0.88	0.5	0.05	0.12	0.12	0.46125	0.31875	0.3475	0.31	0.40125	0.3475	0.35	0.38625	0.33125	0.49125	0.50875	0.375	0.42375	0.4475	0.2425	0.605	0.47125	0.215	0.385	0.48125	-3.5	-1.53333	0.34	0.285714	1.06667	0.4592	0.437	0.47316	0.447129	0.367389
0.27	0.12	0.12	0.12	0.12	0.12	0.12	0.73	0.27	0.27	0.5	0.12	0.5	0.99	0.12	0.27	0.27	0.5	0.88	0.27	0.46125	0.35625	0.5025	0.4525	0.3825	0.47125	0.47375	0.405	0.37875	0.36875	0.34875	0.45125	0.3	0.31125	0.26125	0.7	0.5475	0.15	0.27125	0.38625	2.8	0.366667	-1.34	0.228571	0.555556	0.3026	0.4424	0.46578	0.406657	0.391
0.88	0.27	0.27	0.27	0.27	0.5	0.27	0.5	0.27	0.5	0.73	0.27	0.5	0.27	0.5	0.73	0.5	0.27	0.27	0.5	0.385	0.3375	0.56	0.4625	0.345	0.5	0.53125	0.3575	0.3975	0.28375	0.2925	0.46125	0.28125	0.3925	0.21375	0.65125	0.51875	0.17	0.32875	0.2625	1.8	0.233333	0.2	-0.528571	-0.3	0.5654	0.440167	0.3616	0.388286	0.423333
0.27	0.88	0.5	0.5	0.05	0.73	0.98	0.12	0.5	0.05	0.12	0.95	0.12	0.05	0.27	0.5	0.27	0.05	0.12	0.12	0.54625	0.2425	0.43625	0.415	0.28375	0.47125	0.4425	0.405	0.35	0.34	0.3975	0.37625	0.3575	0.34375	0.2425	0.68	0.57625	0.17	0.3	0.31	-3.9	0.566667	0.74	-0.471429	-0.888889	0.4525	0.348733	0.34192	0.395914	0.386522
0.27	0.12	0.12	0.05	0.27	0.12	0.12	0.05	0.12	0.88	0.95	0.12	0.73	0.88	0.12	0.27	0.73	0.27	0.5	0.73	0.5175	0.28125	0.4275	0.36375	0.25625	0.49125	0.49375	0.3825	0.28125	0.34	0.3975	0.395	0.33875	0.2875	0.23375	0.6325	0.49	0.1425	0.23375	0.32875	3.8	-0.3	-0.52	-0.0857143	-0.0333333	0.0283	0.280533	0.40192	0.3529	0.328433
0.5	0.27	0.5	0.5	0.12	0.88	0.88	0.88	0.27	0.12	0.05	0.5	0.12	0.05	0.27	0.88	0.88	0.05	0.12	0.12	0.53625	0.2625	0.37625	0.26	0.275	0.39625	0.455	0.355	0.23375	0.435	0.51	0.3475	0.415	0.3825	0.19625	0.50875	0.4425	0.17	0.28125	0.405	-0.8	-0.166667	-1.04	0.0571429	-0.0333333	0.3608	0.330567	0.32046	0.313443	0.326456
0.5	0.27	0.88	0.5	0.12	0.88	0.88	0.27	0.27	0.05	0.05	0.5	0.12	0.05	0.27	0.95	0.5	0.05	0.12	0.12	0.53625	0.3575	0.3475	0.3075	0.26625	0.5	0.55	0.355	0.2625	0.425	0.4625	0.42375	0.38625	0.36875	0.19625	0.52875	0.5475	0.1225	0.23375	0.38625	-3.5	-1.7	0.5	-0.7	-0.422222	0.6026	0.373833	0.23524	0.295729	0.346978
0.95	0.12	0.12	0.12	0.27	0.27	0.27	0.27	0.12	0.73	0.73	0.27	0.5	0.27	0.12	0.73	0.73	0.05	0.12	0.5	0.385	0.34875	0.41125	0.32375	0.22875	0.52	0.59875	0.295	0.25375	0.3875	0.40875	0.425	0.38625	0.37	0.15875	0.47125	0.49	0.10375	0.23375	0.38625	-0.8	-0.166667	-0.96	-0.242857	-0.2	0.1581	0.262367	0.31786	0.3007	0.285733
0.27	0.05	0.05	0.02	0.98	0.05	0.05	0.02	0.05	0.95	0.95	0.05	0.73	0.5	0.05	0.12	0.27	0.12	0.12	0.88	0.45125	0.2625	0.47625	0.39875	0.13625	0.49	0.595	0.345	0.23375	0.35625	0.36875	0.3675	0.34875	0.3375	0.14875	0.5475	0.5475	0.09	0.225	0.32625	3.8	-0.166667	-0.94	-0.242857	-0.155556	0.0264	0.208633	0.34316	0.298686	0.249789
0.88	0.27	0.95	0.5	0.12	0.5	0.95	0.88	0.27	0.05	0.05	0.5	0.12	0.05	0.12	0.5	0.27	0.05	0.12	0.12	0.375	0.2825	0.41125	0.4425	0.21625	0.48125	0.5775	0.24625	0.31375	0.365	0.36875	0.3875	0.34875	0.29	0.14	0.5575	0.5475	0.07125	0.19625	0.345	-3.5	-0.133333	0.52	-0.628571	-0.666667	0.4414	0.318367	0.22548	0.265571	0.312111
0.27	0.88	0.27	0.5	0.05	0.95	0.88	0.12	0.5	0.12	0.12	0.73	0.27	0.88	0.12	0.5	0.73	0.12	0.5	0.12	0.40375	0.1875	0.44875	0.38625	0.33375	0.40625	0.49125	0.2375	0.37	0.375	0.3875	0.31125	0.34875	0.3025	0.1125	0.4625	0.395	0.11875	0.2525	0.345	-0.7	-0.133333	-0.02	-0.242857	-0.966667	0.4873	0.3143	0.21966	0.263657	0.297022
0.12	0.05	0.02	0.02	0.12	0.05	0.05	0.02	0.05	0.88	0.98	0.05	0.88	0.5	0.05	0.05	0.27	0.12	0.27	0.88	0.375	0.26375	0.3725	0.38625	0.325	0.415	0.49125	0.21875	0.39875	0.365	0.3975	0.34	0.3675	0.40625	0.09375	0.40625	0.405	0.1275	0.3	0.32625	3.8	-0.133333	-0.94	-0.628571	-0.155556	0.0142	0.210167	0.33222	0.273214	0.234011
0.12	0.12	0.95	1	0.02	0.27	0.73	0.27	0.27	0.02	0.02	0.27	0.05	0.02	0.12	0.5	0.27	0.01	0.05	0.02	0.29	0.3025	0.35125	0.31125	0.31875	0.445	0.49125	0.16875	0.39	0.44375	0.44125	0.38875	0.4425	0.43875	0.085	0.36875	0.37625	0.14125	0.3275	0.405	-3.5	-0.166667	-0.94	-0.628571	-0.455556	0.129	0.244133	0.28894	0.274514	0.284856
0.27	0.5	0.5	0.88	0.05	0.5	0.88	0.12	0.98	0.05	0.05	0.73	0.12	0.05	0.12	0.73	0.73	0.05	0.27	0.12	0.3	0.26375	0.435	0.33875	0.2075	0.44375	0.48125	0.27625	0.31	0.38375	0.42875	0.35875	0.4525	0.40625	0.09375	0.435	0.3475	0.13625	0.3	0.345	-0.8	-2.6	-0.04	-0.628571	-0.455556	0.5892	0.3144	0.19858	0.299414	0.378156
0.12	0.12	0.12	0.05	0.99	0.73	0.12	0.05	0.95	0.27	0.27	0.12	0.27	0.98	0.05	0.12	0.12	0.5	0.95	0.12	0.2425	0.4	0.42625	0.41375	0.08125	0.44375	0.5675	0.19	0.31375	0.35625	0.40125	0.46375	0.43375	0.29	0.1025	0.55875	0.4525	0.08	0.215	0.33625	-3.5	-0.166667	-1.5	0.0142857	-0.566667	0.225	0.283233	0.31888	0.353529	0.380656
0.12	0.05	0.02	0.02	0.12	0.05	0.05	0.02	0.05	0.73	0.99	0.05	0.88	0.5	0.05	0.05	0.12	0.12	0.27	0.73	0.27125	0.40875	0.4675	0.38875	0.2175	0.44375	0.5	0.19375	0.37875	0.29875	0.31125	0.44375	0.3575	0.24625	0.1025	0.615	0.48375	0.11875	0.2525	0.27875	3.8	-1.06667	-0.04	-1.17143	-0.566667	0.0355	0.292067	0.4663	0.417771	0.386289
0.27	0.5	0.88	0.5	0.12	0.73	0.95	0.12	0.27	0.5	0.12	0.88	0.27	0.05	0.12	0.88	0.5	0.05	0.12	0.27	0.2525	0.3525	0.36375	0.32875	0.20875	0.35875	0.3875	0.18125	0.37875	0.28	0.38875	0.34	0.38625	0.365	0.09	0.51125	0.4175	0.20375	0.36	0.26	-3.5	1.36667	-0.78	-0.771429	-0.677778	0.6157	0.505767	0.44124	0.4762	0.396333
0.5	0.12	0.27	0.12	0.12	0.27	0.12	0.73	0.12	0.5	0.88	0.27	0.88	0.27	0.12	0.88	0.5	0.12	0.12	0.5	0.2425	0.39125	0.3275	0.25375	0.22125	0.38875	0.40625	0.07375	0.37	0.39625	0.41	0.38875	0.395	0.445	0.08125	0.455	0.4175	0.20875	0.41625	0.33875	3.8	-1.4	-0.22	-0.257143	0.211111	0.8661	0.648567	0.50384	0.406971	0.384889
0.27	0.98	0.5	0.27	0.05	0.73	0.88	0.12	0.27	0.05	0.05	0.73	0.12	0.05	0.12	0.88	0.5	0.05	0.12	0.05	0.3475	0.23625	0.2425	0.13125	0.2575	0.28375	0.21625	0.15	0.235	0.5375	0.59875	0.255	0.5375	0.5	0.08125	0.3975	0.38875	0.2175	0.3975	0.49875	-4.5	-0.466667	-0.42	0.885714	0.722222	0.4639	0.622667	0.51766	0.378543	0.342033
0.5	0.88	0.5	0.27	0.27	0.27	0.27	0.12	0.12	0.12	0.12	0.5	0.27	0.05	0.12	0.88	0.98	0.05	0.12	0.27	0.36625	0.24875	0.26125	0.15875	0.1125	0.36	0.31125	0.26875	0.15	0.4975	0.55875	0.3025	0.49125	0.38	0.09	0.41625	0.32875	0.16125	0.285	0.4625	-0.7	-0.8	1.18	0.885714	1.06667	0.538	0.368833	0.39972	0.402543	0.371467
0.12	0.05	0.05	0.02	0.05	0.05	0.05	0.02	0.27	0.5	0.73	0.05	0.5	1	0.02	0.05	0.12	0.73	0.98	0.27	0.4325	0.38	0.43375	0.2975	0.14	0.44375	0.395	0.3975	0.15875	0.37375	0.37375	0.38625	0.3675	0.21375	0.13	0.57625	0.455	0.07625	0.15875	0.38625	2.8	2.2	1.18	1.32857	0.6	0.1046	0.222867	0.2672	0.384571	0.4232
0.27	0.05	0.05	0.02	0.12	0.05	0.05	0.02	0.05	0.95	0.95	0.05	0.73	0.88	0.05	0.05	0.27	0.12	0.5	0.88	0.41375	0.35125	0.43375	0.26875	0.13125	0.415	0.31	0.41625	0.275	0.28875	0.39375	0.31	0.33875	0.285	0.145	0.5575	0.43625	0.18	0.3225	0.31	4.5	3.7	2	0.728571	1.41111	0.026	0.111367	0.2724	0.332429	0.4306
0.88	0.12	0.05	0.05	0.27	0.12	0.12	0.12	0.05	0.73	0.73	0.12	0.5	0.27	0.12	0.27	0.5	0.05	0.12	0.95	0.3375	0.36125	0.4625	0.28375	0.1125	0.40625	0.32	0.43125	0.29375	0.26	0.3175	0.35875	0.2725	0.33375	0.155	0.53875	0.4075	0.18	0.37	0.25375	3.8	2.63333	2.06	1.91429	0.555556	0.2035	0.2398	0.26502	0.363629	0.390033
0.5	0.12	0.27	0.27	0.05	0.88	0.27	1	0.12	0.02	0.02	0.27	0.05	0.02	0.12	0.27	0.12	0.05	0.05	0.05	0.36625	0.25375	0.37875	0.225	0.14875	0.235	0.1975	0.30875	0.285	0.4525	0.51875	0.255	0.405	0.45	0.14625	0.435	0.42625	0.23625	0.48625	0.45125	-0.4	1	2.26	1.45714	0.911111	0.4899	0.398167	0.38056	0.358343	0.355856
0.27	0.27	0.95	0.88	0.12	0.5	0.5	0.95	0.27	0.12	0.12	0.27	0.12	0.12	0.27	0.5	0.27	0.12	0.12	0.12	0.42375	0.15875	0.29375	0.14875	0.14	0.2825	0.16875	0.33375	0.285	0.44	0.50625	0.22625	0.3775	0.4375	0.14625	0.41875	0.40375	0.2275	0.4775	0.4425	-0.4	1	0.58	0.871429	0.9	0.5011	0.557767	0.47556	0.365729	0.305089
0.27	0.27	0.88	0.27	0.12	0.5	0.27	0.27	0.98	0.27	0.5	0.27	0.27	0.5	0.27	0.73	0.5	0.27	0.95	0.27	0.5	0.1675	0.31125	0.22875	0.1675	0.29125	0.20625	0.43125	0.16875	0.46875	0.4775	0.235	0.3875	0.29875	0.15875	0.44625	0.4225	0.1325	0.285	0.5	3.8	-0.166667	-0.44	0.114286	0.788889	0.6823	0.561467	0.46612	0.3736	0.300456
0.5	0.27	0.5	0.27	0.12	0.27	0.27	0.95	0.27	0.05	0.05	0.73	0.12	0.05	0.27	0.95	0.5	0.05	0.12	0.12	0.56125	0.17625	0.3675	0.24125	0.18625	0.3475	0.23375	0.40625	0.26625	0.3925	0.43	0.205	0.34875	0.25125	0.18625	0.50375	0.45125	0.15125	0.34125	0.4425	-3.9	-0.466667	-0.52	-0.171429	0.488889	0.501	0.446533	0.38436	0.353514	0.299656
0.12	0.12	0.05	0.02	0.12	0.12	0.05	0.02	0.27	0.88	0.95	0.05	0.73	0.73	0.05	0.05	0.27	0.5	0.98	0.73	0.51375	0.195	0.50875	0.39125	0.155	0.385	0.3375	0.5225	0.275	0.2	0.22875	0.30875	0.2125	0.135	0.21375	0.61625	0.45125	0.09	0.22125	0.25	-1.3	-2	-0.08	0.142857	-0.322222	0.1563	0.246133	0.29672	0.286214	0.278933
0.73	0.27	0.5	0.27	0.27	0.27	0.27	0.27	0.27	0.12	0.12	0.27	0.12	0.05	0.27	0.98	0.95	0.05	0.12	0.27	0.40875	0.1675	0.425	0.32875	0.16375	0.2625	0.2825	0.36875	0.26625	0.4025	0.44875	0.25375	0.37375	0.3275	0.1775	0.48125	0.385	0.155	0.385	0.41125	-0.8	-0.1	-0.48	-0.3	0.188889	0.0811	0.1001	0.16402	0.217057	0.226633
0.73	0.12	0.12	0.05	0.27	0.12	0.12	0.12	0.05	0.88	0.88	0.12	0.73	0.27	0.12	0.5	0.5	0.12	0.27	0.88	0.49375	0.1675	0.3875	0.26125	0.2725	0.2525	0.2725	0.3025	0.275	0.3075	0.35375	0.2725	0.31625	0.29125	0.19625	0.58875	0.47	0.1375	0.36625	0.35375	1.8	0.933333	-0.4	-0.242857	0.433333	0.0629	0.0542667	0.06722	0.122329	0.177778
0.99	0.12	0.12	0.12	0.27	0.27	0.27	0.5	0.12	0.12	0.12	0.27	0.27	0.05	0.27	0.73	0.5	0.05	0.12	0.27	0.46125	0.14	0.28375	0.22125	0.38	0.1775	0.22625	0.22375	0.15	0.4875	0.49625	0.22625	0.43125	0.29	0.15	0.48375	0.44125	0.11875	0.28125	0.515	1.8	0.0333333	0.7	0.571429	0.288889	0.0188	0.0329	0.0398	0.0595286	0.103056
0.12	0.12	0.73	1	0.02	0.27	0.73	0.12	0.12	0.02	0.02	0.27	0.02	0.02	0.12	0.27	0.27	0.01	0.02	0.02	0.51375	0.1125	0.1475	0.08	0.4025	0.15875	0.14125	0.15875	0.15	0.5	0.5175	0.14125	0.4625	0.37875	0.1375	0.42875	0.41375	0.2425	0.4025	0.5375	-3.5	0.833333	1.22	1.11429	0.622222	0.017	0.0183333	0.03586	0.0386	0.0526
0.27	0.05	0.05	0.02	0.27	0.05	0.05	0.02	0.05	0.88	0.95	0.05	0.73	0.88	0.05	0.12	0.27	0.12	0.5	0.88	0.59875	0.12125	0.26	0.215	0.39	0.205	0.25375	0.2875	0.14	0.2975	0.2975	0.19625	0.2975	0.18625	0.17375	0.55125	0.4425	0.1725	0.235	0.3725	4.2	0.833333	1.36	1.1	0.722222	0.0192	0.0325333	0.02524	0.0337143	0.0455889
0.95	0.12	0.27	0.12	0.99	0.27	0.27	0.27	0.12	0.12	0.12	0.27	0.27	0.05	0.27	0.88	0.5	0.05	0.12	0.27	0.54125	0.18875	0.20375	0.18375	0.3	0.1775	0.22625	0.25625	0.1125	0.3925	0.40125	0.1975	0.37375	0.29	0.14625	0.425	0.41375	0.18125	0.2825	0.44875	1.8	2.83333	0.82	0.785714	1.01111	0.0614	0.0301333	0.03086	0.0380429	0.0463778
0.27	0.05	0.05	0.02	0.98	0.05	0.05	0.02	0.05	0.95	0.88	0.05	0.73	0.27	0.05	0.12	0.27	0.05	0.12	0.95	0.55	0.18875	0.21875	0.1925	0.2825	0.19625	0.245	0.275	0.12125	0.28875	0.31875	0.21625	0.335	0.29125	0.165	0.46375	0.41375	0.18125	0.2825	0.345	2.5	1.13333	1.44	0.785714	1.23333	0.0098	0.0393667	0.0461	0.0479571	0.0443
0.05	0.05	0.02	0.02	0.05	0.12	0.05	0.05	0.27	0.05	0.12	0.05	0.12	0.73	0.02	0.05	0.05	1	0.99	0.05	0.545	0.28375	0.27	0.21125	0.38	0.21625	0.27375	0.22375	0.1975	0.40125	0.41375	0.30125	0.41125	0.23375	0.15	0.44375	0.47	0.0625	0.1925	0.43875	-0.9	0.4	0.96	1.82857	0.533333	0.0469	0.0499667	0.0599	0.0518429	0.0861556
0.95	0.12	0.27	0.12	0.27	0.27	0.27	0.95	0.12	0.12	0.12	0.27	0.12	0.05	0.27	0.88	0.5	0.05	0.12	0.27	0.48	0.275	0.21	0.1075	0.365	0.1975	0.18875	0.21875	0.21625	0.39625	0.4175	0.27375	0.42375	0.3225	0.11875	0.425	0.49	0.18625	0.31375	0.42375	-0.4	0.166667	1.36	0.585714	0.833333	0.0932	0.0761	0.05646	0.1056	0.118833
0.95	0.88	0.27	0.12	0.27	0.27	0.27	0.27	0.12	0.12	0.12	0.5	0.27	0.05	0.27	0.73	0.95	0.05	0.12	0.27	0.48	0.2075	0.32625	0.1675	0.34625	0.225	0.21625	0.335	0.2725	0.30125	0.31375	0.2725	0.3475	0.3225	0.1275	0.52	0.49125	0.205	0.37	0.32875	1.8	1.73333	-0.04	0.214286	-0.0222222	0.0882	0.0752	0.1336	0.141271	0.137156
0.12	0.05	0.02	0.02	0.12	0.05	0.05	0.02	0.05	0.88	0.98	0.05	0.88	0.5	0.05	0.05	0.27	0.12	0.27	0.73	0.55625	0.33	0.43375	0.2275	0.25625	0.28125	0.30125	0.45125	0.3	0.20625	0.20625	0.32875	0.2525	0.275	0.155	0.5575	0.5475	0.205	0.35125	0.2525	3.8	0.366667	-0.02	-0.642857	-0.266667	0.0442	0.175967	0.18644	0.166171	0.200833
0.73	0.88	0.5	0.27	0.12	0.5	0.5	0.12	0.95	0.12	0.12	0.95	0.27	0.05	0.12	0.5	0.73	0.05	0.27	0.12	0.5375	0.25375	0.3825	0.20875	0.1675	0.32875	0.2725	0.45125	0.19625	0.2925	0.295	0.24375	0.36	0.33125	0.155	0.52	0.49	0.2225	0.35125	0.32	-4.5	-0.5	-0.64	-0.571429	-0.333333	0.3955	0.250267	0.20462	0.250114	0.240456
0.5	0.12	0.5	0.27	0.12	0.27	0.27	0.98	0.12	0.05	0.05	0.27	0.12	0.05	0.12	0.95	0.88	0.05	0.12	0.12	0.67	0.43375	0.395	0.2125	0.28625	0.37625	0.31	0.3525	0.28125	0.31	0.30375	0.35625	0.37875	0.255	0.1675	0.49125	0.49875	0.2225	0.28	0.3475	-0.8	-2.93333	-1.08	-0.242857	0.0444444	0.3111	0.2969	0.31388	0.289143	0.268622
0.27	0.27	0.98	0.5	0.12	0.27	0.27	0.27	0.5	0.12	0.12	0.27	0.27	0.88	0.12	0.73	0.73	0.27	0.95	0.12	0.67125	0.43375	0.335	0.2025	0.25875	0.46125	0.38625	0.445	0.2525	0.2925	0.28625	0.385	0.36	0.15125	0.14875	0.47125	0.48875	0.195	0.1675	0.32875	-3.5	-1.56667	-1.46	-0.142857	0.0444444	0.1841	0.376567	0.37832	0.319457	0.308711
0.73	0.27	0.88	0.5	0.12	0.5	0.73	0.95	0.27	0.12	0.12	0.27	0.12	0.12	0.27	0.5	0.27	0.12	0.12	0.12	0.5575	0.3575	0.37625	0.25	0.24	0.46125	0.405	0.43625	0.3	0.31125	0.33375	0.385	0.37875	0.255	0.13	0.51875	0.49	0.2225	0.27125	0.32875	-0.4	-0.666667	-0.06	-0.742857	-0.244444	0.6345	0.395	0.3593	0.378	0.358211
0.73	0.27	0.12	0.12	0.27	0.88	0.27	0.12	0.12	0.88	0.73	0.27	0.98	0.27	0.12	0.27	0.27	0.12	0.12	0.88	0.63375	0.385	0.5025	0.32875	0.24	0.49875	0.51875	0.57125	0.4225	0.1975	0.22625	0.4125	0.22375	0.2075	0.17625	0.6325	0.51875	0.2225	0.27125	0.205	1.9	1.33333	0.02	-0.214286	-0.166667	0.3664	0.433767	0.38788	0.397743	0.386444
0.88	0.73	0.12	0.05	1	0.27	0.12	0.12	0.12	0.12	0.12	0.27	0.12	0.12	0.12	0.27	0.27	1	0.27	0.27	0.615	0.30875	0.455	0.31	0.14875	0.54625	0.49	0.57125	0.3375	0.36875	0.37875	0.3275	0.36	0.2825	0.17625	0.60375	0.46125	0.14	0.32875	0.3575	2.5	1.33333	0.56	0.542857	0.833333	0.3004	0.3736	0.4578	0.395914	0.372722
0.73	0.27	0.27	0.27	0.05	0.95	0.88	0.98	0.27	0.05	0.05	0.5	0.12	0.05	0.12	0.5	0.27	0.05	0.05	0.12	0.605	0.47	0.43625	0.35875	0.255	0.51875	0.4525	0.35625	0.3375	0.3775	0.3875	0.38875	0.36	0.2875	0.17625	0.49	0.385	0.255	0.35625	0.3675	-0.4	0.433333	1.54	1.68571	0.488889	0.454	0.429367	0.39056	0.408471	0.412256
0.5	0.27	0.5	0.5	0.12	0.5	0.88	0.88	0.27	0.27	0.5	0.5	0.27	0.12	0.27	0.88	0.5	0.12	0.12	0.27	0.63375	0.47	0.40375	0.33	0.24625	0.65125	0.52875	0.36875	0.3375	0.35	0.33125	0.4175	0.34125	0.27875	0.1575	0.4425	0.35625	0.2275	0.29125	0.34875	-0.8	1.1	2.06	1.18571	0.488889	0.5337	0.428667	0.37168	0.4131	0.465044
0.73	0.27	0.27	0.27	0.27	0.73	0.5	0.27	0.88	0.73	0.73	0.27	0.5	0.27	0.27	0.73	0.5	0.12	0.27	0.5	0.57625	0.5275	0.385	0.33	0.21875	0.6225	0.5475	0.445	0.26125	0.28375	0.29375	0.535	0.3125	0.25125	0.13875	0.49	0.35625	0.21875	0.2725	0.31125	4.5	2.73333	0.78	0.414286	0.1	0.2983	0.368	0.44498	0.454929	0.448022
0.73	0.73	0.12	0.05	0.12	0.27	0.12	0.12	0.27	0.73	0.73	0.27	0.5	0.5	0.12	0.27	0.27	0.27	0.88	0.73	0.57625	0.49875	0.4225	0.3575	0.21875	0.68	0.62375	0.46375	0.385	0.2075	0.23625	0.61125	0.22375	0.2225	0.1575	0.57625	0.4425	0.21875	0.29125	0.235	4.5	1.7	0.16	-0.5	0.355556	0.272	0.4124	0.48602	0.480771	0.469689
0.27	0.95	0.5	0.88	0.02	0.73	0.73	0.12	0.27	0.05	0.05	0.99	0.12	0.02	0.12	0.27	0.27	0.02	0.12	0.05	0.58625	0.41375	0.39375	0.33875	0.12125	0.6225	0.56625	0.46375	0.4325	0.31125	0.36875	0.57875	0.29	0.35875	0.1575	0.57625	0.4425	0.1875	0.47625	0.32	-3.9	-0.966667	-0.46	0.157143	-0.311111	0.6669	0.5327	0.47554	0.496114	0.441489
0.27	0.27	0.95	0.5	0.12	0.88	0.88	0.27	0.5	0.12	0.12	0.5	0.27	0.88	0.12	0.73	0.73	0.12	0.5	0.12	0.52875	0.48	0.31	0.35875	0.1175	0.57625	0.4525	0.32875	0.385	0.40625	0.445	0.5925	0.3475	0.355	0.14875	0.47125	0.385	0.18375	0.485	0.415	-3.5	-3.76667	-0.52	-0.228571	0.2	0.6592	0.602467	0.52816	0.426529	0.431544
0.5	0.73	0.5	0.27	0.05	0.5	0.5	0.95	0.27	0.05	0.05	0.98	0.12	0.05	0.12	0.73	0.27	0.05	0.12	0.05	0.47125	0.4225	0.4275	0.3875	0.1175	0.62375	0.42375	0.1675	0.50375	0.38375	0.39375	0.50375	0.3475	0.45	0.13	0.4525	0.4425	0.18	0.55125	0.39625	-3.9	-1.06667	-2.12	-0.271429	-0.1	0.4813	0.5673	0.48308	0.435986	0.393144
0.73	0.5	0.27	0.12	0.12	0.88	0.5	0.12	0.5	0.27	0.27	0.88	0.27	0.27	0.12	0.5	0.73	0.27	0.88	0.5	0.385	0.42375	0.42875	0.375	0.10875	0.49125	0.3675	0.24	0.37125	0.375	0.385	0.48875	0.3575	0.4225	0.1025	0.405	0.35625	0.14375	0.45625	0.4	4.2	-1.06667	-0.5	-1.41429	-0.133333	0.5614	0.3631	0.4226	0.424	0.361567
0.5	0.27	0.27	0.73	0.12	0.27	0.27	0.12	0.5	0.27	0.5	0.73	0.27	0.73	0.12	0.27	0.27	0.5	0.99	0.27	0.41375	0.395	0.4475	0.3075	0.21625	0.5675	0.415	0.24	0.3525	0.34625	0.35625	0.565	0.3575	0.3175	0.1025	0.49125	0.4425	0.0875	0.3475	0.42875	-3.5	1.63333	-0.5	-0.257143	-0.722222	0.0466	0.324167	0.32838	0.330743	0.377633
0.27	0.12	0.05	0.05	0.12	0.73	0.12	0.05	0.12	0.88	0.73	0.12	0.73	0.88	0.05	0.12	0.27	0.12	0.5	0.95	0.42375	0.42	0.44625	0.2975	0.21625	0.51	0.37625	0.24	0.4	0.26625	0.3275	0.6275	0.3	0.3025	0.1025	0.51	0.42375	0.13875	0.40875	0.34375	4.2	-0.933333	1.12	0.128571	-0.788889	0.3645	0.199733	0.23494	0.296086	0.384478
0.27	0.27	0.99	0.5	0.05	0.5	0.27	0.27	0.99	0.02	0.02	0.27	0.12	0.05	0.12	0.73	0.5	0.02	0.27	0.05	0.39625	0.37375	0.2125	0.18	0.21625	0.435	0.25	0.185	0.235	0.365	0.41625	0.54875	0.3575	0.35875	0.08125	0.345	0.31	0.26125	0.485	0.44375	-3.5	1.63333	0.12	0.0428571	-0.5	0.1881	0.1889	0.20598	0.3314	0.314633
0.27	0.05	0.05	0.02	0.27	0.05	0.05	0.02	0.05	0.88	0.88	0.05	0.73	0.27	0.05	0.12	0.27	0.05	0.27	0.98	0.34875	0.31625	0.27375	0.20875	0.18875	0.435	0.22125	0.1	0.38125	0.285	0.365	0.46	0.3	0.45	0.0775	0.345	0.32	0.3425	0.595	0.355	4.2	-0.0333333	-0.08	-0.685714	-0.211111	0.0141	0.206267	0.34236	0.255571	0.277822
0.73	0.27	0.27	0.12	0.98	0.27	0.27	0.12	0.12	0.5	0.73	0.73	0.5	0.12	0.12	0.73	0.5	0.05	0.12	0.73	0.23375	0.28875	0.275	0.29125	0.09125	0.36	0.19375	0.19125	0.34375	0.305	0.35625	0.38375	0.31	0.44125	0.06875	0.26875	0.29125	0.315	0.51	0.33875	-0.8	-0.366667	-1.1	-0.371429	-0.755556	0.4166	0.3864	0.27558	0.270343	0.265733
0.12	1	0.27	0.12	0.02	0.73	0.27	0.05	0.27	0.02	0.05	0.88	0.12	0.05	0.05	0.27	0.12	0.05	0.12	0.05	0.28125	0.17875	0.275	0.215	0.21125	0.28375	0.175	0.2	0.29625	0.39375	0.47	0.28875	0.38625	0.4825	0.0775	0.38375	0.33875	0.315	0.4775	0.42375	-4.5	-2.06667	-0.66	-1.07143	0.0555556	0.7285	0.3919	0.26796	0.282929	0.302433
0.05	0.05	0.02	0.01	0.05	0.05	0.02	0.05	0.05	0.05	0.12	0.02	0.12	0.5	0.02	0.02	0.05	1	0.88	0.02	0.29	0.2975	0.315	0.22875	0.22625	0.31125	0.20625	0.2	0.32375	0.39	0.48875	0.39625	0.41375	0.37875	0.09	0.415	0.3475	0.215	0.35375	0.4	-0.9	-2.23333	-1.64	-0.0285714	0.0111111	0.0306	0.303033	0.35566	0.3099	0.264644
0.12	0.05	0.05	0.02	0.05	0.05	0.05	0.02	0.5	0.27	0.5	0.05	0.27	1	0.02	0.12	0.12	0.73	1	0.27	0.28125	0.32625	0.25	0.25625	0.22625	0.3675	0.29125	0.185	0.20625	0.375	0.45375	0.45	0.41375	0.325	0.10875	0.37375	0.31	0.26125	0.33875	0.3775	-1.3	-0.966667	-0.72	-0.0857143	0.0111111	0.15	0.211067	0.34772	0.311371	0.295211
0.27	0.5	0.5	0.88	0.05	0.5	0.5	0.95	0.27	0.05	0.05	0.95	0.12	0.05	0.12	0.5	0.73	0.05	0.05	0.12	0.33875	0.2975	0.22125	0.18	0.22625	0.3675	0.2625	0.1	0.35125	0.32625	0.4625	0.365	0.45125	0.44375	0.12375	0.37375	0.23375	0.355	0.48625	0.3075	-0.7	0.6	0.94	-0.471429	-0.244444	0.4526	0.3265	0.2069	0.318029	0.368922
0.27	0.12	0.27	0.12	0.12	0.12	0.12	0.12	0.27	0.5	0.73	0.12	0.5	0.99	0.12	0.73	0.27	0.5	0.73	0.27	0.28125	0.37375	0.27875	0.37875	0.11	0.50375	0.3675	0.2225	0.39875	0.2225	0.30125	0.46875	0.375	0.32625	0.1425	0.31625	0.2625	0.3075	0.42	0.2125	3.8	2.3	0.42	0.442857	-0.544444	0.3769	0.284633	0.29342	0.310743	0.354756
0.27	0.12	0.12	0.05	0.27	0.27	0.12	0.05	0.12	0.88	0.95	0.12	0.95	0.5	0.12	0.12	0.27	0.27	0.27	0.73	0.3	0.31125	0.32625	0.435	0.10375	0.5125	0.4525	0.24	0.44625	0.1875	0.2825	0.42125	0.3375	0.39625	0.25875	0.42125	0.28125	0.345	0.4775	0.16375	3.8	1.36667	1.06	0.0714286	-0.222222	0.0244	0.288167	0.39892	0.347671	0.331822
0.27	0.5	0.5	0.73	0.05	0.95	0.98	0.12	0.5	0.12	0.12	0.73	0.27	0.12	0.27	0.5	0.27	0.12	0.27	0.12	0.40375	0.29125	0.31	0.3825	0.15875	0.455	0.37625	0.25875	0.42625	0.3675	0.43375	0.37625	0.47	0.415	0.27125	0.48125	0.3375	0.25375	0.40125	0.3	-3.5	0.733333	0.5	0.0285714	0.377778	0.4632	0.388367	0.36622	0.400829	0.3692
0.88	0.27	0.27	0.27	0.27	0.5	0.27	0.27	0.98	0.27	0.5	0.27	0.88	0.27	0.27	0.5	0.27	0.12	0.5	0.27	0.3275	0.32	0.33875	0.44	0.14	0.51125	0.465	0.24375	0.31875	0.40625	0.38625	0.43375	0.4225	0.39625	0.27125	0.48125	0.3375	0.225	0.3575	0.33875	1.9	-1.7	-0.58	0.771429	0.833333	0.6775	0.4766	0.39526	0.3886	0.356444
0.27	0.5	0.5	0.95	0.12	0.98	0.73	0.27	0.5	0.12	0.12	0.73	0.27	0.12	0.27	0.5	0.27	0.12	0.27	0.12	0.40375	0.24375	0.2625	0.25125	0.1675	0.4225	0.36	0.24375	0.36	0.48125	0.51875	0.2725	0.6075	0.4425	0.2625	0.4525	0.28	0.23375	0.395	0.405	-3.5	-1.06667	-0.44	0.628571	0.866667	0.2891	0.496233	0.46378	0.339786	0.346511
0.27	0.5	0.5	0.5	0.12	0.95	0.95	0.12	0.5	0.12	0.12	0.5	0.27	0.12	0.98	0.5	0.27	0.12	0.12	0.12	0.40375	0.2625	0.29125	0.415	0.155	0.5025	0.44	0.2625	0.36	0.425	0.43375	0.34875	0.55125	0.32125	0.1925	0.42375	0.28	0.1775	0.32875	0.3775	-1.6	-0.2	0.82	0.0285714	0.0555556	0.5221	0.392733	0.37818	0.388186	0.364367
0.88	0.27	0.27	0.27	0.27	0.27	0.27	0.27	0.27	0.73	0.5	0.27	0.5	0.27	0.27	0.88	0.5	0.12	0.27	0.5	0.41625	0.31	0.33875	0.47125	0.13625	0.5875	0.54375	0.3	0.4075	0.25375	0.2825	0.39625	0.4375	0.255	0.3	0.48	0.28	0.15	0.29125	0.2725	4.5	1.9	0.36	0.0285714	-0.166667	0.367	0.3081	0.31532	0.398814	0.370911
0.12	0.05	0.05	0.02	0.12	0.05	0.05	0.05	0.12	0.73	0.5	0.05	0.5	1	0.02	0.12	0.12	0.5	0.88	0.73	0.5875	0.3375	0.36625	0.445	0.16375	0.615	0.51125	0.34625	0.4875	0.25375	0.2825	0.395	0.4375	0.16375	0.33125	0.575	0.3275	0.1025	0.24375	0.24375	2.8	2.3	0.36	0.0142857	-0.133333	0.0352	0.255133	0.36502	0.313929	0.340011
0.27	0.12	0.12	0.05	0.12	0.27	0.12	0.95	0.12	0.5	0.73	0.12	0.99	0.27	0.05	0.27	0.27	0.12	0.12	0.5	0.47375	0.32875	0.4475	0.53	0.13625	0.5875	0.53125	0.23375	0.4275	0.255	0.19375	0.415	0.2725	0.2275	0.30875	0.55625	0.3375	0.1375	0.2825	0.245	-0.4	-0.366667	1.04	0.0571429	-0.733333	0.3632	0.312	0.27726	0.299071	0.319178
0.27	0.27	0.5	0.98	0.02	0.73	0.98	0.12	0.27	0.05	0.05	0.5	0.05	0.02	0.27	0.5	0.27	0.05	0.05	0.05	0.55	0.2625	0.37125	0.31	0.1675	0.44125	0.36625	0.3375	0.38	0.33	0.2975	0.31	0.39	0.3625	0.2625	0.575	0.36625	0.165	0.34875	0.32	-3.5	-0.7	-0.5	-0.214286	-0.0333333	0.5376	0.328033	0.24088	0.294486	0.319189
0.98	0.27	0.27	0.27	0.27	0.27	0.27	0.5	0.27	0.12	0.12	0.27	0.27	0.12	0.27	0.95	0.5	0.05	0.12	0.27	0.46125	0.215	0.34375	0.3425	0.155	0.395	0.3425	0.28125	0.32375	0.41625	0.3925	0.29125	0.45125	0.3975	0.14625	0.47125	0.3375	0.165	0.35875	0.3875	1.8	-1.63333	-1.76	-0.457143	0.566667	0.0833	0.268667	0.33184	0.283371	0.270833
0.88	0.5	0.5	0.27	0.12	0.95	0.5	0.27	0.99	0.12	0.12	0.5	0.27	0.12	0.27	0.5	0.27	0.12	0.5	0.12	0.455	0.18625	0.3725	0.37125	0.17375	0.33875	0.3425	0.33875	0.23375	0.33125	0.33625	0.29125	0.40375	0.37	0.14625	0.54	0.395	0.1475	0.2925	0.35875	-3.2	-1.63333	-1.12	-0.314286	-0.0222222	0.1851	0.2528	0.31704	0.290757	0.276644
0.12	0.27	0.99	0.98	0.05	0.5	0.5	0.27	0.5	0.05	0.02	0.5	0.05	0.05	0.12	0.5	0.5	0.02	0.05	0.05	0.56875	0.27125	0.32	0.295	0.1825	0.45125	0.37	0.33875	0.295	0.34	0.3775	0.395	0.4875	0.2875	0.1775	0.55875	0.385	0.1125	0.2725	0.38625	-3.5	-1.3	0.34	-0.371429	-0.766667	0.49	0.321433	0.2269	0.298771	0.333867
0.88	0.12	0.27	0.12	0.27	0.27	0.27	0.27	0.27	0.27	0.27	0.27	0.27	0.95	0.12	0.88	0.5	0.27	0.73	0.27	0.5025	0.3375	0.4575	0.43	0.155	0.50875	0.44625	0.25375	0.3425	0.265	0.27	0.51875	0.37	0.1475	0.205	0.5875	0.47	0.0725	0.1875	0.33	2.8	1.03333	-0.18	-0.428571	-0.811111	0.2892	0.2887	0.2941	0.300571	0.331111
0.27	0.12	0.05	0.05	0.27	0.12	0.05	0.05	0.05	0.88	0.95	0.12	0.98	0.5	0.05	0.12	0.27	0.12	0.27	0.88	0.57875	0.31875	0.42875	0.31875	0.18625	0.45125	0.3575	0.26875	0.35125	0.27375	0.30125	0.49	0.3975	0.26375	0.18625	0.635	0.49875	0.1	0.2725	0.33875	3.8	1.93333	-0.32	-0.8	-9.86865e-17	0.0869	0.265133	0.36712	0.337014	0.288622
0.73	0.27	0.73	0.5	0.27	0.5	0.5	0.5	0.27	0.05	0.05	0.5	0.12	0.05	0.27	0.98	0.73	0.05	0.12	0.12	0.4325	0.3	0.325	0.29125	0.1675	0.46125	0.38625	0.15625	0.32375	0.425	0.50875	0.47125	0.5625	0.33875	0.14	0.4425	0.4125	0.1175	0.29125	0.4625	-0.8	-0.3	0.22	0.2	0.222222	0.4193	0.352133	0.3368	0.332743	0.336567
0.27	0.5	0.12	0.12	0.12	0.5	0.27	0.05	0.12	0.73	0.73	0.88	0.95	0.27	0.12	0.27	0.27	0.12	0.27	0.88	0.41375	0.27125	0.40125	0.415	0.17375	0.4525	0.47625	0.19375	0.28125	0.33125	0.415	0.4525	0.44	0.3025	0.15875	0.53125	0.47	0.1	0.225	0.35875	-3.9	-1.83333	0.42	1.24286	0.188889	0.5502	0.435967	0.31	0.336286	0.370522
0.5	0.5	0.5	0.27	0.12	0.5	0.5	0.27	0.27	0.12	0.12	0.88	0.27	0.05	0.27	0.88	0.95	0.05	0.12	0.27	0.385	0.24375	0.23625	0.27625	0.1825	0.39625	0.39125	0.135	0.215	0.4925	0.6075	0.39625	0.61	0.4475	0.13125	0.39875	0.3375	0.16875	0.3475	0.49125	-0.8	-0.3	0.42	0.342857	1	0.3384	0.347933	0.39558	0.365071	0.328789
0.27	0.12	0.05	0.02	0.27	0.12	0.05	0.02	0.12	0.73	0.98	0.12	0.98	0.5	0.05	0.12	0.27	0.12	0.27	0.73	0.36625	0.3675	0.32125	0.32625	0.145	0.4725	0.47625	0.1475	0.23375	0.3975	0.48125	0.57625	0.52125	0.27875	0.1775	0.475	0.47875	0.1325	0.2525	0.43375	3.8	2.26667	-0.12	0.342857	0.255556	0.1552	0.336133	0.40986	0.369	0.351822
0.27	0.27	0.12	0.5	0.12	0.73	0.95	0.05	0.27	0.5	0.88	0.5	0.73	0.27	0.12	0.27	0.27	0.12	0.12	0.5	0.36625	0.44375	0.36875	0.29375	0.13625	0.4725	0.44875	0.1525	0.2425	0.3225	0.38125	0.6375	0.46375	0.25125	0.19625	0.50375	0.47875	0.12375	0.2525	0.3675	3.8	1.36667	1.42	-0.1	-0.6	0.5148	0.3869	0.3227	0.380029	0.413956
0.27	0.5	0.5	0.88	0.02	0.88	0.99	0.12	0.5	0.05	0.05	0.73	0.12	0.05	0.27	0.5	0.27	0.05	0.12	0.05	0.39375	0.415	0.2925	0.2175	0.14875	0.45375	0.415	0.14375	0.21375	0.3875	0.49375	0.60875	0.55875	0.2875	0.1775	0.47125	0.47875	0.1325	0.2525	0.4425	-3.5	1.36667	0.8	-0.1	-0.6	0.4907	0.3733	0.35432	0.393729	0.455256
0.12	0.05	0.05	0.02	0.12	0.05	0.05	0.02	0.12	0.73	0.95	0.05	0.73	0.99	0.05	0.05	0.12	0.5	0.88	0.5	0.4975	0.42375	0.34875	0.31625	0.155	0.51	0.51375	0.18375	0.26125	0.3025	0.3525	0.6175	0.42625	0.15125	0.205	0.55625	0.52625	0.0675	0.13875	0.395	3.8	-1.2	-0.74	-0.1	0.0333333	0.1144	0.3672	0.4525	0.458386	0.491689
0.5	0.73	0.5	0.27	0.12	0.5	0.5	0.12	0.27	0.12	0.12	0.95	0.27	0.05	0.27	0.73	0.95	0.05	0.12	0.27	0.4025	0.33875	0.355	0.3425	0.14625	0.45375	0.4575	0.2	0.3	0.37	0.44375	0.4575	0.465	0.26875	0.15875	0.4525	0.36625	0.12	0.23375	0.39625	-3.9	-1.33333	-1.66	-0.385714	-0.266667	0.4965	0.419	0.50774	0.561657	0.584778
