0.95	0.12	0.12	0.05	0.27	0.12	0.12	0.27	0.12	0.88	0.5	0.12	0.5	0.27	0.12	0.5	0.5	0.05	0.12	0.88	0.62625	0.27125	0.37625	0.32375	0.1925	0.41375	0.50875	0.21375	0.17625	0.34	0.23125	0.44625	0.28125	0.08125	0.32125	0.63625	0.62625	0.04625	0.11125	0.425	4.5	0.733333	0.64	-0.6	-0.944444	0.2152	0.4078	0.43514	0.497871	0.545944
0.95	0.12	0.27	0.12	0.27	0.27	0.27	0.27	0.12	0.12	0.12	0.27	0.27	0.05	0.98	0.73	0.88	0.05	0.12	0.27	0.645	0.27125	0.28125	0.205	0.19625	0.3475	0.395	0.18625	0.14875	0.44375	0.33875	0.40875	0.3375	0.1125	0.32375	0.57875	0.6075	0.04625	0.11125	0.51	-1.6	0.7	-0.42	-0.157143	-0.733333	0.4767	0.402567	0.47628	0.4833	0.494478
0.73	0.27	0.5	0.27	0.27	0.5	0.5	0.27	0.27	0.12	0.12	0.5	0.12	0.05	0.27	0.98	0.88	0.05	0.12	0.12	0.7575	0.1575	0.205	0.1675	0.22375	0.26125	0.30875	0.205	0.11125	0.47125	0.36625	0.29	0.35625	0.1975	0.4125	0.57625	0.63625	0.055	0.13	0.605	-0.8	-1.96667	-0.44	-0.642857	0.0111111	0.5158	0.5449	0.48302	0.478086	0.463089
0.73	0.12	0.12	0.27	0.12	0.5	0.88	0.12	0.12	0.88	0.5	0.27	0.5	0.12	0.12	0.27	0.27	0.05	0.12	0.88	0.7575	0.17625	0.27125	0.1675	0.2425	0.26125	0.26125	0.28125	0.13	0.3	0.27125	0.31875	0.26125	0.18	0.43125	0.7125	0.7125	0.055	0.13	0.4525	-3.5	-1.7	-1.66	-0.142857	0.0111111	0.6422	0.5744	0.51998	0.457114	0.457211
0.73	0.27	0.27	0.27	0.27	0.27	0.27	0.27	0.12	0.5	0.27	0.73	0.27	0.12	0.27	0.88	0.95	0.05	0.12	0.73	0.81375	0.13875	0.30875	0.1675	0.22375	0.29	0.3375	0.33875	0.14875	0.32875	0.3	0.26125	0.27125	0.17125	0.39375	0.655	0.56625	0.055	0.13	0.4425	-0.8	-1.96667	-0.78	-0.528571	0.288889	0.5652	0.5358	0.50158	0.481171	0.433567
0.27	0.12	0.12	0.12	0.05	0.12	0.12	0.05	0.05	0.12	0.5	0.12	0.27	0.05	1	0.27	0.5	0.02	0.05	0.12	0.87625	0.1575	0.3275	0.27125	0.25125	0.3275	0.375	0.36625	0.23375	0.28125	0.22375	0.35625	0.22375	0.1525	0.3025	0.73125	0.59375	0.05875	0.13875	0.4425	-1.6	0.133333	-0.26	-0.0428571	-0.0111111	0.4	0.449967	0.47514	0.4586	0.466
0.95	0.12	0.12	0.12	0.27	0.27	0.27	0.27	0.12	0.27	0.27	0.27	0.27	0.73	0.27	0.73	0.5	0.12	0.27	0.73	0.70625	0.17625	0.385	0.3475	0.19625	0.36625	0.445	0.32	0.24375	0.28125	0.27125	0.36625	0.30875	0.07625	0.28625	0.61625	0.5175	0.04625	0.11125	0.36625	2.8	1	0.8	0.328571	-0.222222	0.3847	0.389433	0.41044	0.457357	0.478978
0.98	0.12	0.27	0.12	0.27	0.27	0.27	0.73	0.12	0.12	0.12	0.27	0.12	0.05	0.27	0.88	0.5	0.05	0.12	0.27	0.73	0.1575	0.31875	0.3475	0.19625	0.3375	0.41625	0.2625	0.225	0.3475	0.30875	0.3375	0.34625	0.17	0.2675	0.5375	0.52625	0.055	0.13	0.51875	1.8	2.13333	1.32	0.328571	0.333333	0.3836	0.362333	0.39882	0.4504	0.4581
0.95	0.12	0.95	0.27	0.27	0.27	0.27	0.73	0.27	0.12	0.27	0.27	0.12	0.05	0.12	0.88	0.5	0.05	0.12	0.27	0.76125	0.1575	0.23375	0.30125	0.19625	0.3375	0.32125	0.2625	0.225	0.3	0.26125	0.31875	0.34625	0.2175	0.38125	0.56625	0.52625	0.06375	0.225	0.5	1.8	1.8	0.94	1.04286	0.922222	0.3187	0.403133	0.43752	0.4165	0.436444
0.99	0.12	0.12	0.73	0.27	0.27	0.27	0.27	0.73	0.12	0.12	0.27	0.12	0.05	0.12	0.5	0.27	0.05	0.12	0.27	0.75625	0.1575	0.36625	0.32	0.1775	0.395	0.3975	0.30125	0.18625	0.3	0.26125	0.29	0.34625	0.20875	0.3625	0.56625	0.54625	0.06375	0.225	0.47125	1.8	0.0333333	1.22	1.52857	0.622222	0.5071	0.4731	0.42616	0.423257	0.457278
0.27	0.27	0.73	0.73	0.05	0.73	0.98	0.12	0.27	0.27	0.27	0.5	0.95	0.12	0.12	0.27	0.27	0.05	0.12	0.27	0.84625	0.13875	0.30875	0.33875	0.21375	0.3375	0.30875	0.37625	0.24375	0.37625	0.2425	0.30875	0.27125	0.20875	0.24375	0.57625	0.5175	0.06375	0.23375	0.57875	-3.5	0.833333	1.22	0.628571	0.755556	0.5935	0.476167	0.4389	0.475829	0.4789
0.95	0.12	0.12	0.27	0.27	0.27	0.27	0.27	0.12	0.5	0.27	0.27	0.27	0.12	0.12	0.5	0.95	0.05	0.12	0.88	0.73375	0.205	0.40375	0.415	0.1675	0.42375	0.455	0.33875	0.2625	0.3475	0.3	0.4225	0.41375	0.1325	0.225	0.51875	0.40375	0.055	0.215	0.47375	4.2	0.833333	0.16	0.314286	0.644444	0.3279	0.456233	0.5257	0.505971	0.481122
0.95	0.12	0.12	0.05	0.12	0.5	0.12	0.12	0.27	0.5	0.27	0.12	0.5	0.5	0.88	0.5	0.27	0.12	0.88	0.73	0.62625	0.19625	0.37625	0.43	0.1675	0.37625	0.44625	0.26875	0.235	0.4425	0.40375	0.41375	0.4925	0.1125	0.1025	0.42375	0.5175	0.04625	0.12	0.55	1.8	0.833333	-0.28	0.314286	0.944444	0.4473	0.5093	0.5432	0.518257	0.470478
0.73	0.27	0.5	0.88	0.12	0.73	0.88	0.12	0.27	0.5	0.12	0.5	0.27	0.05	0.12	0.5	0.88	0.05	0.12	0.5	0.5975	0.16875	0.30125	0.3075	0.14	0.32875	0.35125	0.3025	0.2075	0.43375	0.39125	0.3475	0.5125	0.165	0.18875	0.3475	0.39375	0.05125	0.2025	0.57875	-3.5	-0.7	0.78	0.7	1.21111	0.7527	0.5982	0.50544	0.486929	0.478767
0.27	0.12	0.27	0.27	0.12	0.12	0.12	0.5	0.05	0.88	0.5	0.5	0.5	0.12	0.05	0.12	0.27	0.02	0.12	0.98	0.64125	0.1875	0.34875	0.355	0.12125	0.405	0.44625	0.33125	0.15875	0.405	0.34375	0.3475	0.48375	0.15625	0.1975	0.4425	0.5275	0.055	0.2025	0.57625	-0.4	-0.7	0.84	1.8	1.47778	0.5946	0.584	0.49742	0.458329	0.4303
0.73	0.5	0.27	0.27	0.12	0.5	0.73	0.12	0.12	0.27	0.73	0.95	0.73	0.12	0.12	0.5	0.27	0.05	0.12	0.5	0.58375	0.14	0.34875	0.3875	0.1175	0.32875	0.3575	0.47375	0.13125	0.45	0.28375	0.32	0.3425	0.14375	0.18875	0.42375	0.5275	0.0475	0.19375	0.605	1.8	1.96667	1.32	1.8	1.47778	0.4047	0.429033	0.48662	0.421614	0.403678
0.12	0.05	0.05	0.02	0.12	0.12	0.05	0.02	0.05	0.88	0.95	0.05	0.98	0.27	0.05	0.12	0.73	0.05	0.12	0.73	0.575	0.215	0.47125	0.5075	0.09	0.405	0.47125	0.54375	0.14	0.37375	0.2375	0.49	0.2925	0.11625	0.245	0.5	0.385	0.04375	0.185	0.5	4.5	3.5	2.86	1.04286	1.51111	0.2878	0.361933	0.35026	0.408271	0.375189
0.5	0.05	0.73	0.12	0.05	0.12	0.27	1	0.05	0.05	0.02	0.12	0.05	0.02	0.05	0.27	0.12	0.02	0.02	0.27	0.5	0.20625	0.4625	0.50375	0.09	0.3575	0.49125	0.53125	0.12125	0.4175	0.3225	0.48125	0.3525	0.09125	0.14125	0.4525	0.4425	0.03875	0.12125	0.4725	4.2	4.3	2.24	2.18571	1.51111	0.3933	0.250667	0.30212	0.310957	0.352733
0.88	0.12	0.27	0.5	0.12	0.27	0.27	0.88	0.12	0.27	0.12	0.27	0.12	0.05	0.12	0.88	0.73	0.05	0.12	0.73	0.47125	0.1975	0.52	0.38	0.08125	0.31	0.4725	0.64125	0.09375	0.3425	0.3575	0.49125	0.3725	0.0875	0.1325	0.42375	0.29	0.035	0.10875	0.38625	4.2	1.63333	2.78	2.5	1.46667	0.0709	0.2727	0.23548	0.261043	0.343544
0.27	0.27	0.73	0.99	0.02	0.5	0.88	0.88	0.12	0.02	0.02	0.73	0.05	0.02	0.12	0.5	0.27	0.02	0.05	0.02	0.52875	0.17	0.43125	0.2875	0.09375	0.2725	0.38375	0.58125	0.09375	0.32625	0.43	0.3775	0.4425	0.18625	0.16	0.4625	0.32875	0.05125	0.13625	0.415	-3.5	1.73333	2.24	1.68571	1.72222	0.3539	0.165433	0.22696	0.298943	0.310722
0.27	0.27	0.88	0.98	0.05	0.5	0.5	0.73	0.12	0.5	0.12	0.73	0.12	0.05	0.5	0.73	0.27	0.02	0.05	0.27	0.55625	0.14125	0.39375	0.26125	0.09	0.24375	0.37375	0.61875	0.085	0.295	0.36	0.36875	0.37625	0.1825	0.1125	0.405	0.32875	0.05125	0.13625	0.44	4.5	0.933333	0.62	1.31429	1.08889	0.0715	0.223533	0.2823	0.300571	0.315733
0.73	0.05	0.73	0.12	0.05	0.12	0.5	1	0.12	0.02	0.02	0.12	0.05	0.05	0.05	0.27	0.12	0.05	0.27	0.05	0.48625	0.165	0.40875	0.3675	0.0775	0.27875	0.37	0.58375	0.09375	0.26	0.2875	0.44125	0.29625	0.27375	0.16375	0.45	0.2625	0.10375	0.21625	0.39125	1.8	0.8	0.16	0.157143	0.444444	0.2452	0.3289	0.32796	0.308643	0.287689
0.88	0.27	0.5	0.27	0.12	0.5	0.73	0.88	0.12	0.12	0.5	0.73	0.5	0.05	0.12	0.88	0.27	0.05	0.12	0.27	0.43875	0.14625	0.38	0.4525	0.06875	0.3075	0.42625	0.48	0.12125	0.30375	0.25875	0.38375	0.2675	0.28625	0.16375	0.4025	0.2625	0.1075	0.295	0.42125	-3.9	-0.0666667	0.08	-0.628571	-0.411111	0.67	0.4048	0.34714	0.303571	0.296133
0.12	0.05	0.02	0.02	0.12	0.05	0.02	0.02	0.05	0.5	0.98	0.05	0.99	0.88	0.27	0.05	0.12	0.12	0.27	0.5	0.43875	0.17375	0.4125	0.4275	0.05625	0.42125	0.49625	0.48375	0.12125	0.225	0.18625	0.4975	0.1975	0.1775	0.255	0.41125	0.28125	0.09375	0.26375	0.3075	1.9	-1.96667	-1.08	-0.628571	-0.955556	0.2992	0.473	0.33992	0.320057	0.329111
0.95	0.27	0.12	0.05	0.12	0.27	0.27	0.27	0.05	0.5	0.27	0.88	0.27	0.12	0.12	0.27	0.27	0.05	0.12	0.95	0.41125	0.14625	0.41875	0.3625	0.06875	0.365	0.38875	0.43375	0.12125	0.22875	0.27875	0.365	0.29625	0.27625	0.38125	0.43125	0.29125	0.1025	0.2825	0.26375	-3.9	-1.1	-2.14	-1.37143	-0.744444	0.4498	0.261467	0.38474	0.362371	0.339078
0.02	0.02	0.02	0.01	0.02	0.02	0.02	0.01	0.12	0.12	0.27	0.02	0.27	1	0.01	0.02	0.05	0.5	0.98	0.12	0.55625	0.1775	0.43125	0.33625	0.09	0.39625	0.4675	0.39	0.13125	0.22875	0.27875	0.44375	0.29625	0.25125	0.3475	0.48125	0.37625	0.05	0.23125	0.34875	-1.3	-2.9	-1.5	-1.85714	-1.63333	0.0354	0.318167	0.32428	0.390714	0.391889
0.27	0.12	0.27	0.95	0.05	0.73	0.95	0.05	0.27	0.5	0.27	0.27	0.27	0.12	0.12	0.5	0.27	0.05	0.5	0.73	0.44875	0.165	0.31125	0.20625	0.095	0.29875	0.29125	0.2625	0.10375	0.2975	0.395	0.40375	0.38125	0.4775	0.33	0.39375	0.34875	0.115	0.32	0.37625	-3.5	-1.83333	-2.2	-1.8	-1.41111	0.4693	0.2908	0.35316	0.373114	0.3774
0.12	0.12	0.05	0.05	0.02	0.73	0.12	0.05	0.05	0.02	0.02	0.5	0.05	0.01	1	0.12	0.73	0.01	0.02	0.05	0.39125	0.24125	0.31	0.31875	0.09875	0.29875	0.36625	0.1675	0.2075	0.3575	0.37	0.375	0.36125	0.49125	0.22	0.44125	0.38	0.12	0.38	0.4425	-0.7	-1.93333	-2.12	-1.52857	-1.33333	0.3677	0.426867	0.37256	0.346771	0.360489
0.88	0.27	0.88	0.5	0.12	0.27	0.27	0.73	0.12	0.05	0.05	0.5	0.12	0.05	0.98	0.88	0.5	0.02	0.05	0.12	0.34375	0.21875	0.20625	0.2625	0.08625	0.35625	0.35125	0.0825	0.195	0.41375	0.335	0.375	0.29125	0.41	0.195	0.355	0.4275	0.10625	0.3575	0.49375	-1.6	-1.93333	-1.1	-1.42857	-1.07778	0.4436	0.4527	0.38844	0.356486	0.333644
0.5	0.27	0.88	0.73	0.12	0.5	0.88	0.12	0.27	0.12	0.12	0.5	0.12	0.73	0.12	0.88	0.73	0.05	0.5	0.12	0.3825	0.2475	0.2825	0.31875	0.0775	0.35625	0.3325	0.15875	0.2325	0.34875	0.29875	0.38375	0.2725	0.31625	0.35	0.43125	0.39875	0.09875	0.30125	0.39	-3.5	-0.433333	-1.04	-0.642857	-1.07778	0.5468	0.3684	0.39814	0.359657	0.343733
0.12	0.05	0.02	0.02	0.12	0.05	0.02	0.02	0.05	0.95	0.95	0.05	0.73	0.98	0.02	0.05	0.12	0.12	0.5	0.88	0.54625	0.2875	0.4025	0.42125	0.09	0.4725	0.5	0.20375	0.26	0.245	0.17625	0.5	0.1775	0.16625	0.48375	0.62375	0.5025	0.03	0.185	0.3425	3.8	-0.966667	-0.06	-0.7	-0.466667	0.1148	0.393133	0.33612	0.369843	0.394
0.27	0.88	0.27	0.27	0.12	0.5	0.5	0.12	0.73	0.12	0.05	0.73	0.12	0.05	0.12	0.88	0.98	0.05	0.12	0.12	0.5275	0.17125	0.3525	0.2775	0.08625	0.33125	0.3275	0.31	0.1475	0.2875	0.25625	0.3875	0.2225	0.27	0.4625	0.4725	0.3675	0.035	0.1725	0.3475	-3.2	1.6	-0.52	1.26883e-16	-0.122222	0.5178	0.230067	0.35552	0.387	0.403956
0.5	0.02	0.02	0.02	0.12	0.05	0.05	0.02	0.02	0.98	0.73	0.05	0.5	0.27	0.05	0.12	0.27	0.02	0.12	0.98	0.49875	0.27875	0.44	0.42625	0.08625	0.3875	0.49125	0.3225	0.245	0.18	0.17125	0.44375	0.175	0.24375	0.36125	0.615	0.4275	0.04	0.17625	0.24	4.2	-0.966667	1.02	0.171429	-0.433333	0.0576	0.372	0.34372	0.403471	0.396189
0.88	0.5	0.73	0.73	0.05	0.5	0.73	0.27	0.5	0.05	0.05	0.95	0.12	0.05	0.5	0.88	0.27	0.02	0.12	0.12	0.4325	0.21875	0.275	0.30875	0.095	0.36	0.46375	0.215	0.185	0.305	0.265	0.37875	0.2225	0.27125	0.1975	0.50125	0.4875	0.04375	0.185	0.395	-3.9	1.5	0.18	0.171429	-0.333333	0.5406	0.362	0.43254	0.3679	0.386478
0.95	0.12	0.12	0.12	0.12	0.5	0.5	0.27	0.12	0.12	0.12	0.5	0.12	0.05	0.98	0.73	0.27	0.02	0.05	0.5	0.37625	0.235	0.24375	0.29625	0.08625	0.30375	0.385	0.2025	0.20125	0.40375	0.30375	0.37875	0.27	0.195	0.125	0.41625	0.43	0.04	0.14625	0.45625	4.2	-0.0333333	0.12	-0.471429	0.522222	0.4878	0.5291	0.38854	0.402386	0.326689
0.27	0.02	0.12	0.05	0.02	0.05	0.05	1	0.05	0.01	0.01	0.05	0.02	0.02	0.05	0.12	0.05	0.02	0.02	0.01	0.48	0.275	0.3325	0.33625	0.09875	0.445	0.53	0.115	0.21875	0.3325	0.21375	0.52	0.225	0.0825	0.25375	0.54875	0.565	0.03125	0.15	0.49875	-0.4	0.1	-0.86	0.585714	0.0222222	0.5589	0.448167	0.44826	0.329657	0.325956
0.12	0.12	0.5	0.99	0.02	0.73	0.98	0.05	0.12	0.02	0.02	0.27	0.05	0.02	0.12	0.5	0.5	0.02	0.05	0.05	0.47125	0.155	0.2525	0.18625	0.08625	0.3	0.35375	0.22125	0.125	0.33125	0.24	0.40375	0.22125	0.20125	0.23125	0.39375	0.3925	0.15	0.2225	0.54125	-3.5	-1.53333	0.76	-0.114286	0.277778	0.2978	0.4043	0.34188	0.336886	0.268867
0.73	0.27	0.27	0.27	0.12	0.5	0.73	0.12	0.12	0.12	0.12	0.88	0.12	0.05	0.12	0.73	0.98	0.05	0.12	0.5	0.36625	0.19625	0.29375	0.28875	0.07375	0.35625	0.44125	0.21625	0.1375	0.30625	0.19875	0.44	0.2125	0.17875	0.24	0.38375	0.39	0.15	0.21375	0.4725	-0.7	0	-0.22	0.314286	0.311111	0.3562	0.2209	0.26596	0.260229	0.280033
0.12	0.02	0.02	0.02	0.12	0.05	0.02	0.02	0.02	0.98	0.5	0.05	0.5	0.12	0.02	0.05	0.27	0.02	0.12	0.99	0.3475	0.18	0.35875	0.29125	0.07375	0.38375	0.4725	0.21	0.12125	0.19875	0.16	0.45875	0.2125	0.17	0.30875	0.3925	0.5075	0.15375	0.205	0.4025	4.2	0.933333	-0.32	0.357143	0.355556	0.0087	0.1577	0.15498	0.213129	0.222322
0.27	0.27	0.73	0.27	0.12	0.73	0.73	0.05	0.12	0.27	0.12	0.73	0.27	0.05	0.12	0.5	0.98	0.05	0.5	0.73	0.225	0.19625	0.38	0.3075	0.065	0.27	0.355	0.26375	0.1275	0.2875	0.19875	0.345	0.24125	0.17875	0.18875	0.3075	0.495	0.15	0.1575	0.40625	-0.7	0.866667	1.28	-0.0857143	-0.611111	0.1082	0.0403	0.12704	0.136314	0.207556
0.05	0.02	0.01	0.01	0.02	0.02	0.02	0.02	0.05	0.12	0.27	0.02	0.12	1	0.01	0.02	0.05	1	0.73	0.5	0.3375	0.25875	0.48875	0.4525	0.09	0.415	0.52875	0.205	0.145	0.31125	0.185	0.5375	0.2725	0.06375	0.21125	0.415	0.63875	0.035	0.1325	0.44875	-0.9	0.966667	0.72	-0.228571	-0.955556	0.004	0.0901	0.06004	0.144471	0.166167
0.27	0.5	0.12	0.12	0.12	0.27	0.5	0.05	0.12	0.88	0.5	0.95	0.5	0.12	0.12	0.27	0.73	0.05	0.12	0.88	0.3575	0.2175	0.44625	0.33	0.09	0.32625	0.38	0.3175	0.13625	0.2475	0.21625	0.47875	0.2525	0.18625	0.1975	0.355	0.525	0.1575	0.2175	0.48625	4.5	0.0333333	-1.02	-0.628571	-0.366667	0.1581	0.0611	0.12928	0.120214	0.2051
0.12	0.12	1	0.5	0.05	0.27	0.27	0.12	0.27	0.05	0.12	0.27	0.5	0.05	0.95	0.27	0.5	0.02	0.05	0.05	0.3475	0.24625	0.3175	0.26375	0.09875	0.32625	0.3325	0.35625	0.13625	0.37	0.31125	0.46875	0.32875	0.31125	0.17	0.32625	0.49375	0.18875	0.32125	0.56125	-3.5	-1.16667	-1.58	-0.971429	-0.0777778	0.0212	0.178067	0.14492	0.211571	0.209567
0.12	0.5	1	0.5	0.05	0.27	0.27	0.73	0.27	0.12	0.05	0.27	0.12	0.05	0.12	0.5	0.88	0.02	0.05	0.27	0.395	0.21125	0.33	0.27625	0.09	0.3825	0.36375	0.36875	0.14875	0.245	0.26375	0.49625	0.32	0.3025	0.39625	0.325	0.4275	0.1925	0.3125	0.41625	-4.5	-3.83333	-1.04	-0.6	-0.722222	0.3549	0.1875	0.27376	0.252743	0.238533
0.95	0.27	0.27	0.95	0.12	0.5	0.73	0.5	0.12	0.05	0.05	0.88	0.12	0.05	0.12	0.5	0.27	0.05	0.05	0.12	0.26375	0.22125	0.36375	0.20125	0.06875	0.29625	0.24875	0.3975	0.2775	0.2225	0.25125	0.34375	0.2925	0.31125	0.3875	0.2775	0.3875	0.18875	0.3125	0.34625	-3.5	-2.06667	-1.56	-0.7	-1	0.1864	0.3965	0.32142	0.290657	0.227989
0.5	0.27	0.27	0.12	0.12	0.27	0.27	0.98	0.12	0.27	0.5	0.73	0.27	0.12	0.12	0.27	0.27	0.05	0.12	0.73	0.32	0.23375	0.4875	0.36625	0.06875	0.35625	0.3375	0.35	0.305	0.1825	0.16375	0.39375	0.265	0.18	0.3925	0.3375	0.415	0.06625	0.21875	0.21	1.8	0.0666667	-1.18	-1.8	-1.28889	0.6482	0.410333	0.37106	0.269971	0.229456
0.5	0.12	0.12	0.12	0.12	0.5	0.12	0.5	0.27	0.27	0.5	0.12	0.73	0.98	0.73	0.5	0.5	0.27	0.88	0.27	0.32	0.1925	0.49375	0.35375	0.06875	0.3	0.29625	0.40625	0.27375	0.195	0.16375	0.3575	0.2075	0.0725	0.3075	0.28125	0.32875	0.15125	0.12375	0.28125	1.9	0.7	-0.92	-1.8	-1.32222	0.3964	0.438	0.30274	0.2694	0.212511
0.5	0.12	0.12	0.12	0.05	0.5	0.27	0.73	0.12	0.05	0.05	0.27	0.05	0.05	1	0.27	0.12	0.05	0.05	0.05	0.33875	0.18375	0.375	0.30625	0.08625	0.28125	0.335	0.365	0.36875	0.32625	0.2675	0.32	0.2925	0.1975	0.16125	0.29125	0.3475	0.17875	0.23625	0.425	-1.6	-0.966667	-0.92	-0.557143	-1.28889	0.2694	0.226367	0.2689	0.2195	0.227533
0.05	0.12	0.27	0.12	0.02	0.27	0.27	0.05	1	0.02	0.02	0.12	0.05	0.12	0.05	0.12	0.05	0.05	0.5	0.02	0.41375	0.1275	0.2375	0.25	0.09	0.2825	0.3075	0.365	0.24	0.34875	0.3275	0.31125	0.31125	0.3075	0.27125	0.28125	0.35625	0.21	0.265	0.42875	-3.2	-2.76667	-0.44	-0.514286	-0.477778	0.0133	0.0999667	0.14038	0.215214	0.193622
0.05	0.12	1	0.5	0.02	0.27	0.27	0.12	0.27	0.02	0.02	0.27	0.05	0.02	0.05	0.27	0.27	0.02	0.05	0.02	0.31	0.10875	0.20375	0.2075	0.08125	0.25375	0.27875	0.30875	0.33125	0.43375	0.33625	0.245	0.31125	0.3475	0.27125	0.2625	0.32875	0.21	0.32125	0.47625	-3.5	-0.833333	-1.46	-0.371429	0.377778	0.0172	0.0120333	0.09238	0.129714	0.206422
0.27	0.02	0.02	0.02	0.12	0.05	0.02	0.02	0.02	0.98	0.5	0.05	0.5	0.12	0.05	0.05	0.27	0.95	0.12	0.99	0.2825	0.15	0.355	0.315	0.06	0.31	0.39875	0.21375	0.38125	0.28625	0.2475	0.3	0.23625	0.32625	0.27125	0.31875	0.32875	0.09	0.30375	0.27875	4.2	-0.833333	-0.58	-0.0428571	0.377778	0.0056	0.0597333	0.04844	0.116171	0.203322
0.27	0.05	0.05	0.12	0.12	0.12	0.73	0.02	0.88	0.88	0.5	0.12	0.5	0.12	0.05	0.12	0.27	0.02	0.12	0.98	0.235	0.14625	0.39875	0.41125	0.0475	0.2725	0.405	0.27	0.255	0.27125	0.1875	0.29125	0.15125	0.20625	0.27125	0.28125	0.28125	0.175	0.19625	0.26125	-3.2	1.26667	0.9	0.442857	0.122222	0.1564	0.0705667	0.1061	0.1663	0.226067
0.27	0.05	0.05	0.05	0.05	0.05	0.05	0.05	0.12	0.27	0.5	0.05	0.27	1	0.05	0.27	0.88	0.27	0.73	0.27	0.235	0.14625	0.39875	0.43875	0.05625	0.28125	0.575	0.2375	0.35	0.40375	0.24375	0.32875	0.265	0.105	0.25625	0.2625	0.22375	0.14375	0.12875	0.40625	2.8	1.26667	1.96	0.842857	0.766667	0.0497	0.169233	0.22672	0.250271	0.244378
0.12	0.12	0.73	0.99	0.05	0.27	0.5	0.12	0.12	0.73	0.12	0.5	0.12	0.27	0.12	0.5	0.27	0.02	0.05	0.5	0.33875	0.1375	0.295	0.32125	0.06875	0.25375	0.51875	0.285	0.23125	0.4625	0.38	0.29125	0.34	0.215	0.25625	0.28125	0.3275	0.175	0.16625	0.485	4.2	2.93333	1.04	1.94286	1.54444	0.3016	0.323867	0.34582	0.309843	0.280867
0.5	0.5	0.5	0.5	0.05	0.5	0.98	0.12	0.27	0.05	0.27	0.95	0.12	0.05	0.12	0.5	0.27	0.02	0.05	0.12	0.3475	0.09	0.21375	0.43	0.0725	0.20625	0.45875	0.38875	0.185	0.55125	0.36125	0.26375	0.34	0.2425	0.37375	0.28125	0.30875	0.175	0.1625	0.545	1.8	1.86667	2.52	1.88571	1.88889	0.6203	0.507667	0.40138	0.357857	0.328178
0.12	0.12	0.5	0.99	0.02	0.27	0.88	0.95	0.12	0.05	0.02	0.12	0.05	0.02	0.73	0.27	0.12	0.02	0.02	0.12	0.4525	0.16875	0.245	0.485	0.0675	0.29125	0.5875	0.2975	0.21625	0.44375	0.345	0.42375	0.30125	0.29375	0.30625	0.395	0.3275	0.0625	0.16625	0.48375	-0.4	1.86667	2.72	2.28571	1.03333	0.6011	0.551867	0.45978	0.3988	0.407822
0.5	0.12	0.12	0.27	0.05	0.5	0.95	0.5	0.12	0.5	0.5	0.5	0.73	0.12	0.88	0.27	0.27	0.05	0.12	0.5	0.4625	0.1775	0.32	0.67	0.055	0.28125	0.55	0.47	0.12125	0.2925	0.285	0.395	0.1875	0.2725	0.29625	0.4425	0.30875	0.0625	0.145	0.32875	4.2	2.53333	1.8	1.38571	1.58889	0.4342	0.459	0.48806	0.4949	0.448022
0.73	0.12	0.12	0.12	0.12	0.27	0.27	0.5	0.05	0.95	0.73	0.27	0.5	0.27	0.12	0.5	0.27	0.05	0.12	0.88	0.51	0.18625	0.32875	0.71625	0.07375	0.31875	0.64375	0.47875	0.13	0.29375	0.2275	0.4325	0.27375	0.19125	0.4	0.47125	0.29	0.035	0.06875	0.3575	3.8	2.53333	0.74	1.04286	1.47778	0.3417	0.4063	0.50848	0.525843	0.486289
0.5	0.12	0.12	0.88	0.05	0.12	0.27	0.95	0.05	0.05	0.02	0.5	0.05	0.02	0.99	0.27	0.12	0.02	0.02	0.12	0.58625	0.205	0.32875	0.61625	0.09125	0.36625	0.6725	0.4225	0.23875	0.33	0.31625	0.375	0.33	0.2225	0.29125	0.52875	0.30875	0.0425	0.10875	0.42375	-0.4	-0.0333333	1.18	1.04286	1.43333	0.443	0.502367	0.4919	0.493529	0.480756
0.73	0.27	0.27	0.95	0.05	0.5	0.95	0.12	0.12	0.12	0.12	0.5	0.12	0.5	0.12	0.73	0.27	0.05	0.12	0.5	0.5575	0.215	0.28125	0.6075	0.09125	0.3475	0.58375	0.57375	0.23	0.32125	0.27625	0.375	0.32125	0.1625	0.4475	0.5	0.31875	0.0425	0.12375	0.3675	-3.5	-0.7	0.7	1.64286	0.8	0.7224	0.5612	0.48388	0.443629	0.475822
0.73	0.12	0.27	0.88	0.05	0.27	0.5	0.95	0.12	0.12	0.5	0.27	0.27	0.05	0.12	0.5	0.27	0.05	0.05	0.12	0.605	0.23375	0.28125	0.61125	0.095	0.405	0.5925	0.46125	0.23	0.40625	0.24125	0.45125	0.33	0.3075	0.37125	0.5575	0.3375	0.04625	0.16375	0.43375	1.8	0.0333333	0.7	0.485714	0.8	0.5182	0.5449	0.4659	0.463871	0.443478
0.88	0.12	0.12	0.27	0.27	0.12	0.12	0.12	0.12	0.73	0.27	0.12	0.73	0.5	0.12	0.73	0.73	0.05	0.12	0.88	0.5575	0.28125	0.31875	0.6875	0.07625	0.395	0.555	0.5175	0.24875	0.30125	0.29875	0.49875	0.24375	0.3275	0.37125	0.58625	0.30875	0.055	0.25	0.31	1.8	2.46667	0	-0.114286	0.155556	0.3941	0.388033	0.49248	0.459343	0.441033
0.5	0.27	0.73	0.95	0.12	0.5	0.73	0.12	0.99	0.12	0.12	0.27	0.12	0.27	0.12	0.73	0.27	0.05	0.27	0.27	0.57625	0.2625	0.23375	0.59375	0.095	0.3475	0.46	0.46125	0.14	0.35	0.345	0.50875	0.38125	0.35625	0.3625	0.53875	0.36625	0.06375	0.23125	0.3675	3.8	0.566667	0.62	-0.285714	-0.0555556	0.2518	0.407267	0.41	0.454943	0.442011
0.5	0.73	0.27	0.5	0.05	0.73	0.95	0.5	0.27	0.05	0.05	0.95	0.12	0.05	0.5	0.73	0.5	0.05	0.27	0.05	0.57625	0.205	0.38625	0.63125	0.1125	0.3375	0.4325	0.3575	0.23875	0.38625	0.41375	0.395	0.485	0.4725	0.25375	0.615	0.41375	0.0675	0.2625	0.41375	-3.9	-0.166667	-0.06	0.485714	0.2	0.5759	0.379233	0.3888	0.401814	0.408067
0.5	0.12	0.5	0.95	0.05	0.5	0.5	0.88	0.12	0.73	0.12	0.5	0.27	0.73	0.12	0.5	0.27	0.05	0.27	0.27	0.57625	0.33875	0.43375	0.51875	0.12125	0.36625	0.48	0.3575	0.27625	0.2925	0.39625	0.49875	0.51375	0.33125	0.30125	0.6625	0.5	0.0675	0.2625	0.33875	-0.4	-1.96667	-0.04	0.5	0.155556	0.31	0.4327	0.38008	0.347429	0.389444
0.27	0.5	0.27	0.27	0.12	0.27	0.27	0.12	0.27	0.27	0.73	0.73	0.5	0.73	0.88	0.73	0.5	0.12	0.88	0.27	0.57625	0.29125	0.44375	0.50875	0.1125	0.395	0.5375	0.3675	0.2575	0.3975	0.26375	0.5275	0.46625	0.3275	0.31625	0.63375	0.47125	0.055	0.18625	0.3575	-1.6	-0.0333333	-0.42	-0.314286	-0.477778	0.4122	0.357567	0.35722	0.370386	0.395656
0.5	0.12	0.05	0.05	0.12	0.27	0.12	0.05	0.05	0.73	0.95	0.5	0.99	0.27	0.05	0.12	0.27	0.12	0.12	0.73	0.47125	0.33875	0.575	0.59375	0.08125	0.47125	0.60375	0.485	0.285	0.25125	0.205	0.575	0.32	0.325	0.41125	0.6525	0.42375	0.05125	0.26875	0.1925	1.9	0.733333	-0.42	-1.41429	-1.06667	0.3505	0.300067	0.353	0.416429	0.412022
0.5	0.12	0.88	0.73	0.12	0.27	0.27	0.5	0.12	0.27	0.5	0.27	0.88	0.73	0.5	0.88	0.73	0.05	0.27	0.27	0.42375	0.33875	0.41375	0.4525	0.06875	0.53125	0.6175	0.42	0.18625	0.29625	0.2525	0.6325	0.33375	0.29625	0.355	0.5	0.3475	0.06	0.23125	0.2225	1.9	-0.0333333	-1.12	-1.35714	-1.87778	0.1375	0.3476	0.40582	0.4115	0.425311
0.73	0.73	0.88	0.5	0.12	0.5	0.88	0.5	0.27	0.05	0.05	0.88	0.5	0.05	0.12	0.88	0.73	0.05	0.12	0.12	0.42375	0.18625	0.4425	0.4525	0.0775	0.47375	0.485	0.3725	0.14875	0.3325	0.3175	0.47125	0.38125	0.40875	0.355	0.51875	0.4075	0.06	0.23125	0.2975	-3.9	-1.96667	-1.5	-1.8	-1.24444	0.5548	0.422133	0.43166	0.420271	0.399167
0.5	0.12	0.12	0.12	0.05	0.27	0.73	0.27	0.12	0.5	0.05	0.73	0.12	0.02	1	0.5	0.27	0.02	0.05	0.27	0.42375	0.25375	0.48125	0.38375	0.08625	0.44625	0.45625	0.29375	0.215	0.21875	0.33625	0.43375	0.42875	0.44375	0.2325	0.56625	0.465	0.12	0.33125	0.3075	-3.9	-3.76667	-2.58	-1.31429	-1.34444	0.5741	0.556767	0.43584	0.410043	0.379789
0.27	0.12	0.95	0.73	0.02	0.73	0.5	0.99	0.12	0.02	0.02	0.27	0.05	0.02	0.05	0.27	0.12	0.02	0.02	0.02	0.51	0.225	0.3775	0.3075	0.09	0.44625	0.57	0.20375	0.19625	0.26	0.26375	0.49125	0.39	0.35875	0.25625	0.6225	0.5125	0.11125	0.24	0.3675	-3.5	-3.63333	-2.6	-1.77143	-1.25556	0.5414	0.495633	0.47646	0.379343	0.379467
0.12	0.27	0.27	0.5	0.02	0.98	0.99	0.05	0.27	0.02	0.05	0.5	0.12	0.5	0.12	0.27	0.12	0.05	0.12	0.05	0.52875	0.225	0.4625	0.33625	0.09	0.44375	0.50875	0.32125	0.1775	0.27875	0.2325	0.415	0.32	0.28	0.2475	0.64125	0.57	0.09875	0.2275	0.395	-3.5	-1.73333	-2.08	-2.15714	-1.04444	0.3714	0.4178	0.39262	0.418171	0.3464
0.73	0.12	0.5	0.27	0.12	0.5	0.5	0.12	0.12	0.12	0.12	0.27	0.12	0.27	0.12	0.88	0.98	0.05	0.12	0.5	0.4525	0.2625	0.3575	0.28875	0.0775	0.50375	0.57	0.265	0.19625	0.2475	0.1675	0.52875	0.225	0.22375	0.2	0.5175	0.495	0.095	0.2	0.32	1.8	-1	-1.46	-1.05714	-1.33333	0.3406	0.282533	0.35966	0.346471	0.3753
0.27	0.05	0.05	0.02	0.05	0.05	0.12	0.02	0.5	0.27	0.27	0.05	0.27	0.98	0.02	0.5	0.27	0.5	1	0.5	0.425	0.1825	0.30625	0.25875	0.0775	0.5	0.51	0.2175	0.12125	0.285	0.26125	0.44875	0.20625	0.25375	0.2	0.46125	0.5075	0.06625	0.16625	0.39625	-1.3	-0.1	0	-0.6	-0.588889	0.1356	0.295167	0.26196	0.321257	0.314744
0.73	0.27	0.27	0.27	0.12	0.73	0.95	0.12	0.12	0.12	0.12	0.73	0.12	0.05	0.12	0.95	0.73	0.05	0.12	0.5	0.3675	0.155	0.355	0.33125	0.0775	0.415	0.34875	0.205	0.16875	0.25625	0.28875	0.30625	0.225	0.37375	0.0775	0.4525	0.535	0.1225	0.27625	0.425	-0.8	0.566667	0.56	0.3	-0.233333	0.4093	0.199267	0.2672	0.245314	0.315022
0.5	0.27	0.05	0.05	0.12	0.5	0.12	0.05	0.05	0.88	0.73	0.12	0.5	0.12	0.05	0.27	0.73	0.05	0.12	0.98	0.4725	0.17375	0.2975	0.35875	0.08125	0.44375	0.50875	0.105	0.1775	0.1925	0.21625	0.41125	0.18625	0.36875	0.17125	0.56625	0.61125	0.12625	0.28	0.39625	3.8	0.766667	0.76	0.7	-0.233333	0.0529	0.2866	0.20104	0.274629	0.303767
0.5	0.27	0.27	0.12	0.12	0.27	0.27	0.12	0.12	0.12	0.05	0.95	0.12	0.05	0.12	0.5	0.99	0.02	0.05	0.12	0.54875	0.17375	0.25125	0.3025	0.085	0.38375	0.4575	0.105	0.15	0.29125	0.30125	0.355	0.225	0.3175	0.2725	0.5375	0.57875	0.12625	0.28	0.50375	-0.7	1.96667	0.88	-0.0571429	0.355556	0.3976	0.153433	0.28924	0.288843	0.320978
0.05	0.02	0.02	0.01	0.05	0.02	0.02	0.02	0.05	0.5	0.95	0.02	0.5	1	0.02	0.05	0.12	0.27	0.73	0.73	0.5475	0.1925	0.235	0.28875	0.08125	0.35875	0.4325	0.2275	0.15	0.23	0.175	0.44375	0.165	0.1675	0.27625	0.49875	0.57125	0.09125	0.1825	0.36625	2.8	0.466667	0.34	0.385714	0.111111	0.0098	0.328	0.2954	0.344657	0.318278
0.5	0.12	0.73	0.95	0.12	0.27	0.27	0.27	0.12	0.12	0.12	0.27	0.12	0.05	0.12	0.88	0.95	0.02	0.05	0.5	0.52	0.18875	0.17375	0.2025	0.08125	0.355	0.4775	0.20875	0.09375	0.2775	0.27875	0.42125	0.2125	0.17	0.27625	0.42375	0.55625	0.06625	0.1575	0.4425	-0.7	-0.466667	-0.06	0.442857	0.177778	0.5766	0.342167	0.39008	0.331371	0.358256
0.88	0.27	0.27	0.73	0.05	0.73	0.95	0.12	0.12	0.27	0.05	0.5	0.12	0.05	0.73	0.5	0.73	0.05	0.05	0.27	0.415	0.1425	0.2	0.1975	0.0775	0.2125	0.28	0.215	0.14125	0.25	0.27875	0.3075	0.2125	0.27375	0.1875	0.35875	0.49875	0.1475	0.2675	0.415	-3.5	-0.8	-6.66134e-17	-0.2	0.122222	0.4401	0.514333	0.37382	0.394586	0.316578
0.73	0.27	0.12	0.12	0.05	0.27	0.73	0.12	0.12	0.05	0.05	0.88	0.05	0.02	1	0.27	0.12	0.02	0.05	0.05	0.405	0.1425	0.24625	0.35875	0.0775	0.24125	0.32625	0.31875	0.15	0.1825	0.25	0.3075	0.1925	0.2775	0.1625	0.445	0.59375	0.2675	0.2675	0.35375	1.8	-0.7	-0.7	-0.285714	-0.688889	0.5263	0.427567	0.47094	0.342671	0.351078
0.27	0.02	0.12	0.05	0.02	0.05	0.05	1	0.05	0.01	0.01	0.05	0.02	0.02	0.05	0.12	0.05	0.02	0.02	0.01	0.40625	0.14625	0.215	0.355	0.0725	0.24125	0.38	0.19625	0.1775	0.20625	0.31125	0.29875	0.215	0.39625	0.26875	0.4075	0.485	0.3275	0.39	0.435	-0.4	0.233333	-0.82	-1.18571	-0.755556	0.3163	0.446	0.36246	0.393186	0.308378
0.5	0.12	0.27	0.27	0.12	0.27	0.73	0.12	0.12	0.27	0.27	0.12	0.27	0.05	0.12	0.73	0.98	0.05	0.12	0.88	0.3775	0.14625	0.2	0.32875	0.06	0.22625	0.3075	0.30625	0.2725	0.2025	0.175	0.37875	0.13625	0.38625	0.26	0.33125	0.36875	0.3525	0.41125	0.2975	-0.7	-0.8	-0.82	-1.27143	-1.42222	0.4954	0.281967	0.34712	0.312714	0.325678
0.27	0.05	0.02	0.01	0.02	0.05	0.05	0.02	0.5	0.05	0.05	0.05	0.12	0.88	0.02	0.05	0.05	0.73	1	0.05	0.35875	0.14125	0.1425	0.24375	0.1825	0.22125	0.36	0.2875	0.21125	0.22125	0.19375	0.355	0.14625	0.27875	0.25875	0.3125	0.3725	0.2675	0.2975	0.35375	-1.3	-1.83333	-1.44	-1.22857	-1.06667	0.0342	0.297667	0.24452	0.273486	0.263044
0.27	0.27	0.27	0.73	0.12	0.27	0.27	0.88	0.12	0.12	0.5	0.5	0.27	0.12	0.12	0.73	0.88	0.98	0.12	0.27	0.35875	0.095	0.11125	0.125	0.17875	0.13625	0.32375	0.18	0.25875	0.19375	0.1375	0.27	0.1275	0.37375	0.17	0.275	0.3	0.23625	0.4075	0.32625	-3.5	-2.03333	-2	-1.12857	-0.755556	0.3634	0.136967	0.21436	0.200143	0.251733
0.05	0.05	0.02	0.02	0.05	0.05	0.02	0.02	0.27	0.27	0.5	0.05	0.27	1	0.02	0.05	0.05	0.5	1	0.73	0.31	0.09125	0.13	0.205	0.18375	0.13625	0.27	0.275	0.2275	0.17125	0.165	0.2225	0.1275	0.2625	0.1825	0.34125	0.40375	0.295	0.29375	0.26875	-1.3	-2.66667	-1.36	-1.17143	-1.13333	0.0133	0.180733	0.11786	0.203286	0.245233
0.05	0.12	0.05	0.02	0.05	0.12	0.12	0.02	0.88	0.73	0.12	0.73	0.12	0.95	0.02	0.05	0.12	0.5	1	0.5	0.2825	0.095	0.145	0.205	0.1825	0.155	0.26625	0.1525	0.27	0.11375	0.21375	0.14625	0.15	0.28125	0.17875	0.3325	0.395	0.29875	0.40125	0.2975	-3.2	-0.666667	-1.24	-1.3	-1.44444	0.1655	0.0639	0.17868	0.199343	0.224533
0.12	0.01	0.02	0.01	1	0.01	0.01	0.02	0.01	0.05	0.05	0.01	0.05	0.02	0.01	0.05	0.05	0.02	0.02	0.12	0.33375	0.10875	0.12125	0.17875	0.06375	0.22625	0.20375	0.1525	0.37875	0.18	0.2225	0.23625	0.2475	0.3975	0.28375	0.275	0.315	0.35875	0.515	0.2975	2.5	-0.466667	-0.86	-1.57143	-1.54444	0.0129	0.172233	0.19956	0.213029	0.212922
0.88	0.12	0.27	0.5	0.12	0.27	0.88	0.12	0.12	0.12	0.05	0.27	0.12	0.05	0.12	0.88	0.98	0.05	0.05	0.27	0.23875	0.095	0.15	0.13125	0.17375	0.2025	0.15125	0.2625	0.30875	0.1675	0.23125	0.2125	0.23	0.375	0.27375	0.19875	0.2075	0.27	0.40125	0.27875	-0.7	0.0666667	-1.24	-1.3	-1.08889	0.3383	0.273	0.2229	0.216957	0.282511
0.12	0.02	0.02	0.05	0.02	0.05	0.05	0.02	0.02	0.02	0.27	0.05	0.05	0.01	1	0.12	0.12	0.01	0.02	0.05	0.30625	0.08	0.15	0.0975	0.1775	0.21125	0.22375	0.1675	0.3125	0.2275	0.20375	0.18375	0.33	0.38	0.15125	0.20875	0.22	0.15875	0.39625	0.30625	-1.6	-1.83333	-0.92	-0.714286	-0.488889	0.4678	0.312033	0.26798	0.309414	0.248278
0.05	0.12	0.27	0.05	0.01	0.27	0.12	0.02	1	0.01	0.02	0.12	0.05	0.12	0.02	0.05	0.05	0.05	0.88	0.01	0.3425	0.17125	0.13125	0.10125	0.1875	0.24	0.2275	0.17125	0.17125	0.28625	0.20625	0.27875	0.33	0.25625	0.2775	0.245	0.25625	0.0975	0.255	0.3425	-3.2	-2.13333	-0.86	0.0142857	-0.844444	0.13	0.329567	0.3975	0.293671	0.311322
0.98	0.12	0.05	0.05	0.12	0.73	0.12	0.12	0.12	0.12	0.27	0.12	0.98	0.05	0.95	0.27	0.27	0.05	0.05	0.5	0.2825	0.1625	0.1675	0.11375	0.17375	0.17375	0.21875	0.28125	0.1775	0.18375	0.1625	0.19375	0.26125	0.14875	0.165	0.245	0.22	0.0375	0.23625	0.22125	-1.6	-0.666667	-0.34	-0.985714	-0.533333	0.3909	0.3938	0.3409	0.374786	0.303978
0.27	0.05	0.5	0.12	0.02	0.12	0.5	1	0.05	0.02	0.12	0.12	0.05	0.73	0.05	0.27	0.12	0.05	0.12	0.05	0.41875	0.28	0.1425	0.11875	0.0675	0.31125	0.2325	0.18375	0.2	0.22375	0.2375	0.315	0.405	0.0675	0.29125	0.2725	0.32375	0.04125	0.24	0.29625	2.8	1.03333	-0.92	-0.942857	-1.24444	0.6605	0.3689	0.36348	0.340657	0.337378
0.05	0.05	0.02	0.01	0.05	0.12	0.02	0.02	0.05	0.5	0.5	0.05	1	0.12	0.02	0.05	0.12	0.05	0.05	0.27	0.37	0.27125	0.17125	0.0725	0.06375	0.28375	0.185	0.29375	0.1875	0.27125	0.275	0.29625	0.38125	0.17125	0.28625	0.19625	0.235	0.04125	0.2575	0.3575	1.9	0.0666667	-0.36	-1.27143	-0.7	0.0553	0.432167	0.35736	0.318614	0.301667
0.27	0.88	0.12	0.05	0.12	0.5	0.12	0.05	0.12	0.73	0.27	0.88	0.27	0.12	0.05	0.27	0.27	0.05	0.73	0.98	0.39	0.18	0.17125	0.0675	0.0675	0.2925	0.18125	0.29375	0.1825	0.35	0.30375	0.20125	0.5	0.26125	0.1725	0.21625	0.32375	0.04625	0.20375	0.3725	-4.5	-1	-0.82	-0.214286	-0.0555556	0.5807	0.245133	0.34188	0.302457	0.2746
0.5	0.05	0.12	0.12	0.05	0.05	0.05	1	0.05	0.02	0.02	0.05	0.5	0.02	0.05	0.27	0.05	0.02	0.02	0.02	0.38875	0.27125	0.14	0.055	0.09	0.32125	0.1775	0.175	0.06875	0.5475	0.395	0.2925	0.5275	0.27375	0.1725	0.21625	0.37875	0.04625	0.1975	0.61625	-0.4	-2.93333	-0.54	0.614286	0.766667	0.0994	0.3312	0.21316	0.278643	0.272967
0.5	0.88	0.27	0.12	0.05	0.5	0.5	0.12	0.12	0.27	0.5	0.98	0.27	0.05	0.12	0.27	0.73	0.05	0.12	0.27	0.28125	0.18625	0.2375	0.11125	0.0775	0.2925	0.22875	0.285	0.1075	0.50375	0.30375	0.2525	0.44875	0.26625	0.06	0.245	0.29375	0.03875	0.185	0.52875	-3.9	-0.0333333	-0.08	0.814286	0.555556	0.3135	0.143267	0.24694	0.200757	0.319956
