0.12	0.05	0.02	0.02	0.12	0.12	0.02	0.02	0.05	0.73	0.98	0.05	1	0.27	0.02	0.05	0.12	0.05	0.12	0.5	0.49	0.28125	0.51	0.42	0.165	0.48125	0.5275	0.17375	0.415	0.26375	0.41625	0.4225	0.29125	0.2275	0.33375	0.5025	0.52875	0.2625	0.23375	0.32875	3.8	-1.06667	0.48	0.328571	-0.222222	0.0895	0.400967	0.4136	0.415257	0.490722
0.73	0.27	0.95	0.5	0.12	0.5	0.73	0.27	0.88	0.05	0.05	0.5	0.12	0.05	0.12	0.88	0.88	0.02	0.12	0.12	0.38625	0.25375	0.365	0.4175	0.14625	0.4625	0.52375	0.17125	0.34	0.34875	0.54125	0.395	0.40125	0.255	0.3025	0.3675	0.46125	0.26625	0.23375	0.3575	-3.5	0.7	0.48	0.385714	-0.522222	0.6141	0.392167	0.36336	0.374086	0.443244
0.88	0.5	0.5	0.73	0.12	0.5	0.95	0.12	0.12	0.12	0.5	0.27	0.27	0.05	0.12	0.5	0.5	0.05	0.12	0.27	0.29125	0.19625	0.4025	0.34125	0.14625	0.415	0.49625	0.17125	0.41625	0.3975	0.58	0.3675	0.44	0.2825	0.275	0.38625	0.5375	0.27125	0.28125	0.33875	1.8	0.7	0.48	-0.657143	0.333333	0.4729	0.409333	0.34542	0.414171	0.394811
0.12	0.12	0.05	0.05	0.5	0.12	0.27	0.02	0.05	0.73	0.98	0.5	0.73	0.5	0.05	0.12	0.5	0.05	0.12	0.88	0.38625	0.32875	0.54375	0.51125	0.09	0.48125	0.62875	0.18375	0.425	0.29375	0.425	0.38625	0.32625	0.11	0.285	0.43375	0.61375	0.16375	0.225	0.235	3.8	0.7	-0.98	0.385714	-0.266667	0.141	0.341167	0.46208	0.380257	0.400333
0.12	0.27	0.88	0.27	0.05	0.73	0.27	0.27	0.88	0.5	0.73	0.5	0.27	0.12	0.73	0.27	0.73	0.95	0.27	0.27	0.43375	0.33875	0.36375	0.47	0.15	0.37625	0.58125	0.1525	0.2925	0.33125	0.4875	0.47125	0.41125	0.2425	0.27625	0.44375	0.6425	0.05125	0.1775	0.32	-3.5	-1.06667	0.48	-0.385714	-0.311111	0.4096	0.4078	0.39164	0.4306	0.415678
0.73	0.27	0.27	0.73	0.12	0.5	0.95	0.5	0.5	0.12	0.12	0.5	0.12	0.05	0.12	0.73	0.95	0.05	0.12	0.12	0.43375	0.3475	0.47125	0.4725	0.14125	0.42375	0.55625	0.13625	0.3675	0.37875	0.5325	0.49875	0.39625	0.2325	0.365	0.47125	0.69125	0.2675	0.19625	0.3675	-3.5	-1.06667	-0.2	-0.442857	-0.266667	0.6728	0.4481	0.38544	0.433929	0.453267
0.27	0.27	0.12	0.12	0.12	0.5	0.73	0.12	0.12	0.73	0.88	0.5	0.73	0.27	0.05	0.27	0.73	0.12	0.5	0.5	0.4625	0.37625	0.48125	0.605	0.1325	0.47125	0.61125	0.18375	0.33875	0.3025	0.4375	0.5275	0.32	0.205	0.3925	0.48125	0.6425	0.2625	0.14	0.33875	3.8	-0.433333	-1.74	-0.1	-0.266667	0.2619	0.458867	0.48472	0.427486	0.4532
0.12	0.73	0.73	0.73	0.05	0.27	0.5	0.05	0.12	0.05	0.12	0.5	0.05	0.02	1	0.27	0.73	0.02	0.05	0.05	0.4625	0.3475	0.37625	0.52875	0.1325	0.55625	0.64	0.1925	0.3575	0.40625	0.47625	0.585	0.38625	0.23625	0.2925	0.51	0.6425	0.275	0.19625	0.37625	-1.6	-0.566667	-0.2	-1.14286	-0.966667	0.4419	0.447067	0.48836	0.494986	0.4466
0.5	0.5	0.27	0.88	0.05	0.5	0.5	0.12	0.5	0.12	0.27	0.95	0.27	0.73	0.73	0.73	0.73	0.05	0.27	0.12	0.4625	0.395	0.46125	0.51875	0.085	0.575	0.6975	0.19625	0.31875	0.41625	0.42625	0.5	0.35875	0.11875	0.335	0.52875	0.6425	0.27125	0.16875	0.3675	-3.9	-0.433333	-0.2	-1.28571	-0.888889	0.6374	0.502367	0.4765	0.495543	0.465756
0.73	0.12	0.27	0.5	0.12	0.27	0.5	0.12	0.27	0.73	0.73	0.27	0.73	0.12	0.12	0.73	0.73	0.88	0.12	0.73	0.51	0.47125	0.385	0.595	0.085	0.575	0.755	0.1775	0.27125	0.31125	0.36875	0.585	0.33	0.21375	0.35375	0.5575	0.6425	0.06375	0.26375	0.29125	4.2	-1.06667	-1.86	-0.142857	-0.0777778	0.4278	0.559567	0.50682	0.4442	0.480344
0.5	0.5	0.88	0.95	0.05	0.88	0.95	0.27	0.27	0.05	0.05	0.73	0.12	0.05	0.27	0.5	0.27	0.05	0.05	0.27	0.5575	0.48125	0.30875	0.5575	0.09375	0.5275	0.6425	0.13	0.3	0.39625	0.445	0.5275	0.40625	0.2225	0.335	0.605	0.6725	0.1675	0.32	0.34875	-3.5	-1.26667	-0.64	-0.142857	0.511111	0.6135	0.484933	0.48112	0.484057	0.4516
0.73	0.73	0.27	0.73	0.05	0.95	0.95	0.12	0.27	0.27	0.05	0.73	0.12	0.05	0.27	0.73	0.5	0.05	0.12	0.12	0.50125	0.48125	0.3725	0.57625	0.085	0.4625	0.5575	0.135	0.29125	0.36875	0.45875	0.49875	0.425	0.28	0.33125	0.54875	0.58625	0.15875	0.2825	0.33875	-4.5	-1.16667	0.9	0.342857	0.511111	0.4135	0.4468	0.46182	0.480086	0.429756
0.5	0.27	0.27	0.12	0.12	0.5	0.73	0.12	0.12	0.88	0.73	0.27	0.73	0.27	0.12	0.73	0.5	0.05	0.12	0.88	0.63375	0.51	0.34375	0.6525	0.085	0.5475	0.61375	0.1625	0.31	0.2925	0.365	0.55625	0.3575	0.25625	0.335	0.60625	0.5575	0.15875	0.2825	0.2525	4.5	1.26667	0.42	1.44286	0.888889	0.3134	0.4226	0.45908	0.398357	0.4348
0.73	0.5	0.27	0.5	0.12	0.5	0.73	0.12	0.27	0.27	0.73	0.5	0.5	0.27	0.27	0.5	0.73	0.12	0.88	0.27	0.63375	0.4525	0.34375	0.5575	0.085	0.57625	0.67375	0.1625	0.33875	0.36875	0.3375	0.5	0.3675	0.18	0.2875	0.60625	0.5	0.15	0.1875	0.32875	3.8	3.36667	1.88	1.1	0.933333	0.5409	0.4228	0.34944	0.406857	0.429456
0.88	0.73	0.27	0.88	0.12	0.73	0.5	0.27	0.73	0.12	0.05	0.5	0.12	0.05	0.12	0.88	0.73	0.05	0.5	0.12	0.5575	0.5	0.3725	0.45375	0.085	0.5475	0.655	0.135	0.2625	0.40625	0.45	0.5	0.38625	0.22625	0.30625	0.53	0.5	0.14	0.235	0.3475	1.8	3.13333	3.14	1.1	0.388889	0.4141	0.3401	0.3642	0.4034	0.395711
0.05	0.5	0.02	0.05	0.05	0.05	0.05	0.01	0.05	0.73	0.99	0.27	0.88	0.73	0.02	0.05	0.27	0.05	0.27	0.27	0.66125	0.5	0.41625	0.54875	0.09375	0.585	0.655	0.225	0.3475	0.33	0.36	0.5	0.29125	0.14125	0.3	0.63375	0.5575	0.13625	0.29125	0.30125	3.8	2.46667	1.54	1.64286	0.388889	0.0653	0.322233	0.41938	0.362057	0.351344
0.95	0.5	0.5	0.73	0.12	0.5	0.73	0.27	0.12	0.05	0.05	0.5	0.12	0.05	0.88	0.73	0.5	0.02	0.05	0.12	0.5675	0.5	0.35625	0.435	0.09375	0.50125	0.5425	0.24	0.32	0.39625	0.48625	0.4425	0.38625	0.22625	0.1925	0.5675	0.57625	0.13625	0.31	0.33875	1.8	0.7	0.64	0.5	1.08889	0.4873	0.380633	0.33602	0.347886	0.3671
0.73	0.27	0.27	0.5	0.05	0.73	0.98	0.12	0.88	0.12	0.05	0.73	0.12	0.12	0.5	0.5	0.5	0.05	0.27	0.12	0.56625	0.58625	0.385	0.46375	0.12125	0.52875	0.53	0.25	0.335	0.28	0.40125	0.47125	0.31	0.19	0.25875	0.53875	0.57625	0.12875	0.2825	0.23125	-3.5	-0.8	-0.42	0.214286	0.2	0.5893	0.400233	0.29604	0.349943	0.380867
0.27	0.73	0.5	0.05	0.12	0.27	0.12	0.05	0.12	0.88	0.95	0.27	0.5	0.27	0.12	0.5	0.73	0.73	0.12	0.73	0.53875	0.46875	0.32375	0.49125	0.10375	0.52625	0.54875	0.245	0.39875	0.2425	0.32125	0.46875	0.2625	0.2	0.27375	0.4825	0.4625	0.12	0.25375	0.18375	-0.7	-2.56667	-0.82	-0.542857	0.2	0.1241	0.3092	0.39404	0.353257	0.327022
0.5	0.27	0.98	0.88	0.05	0.5	0.5	0.73	0.27	0.05	0.27	0.5	0.12	0.05	0.12	0.5	0.27	0.02	0.27	0.05	0.4625	0.52625	0.26375	0.36875	0.1	0.51625	0.56125	0.2175	0.3225	0.3375	0.4025	0.4875	0.30125	0.22375	0.265	0.435	0.44375	0.205	0.17875	0.26	-3.5	-0.8	-1.88	-0.542857	-0.388889	0.2142	0.297867	0.38404	0.351971	0.328756
0.88	0.73	0.27	0.5	0.12	0.73	0.73	0.5	0.12	0.12	0.12	0.5	0.12	0.05	0.27	0.88	0.88	0.02	0.05	0.27	0.47125	0.51625	0.44125	0.50125	0.09125	0.59125	0.6175	0.3075	0.3975	0.24375	0.3125	0.56375	0.225	0.1475	0.30625	0.44375	0.425	0.205	0.1875	0.21375	1.8	-1.73333	-0.42	-1.3	-1.24444	0.5553	0.402267	0.27744	0.343743	0.408256
0.27	0.73	0.27	0.12	0.27	0.95	0.88	0.05	1	0.02	0.05	0.73	0.12	0.05	0.27	0.27	0.5	0.02	0.12	0.02	0.53875	0.4875	0.385	0.46	0.06375	0.535	0.51375	0.3325	0.30625	0.3125	0.4375	0.56375	0.30125	0.15625	0.19875	0.44375	0.425	0.20875	0.1875	0.26375	-3.5	0.7	-0.98	-1.35714	-1.02222	0.4373	0.349633	0.33856	0.3711	0.396644
0.05	0.02	0.01	0.27	0.05	0.02	0.02	0.01	0.02	0.73	0.99	0.02	0.5	0.5	0.01	0.05	0.05	0.73	0.5	0.5	0.56625	0.5575	0.44625	0.48875	0.09125	0.59375	0.62125	0.41375	0.3525	0.21125	0.31625	0.595	0.245	0.0875	0.18375	0.51875	0.51	0.11625	0.1125	0.195	3.8	-1.06667	-1.06	-0.714286	-1.02222	0.0563	0.307767	0.45188	0.408057	0.394
0.5	0.73	0.27	0.73	0.02	0.88	0.98	0.73	0.27	0.05	0.02	0.88	0.05	0.02	0.05	0.5	0.12	0.02	0.05	0.05	0.6	0.38375	0.36625	0.43125	0.08625	0.45875	0.4925	0.3325	0.3125	0.20125	0.33375	0.46	0.245	0.11625	0.2825	0.49125	0.425	0.11625	0.15625	0.175	-3.5	-1.2	-0.66	-0.714286	-0.744444	0.4297	0.422267	0.41738	0.458243	0.3886
0.5	0.88	0.73	0.73	0.05	0.88	0.73	0.5	0.5	0.05	0.12	0.88	0.27	0.12	0.5	0.5	0.73	0.05	0.12	0.12	0.57125	0.4225	0.20125	0.355	0.07875	0.515	0.58375	0.2725	0.28375	0.2575	0.3975	0.43125	0.23625	0.10375	0.2175	0.44375	0.34875	0.1125	0.12875	0.175	-3.9	-1.2	-0.66	-0.714286	-0.744444	0.7808	0.5311	0.44302	0.3897	0.407756
0.88	0.27	0.05	0.02	0.05	0.27	0.05	0.02	0.27	0.5	0.98	0.73	0.73	0.12	0.02	0.12	0.12	0.05	0.12	0.27	0.505	0.44125	0.28625	0.49125	0.07	0.59125	0.69625	0.3325	0.38875	0.18875	0.2775	0.45	0.17	0.1	0.25875	0.5	0.34875	0.1125	0.12875	0.12875	3.8	-1.2	-1.06	-0.714286	-0.988889	0.3828	0.576367	0.44686	0.382457	0.388122
0.73	0.12	0.5	0.88	0.05	0.27	0.98	0.73	0.27	0.02	0.02	0.27	0.05	0.02	0.12	0.88	0.73	0.02	0.05	0.05	0.505	0.4875	0.2025	0.38375	0.0425	0.50625	0.58	0.24	0.27	0.36875	0.425	0.45	0.27375	0.1975	0.21875	0.38625	0.2725	0.11625	0.1375	0.245	-3.5	0.7	-1.06	-1.31429	-1.1	0.5655	0.341267	0.43824	0.4285	0.343411
0.99	0.05	0.12	0.05	0.05	0.05	0.05	0.12	0.05	0.12	0.12	0.05	0.05	0.02	0.95	0.73	0.12	0.02	0.02	0.12	0.48125	0.49625	0.25	0.455	0.0425	0.53375	0.69625	0.31625	0.29625	0.3875	0.4075	0.4775	0.32125	0.16875	0.11625	0.405	0.3575	0.0275	0.085	0.29625	1.8	-1.73333	-0.36	-1.45714	-1.05556	0.0755	0.342533	0.3578	0.3721	0.3386
0.27	0.73	0.12	0.27	0.02	0.95	0.98	0.02	0.27	0.5	0.88	0.27	0.27	0.05	0.05	0.12	0.27	0.02	0.12	0.12	0.61875	0.43	0.27875	0.39875	0.0775	0.4025	0.5675	0.2525	0.25	0.34875	0.325	0.45	0.32125	0.16875	0.2375	0.48125	0.38625	0.0275	0.0725	0.32375	-3.5	-0.7	-2.02	-0.3	-0.466667	0.3866	0.280233	0.28822	0.262414	0.335022
0.73	0.27	0.27	0.88	0.05	0.73	0.95	0.5	0.73	0.02	0.02	0.5	0.05	0.02	0.12	0.95	0.27	0.02	0.05	0.05	0.60875	0.41125	0.18375	0.265	0.07	0.32625	0.5425	0.145	0.13625	0.405	0.4325	0.345	0.34875	0.19125	0.16875	0.33	0.32875	0.14625	0.1575	0.32375	-0.4	-2.8	-0.48	-0.585714	-0.133333	0.3786	0.2667	0.17772	0.264514	0.283344
0.12	0.95	0.05	0.12	0.05	0.27	0.88	0.02	0.05	0.98	0.27	0.27	0.27	0.73	0.05	0.12	0.5	0.02	0.12	0.73	0.6975	0.29875	0.22	0.3725	0.155	0.38375	0.66375	0.23625	0.19375	0.25625	0.285	0.2975	0.245	0.09375	0.18125	0.48125	0.37625	0.1425	0.1675	0.22	-4.5	-0.233333	-0.48	-0.214286	-0.355556	0.0349	0.142167	0.24212	0.228829	0.244556
0.12	0.02	0.01	0.01	0.05	0.02	0.02	0.01	0.01	0.98	0.95	0.02	0.88	0.27	0.02	0.05	0.12	0.02	0.05	0.98	0.64	0.415	0.16875	0.29125	0.1825	0.3875	0.66375	0.14875	0.19875	0.345	0.31625	0.30125	0.19625	0.27125	0.1725	0.395	0.36625	0.17375	0.28875	0.27375	4.2	0.5	0.04	-0.214286	0.455556	0.013	0.148467	0.22794	0.222857	0.195033
0.88	0.88	0.5	0.5	0.27	0.73	0.88	0.12	0.12	0.12	0.12	0.88	0.27	0.05	0.12	0.5	0.5	0.02	0.05	0.27	0.5125	0.3925	0.18375	0.33375	0.15125	0.38375	0.6725	0.15375	0.24125	0.44	0.4075	0.25	0.2725	0.29875	0.0475	0.31	0.3375	0.23375	0.2925	0.3625	1.8	1.7	0.48	0.828571	-0.133333	0.3975	0.242067	0.15896	0.184743	0.261867
0.88	0.27	0.12	0.27	0.02	0.05	0.5	0.12	0.05	0.02	0.12	0.27	0.27	0.27	0.02	0.12	0.27	1	0.73	0.05	0.5125	0.4875	0.33875	0.3625	0.27125	0.44125	0.66	0.185	0.335	0.39625	0.30375	0.38375	0.2725	0.2675	0.06	0.405	0.45125	0.11125	0.2075	0.39	-0.9	0.9	2.14	0.385714	-0.133333	0.3157	0.248967	0.17594	0.227371	0.263289
0.98	0.05	0.12	0.12	0.73	0.27	0.95	0.27	0.05	0.27	0.05	0.12	0.12	0.05	0.05	0.5	0.73	0.02	0.27	0.12	0.415	0.49625	0.3075	0.27375	0.17875	0.32875	0.49125	0.11	0.30625	0.39625	0.42	0.355	0.3	0.415	0.16375	0.245	0.36625	0.265	0.3825	0.39	1.8	1.56667	0.6	0.528571	0.333333	0.0337	0.1564	0.30874	0.279443	0.232522
0.27	0.12	0.05	0.12	0.27	0.05	0.12	0.02	0.27	0.73	0.95	0.05	0.27	0.98	0.02	0.12	0.27	0.27	0.95	0.73	0.5225	0.38375	0.3725	0.2925	0.245	0.35625	0.5475	0.2575	0.36375	0.2225	0.28	0.3925	0.2625	0.21375	0.285	0.34	0.395	0.2375	0.2975	0.22875	3.8	0.7	-0.46	0.471429	0.655556	0.1198	0.276833	0.30912	0.292114	0.275967
0.73	0.73	0.73	0.88	0.02	0.73	0.98	0.27	0.5	0.02	0.02	0.5	0.05	0.02	0.05	0.5	0.27	0.5	0.05	0.12	0.48375	0.33875	0.3775	0.315	0.285	0.33125	0.5475	0.335	0.425	0.195	0.28375	0.39625	0.195	0.30625	0.34125	0.34875	0.41375	0.22125	0.41875	0.1975	-3.5	-1.06667	0.48	-0.0142857	0.144444	0.677	0.398733	0.26632	0.296171	0.331844
0.27	0.88	0.98	0.27	0.73	0.73	0.5	0.27	0.95	0.05	0.05	0.73	0.27	0.02	0.05	0.5	0.95	0.02	0.12	0.12	0.465	0.32	0.375	0.43875	0.16875	0.35	0.6075	0.3825	0.41625	0.19125	0.29875	0.34875	0.14875	0.315	0.38875	0.34875	0.3	0.29375	0.41875	0.17875	-3.5	-1.06667	-0.2	0.0571429	-0.444444	0.3994	0.3927	0.34476	0.324771	0.339778
0.05	0.12	0.02	0.02	0.02	0.05	0.05	0.05	0.5	0.27	0.88	0.12	0.12	0.98	0.98	0.05	0.05	0.27	0.99	0.12	0.445	0.39625	0.495	0.45125	0.27	0.4625	0.61625	0.41	0.5575	0.28	0.29	0.40625	0.19625	0.27125	0.36125	0.405	0.4125	0.17125	0.32875	0.26375	3.8	-0.433333	-1.04	-0.7	-0.488889	0.1017	0.309	0.42398	0.386943	0.315711
0.27	0.12	0.5	0.27	0.12	0.27	0.5	0.95	0.73	0.05	0.05	0.5	0.12	0.05	0.99	0.5	0.27	0.05	0.12	0.05	0.405	0.405	0.4225	0.4075	0.28875	0.435	0.4475	0.26625	0.525	0.365	0.42125	0.35875	0.24375	0.3875	0.35625	0.30125	0.30875	0.25875	0.41	0.38125	-1.6	0.6	-1.04	-1.42857	-0.222222	0.4259	0.347833	0.38236	0.383986	0.314156
0.27	0.27	0.73	0.95	0.12	0.5	0.88	0.88	0.73	0.05	0.05	0.5	0.12	0.05	0.5	0.5	0.27	0.12	0.12	0.12	0.38625	0.3775	0.39	0.31	0.26125	0.415	0.3875	0.275	0.4975	0.38375	0.4125	0.35875	0.33375	0.35625	0.4175	0.2925	0.30875	0.23125	0.40125	0.4	-0.4	-1.83333	-0.6	-0.328571	-0.222222	0.5159	0.470233	0.3223	0.290086	0.301522
0.27	0.88	0.73	0.88	0.05	0.88	0.88	0.5	0.5	0.12	0.27	0.73	0.12	0.12	0.5	0.5	0.27	0.12	0.12	0.12	0.405	0.21625	0.3325	0.215	0.2825	0.29125	0.28	0.35125	0.47	0.3875	0.47375	0.2825	0.39	0.35125	0.445	0.34875	0.36625	0.17125	0.40125	0.41875	-3.5	-1.73333	-0.52	0.714286	0.0777778	0.4689	0.3613	0.3059	0.2339	0.242078
0.5	0.12	0.12	0.12	0.12	0.27	0.12	0.12	0.73	0.95	0.88	0.12	0.5	0.88	0.73	0.12	0.27	0.27	0.88	0.73	0.3575	0.20375	0.2925	0.27875	0.305	0.2825	0.31875	0.3675	0.3375	0.28375	0.3975	0.27375	0.315	0.3775	0.4125	0.4525	0.33875	0.165	0.415	0.36125	-1.3	-0.2	0.56	0.0571429	0.377778	0.0991	0.1959	0.22194	0.239657	0.216556
0.88	0.12	0.02	0.02	0.98	0.27	0.05	0.02	0.02	0.73	0.27	0.12	0.5	0.05	0.02	0.12	0.12	0.5	0.05	0.99	0.395	0.195	0.42125	0.30375	0.20125	0.29125	0.3275	0.38875	0.37	0.27875	0.365	0.265	0.3025	0.36	0.385	0.57125	0.385	0.10375	0.3975	0.31625	4.2	2.23333	0.48	0.171429	-0.133333	0.0197	0.0416333	0.14716	0.203057	0.2781
0.12	0.05	0.02	0.02	0.05	0.12	0.02	0.02	0.05	0.88	0.88	0.05	0.99	0.73	0.02	0.05	0.27	0.12	0.88	0.95	0.47125	0.19125	0.365	0.2725	0.30875	0.2825	0.27125	0.38875	0.28125	0.36375	0.345	0.2175	0.28875	0.3925	0.26375	0.5325	0.33875	0.16	0.34125	0.3775	3.8	2.4	1.02	0.114286	0.355556	0.0061	0.0559333	0.08732	0.223014	0.233233
0.88	0.05	0.27	0.05	0.12	0.12	0.12	0.5	0.05	0.12	0.73	0.12	0.5	0.05	0.27	0.95	0.73	0.02	0.05	0.27	0.37625	0.16	0.27625	0.15625	0.28625	0.2225	0.15125	0.34375	0.1925	0.4525	0.3575	0.14875	0.33625	0.4725	0.1725	0.3725	0.25	0.15875	0.43125	0.44875	-0.8	0.733333	1.12	1.01429	0.355556	0.142	0.105933	0.19862	0.159186	0.200178
0.12	0.02	0.05	0.02	0.98	0.05	0.05	0.02	0.12	0.05	0.05	0.05	0.05	0.99	0.02	0.95	0.73	0.12	0.99	0.27	0.5475	0.11625	0.21875	0.05625	0.17875	0.155	0.065	0.3475	0.1275	0.55625	0.4425	0.19	0.46875	0.34625	0.175	0.325	0.23125	0.13375	0.305	0.4675	-0.8	-0.8	0.84	1.14286	1.24444	0.1697	0.322433	0.1991	0.176229	0.158078
0.73	0.05	0.95	0.12	0.05	0.12	0.05	0.12	0.05	0.01	0.01	0.05	0.02	0.01	0.05	1	0.27	0.01	0.02	0.02	0.415	0.1125	0.15375	0.15375	0.28125	0.235	0.16875	0.3225	0.06	0.44375	0.33875	0.19	0.4125	0.36	0.08625	0.3375	0.3175	0.115	0.31875	0.41	-0.8	0.4	-1.11022e-16	1.18571	1	0.6556	0.282467	0.24156	0.186271	0.1664
0.12	0.02	0.05	0.02	0.05	0.05	0.02	0.95	0.05	0.88	0.5	0.05	0.5	0.99	0.02	0.12	0.05	0.12	0.5	0.5	0.4725	0.1075	0.27875	0.27375	0.2825	0.21625	0.18125	0.32625	0.06375	0.24625	0.24625	0.18125	0.2925	0.2325	0.09375	0.555	0.36375	0.04	0.255	0.22875	2.8	0.533333	1.06	0.142857	0.733333	0.0221	0.2987	0.23116	0.210257	0.173589
0.27	0.02	0.27	0.05	0.01	0.02	0.02	1	0.02	0	0	0.02	0.01	0.01	0.02	0.12	0.02	0.01	0.01	0.01	0.5575	0.1075	0.26375	0.27375	0.29625	0.23875	0.19375	0.38	0.0675	0.3375	0.29	0.19375	0.34875	0.27875	0.0975	0.65875	0.425	0.04125	0.2125	0.2625	-0.4	2.3	0.52	0.514286	0.511111	0.2184	0.110167	0.23202	0.202029	0.173478
0.88	0.5	0.05	0.05	0.05	0.27	0.12	0.05	0.05	0.88	0.27	0.99	0.73	0.05	0.27	0.12	0.12	0.02	0.05	0.27	0.4625	0.0425	0.25875	0.26875	0.2825	0.195	0.1675	0.4375	0.05875	0.30375	0.2275	0.06	0.21125	0.27375	0.035	0.54625	0.33625	0.03875	0.26375	0.32125	4.5	0.2	1.04	0.885714	1.06667	0.09	0.1608	0.11778	0.178514	0.158067
0.05	0.12	0.5	1	0.01	0.98	0.95	0.02	0.12	0.01	0.01	0.12	0.02	0.01	0.05	0.27	0.5	0.01	0.02	0.02	0.5575	0.09	0.19875	0.14875	0.2275	0.13375	0.06	0.44	0.0375	0.4975	0.37625	0.165	0.41875	0.17	0.0625	0.4425	0.23125	0.0275	0.15	0.3525	-3.5	0.933333	0.84	1.6	1.06667	0.174	0.116133	0.11438	0.0853286	0.144322
0.73	0.05	0.12	0.88	0.99	0.05	0.12	0.88	0.05	0.02	0.02	0.05	0.02	0.01	0.05	0.98	0.27	0.01	0.02	0.02	0.39625	0.095	0.12875	0.15	0.105	0.2375	0.16	0.31875	0.0425	0.605	0.4975	0.17	0.52625	0.23125	0.05875	0.23125	0.28875	0.13625	0.1625	0.44125	1.8	0.0333333	1.76	1.08571	1.57778	0.0844	0.0878333	0.07136	0.0887429	0.0727667
0.95	0.05	0.12	0.05	0.12	0.27	0.12	0.5	0.05	0.73	0.73	0.12	0.95	0.12	0.05	0.88	0.73	0.02	0.05	0.73	0.36875	0.1075	0.1375	0.37	0.20875	0.2375	0.22	0.25	0.16125	0.44	0.36125	0.16125	0.35	0.09625	0.05875	0.235	0.2275	0.23	0.13	0.2925	1.8	2.6	0.7	1.68571	0.911111	0.0051	0.0309333	0.06256	0.0592	0.0827778
0.73	0.01	0.01	0.01	0.05	0.02	0.01	0.01	0.01	0.73	0.5	0.02	0.12	0.05	0.02	0.05	0.12	0.01	0.5	1	0.3775	0.1125	0.11875	0.36875	0.2225	0.26875	0.2325	0.18625	0.16625	0.5025	0.515	0.17375	0.575	0.11875	0.06125	0.32625	0.3075	0.2325	0.135	0.29125	4.2	1.73333	2.16	0.585714	1.37778	0.0033	0.0181333	0.03008	0.0623714	0.0612778
0.05	0.02	0.02	0.01	0.5	0.27	0.02	0.01	0.02	0.73	0.98	0.02	1	0.12	0.02	0.27	0.27	0.02	0.05	0.27	0.475	0.05125	0.11375	0.365	0.25125	0.21	0.2225	0.18625	0.16125	0.5025	0.5125	0.05625	0.465	0.1375	0.03375	0.29875	0.3075	0.23125	0.19125	0.45875	-0.8	2.4	1.16	1.62857	1.34444	0.046	0.0203	0.03564	0.0410714	0.0520889
0.12	0.02	0.01	0.01	0.05	0.02	0.02	0.01	0.02	0.88	0.99	0.02	0.88	0.5	0.02	0.02	0.5	0.88	0.12	0.73	0.55125	0.14625	0.115	0.255	0.32125	0.18125	0.1375	0.2175	0.20875	0.51625	0.5725	0.10375	0.56875	0.10375	0.0425	0.3875	0.3075	0.185	0.195	0.4325	3.8	-0.0666667	1.56	1.97143	1.34444	0.0116	0.0566	0.0396	0.0300571	0.0568667
0.12	0.12	0.12	0.95	0.01	0.27	0.5	0.02	1	0.27	0.12	0.05	0.02	0.02	0.02	0.05	0.02	0.88	0.27	0.02	0.475	0.2375	0.10125	0.06125	0.20375	0.26625	0.15375	0.12125	0.095	0.5925	0.69375	0.2175	0.68	0.16375	0.0425	0.32375	0.3675	0.18625	0.17625	0.52125	-3.2	1.46667	1.56	1.21429	0.755556	0.1122	0.0495667	0.0404	0.0603286	0.113956
0.12	0.02	0.01	0	0.05	0.02	0.01	0	0.02	0.5	1	0.02	0.98	0.12	0.01	0.02	0.05	0.02	0.5	0.27	0.475	0.2775	0.1625	0.18	0.19875	0.32625	0.23375	0.07625	0.245	0.56375	0.555	0.26875	0.5325	0.15125	0.04375	0.25125	0.335	0.2975	0.175	0.50875	3.8	1.6	1.02	0.114286	1.05556	0.0249	0.0481333	0.0746	0.145314	0.1514
0.98	0.02	0.02	0.02	0.73	0.05	0.05	0.05	0.02	0.88	0.73	0.05	0.73	0.27	0.05	0.12	0.27	0.02	0.05	0.88	0.29125	0.395	0.25125	0.23875	0.11	0.41125	0.26125	0.17875	0.30625	0.45875	0.54125	0.38125	0.5825	0.18875	0.0425	0.26625	0.32625	0.35875	0.2025	0.3225	4.2	1.5	-0.44	0.871429	0.0888889	0.0073	0.0830667	0.19192	0.187614	0.185967
0.73	0.88	0.5	0.12	0.12	0.5	0.27	0.27	0.5	0.27	0.5	0.5	0.73	0.12	0.12	0.73	0.73	0.5	0.12	0.27	0.33125	0.37625	0.195	0.24	0.12625	0.355	0.24625	0.1525	0.25	0.50625	0.53875	0.4325	0.49125	0.2075	0.155	0.17125	0.25	0.29875	0.25	0.4275	-3.5	-0.933333	1.1	-0.314286	-4.93432e-17	0.217	0.274167	0.2379	0.230871	0.246011
0.12	0.88	0.12	0.27	0.01	0.98	0.73	0.12	0.12	0.02	0.12	0.99	0.05	0.01	0.05	0.5	0.27	0.02	0.02	0.02	0.39875	0.4075	0.35125	0.3425	0.135	0.3075	0.22	0.2325	0.30125	0.42875	0.46375	0.43125	0.46875	0.16125	0.285	0.26	0.26	0.25	0.25	0.37	-3.5	-0.833333	-0.56	-0.0857143	-0.811111	0.5982	0.385767	0.2958	0.298614	0.314078
0.95	0.27	0.5	0.05	0.12	0.5	0.27	0.12	0.27	0.73	0.5	0.5	0.73	0.12	0.05	0.27	0.5	0.05	0.27	0.88	0.37125	0.5025	0.29125	0.25375	0.12625	0.34	0.2175	0.245	0.16375	0.42875	0.4925	0.4925	0.415	0.2675	0.2975	0.28875	0.2625	0.15125	0.2475	0.37	4.5	-1.16667	-1.72	-1.12857	0.0444444	0.3421	0.418233	0.41162	0.384229	0.305733
0.12	0.95	0.73	0.5	0.02	0.73	0.27	0.88	0.5	0.27	0.12	0.95	0.27	0.5	0.05	0.27	0.27	0.5	0.27	0.12	0.46625	0.44875	0.2675	0.28875	0.195	0.37125	0.3075	0.165	0.25125	0.425	0.41625	0.49625	0.3525	0.20625	0.42125	0.30125	0.31875	0.09375	0.1875	0.43375	-4.5	-0.533333	-1.72	-1.08571	-0.555556	0.3144	0.4143	0.49306	0.388486	0.333056
0.12	0.73	0.05	0.12	0.02	0.27	0.12	0.02	0.05	0.5	0.73	0.88	0.27	0.12	0.99	0.12	0.12	0.02	0.5	0.5	0.3775	0.47625	0.3525	0.335	0.11	0.425	0.3225	0.2675	0.3075	0.405	0.35875	0.50125	0.295	0.2825	0.3125	0.31125	0.36625	0.15375	0.215	0.39875	-1.6	-3.2	-0.12	-0.814286	-0.555556	0.5864	0.508333	0.38084	0.396171	0.334267
0.05	0.27	0.88	0.98	0.01	0.12	0.27	0.5	0.05	0.01	0.01	0.5	0.02	0.02	0.99	0.5	0.12	0.01	0.02	0.02	0.31	0.42625	0.1875	0.21375	0.1025	0.3875	0.2725	0.175	0.2475	0.55125	0.505	0.48875	0.35375	0.39875	0.3	0.175	0.29	0.09875	0.275	0.54375	-3.5	-0.2	-1.34	0.285714	0.333333	0.6242	0.4159	0.36658	0.313314	0.312067
0.73	0.27	0.02	0.02	0.05	0.05	0.02	0.12	0.05	0.98	0.73	0.05	0.27	0.98	0.12	0.05	0.27	0.12	0.5	0.88	0.21625	0.31875	0.28625	0.3025	0.09875	0.28	0.215	0.20875	0.3575	0.4425	0.49125	0.42375	0.33125	0.4025	0.40375	0.2025	0.27125	0.1925	0.33125	0.44875	4.5	-0.2	0.4	0.285714	1.14444	0.0371	0.3107	0.30734	0.2669	0.249133
0.05	0.27	0.05	0.73	0.5	0.5	0.73	0.12	0.95	0.01	0.01	0.5	0.02	0.01	1	0.12	0.27	0.01	0.02	0.02	0.21625	0.2875	0.2225	0.21	0.03375	0.1675	0.1075	0.195	0.21375	0.595	0.6375	0.3075	0.3625	0.52375	0.29	0.16625	0.3	0.2025	0.36375	0.565	-1.6	2.36667	1.62	1.47143	0.566667	0.2708	0.1087	0.1935	0.226529	0.227422
0.27	0.02	0.02	0.01	0.05	0.02	0.02	0.01	0.02	0.95	0.88	0.02	0.27	0.5	0.12	0.05	0.5	0.02	0.5	0.98	0.17625	0.29125	0.1975	0.3625	0.0875	0.15125	0.225	0.10125	0.27375	0.44375	0.51375	0.26375	0.33125	0.4	0.39625	0.1475	0.24	0.13875	0.27125	0.43	4.2	2.36667	3.08	1.6	0.677778	0.0182	0.102067	0.07502	0.163714	0.211144
0.12	0.02	0.01	0.01	0.05	0.05	0.02	0.01	0.02	0.95	0.95	0.02	0.95	0.95	0.02	0.02	0.12	0.05	0.12	0.95	0.195	0.2025	0.19875	0.35375	0.09125	0.1475	0.21625	0.10125	0.27	0.415	0.42	0.16	0.21875	0.33125	0.31875	0.19875	0.3975	0.2425	0.25875	0.405	4.5	4.16667	2.04	1.6	0.777778	0.0172	0.0224	0.09694	0.0985286	0.148311
0.05	0.02	0.05	0.02	0.02	0.05	0.02	0.01	1	0.12	0.73	0.02	0.12	1	0.01	0.27	0.27	0.88	0.95	0.12	0.2125	0.23125	0.14625	0.2925	0.09625	0.1475	0.245	0.1625	0.15625	0.5325	0.46125	0.1125	0.32625	0.325	0.2025	0.12	0.455	0.14	0.155	0.52125	3.8	2.53333	1.66	0.857143	1.12222	0.0318	0.0652333	0.07636	0.0962143	0.131056
0.27	0.02	0.02	0.02	0.05	0.05	0.12	0.01	0.02	0.98	0.95	0.02	0.73	0.12	0.02	0.05	0.73	0.02	0.05	0.95	0.10875	0.28875	0.15375	0.3525	0.1775	0.175	0.26375	0.15	0.39125	0.30875	0.405	0.12125	0.23125	0.40375	0.18875	0.175	0.37	0.3575	0.32875	0.3225	-0.7	-0.133333	0.68	1.02857	0.477778	0.1467	0.115467	0.0769	0.124514	0.1415
0.02	0.73	0.5	1	0	0.12	0.5	0.02	0.05	0	0	0.12	0.27	0	0.02	0.05	0.02	0	0.01	0	0.14	0.2	0.15	0.15375	0.12375	0.195	0.235	0.13625	0.39375	0.43625	0.6325	0.165	0.30125	0.42375	0.12625	0.175	0.45875	0.36125	0.34625	0.445	-3.5	-1.63333	-0.3	0.242857	1.07778	0.1679	0.111833	0.16724	0.140643	0.125244
0.12	0.02	0.05	0.05	0.05	0.27	0.05	0.02	0.02	0.27	0.05	0.05	0.05	0.02	0.27	0.5	1	0.88	0.02	0.27	0.095	0.2875	0.2375	0.27125	0.1125	0.175	0.29	0.135	0.5175	0.29	0.5225	0.1725	0.30125	0.48375	0.095	0.11375	0.275	0.26375	0.345	0.29125	-0.7	-1.53333	-1.32	0.142857	0.922222	0.0209	0.219233	0.1871	0.155971	0.132544
0.12	0.5	0.5	0.5	0.02	0.12	0.5	0.99	0.12	0.12	0.12	0.12	0.05	0.02	0.05	0.12	0.73	0.02	0.02	0.12	0.11375	0.335	0.195	0.22875	0.125	0.27875	0.29375	0.0275	0.5175	0.1925	0.3975	0.2525	0.185	0.36625	0.245	0.22125	0.3275	0.36625	0.3325	0.1975	-0.4	-0.8	-0.42	-1.26883e-16	0.244444	0.4689	0.206967	0.18266	0.163414	0.183011
0.12	0.73	0.05	0.5	0.73	0.27	0.27	0.02	0.95	0.05	0.5	0.12	0.12	0.73	0.02	0.27	0.05	1	0.99	0.12	0.1225	0.31	0.25125	0.3175	0.09625	0.345	0.445	0.14875	0.295	0.1875	0.26	0.265	0.22375	0.1525	0.25	0.175	0.4125	0.135	0.09375	0.18375	-1.3	0.7	0.84	-0.128571	-0.566667	0.1311	0.2415	0.16586	0.2098	0.203989
0.05	0.27	0.5	0.12	0.02	0.73	0.88	0.02	1	0.05	0.88	0.95	0.12	0.05	0.5	0.12	0.27	0.02	0.12	0.05	0.13125	0.3675	0.19875	0.365	0.185	0.2875	0.35625	0.15	0.28875	0.08	0.15625	0.165	0.2575	0.225	0.19	0.2025	0.41875	0.25625	0.19875	0.1075	3.8	1.76667	0.66	-0.128571	-0.566667	0.1245	0.113167	0.25596	0.217329	0.190067
0.01	0.01	0.27	0	0.01	0.01	0.01	0	0.98	0.05	0.05	0.01	0.05	1	0.12	0.01	0.01	0.12	0.5	0.02	0.14	0.31125	0.1675	0.28875	0.18875	0.36875	0.465	0.15125	0.3	0.2025	0.35125	0.27	0.32375	0.16875	0.2375	0.21625	0.4825	0.25875	0.275	0.17375	2.8	1.66667	0.04	-0.128571	-0.322222	0.0839	0.2266	0.2063	0.2174	0.201344
0.27	0.88	0.12	0.12	0.12	0.73	0.5	0.12	0.12	0.02	0.02	0.73	0.02	0.01	1	0.5	0.27	0.01	0.02	0.05	0.18375	0.31	0.27125	0.3775	0.17125	0.36375	0.5075	0.19625	0.43875	0.17875	0.35125	0.265	0.33625	0.2925	0.1	0.12625	0.35875	0.165	0.33875	0.1425	-1.6	-0.766667	0.16	-0.257143	-0.744444	0.4714	0.258633	0.18436	0.1889	0.265533
0.12	0.05	0.05	0.73	0.5	0.73	1	0.01	0.05	0.01	0.01	0.12	0.5	0	0.02	0.05	0.27	0.01	0.01	0.01	0.19375	0.35375	0.2325	0.24	0.12375	0.35125	0.38375	0.0875	0.43875	0.18	0.4475	0.3275	0.3325	0.41625	0.2175	0.17	0.35875	0.1775	0.45625	0.1475	-3.5	-1.93333	-0.86	-0.714286	-0.388889	0.2206	0.2378	0.21334	0.255686	0.219789
0.27	0.02	0.05	0.02	0.05	0.05	0.02	0.02	0.02	0.12	0.5	0.05	1	0.02	0.02	0.12	1	0.01	0.02	0.27	0.19375	0.38875	0.22875	0.26875	0.1225	0.4175	0.47875	0.08625	0.33	0.2825	0.415	0.355	0.3175	0.385	0.2175	0.13375	0.27625	0.055	0.3375	0.21	-0.7	-1.83333	-2.32	-0.857143	0.255556	0.0214	0.170467	0.31628	0.246071	0.210522
0.05	0.02	0.02	0.27	0.02	0.05	0.5	0.01	0.12	0.98	0.73	0.02	0.73	0.5	0.02	0.05	0.27	0.12	1	0.5	0.22125	0.38875	0.26125	0.3475	0.125	0.43625	0.41875	0.09125	0.19875	0.2025	0.2825	0.27375	0.33875	0.32	0.1575	0.1425	0.34	0.03875	0.20125	0.1775	-1.3	-2.16667	-1.44	-0.614286	-0.555556	0.2694	0.296467	0.23344	0.2409	0.254689
0.73	0.88	0.73	0.88	0.02	0.95	0.88	0.5	0.27	0.05	0.02	0.73	0.12	0.02	0.05	0.27	0.27	0.02	0.05	0.05	0.22625	0.39875	0.1725	0.38125	0.12625	0.4325	0.48875	0.03625	0.09125	0.315	0.3675	0.275	0.415	0.26125	0.145	0.17625	0.3725	0.03875	0.29125	0.2375	-4.5	-1	0.16	-0.885714	-1.25556	0.5986	0.3084	0.19886	0.248129	0.298467
0.05	0.02	0.12	0.01	0.02	0.02	0.01	0.01	0.05	0.12	0.88	0.01	0.5	1	0.01	0.02	0.73	0.12	0.95	0.12	0.31125	0.43	0.24	0.4775	0.2025	0.4725	0.54125	0.085	0.10625	0.395	0.37625	0.28	0.475	0.2	0.0275	0.16	0.39125	0.03125	0.21	0.34125	2.8	0.933333	-0.4	-0.885714	-0.655556	0.0572	0.2345	0.29898	0.284886	0.2509
0.27	0.98	0.02	0.02	0.27	0.12	0.05	0.02	0.05	0.98	0.73	0.27	0.5	0.5	0.02	0.05	0.12	0.02	0.05	0.88	0.37875	0.395	0.26125	0.41875	0.115	0.43125	0.52125	0.0975	0.115	0.34875	0.40875	0.32375	0.44625	0.26875	0.03875	0.2125	0.54375	0.045	0.3275	0.33625	4.5	1.26667	-0.84	-0.242857	-0.344444	0.0477	0.208967	0.34068	0.288014	0.252922
0.05	0.27	0.73	1	0.01	0.88	0.88	0.05	0.05	0.27	0.05	0.27	0.02	0.01	0.02	0.12	0.05	0	0.01	0.02	0.46375	0.5725	0.2	0.35625	0.14375	0.42125	0.53375	0.10625	0.1275	0.425	0.43375	0.43625	0.3875	0.33	0.0425	0.28	0.46125	0.04875	0.33625	0.41625	-3.5	-0.833333	0.82	-0.157143	-0.655556	0.522	0.3492	0.22962	0.283643	0.336011
0.73	0.95	0.27	0.88	0.02	0.88	0.95	0.05	0.27	0.02	0.02	0.73	0.05	0.05	0.05	0.5	0.27	0.02	0.27	0.05	0.40625	0.6075	0.27	0.37125	0.1425	0.50625	0.5725	0.11125	0.195	0.34	0.36125	0.495	0.3075	0.35375	0.0425	0.24125	0.43375	0.03375	0.19375	0.38375	-3.5	-1.06667	0.12	-0.0142857	-0.944444	0.4779	0.347733	0.26594	0.308014	0.367222
0.27	0.27	0.05	0.02	0.73	0.12	0.05	0.02	0.02	0.73	0.95	0.05	0.88	0.5	0.02	0.12	0.88	0.05	0.27	0.95	0.37875	0.585	0.22125	0.37	0.0575	0.485	0.5775	0.05375	0.255	0.26	0.3525	0.49125	0.25125	0.41375	0.0425	0.27	0.33	0.14625	0.3125	0.28	3.8	-0.133333	-1.48	-0.971429	-0.0222222	0.0433	0.253333	0.41024	0.378457	0.320578
0.88	0.73	0.12	0.27	0.05	0.5	0.88	0.12	0.12	0.5	0.12	0.73	0.27	0.05	0.12	0.5	0.88	0.02	0.05	0.73	0.31125	0.55875	0.31625	0.45625	0.23125	0.46875	0.4875	0.1625	0.29875	0.275	0.3475	0.4675	0.2675	0.34625	0.13875	0.25375	0.2725	0.13625	0.22375	0.295	-0.7	-0.133333	-1.56	-1.07143	-0.766667	0.2388	0.350433	0.4159	0.397186	0.399722
0.73	0.73	0.27	0.5	0.02	0.73	0.95	0.12	0.12	0.02	0.02	0.95	0.05	0.02	0.05	0.73	0.27	0.02	0.05	0.05	0.3025	0.43875	0.29625	0.44	0.21625	0.43125	0.475	0.16125	0.295	0.33125	0.39125	0.40875	0.32375	0.3975	0.17875	0.22125	0.34	0.19625	0.25125	0.36125	-3.5	-2.7	-0.1	-1.12857	-0.844444	0.7692	0.519433	0.35608	0.432543	0.406889
0.27	0.98	0.12	0.27	0.02	0.73	0.88	0.05	0.88	0.05	0.12	0.95	0.12	0.73	0.05	0.12	0.27	0.02	0.12	0.27	0.36875	0.48375	0.34625	0.45375	0.2175	0.43125	0.465	0.17875	0.25625	0.3	0.37875	0.4375	0.31875	0.31	0.23875	0.345	0.3675	0.1975	0.2475	0.365	-3.9	-1.2	-1.64	-0.0857143	-0.844444	0.5503	0.499433	0.50132	0.3803	0.405222
0.05	0.02	0.12	0.01	0.05	0.02	0.02	0.01	0.5	0.12	0.88	0.02	0.5	0.95	0.02	0.12	0.05	0.95	1	0.12	0.31125	0.4875	0.31875	0.3775	0.2175	0.4125	0.455	0.17875	0.27125	0.41125	0.40375	0.465	0.35625	0.31	0.2375	0.285	0.3675	0.08125	0.11	0.4875	3.8	-1.33333	-0.74	-1.12857	-0.0333333	0.1788	0.499533	0.476	0.446543	0.368589
0.12	0.27	0.95	0.95	0.73	0.27	0.12	0.98	0.5	0.01	0.01	0.5	0.02	0.01	0.88	0.27	0.27	0.01	0.02	0.02	0.28375	0.485	0.22375	0.2725	0.0475	0.4575	0.5275	0.06125	0.36	0.44375	0.485	0.50875	0.34	0.38	0.13375	0.26625	0.2925	0.19875	0.29	0.4725	-3.9	1.23333	-0.74	-0.485714	-0.888889	0.7695	0.3535	0.42356	0.4336	0.402122
0.05	0.02	0.01	0.12	0.12	0.05	0.02	0.01	0.02	0.95	0.98	0.02	0.73	0.88	0.27	0.02	0.05	0.5	0.27	0.73	0.1975	0.51625	0.36	0.34875	0.12375	0.45625	0.54	0.17	0.41125	0.32625	0.3825	0.51125	0.30875	0.27125	0.20125	0.25	0.2725	0.1375	0.315	0.41625	3.8	-1.2	0.8	-0.542857	-0.344444	0.1122	0.4629	0.34314	0.373014	0.420544
0.12	0.88	0.98	0.88	0.02	0.88	0.73	0.12	0.5	0.05	0.05	0.5	0.05	0.02	0.5	0.5	0.27	0.01	0.05	0.27	0.13125	0.3325	0.22	0.1975	0.14	0.27625	0.3475	0.1475	0.46	0.49875	0.5875	0.42375	0.47875	0.495	0.1725	0.1325	0.22625	0.21125	0.45875	0.53	-3.5	1.36667	-0.74	0.614286	-0.1	0.507	0.2558	0.3764	0.3522	0.351133
0.05	0.02	0.05	0.01	0.05	0.02	0.01	0.01	0.01	0.98	0.98	0.02	0.73	0.27	0.01	0.02	0.05	0.02	0.05	0.88	0.16875	0.43625	0.355	0.2875	0.14	0.41125	0.39	0.17	0.47375	0.43875	0.47125	0.475	0.4125	0.40625	0.29	0.26875	0.2825	0.21375	0.4775	0.45375	3.8	-1.2	0.88	-0.114286	-0.166667	0.1482	0.333433	0.30342	0.3473	0.358767
0.12	0.5	0.12	0.12	0.05	0.73	0.73	0.05	0.73	0.88	0.73	0.88	0.27	0.12	0.05	0.12	0.5	0.05	0.73	0.73	0.245	0.4075	0.45	0.30625	0.1675	0.335	0.3125	0.255	0.38375	0.4425	0.42625	0.38	0.41375	0.30875	0.40625	0.30375	0.235	0.09375	0.27375	0.52	-3.9	1.36667	-0.14	-0.2	-0.388889	0.3451	0.2993	0.30988	0.3258	0.354889
0.12	0.73	0.27	0.05	0.05	0.27	0.88	0.02	0.05	0.5	0.27	0.27	0.73	0.05	0.05	0.12	0.5	0.02	0.5	0.99	0.26375	0.37875	0.34625	0.30625	0.07875	0.4775	0.3975	0.17	0.44	0.495	0.4975	0.45625	0.36875	0.35	0.41875	0.30375	0.235	0.09875	0.33375	0.49125	4.2	-0.333333	-0.34	-0.485714	-0.0333333	0.4046	0.298067	0.33228	0.330329	0.335511
0.27	0.12	0.12	0.05	0.05	0.12	0.12	0.05	0.99	0.5	0.73	0.73	0.73	0.95	0.05	0.27	0.12	0.12	0.98	0.5	0.30125	0.48625	0.42625	0.40125	0.07	0.58125	0.6	0.17125	0.3825	0.4675	0.40875	0.45875	0.36875	0.1425	0.41875	0.345	0.31	0.03	0.255	0.495	-1.3	-0.533333	-0.74	-0.0857143	-0.844444	0.1445	0.389367	0.33142	0.342914	0.360256
0.5	0.95	0.27	0.12	0.05	0.95	0.5	0.12	0.5	0.5	0.12	0.88	0.27	0.27	0.5	0.73	0.5	0.05	0.27	0.27	0.34875	0.335	0.3475	0.345	0.0825	0.3825	0.47625	0.26625	0.39625	0.4675	0.485	0.46875	0.435	0.2875	0.315	0.34375	0.33875	0.04375	0.34375	0.505	-4.5	-1.33333	-0.1	-1.12857	-0.544444	0.619	0.302467	0.38142	0.369586	0.364944
0.73	0.27	0.95	0.27	0.27	0.12	0.12	0.73	0.5	0.05	0.27	0.12	0.05	0.02	0.99	0.5	0.12	0.02	0.05	0.5	0.37625	0.45125	0.27125	0.34	0.06375	0.5175	0.61375	0.195	0.41	0.4925	0.435	0.595	0.405	0.3	0.37125	0.40375	0.4425	0.155	0.38	0.4575	1.8	-1.13333	-1.64	-0.685714	-0.766667	0.1439	0.452667	0.36748	0.398743	0.381156
0.27	0.27	0.27	0.88	0.02	0.95	0.95	0.27	0.27	0.05	0.12	0.5	0.12	0.27	0.98	0.27	0.27	0.02	0.27	0.05	0.5375	0.4225	0.40375	0.35875	0.095	0.385	0.52875	0.30875	0.38125	0.41625	0.3775	0.47125	0.39625	0.26	0.38125	0.45125	0.395	0.15125	0.2675	0.485	-0.7	-0.8	-1.54	-1.02857	-0.133333	0.5951	0.357967	0.44842	0.382957	0.400056
0.5	0.27	0.5	0.88	0.05	0.73	0.88	0.05	0.5	0.73	0.73	0.5	0.73	0.12	0.27	0.5	0.27	0.05	0.12	0.27	0.55625	0.4225	0.4325	0.415	0.09125	0.48875	0.54625	0.34	0.36125	0.28375	0.33	0.47125	0.32	0.2875	0.47	0.4225	0.3475	0.27	0.28625	0.34875	-3.5	-1.66667	-0.28	-0.585714	-0.7	0.3349	0.493067	0.38344	0.435914	0.417811
0.73	0.5	0.5	0.5	0.12	0.12	0.12	0.95	0.12	0.05	0.05	0.73	0.12	0.5	0.12	0.95	0.88	0.05	0.05	0.12	0.55625	0.4125	0.48	0.47125	0.0825	0.6725	0.66	0.34	0.3	0.3125	0.33875	0.385	0.415	0.155	0.51625	0.395	0.27125	0.26125	0.235	0.33875	-0.8	-0.833333	-0.28	-0.0714286	-0.944444	0.5492	0.392733	0.4577	0.428114	0.425133
0.5	0.27	0.12	0.12	0.12	0.27	0.73	0.05	0.12	0.73	0.73	0.27	0.27	0.12	0.95	0.27	0.5	0.88	0.12	0.73	0.61375	0.35625	0.55625	0.56625	0.09125	0.62625	0.64	0.4525	0.2525	0.275	0.30125	0.395	0.39625	0.18375	0.365	0.4225	0.29	0.1575	0.2075	0.29125	1.8	0.933333	-0.32	-0.828571	-0.833333	0.2941	0.452833	0.45156	0.437614	0.387333
0.95	0.27	0.5	0.88	0.05	0.5	0.88	0.5	0.27	0.27	0.12	0.27	0.27	0.05	0.12	0.27	0.27	0.02	0.05	0.5	0.57625	0.385	0.48125	0.52875	0.08125	0.645	0.6975	0.3675	0.205	0.34125	0.35875	0.4425	0.405	0.205	0.4075	0.45125	0.36625	0.26875	0.225	0.32	1.8	0.9	-0.32	-1.22857	-0.833333	0.5152	0.4579	0.42666	0.392429	0.438756
0.5	0.73	0.73	0.5	0.05	0.88	0.95	0.05	0.12	0.12	0.5	0.27	0.73	0.12	0.05	0.12	0.12	1	0.5	0.12	0.66125	0.4125	0.48125	0.5	0.085	0.58875	0.6325	0.405	0.205	0.36875	0.33	0.49	0.3475	0.16875	0.41625	0.47	0.385	0.15	0.15	0.37625	-0.9	-0.866667	-0.86	-0.471429	-1.25556	0.5644	0.43	0.37258	0.431257	0.430389
0.5	0.27	0.5	0.12	0.05	0.98	0.27	0.95	0.12	0.05	0.12	0.27	0.88	0.27	0.27	0.5	0.12	0.05	0.5	0.27	0.61375	0.4425	0.48125	0.44375	0.085	0.5	0.64125	0.34875	0.26125	0.30125	0.32	0.43375	0.2525	0.25875	0.4175	0.375	0.36625	0.29625	0.25875	0.3575	-3.5	-2.63333	-0.86	-1	-1.01111	0.2104	0.3512	0.4351	0.427057	0.4344
0.73	0.27	0.5	0.5	0.12	0.73	0.95	0.12	0.12	0.88	0.5	0.5	0.27	0.12	0.12	0.27	0.27	0.05	0.12	0.5	0.5275	0.47125	0.48125	0.34875	0.1525	0.57875	0.575	0.4575	0.26125	0.20625	0.28125	0.37625	0.32875	0.23	0.43625	0.3475	0.27125	0.305	0.3625	0.32875	-3.5	-1.73333	-2.12	-1.44286	-0.966667	0.2788	0.3653	0.43602	0.438043	0.424133
0.88	0.5	0.73	0.73	0.12	0.5	0.73	0.5	0.27	0.12	0.12	0.5	0.12	0.12	0.5	0.73	0.5	0.05	0.12	0.5	0.48	0.5	0.52875	0.3675	0.1525	0.63625	0.6025	0.46625	0.26125	0.225	0.2525	0.46125	0.37625	0.24875	0.36125	0.29	0.2425	0.21	0.3625	0.2525	1.8	-2.06667	-2.2	-1.75714	-1.6	0.6067	0.468433	0.39734	0.4297	0.443944
0.5	0.95	0.5	0.27	0.05	0.88	0.5	0.12	0.12	0.12	0.27	0.88	0.12	0.05	0.98	0.27	0.27	0.05	0.12	0.12	0.4425	0.44375	0.51	0.3775	0.17	0.56	0.555	0.485	0.26125	0.25375	0.3375	0.41375	0.405	0.3425	0.30125	0.3475	0.27125	0.24125	0.39	0.32875	-4.5	-1.33333	-1.58	-2.18571	-1.37778	0.5198	0.499167	0.44662	0.416557	0.405744
0.12	0.05	0.27	0.05	0.05	0.12	0.27	0.5	0.95	0.12	0.27	0.05	0.12	0.99	0.5	0.12	0.12	0.27	0.99	0.27	0.4425	0.48	0.4625	0.3575	0.17875	0.56	0.48	0.44625	0.2525	0.30125	0.3375	0.54625	0.3475	0.32875	0.37	0.36625	0.29	0.21375	0.28125	0.32875	-1.3	-2.06667	-1.66	-1.14286	-1.37778	0.371	0.4492	0.48534	0.410986	0.365589
0.27	0.73	0.5	0.12	0.73	0.5	0.27	0.99	0.12	0.12	0.12	0.5	0.12	0.12	0.12	0.5	0.27	0.12	0.5	0.12	0.395	0.42375	0.43375	0.425	0.1025	0.48125	0.565	0.28125	0.4325	0.31	0.35625	0.56625	0.2525	0.4375	0.4175	0.31875	0.29	0.24125	0.37125	0.32875	-0.4	-1.86667	-1.26	-0.771429	-1.37778	0.4568	0.4334	0.39828	0.400157	0.399544
0.27	0.73	0.73	0.5	0.12	0.5	0.73	0.5	0.27	0.12	0.12	0.95	0.5	0.27	0.73	0.27	0.5	0.12	0.12	0.12	0.3375	0.48125	0.405	0.3775	0.22625	0.50875	0.48	0.3425	0.46125	0.23375	0.3275	0.53875	0.205	0.495	0.38875	0.37625	0.29	0.25	0.46625	0.3	-3.9	-0.166667	-0.54	-1.52857	-1.37778	0.4724	0.366867	0.33492	0.3872	0.426678
0.27	0.27	0.12	0.5	0.12	0.27	0.27	0.27	0.12	0.5	0.95	0.27	0.5	0.73	0.12	0.27	0.27	0.27	0.27	0.73	0.29	0.53875	0.48125	0.3775	0.22625	0.5375	0.50875	0.41875	0.5375	0.18625	0.22375	0.62375	0.205	0.485	0.43625	0.37625	0.29	0.335	0.5425	0.17625	3.8	-0.333333	-0.98	-1.38571	-1.62222	0.1714	0.282267	0.36392	0.387657	0.424244
0.12	0.12	0.12	0.12	0.12	0.12	0.12	0.12	0.88	0.5	0.5	0.5	0.27	0.95	0.12	0.12	0.12	1	0.5	0.27	0.30875	0.4725	0.43375	0.4825	0.235	0.48	0.55625	0.42875	0.4425	0.2625	0.26125	0.51875	0.2525	0.4575	0.43625	0.395	0.36625	0.24375	0.505	0.32875	-0.9	-0.2	-1.6	-1.25714	-0.655556	0.203	0.2968	0.37716	0.4182	0.420511
0.27	0.5	0.5	0.73	0.12	0.73	0.95	0.12	0.73	0.12	0.12	0.88	0.12	0.27	0.27	0.5	0.27	0.12	0.73	0.12	0.29	0.48125	0.38625	0.51	0.235	0.45125	0.5375	0.38125	0.46625	0.30125	0.28125	0.5275	0.27125	0.425	0.44625	0.395	0.3475	0.32625	0.38625	0.3475	-3.5	-2.63333	-0.9	-0.6	-0.9	0.516	0.414	0.39964	0.4224	0.446122
0.27	0.73	0.5	0.5	0.5	0.95	0.73	0.12	0.5	0.27	0.27	0.73	0.27	0.73	0.5	0.5	0.5	0.12	0.5	0.27	0.3475	0.42375	0.3575	0.615	0.11125	0.37625	0.565	0.38	0.495	0.33	0.2625	0.49875	0.2525	0.35875	0.4175	0.36625	0.3475	0.3175	0.35875	0.32875	-3.5	-2.46667	-0.82	-0.542857	-0.9	0.523	0.541267	0.4626	0.440843	0.4295
0.5	0.5	0.73	0.73	0.12	0.5	0.5	0.88	0.73	0.12	0.12	0.5	0.12	0.5	0.27	0.73	0.27	0.88	0.88	0.12	0.31875	0.4525	0.3	0.5575	0.15875	0.4325	0.565	0.25625	0.52375	0.44375	0.3	0.4425	0.2425	0.3875	0.44625	0.41375	0.3475	0.2225	0.35875	0.395	-0.4	0.1	-1.34	-1.14286	0.0333333	0.5848	0.531333	0.5423	0.460243	0.417933
0.5	0.27	0.12	0.73	0.12	0.27	0.73	0.05	0.12	0.73	0.12	0.27	0.27	0.05	0.98	0.27	0.73	0.05	0.05	0.88	0.395	0.51	0.48	0.58625	0.15875	0.51875	0.6125	0.36	0.67625	0.31125	0.1875	0.5	0.17625	0.35875	0.43375	0.5	0.29	0.29875	0.44375	0.22375	4.2	0.1	-0.72	-0.371429	-0.777778	0.4862	0.5575	0.50054	0.483857	0.460656
0.12	0.5	0.27	0.88	0.05	0.5	0.95	0.12	0.99	0.05	0.05	0.5	0.12	0.05	0.73	0.5	0.12	0.05	0.27	0.27	0.49	0.57625	0.48	0.5675	0.1675	0.56625	0.66125	0.35125	0.52	0.39625	0.19625	0.51875	0.195	0.3025	0.465	0.49	0.385	0.265	0.41625	0.32875	-3.5	0.1	0.88	-0.371429	-1.11111	0.6015	0.464967	0.4696	0.489557	0.482667
0.73	0.5	0.27	0.73	0.12	0.12	0.27	0.98	0.12	0.5	0.12	0.12	0.12	0.05	0.12	0.27	0.5	0.05	0.05	0.12	0.41375	0.52875	0.42375	0.4975	0.26875	0.52875	0.63375	0.235	0.66125	0.34	0.20625	0.4625	0.195	0.3025	0.51375	0.47125	0.31	0.265	0.47625	0.36625	-0.4	0.2	0.26	-0.428571	-0.866667	0.3072	0.425667	0.46382	0.472143	0.433033
0.27	0.73	0.5	0.27	0.12	0.5	0.5	0.27	0.73	0.88	0.27	0.27	0.27	0.27	0.73	0.88	0.27	0.12	0.5	0.5	0.4525	0.415	0.45125	0.555	0.33125	0.3775	0.52875	0.315	0.52875	0.32125	0.1875	0.3675	0.205	0.19	0.38125	0.36625	0.395	0.2475	0.36375	0.3	4.5	0.2	-1.36	-0.557143	-0.866667	0.3683	0.410467	0.4468	0.3985	0.407389
0.88	0.5	0.95	0.73	0.12	0.73	0.88	0.27	0.73	0.05	0.05	0.5	0.12	0.05	0.73	0.5	0.27	0.05	0.12	0.12	0.37625	0.4725	0.36625	0.525	0.3225	0.3775	0.51	0.29625	0.5475	0.41625	0.20625	0.33875	0.22375	0.18875	0.3625	0.35625	0.395	0.25625	0.3925	0.33875	-3.5	-0.966667	-0.92	-1.65714	-1.21111	0.5559	0.441767	0.34036	0.370786	0.392733
0.5	0.88	0.27	0.12	0.12	0.73	0.73	0.12	0.5	0.5	0.5	0.88	0.27	0.5	0.12	0.27	0.27	0.73	0.5	0.5	0.395	0.425	0.43875	0.5125	0.3225	0.35	0.44375	0.31125	0.56375	0.3925	0.245	0.26375	0.2625	0.14125	0.3225	0.36625	0.31875	0.17125	0.35375	0.3	-3.9	-2.9	-1.54	-1.65714	-1.17778	0.4011	0.3421	0.33736	0.349557	0.3524
0.27	0.12	0.05	0.02	1	0.05	0.05	0.05	0.99	0.12	0.27	0.05	0.12	0.27	0.05	0.12	0.05	0.12	0.99	0.27	0.42375	0.58125	0.5425	0.42125	0.2975	0.40625	0.425	0.31125	0.4125	0.44	0.33	0.3675	0.39	0.17	0.2425	0.3375	0.34625	0.30375	0.265	0.31	-1.3	-2.9	-3.14	-0.957143	-1.17778	0.0693	0.2542	0.35428	0.323271	0.289844
0.12	0.05	0.95	0.5	1	0.12	0.12	0.05	0.05	0.5	0.27	0.12	0.5	0.05	0.05	0.27	0.95	0.05	0.05	0.12	0.36625	0.61875	0.41125	0.27625	0.28375	0.47375	0.41625	0.19125	0.60625	0.3325	0.3175	0.46875	0.33375	0.1925	0.23375	0.3	0.1775	0.3075	0.37875	0.31625	-3.5	-2.76667	-1.54	-2.1	-1.56667	0.2922	0.271467	0.26774	0.276157	0.2886
0.5	0.73	0.5	0.95	0.05	0.73	0.73	0.73	0.88	0.05	0.05	0.5	0.12	0.27	0.12	0.27	0.27	0.88	0.73	0.05	0.3	0.44875	0.41125	0.18875	0.4025	0.34125	0.28375	0.075	0.41375	0.38875	0.4025	0.39375	0.38125	0.14625	0.14	0.205	0.35125	0.19125	0.2375	0.385	-3.5	-0.833333	-1.46	-2.15714	-1.6	0.4529	0.289433	0.19522	0.239029	0.274467
0.27	0.27	0.02	0.02	0.12	0.05	0.05	0.02	0.02	0.99	0.88	0.05	0.73	0.12	0.05	0.12	0.12	0.05	0.12	0.95	0.2525	0.535	0.3675	0.32375	0.38125	0.45375	0.38125	0.13625	0.445	0.29875	0.32625	0.47875	0.32375	0.17375	0.06375	0.17625	0.35125	0.29125	0.305	0.32	4.5	-0.833333	-1.98	-1	-1.6	0.1232	0.204867	0.24056	0.216171	0.243244
0.12	0.99	0.88	0.05	0.73	0.27	0.12	0.05	0.27	0.05	0.5	0.5	0.99	0.05	0.02	0.12	0.12	0.5	0.05	0.12	0.27125	0.3375	0.22875	0.3075	0.2925	0.34125	0.2875	0.20875	0.35375	0.35625	0.3125	0.31875	0.26	0.12125	0.1775	0.1575	0.35125	0.145	0.2525	0.3675	-3.5	-0.966667	-0.44	-1.31429	-1.34444	0.0385	0.152567	0.23034	0.245543	0.205056
0.12	0.73	0.12	0.05	0.01	0.73	0.27	0.02	0.73	0.02	0.02	1	0.05	0.01	0.05	0.12	0.05	0.01	0.02	0.02	0.2525	0.36125	0.3325	0.3075	0.26375	0.28375	0.265	0.20875	0.175	0.4075	0.4625	0.25625	0.48625	0.18375	0.20125	0.14875	0.36	0.1975	0.1475	0.38	-3.9	-1.06667	-0.44	-1.04286	-0.988889	0.296	0.191867	0.19474	0.212	0.203678
0.12	0.05	0.05	0.02	0.12	0.05	0.05	0.02	0.02	0.88	0.73	0.05	0.27	0.12	0.05	0.12	0.98	0.02	0.05	0.98	0.3	0.55875	0.3325	0.2825	0.13125	0.46375	0.36875	0.265	0.34875	0.24375	0.355	0.47875	0.41125	0.17	0.21	0.14875	0.15875	0.19625	0.1525	0.25125	4.2	-1.06667	-1.66	-0.271429	-0.988889	0.2411	0.270667	0.18158	0.155429	0.213889
0.27	0.73	0.12	0.88	0.02	0.95	0.98	0.05	0.12	0.27	0.27	0.73	0.27	0.12	0.05	0.12	0.12	0.02	0.05	0.5	0.225	0.50625	0.295	0.11875	0.13875	0.3825	0.27125	0.17625	0.24125	0.31625	0.40875	0.44125	0.4025	0.1425	0.20125	0.13	0.2475	0.08875	0.0675	0.3075	-3.5	-0.3	-0.58	-1.41429	-1.1	0.2749	0.191133	0.18526	0.1927	0.214378
0.5	0.02	0.02	0.02	0.02	0.05	0.05	0.73	0.02	0.02	0.01	0.05	0.02	0.01	1	0.12	0.27	0.01	0.01	0.05	0.28625	0.5675	0.31125	0.22625	0.13	0.495	0.39625	0.1225	0.26625	0.2575	0.3375	0.535	0.34875	0.20375	0.0825	0.1775	0.2475	0.09	0.1675	0.27875	-1.6	-1.06667	-0.5	-1.55714	-1.4	0.0574	0.129733	0.20288	0.252529	0.212256
0.12	0.05	0.12	0.02	0.05	0.05	0.02	0.02	0.02	0.5	0.99	0.05	0.99	0.73	0.27	0.05	0.05	0.05	0.12	0.27	0.33375	0.4425	0.19	0.22125	0.12625	0.46375	0.3875	0.20625	0.235	0.30125	0.27625	0.475	0.21375	0.14125	0.17375	0.17375	0.26625	0.02875	0.21	0.29875	1.9	-1.06667	-2.24	-0.742857	-0.588889	0.0569	0.166133	0.24612	0.225114	0.213067
0.5	0.95	0.88	0.27	0.05	0.88	0.73	0.5	0.73	0.05	0.12	0.95	0.12	0.05	0.12	0.27	0.27	0.05	0.12	0.05	0.3625	0.33	0.17125	0.3025	0.13125	0.33125	0.375	0.20625	0.07	0.36125	0.38875	0.3475	0.33125	0.25875	0.20125	0.2225	0.295	0.03375	0.2225	0.33	-3.5	-2.03333	-1.18	-0.8	-0.588889	0.3841	0.299433	0.21196	0.197214	0.2449
0.05	0.99	0.27	0.5	0.01	0.98	0.88	0.05	0.12	0.02	0.02	0.88	0.05	0.05	0.05	0.12	0.12	0.02	0.05	0.02	0.4375	0.38125	0.275	0.38125	0.1275	0.40375	0.46875	0.35125	0.1775	0.26125	0.31625	0.46	0.32125	0.25	0.295	0.26	0.225	0.04125	0.24	0.2175	-4.5	-2.06667	-0.1	-0.857143	-1.44444	0.4573	0.315167	0.20964	0.241157	0.289511
0.99	0.05	0.05	0.02	0.05	0.05	0.12	0.27	0.12	0.27	0.05	0.12	0.05	0.5	0.05	0.5	0.27	0.05	0.88	0.27	0.30125	0.47	0.32125	0.34625	0.12625	0.435	0.475	0.35125	0.28125	0.25875	0.38875	0.47875	0.32125	0.24125	0.3225	0.2125	0.20625	0.06875	0.25375	0.18625	1.8	0.366667	-1.26	-1.12857	-0.633333	0.1041	0.2024	0.31476	0.324757	0.284689
0.12	0.02	0.01	0.01	0.73	0.02	0.02	0.01	0.02	0.88	0.99	0.02	0.88	0.27	0.02	0.02	0.05	0.05	0.5	0.5	0.38125	0.5625	0.43375	0.43625	0.045	0.52375	0.54375	0.41125	0.325	0.18625	0.27625	0.595	0.23	0.275	0.21625	0.32	0.23375	0.07375	0.30625	0.1575	3.8	0.566667	-1.26	-0.857143	-0.844444	0.0458	0.244133	0.36646	0.3497	0.345122
0.73	0.73	0.73	0.95	0.05	0.5	0.88	0.5	0.12	0.05	0.05	0.88	0.12	0.27	0.12	0.73	0.5	0.05	0.12	0.05	0.38125	0.50125	0.34375	0.37875	0.13875	0.49125	0.49625	0.3625	0.325	0.29	0.30375	0.515	0.235	0.30625	0.20375	0.25875	0.205	0.10125	0.44875	0.27125	-3.9	-1.2	0.4	-0.857143	-0.855556	0.5825	0.423633	0.3213	0.380729	0.368189
0.27	0.5	0.27	0.88	0.05	0.73	0.95	0.73	0.27	0.05	0.05	0.88	0.12	0.05	0.73	0.27	0.27	0.05	0.12	0.05	0.43875	0.47375	0.325	0.47625	0.1475	0.415	0.45875	0.33375	0.24875	0.3175	0.30375	0.4875	0.235	0.33375	0.14625	0.345	0.29125	0.10125	0.44875	0.3275	-3.5	-1.2	-0.66	0.0428571	-0.855556	0.6426	0.485533	0.42074	0.353186	0.369811
0.12	0.5	0.27	0.12	0.05	0.27	0.27	0.27	0.95	0.5	0.88	0.12	0.27	0.5	0.27	0.12	0.12	0.27	0.99	0.5	0.575	0.35625	0.2975	0.515	0.16125	0.365	0.4675	0.41875	0.155	0.2925	0.2125	0.4875	0.225	0.28625	0.23125	0.3825	0.405	0.07375	0.39625	0.3025	3.8	-1.06667	-1.06	-0.714286	-0.433333	0.2315	0.4918	0.46448	0.395271	0.331711
0.27	0.73	0.88	0.73	0.05	0.73	0.5	0.95	0.27	0.05	0.05	0.88	0.12	0.05	0.12	0.5	0.27	0.05	0.05	0.05	0.5425	0.32375	0.21625	0.4375	0.1575	0.30375	0.42625	0.3025	0.2275	0.32125	0.34375	0.38	0.24375	0.295	0.24625	0.2875	0.3675	0.22	0.4375	0.41625	-3.5	0.7	-0.98	-1.35714	-0.733333	0.6013	0.365767	0.42772	0.405071	0.340778
0.73	0.27	0.12	0.5	0.12	0.27	0.5	0.12	0.12	0.5	0.27	0.27	0.27	0.98	0.27	0.27	0.27	0.27	0.88	0.73	0.485	0.38125	0.3125	0.4675	0.06375	0.36125	0.42625	0.4075	0.25	0.27375	0.3025	0.45625	0.1775	0.27	0.2275	0.32	0.3675	0.29625	0.33375	0.36	1.8	-1.73333	-0.42	-0.928571	-0.844444	0.2645	0.4215	0.32208	0.348386	0.3485
0.5	0.5	0.27	0.98	0.12	0.5	0.5	0.5	0.27	0.27	0.12	0.73	0.12	0.05	0.27	0.5	0.73	0.05	0.12	0.5	0.51375	0.27625	0.23625	0.3225	0.0725	0.3325	0.33125	0.41625	0.2225	0.31125	0.33	0.30375	0.29125	0.35875	0.2275	0.31	0.36625	0.32375	0.42	0.41625	-3.5	-0.8	-1.36	-0.0285714	-0.211111	0.3987	0.2592	0.31292	0.273057	0.312456
0.99	0.05	0.05	0.05	0.12	0.12	0.27	0.27	0.05	0.27	0.12	0.12	0.12	0.12	0.27	0.27	0.88	0.02	0.5	0.27	0.4525	0.2725	0.245	0.335	0.06875	0.295	0.24375	0.47875	0.21875	0.30625	0.325	0.27625	0.27875	0.34625	0.1425	0.32	0.32	0.32375	0.36	0.44125	-0.7	-1.7	-0.1	-0.314286	0.133333	0.1144	0.232933	0.21572	0.276857	0.286211
0.88	0.02	0.01	0.01	0.02	0.02	0.02	0.02	0.02	0.05	0.27	0.02	0.05	0.12	0.02	0.12	0.12	1	0.27	0.73	0.56125	0.305	0.23125	0.33125	0.09	0.365	0.25625	0.49125	0.11875	0.3625	0.30625	0.3075	0.31625	0.29875	0.155	0.38625	0.4625	0.17375	0.28	0.38375	-0.9	0.4	-0.1	0.128571	0.133333	0.1857	0.138467	0.21444	0.249014	0.286711
0.12	0.02	0.02	0.02	0.05	0.02	0.02	0.02	0.05	0.95	0.88	0.02	0.5	1	0.02	0.05	0.05	0.88	0.5	0.73	0.62875	0.33875	0.12625	0.24125	0.08125	0.3075	0.20875	0.375	0.0875	0.245	0.22625	0.26	0.25125	0.18375	0.1425	0.3475	0.44375	0.185	0.2475	0.38	2.8	1.23333	0.52	0.414286	0.0222222	0.1153	0.186367	0.21598	0.244943	0.2313
0.73	0.12	0.27	0.27	0.12	0.5	0.12	0.95	0.05	0.12	0.12	0.12	0.88	0.05	0.12	0.88	0.95	0.05	0.05	0.27	0.495	0.4175	0.095	0.15375	0.06	0.2475	0.14875	0.24625	0.0875	0.28875	0.29	0.32375	0.17625	0.1825	0.09875	0.225	0.36	0.2575	0.2	0.34875	1.8	1.4	1.42	0.271429	-0.677778	0.2581	0.259933	0.2403	0.202643	0.237956
0.27	0.02	0.12	0.05	0.02	0.05	0.02	1	0.02	0.01	0.01	0.05	0.02	0.02	0.05	0.12	0.05	0.02	0.02	0.02	0.505	0.3825	0.11375	0.1825	0.06	0.3325	0.2175	0.21125	0.12	0.275	0.29125	0.25625	0.275	0.195	0.08	0.32	0.44375	0.2575	0.25125	0.3325	-0.4	1.73333	0.7	-0.271429	-0.677778	0.4064	0.300167	0.22368	0.232643	0.248556
0.88	0.73	0.12	0.05	0.12	0.73	0.12	0.12	0.12	0.73	0.88	0.27	0.5	0.12	0.12	0.5	0.5	0.05	0.12	0.5	0.31125	0.32125	0.1225	0.2675	0.035	0.3575	0.29375	0.29375	0.11625	0.15375	0.17	0.2475	0.20625	0.17	0.07125	0.25375	0.2925	0.25375	0.1825	0.24125	3.8	-0.366667	-0.76	-0.642857	-0.988889	0.236	0.248333	0.2655	0.2767	0.269156
0.05	1	0.05	0.02	0.01	0.27	0.12	0.02	0.05	0.01	0.02	0.5	0.05	0.01	0.02	0.12	0.05	0.02	0.02	0.02	0.39625	0.3	0.1925	0.30375	0.0525	0.44625	0.41	0.3375	0.1375	0.24375	0.25	0.25	0.2625	0.17125	0.1725	0.40875	0.39625	0.135	0.1675	0.21625	-4.5	-1.73333	-1.82	-1.54286	-0.977778	0.1026	0.221	0.3127	0.303057	0.340089
0.27	1	0.12	0.05	0.02	0.27	0.12	0.02	0.12	0.02	0.02	0.88	0.05	0.02	0.02	0.12	0.5	0.02	0.05	0.02	0.41625	0.36	0.215	0.33125	0.05125	0.50625	0.47	0.42625	0.15625	0.13	0.14625	0.31875	0.215	0.1075	0.28875	0.465	0.34875	0.04	0.21125	0.14	-4.5	-4.16667	-2.44	-1.91429	-1.33333	0.3244	0.307033	0.29138	0.383914	0.387933
0.12	0.12	0.27	0.99	0.02	0.73	0.95	0.27	0.5	0.05	0.02	0.12	0.05	0.12	0.05	0.5	0.5	0.02	0.5	0.12	0.435	0.48875	0.25375	0.195	0.05125	0.40125	0.385	0.29125	0.19375	0.145	0.1375	0.46125	0.12	0.095	0.285	0.43	0.34875	0.03625	0.155	0.10875	-3.5	-3.83333	-3.36	-1.91429	-1.62222	0.4941	0.372767	0.409	0.403843	0.441311
0.05	0.27	0.12	0.73	0.02	1	0.98	0.05	0.12	0.02	0.02	0.27	0.05	0.02	0.27	0.12	0.12	0.02	0.05	0.02	0.41625	0.5925	0.26375	0.22375	0.14	0.395	0.39375	0.19625	0.30125	0.14875	0.13875	0.49875	0.12375	0.1075	0.25375	0.46875	0.39625	0.03625	0.2425	0.12125	-3.5	-2.6	-2.54	-2.57143	-2.07778	0.2998	0.539333	0.49766	0.475629	0.431556
0.73	0.12	0.5	0.27	0.05	0.27	0.95	0.27	0.12	0.05	0.05	0.27	0.05	0.02	0.73	0.98	0.5	0.02	0.05	0.05	0.345	0.535	0.21625	0.29	0.13625	0.4575	0.41625	0.21625	0.2925	0.06	0.03125	0.5275	0.12375	0.09875	0.19625	0.40875	0.3775	0.0325	0.23375	0.07	-0.8	-1.56667	-1.8	-2.57143	-2.3	0.8241	0.5566	0.58048	0.506486	0.469433
0.5	0.5	0.27	0.27	0.05	0.5	0.5	0.73	0.27	0.05	0.05	0.95	0.12	0.5	0.95	0.5	0.12	0.12	0.88	0.12	0.43	0.39625	0.34875	0.37875	0.1375	0.48625	0.54875	0.17125	0.38625	0.065	0.0625	0.5025	0.12375	0.07125	0.1725	0.51625	0.48125	0.02	0.1425	0.065	-0.4	-0.666667	-2	-1.67143	-2.18889	0.5459	0.702833	0.54538	0.542557	0.527744
0.73	0.27	0.73	0.12	0.12	0.12	0.27	0.12	0.73	0.27	0.05	0.5	0.12	0.05	0.12	0.98	0.95	0.02	0.05	0.12	0.40125	0.315	0.29125	0.40625	0.16	0.53375	0.68125	0.2475	0.32	0.12625	0.17	0.4825	0.20875	0.14	0.28	0.475	0.43375	0.14	0.24625	0.125	-0.8	-1.9	-0.94	-1.67143	-1.26667	0.7385	0.534333	0.6008	0.5616	0.5118
0.05	1	0.05	0.02	0.73	0.27	0.12	0.02	0.5	0.01	0.02	0.5	0.05	0.02	0.02	0.05	0.05	0.02	0.27	0.02	0.505	0.33125	0.37625	0.32875	0.08375	0.48625	0.615	0.24125	0.34875	0.155	0.17375	0.53	0.21375	0.13	0.41125	0.54375	0.49875	0.13875	0.15875	0.125	-4.5	-1.16667	-1.48	-0.628571	-1.05556	0.3186	0.544667	0.56146	0.544614	0.498578
0.99	0.12	0.12	0.12	0.12	0.5	0.27	0.5	0.05	0.05	0.05	0.5	0.5	0.05	0.12	0.88	0.73	0.02	0.05	0.12	0.39625	0.4225	0.355	0.2275	0.16375	0.33875	0.48	0.1775	0.39625	0.26625	0.23	0.53	0.26125	0.24625	0.38	0.43125	0.41375	0.15125	0.27125	0.2325	1.8	-2.06667	-0.64	-0.742857	-0.2	0.5769	0.507633	0.48846	0.480471	0.482033
0.5	0.27	0.88	0.73	0.02	0.73	0.73	0.12	0.95	0.05	0.27	0.98	0.12	0.27	0.05	0.5	0.5	0.02	0.12	0.05	0.42875	0.4225	0.20375	0.12375	0.26125	0.29125	0.3375	0.1975	0.28375	0.37	0.2875	0.45125	0.365	0.335	0.30375	0.39	0.395	0.25875	0.36625	0.345	-3.5	0.7	-0.8	-0.0857143	0.311111	0.6274	0.461733	0.41578	0.424043	0.401678
0.27	0.12	0.12	0.12	0.27	0.27	0.95	0.02	0.05	0.73	0.88	0.27	0.73	0.12	0.05	0.27	0.95	0.88	0.05	0.5	0.4575	0.4125	0.375	0.2	0.23	0.3775	0.3575	0.1525	0.425	0.285	0.22	0.455	0.28875	0.2975	0.2475	0.475	0.3575	0.255	0.27125	0.28	3.8	-0.433333	0.94	0.571429	0.555556	0.1809	0.394467	0.38224	0.332957	0.384411
0.27	0.98	0.27	0.27	0.02	0.5	0.27	0.12	0.5	0.02	0.02	0.5	0.02	0.01	1	0.12	0.12	0.01	0.02	0.02	0.4	0.33375	0.28	0.1725	0.2525	0.39625	0.47125	0.13125	0.31125	0.43125	0.38375	0.455	0.39625	0.4275	0.12	0.38625	0.43375	0.47125	0.36	0.3875	-1.6	2.13333	1.34	1.47143	1.14444	0.3751	0.235633	0.28704	0.343229	0.344444
0.12	0.12	0.02	0.02	0.05	0.05	0.05	0.02	0.05	0.95	0.5	0.27	0.88	0.98	0.12	0.05	0.12	0.12	0.73	0.98	0.4275	0.435	0.39625	0.325	0.16	0.52875	0.54625	0.15625	0.33875	0.32875	0.32375	0.48375	0.28875	0.30625	0.26125	0.40375	0.4425	0.4575	0.24	0.28	4.2	2.13333	2.4	1.85714	1.25556	0.1509	0.208967	0.23966	0.314929	0.366844
0.5	0.27	0.05	0.05	0.73	0.12	0.27	0.05	0.12	0.88	0.73	0.12	0.5	0.95	0.05	0.27	0.12	0.88	0.88	0.88	0.29	0.51125	0.46875	0.41625	0.0625	0.52	0.57625	0.20875	0.38625	0.33375	0.29125	0.55	0.28	0.30625	0.365	0.32875	0.36625	0.3625	0.22125	0.28	3.8	3.26667	2.54	1.85714	0.555556	0.1009	0.2141	0.27924	0.299614	0.367911
0.5	0.27	0.88	0.27	0.05	0.73	0.88	0.27	0.5	0.05	0.12	0.27	0.12	0.05	0.5	0.95	0.27	0.95	0.05	0.05	0.29	0.56875	0.3175	0.38875	0.16	0.415	0.51875	0.285	0.235	0.43375	0.33625	0.5275	0.31875	0.3875	0.39375	0.24375	0.3	0.35375	0.3125	0.38	1.8	3.36667	2.16	0.671429	0.9	0.3905	0.290067	0.30826	0.357557	0.347211
0.27	0.5	0.12	0.05	0.05	0.5	0.5	0.05	0.27	0.73	0.5	0.73	0.27	0.98	0.05	0.12	0.73	0.88	0.73	0.5	0.3	0.61625	0.4125	0.4075	0.1325	0.50125	0.4625	0.325	0.2725	0.34875	0.27	0.45125	0.27125	0.37875	0.45	0.42375	0.1575	0.2675	0.3125	0.3525	4.5	0.933333	0.42	0.842857	0.944444	0.3788	0.429833	0.39538	0.366986	0.342856
0.12	0.95	0.73	0.99	0.02	0.88	0.5	0.12	0.27	0.12	0.02	0.5	0.05	0.02	0.27	0.12	0.12	0.02	0.02	0.12	0.3	0.4525	0.305	0.25875	0.14	0.3975	0.43125	0.30375	0.2725	0.545	0.41875	0.42	0.41875	0.61625	0.3	0.415	0.23375	0.38	0.49	0.5075	-3.5	-1.16667	-0.42	0.842857	1.43333	0.5202	0.495167	0.46342	0.365671	0.310744
0.27	0.88	0.73	0.88	0.02	0.5	0.73	0.95	0.5	0.02	0.02	0.88	0.05	0.02	0.88	0.5	0.12	0.02	0.05	0.02	0.3	0.57125	0.365	0.27625	0.135	0.4725	0.41125	0.2	0.24375	0.44	0.35875	0.4625	0.31125	0.495	0.21125	0.3675	0.225	0.36625	0.3975	0.4125	-4.5	-2.8	0.06	0.7	0.533333	0.5865	0.515933	0.41366	0.363557	0.312789
0.5	0.73	0.5	0.73	0.12	0.5	0.88	0.95	0.12	0.02	0.02	0.95	0.05	0.02	0.73	0.5	0.12	0.02	0.02	0.02	0.2425	0.55875	0.38875	0.29	0.0375	0.46	0.36125	0.195	0.27875	0.4525	0.33	0.44125	0.2825	0.4675	0.22625	0.33625	0.225	0.36625	0.40125	0.425	-0.4	-0.233333	-0.28	-0.114286	0.577778	0.4411	0.389767	0.35512	0.331957	0.305989
0.12	0.73	0.12	0.05	0.05	0.73	0.12	0.12	0.12	0.73	0.73	0.12	0.5	0.98	0.05	0.88	0.27	0.12	0.73	0.73	0.23375	0.55875	0.44875	0.3475	0.16375	0.4025	0.3525	0.2675	0.27875	0.36375	0.3175	0.5175	0.22625	0.46375	0.25125	0.185	0.17875	0.24125	0.3975	0.33625	4.2	2.2	-0.36	-0.157143	0.8	0.1417	0.222967	0.28494	0.283514	0.271678
0.12	0.12	0.02	0.02	0.05	0.05	0.02	0.02	0.5	0.98	0.73	0.02	0.98	0.95	0.02	0.05	0.12	0.05	0.73	0.88	0.23375	0.57375	0.4475	0.34625	0.1575	0.4275	0.305	0.275	0.19875	0.24125	0.255	0.44125	0.1325	0.345	0.37375	0.27625	0.10875	0.14	0.30625	0.25625	2.8	1.03333	1.38	0.885714	0.122222	0.0861	0.132367	0.17558	0.220871	0.235311
0.27	1	0.5	0.05	0.01	0.27	0.12	0.02	0.05	0.01	0.02	0.99	0.02	0.01	0.02	0.05	0.05	0.01	0.02	0.12	0.20625	0.34625	0.29625	0.21875	0.16625	0.2925	0.23125	0.26	0.2225	0.47125	0.465	0.25875	0.30875	0.475	0.34125	0.2625	0.10875	0.145	0.39875	0.4275	-3.9	1.03333	2.22	1.3	1.01111	0.1693	0.0983667	0.1037	0.144443	0.188578
0.27	0.02	0.01	0.01	0.05	0.02	0.02	0.01	0.02	0.98	0.5	0.02	0.27	0.73	0.02	0.02	0.12	0.88	0.88	0.98	0.2825	0.365	0.2725	0.12	0.165	0.2675	0.15875	0.14875	0.17	0.46625	0.5125	0.27625	0.305	0.445	0.2375	0.3225	0.11875	0.04	0.3475	0.35125	4.2	1.36667	1.06	2	2.01111	0.0397	0.0969	0.08566	0.0956571	0.130244
0.05	0.27	0.98	0.05	0.99	0.5	0.05	0.02	0.5	0.05	0.73	0.05	0.12	0.98	0.02	0.12	0.05	0.05	0.73	0.05	0.2625	0.2575	0.2125	0.1475	0.03375	0.16	0.07875	0.04375	0.21875	0.58125	0.4825	0.16875	0.32	0.4125	0.1525	0.28125	0.14625	0.1425	0.37875	0.46625	3.8	2.13333	1.4	2.04286	1.66667	0.0817	0.0576333	0.08836	0.0842	0.143833
0.27	0.01	0.01	0.01	0	0.02	0.02	0.01	0.01	0	0	0.02	0	0	1	0.02	0.02	0	0	0.01	0.22	0.19875	0.31875	0.14625	0.15125	0.12875	0.0675	0.03	0.265	0.49625	0.48375	0.1575	0.2875	0.475	0.02375	0.18375	0.11625	0.25875	0.4125	0.395	-1.6	2.23333	3.08	1.14286	1.1	0.0515	0.0776	0.0668	0.152386	0.142
0.05	0.01	0	0	0.05	0.02	0.01	0	0.01	0.99	0.99	0.01	0.5	0.12	0.01	0.01	0.05	0.02	0.05	0.73	0.2475	0.19875	0.35125	0.255	0.145	0.1375	0.12875	0.035	0.265	0.2525	0.27125	0.19	0.10875	0.3425	0.15125	0.28875	0.2225	0.25125	0.3175	0.20125	4.5	2.46667	1.54	1.57143	0.4	0.0996	0.0708667	0.17154	0.146086	0.179856
0.88	0.05	0.05	0.05	0.05	0.05	0.05	0.05	0.05	0.95	0.88	0.05	0.27	0.5	0.05	0.95	0.27	0.05	0.5	0.27	0.125	0.1025	0.37375	0.33375	0.14625	0.1625	0.2275	0.06	0.345	0.27125	0.2975	0.12375	0.15	0.35625	0.15	0.2275	0.2225	0.36875	0.3775	0.25875	4.5	1.83333	0.6	0.471429	0.444444	0.0615	0.2415	0.18024	0.201386	0.190778
0.12	0.12	0.99	0.99	0.01	0.12	0.27	0.12	0.99	0.01	0.01	0.12	0.02	0.01	0.05	0.27	0.27	0.01	0.12	0.01	0.24875	0.20125	0.28875	0.2775	0.15125	0.21375	0.3075	0.05625	0.31625	0.28125	0.435	0.2225	0.18125	0.36	0.1625	0.3725	0.29875	0.27	0.33	0.2025	-3.5	0.0333333	0.22	-0.571429	-0.522222	0.5634	0.250033	0.2553	0.227943	0.269367
0	0	0	0	0	0	0	0	0	0	0.01	0	0.12	0.5	0	0	0	1	0.27	0.12	0.26	0.1975	0.38125	0.52	0.02875	0.27625	0.445	0.07125	0.44	0.2775	0.345	0.24625	0.16875	0.17625	0.16875	0.40625	0.36	0.14	0.22125	0.185	-0.9	-2.63333	-1.38	-0.985714	-1.02222	0.1252	0.3718	0.2889	0.3273	0.3044
0.12	0.12	0.27	0.88	0.05	0.12	0.5	0.05	0.5	0.02	0.02	0.27	0.05	0.01	0.05	0.88	1	0.01	0.02	0.05	0.2175	0.1875	0.3475	0.41	0.02875	0.27375	0.38125	0.06375	0.3775	0.39875	0.40625	0.2125	0.26875	0.24375	0.03875	0.29625	0.2475	0.265	0.25875	0.31625	-3.5	-2.63333	-3.18	-1.72857	-0.344444	0.4268	0.2732	0.426	0.369786	0.299178
0.12	0.27	0.73	0.73	0.02	0.5	0.95	0.27	0.73	0.12	0.12	0.5	0.12	0.5	0.05	0.5	0.27	0.98	0.95	0.12	0.22625	0.1825	0.29125	0.42875	0.0275	0.28625	0.33875	0.0375	0.46625	0.26375	0.27125	0.1975	0.2	0.23	0.0375	0.34375	0.33375	0.26625	0.255	0.2175	-3.5	-3.83333	-2.62	-1.72857	-0.988889	0.2676	0.480467	0.39272	0.361643	0.327944
0.5	0.88	0.27	0.5	0.05	0.5	0.88	0.05	0.73	0.12	0.73	0.88	0.27	0.27	0.12	0.5	0.73	0.05	0.12	0.27	0.16	0.19125	0.43375	0.5425	0.02375	0.4025	0.4325	0.07375	0.57	0.16	0.1	0.20625	0.18125	0.2025	0.02875	0.31625	0.305	0.3825	0.35875	0.17125	-4.5	-2.9	-1.54	-1.41429	-1.87778	0.747	0.470533	0.36858	0.332371	0.383511
0.02	0.12	0.73	1	0	0.88	0.88	0.02	0.5	0.01	0.01	0.12	0.12	0	0.02	0.12	0.27	0	0.01	0.02	0.2075	0.2725	0.25375	0.35625	0.03	0.3425	0.4	0.0625	0.5375	0.17875	0.2225	0.2875	0.3075	0.3575	0.035	0.33125	0.33125	0.51	0.4825	0.20375	-0.7	-0.233333	-1.1	-1.78571	-1.63333	0.397	0.382833	0.35492	0.394714	0.331411
0.05	0.05	0.01	0.01	0.05	0.12	0.01	0	0.01	0.99	0.5	0.02	0.73	0.05	0.01	0.02	0.12	0.01	0.05	0.99	0.2375	0.28375	0.34625	0.48125	0.03	0.44	0.51125	0.06625	0.60125	0.18	0.2825	0.3025	0.32625	0.30375	0.03875	0.34625	0.365	0.38625	0.50625	0.1775	4.5	0.833333	-1.1	-1.47143	-1.11111	0.0045	0.253333	0.41372	0.347243	0.330533
0.12	0.12	0.01	0	0.01	0.5	0.12	0.01	0.95	0.01	0.01	0.12	0.02	0.5	0	0.01	0.01	1	0.95	0.01	0.27625	0.37875	0.34625	0.40625	0.035	0.46875	0.4975	0.07375	0.5125	0.315	0.40375	0.3475	0.4425	0.30875	0.04	0.27125	0.31625	0.27625	0.51	0.30875	-1.3	-0.1	-0.46	-0.428571	-1.11111	0.3585	0.3082	0.28322	0.325771	0.3473
0.73	0.73	0.73	0.73	0.05	0.98	0.73	0.12	0.88	0.12	0.12	0.5	0.27	0.05	0.05	0.73	0.5	0.05	0.5	0.05	0.27625	0.37875	0.2275	0.28625	0.03375	0.45625	0.4125	0.06	0.46375	0.30125	0.4375	0.32875	0.45875	0.30875	0.0425	0.1525	0.28375	0.27875	0.51	0.30375	-3.5	-2.03333	0.44	-0.285714	-1.15556	0.5616	0.3382	0.22728	0.301586	0.379433
0.02	0.01	0.01	0	0.01	0.02	0.01	0	0.5	0.05	0.27	0.01	0.88	0.98	0	0.01	0.02	0.98	1	0.02	0.30875	0.3925	0.4025	0.33	0.03375	0.5475	0.51125	0.07125	0.545	0.2975	0.39	0.31375	0.41125	0.17375	0.03625	0.21375	0.28625	0.15875	0.46625	0.27625	-1.3	-0.333333	-1.16	-0.742857	-1.01111	0.0945	0.2578	0.34192	0.324414	0.338478
0.27	0.02	0.02	0.01	0.05	0.02	0.02	0.01	0.02	0.99	0.98	0.02	0.88	0.12	0.02	0.02	0.12	0.02	0.5	0.88	0.29	0.41	0.4325	0.32625	0.13875	0.52875	0.4625	0.1775	0.5575	0.18125	0.3025	0.36	0.4025	0.315	0.0375	0.26	0.255	0.28125	0.56125	0.16875	3.8	-0.333333	-1.68	-1.84286	-0.977778	0.1173	0.263167	0.38158	0.377829	0.36
0.5	0.95	0.27	0.27	0.05	0.73	0.5	0.12	0.73	0.12	0.5	0.73	0.27	0.5	0.05	0.27	0.5	0.12	0.95	0.12	0.27	0.29	0.4025	0.295	0.13875	0.43125	0.41625	0.165	0.47	0.28875	0.41875	0.27125	0.45	0.27625	0.035	0.24125	0.255	0.27	0.505	0.25875	-3.5	-1.2	-1.62	-1.71429	-1.05556	0.5777	0.417267	0.34494	0.411	0.380044
0.73	0.88	0.5	0.5	0.05	0.88	0.88	0.27	0.27	0.12	0.5	0.73	0.5	0.05	0.12	0.27	0.5	0.05	0.5	0.12	0.2325	0.3175	0.37875	0.3	0.13875	0.365	0.41625	0.1475	0.42375	0.29375	0.45125	0.3475	0.42125	0.27125	0.15125	0.27375	0.26875	0.15375	0.44375	0.26	-3.9	-3.53333	-1.44	-0.671429	-1.34444	0.5568	0.5043	0.44418	0.357186	0.378867
0.05	0.27	0.95	0.12	0.01	0.27	0.95	0.02	1	0.02	0.5	0.27	0.5	0.12	0.02	0.27	0.27	0.02	0.27	0.02	0.2325	0.305	0.23375	0.2625	0.22875	0.32125	0.33125	0.165	0.2375	0.41	0.49875	0.345	0.42125	0.31875	0.19125	0.185	0.25	0.185	0.535	0.37625	-3.2	-2.5	-1.44	-1.04286	-1.1	0.3784	0.508633	0.4577	0.393386	0.3476
0.12	0.27	0.98	0.98	0.88	0.73	0.5	0.88	0.12	0.02	0.02	0.5	0.05	0.27	0.05	0.5	0.12	0.02	0.27	0.02	0.2275	0.31	0.35375	0.17	0.24375	0.2675	0.3925	0.06	0.40875	0.41	0.5275	0.32125	0.37375	0.18	0.25	0.17	0.2725	0.06375	0.41625	0.48375	-0.4	0.0666667	-1.52	-1.77143	-1.31111	0.5907	0.384667	0.41174	0.416657	0.343833
0.12	0.02	0.02	0.02	0.05	0.05	0.12	0.01	0.02	0.98	0.95	0.02	0.5	0.12	0.02	0.12	0.5	0.02	0.05	0.95	0.20875	0.345	0.4775	0.3225	0.3425	0.35625	0.5	0.1825	0.42125	0.22875	0.29125	0.44125	0.21	0.185	0.37625	0.2775	0.24375	0.06125	0.3825	0.26375	3.8	-0.166667	-1	-1.72857	-1.91111	0.1849	0.3745	0.35642	0.342786	0.380833
0.05	0.27	0.05	0.27	0.01	0.12	0.5	0.02	0.12	0.05	0.27	0.73	0.02	0.01	1	0.27	0.12	0	0.01	0.02	0.1575	0.1975	0.44	0.2575	0.34375	0.2575	0.39125	0.16625	0.31875	0.3925	0.43875	0.2675	0.29875	0.17	0.24875	0.22625	0.23125	0.05125	0.28375	0.39875	-3.9	-0.466667	-1	-1.4	-1.1	0.3479	0.271	0.29286	0.327571	0.320578
0.05	0.02	0.02	0.05	0.73	0.02	0.12	0.01	0.12	0.95	0.5	0.02	0.27	0.5	0.27	0.02	0.12	0.27	1	0.88	0.06875	0.13375	0.38375	0.22375	0.24875	0.16625	0.33125	0.135	0.41	0.27125	0.3625	0.2675	0.21125	0.19375	0.32625	0.22625	0.17125	0.13625	0.2225	0.33875	-1.3	-2.8	-1.24	-0.4	-0.766667	0.2802	0.229567	0.26478	0.278571	0.282989
0.05	0.05	1	0.12	1	0.05	0.05	0.02	0.99	0.05	0.02	0.05	0.05	0.02	0.5	0.12	0.05	0.01	0.05	0.88	0.125	0.13	0.23375	0.32375	0.21625	0.19125	0.33125	0.165	0.21	0.38375	0.36625	0.245	0.1825	0.36125	0.30125	0.21375	0.16125	0.1725	0.34125	0.33875	-3.2	-2.03333	-1.24	-0.471429	-0.8	0.0606	0.2637	0.23488	0.2254	0.326067
0.12	0.05	0.05	0.27	0.01	0.05	0.5	0.12	0.02	0.5	0.02	0.5	0.02	0.01	1	0.5	0.27	0	0.01	0.05	0.1925	0.20625	0.26375	0.21625	0.2325	0.22375	0.30375	0.04875	0.33125	0.33125	0.37875	0.23625	0.195	0.335	0.23875	0.1375	0.13375	0.17375	0.375	0.455	-1.6	-0.333333	-0.64	-1.51429	-1.14444	0.4503	0.1821	0.209	0.308429	0.330889
0.02	0.02	0	0	0.02	0.01	0.01	0	0.01	0.5	1	0.05	0.5	0.27	0.01	0.01	0.02	0.02	0.12	0.27	0.28125	0.21	0.30125	0.25375	0.2275	0.2375	0.3525	0.1875	0.42125	0.21	0.13875	0.305	0.135	0.28875	0.3625	0.19875	0.10875	0.17	0.3575	0.31	3.8	0.433333	-1.08	-1.45714	-1.61111	0.0354	0.234733	0.30618	0.349314	0.362733
0.02	0.12	0.02	0.01	0.01	0.05	0.02	0.01	1	0.05	0.12	0.02	0.05	0.73	0.01	0.02	0.02	1	1	0.5	0.2775	0.17875	0.295	0.22	0.31875	0.22	0.3225	0.185	0.37375	0.26625	0.23	0.22375	0.20375	0.3525	0.24	0.16625	0.09625	0.08125	0.37125	0.285	-0.9	-0.2	-1.14	-1.32857	-1.32222	0.2185	0.34	0.42088	0.376643	0.345522
0.5	0.27	0.73	0.99	0.02	0.5	0.88	0.27	0.27	0.02	0.05	0.12	0.05	0.98	0.05	0.27	0.12	0.05	0.27	0.02	0.22625	0.2675	0.21875	0.125	0.2325	0.17625	0.23375	0.1575	0.45625	0.185	0.2675	0.2425	0.20375	0.265	0.32375	0.195	0.17875	0.16875	0.34375	0.32625	-3.5	-2.63333	-0.9	-1.05714	-0.755556	0.7661	0.539567	0.42512	0.395557	0.3597
0.73	0.88	0.27	0.27	0.02	0.99	0.73	0.05	0.12	0.05	0.12	0.88	0.12	0.05	0.05	0.27	0.12	0.02	0.5	0.12	0.225	0.27625	0.16625	0.20625	0.11375	0.12375	0.28	0.18875	0.3575	0.17625	0.2575	0.15625	0.19125	0.38	0.38	0.305	0.235	0.1725	0.31125	0.20625	-3.5	-2.46667	-1.92	-0.285714	-0.488889	0.6341	0.6239	0.45664	0.389486	0.383011
0.73	0.02	0.27	0.05	0.02	0.12	0.02	1	0.73	0.01	0.01	0.12	0.5	0.01	0.02	0.12	0.05	0.01	0.02	0.01	0.21625	0.38	0.16125	0.20125	0.11875	0.22875	0.3075	0.05625	0.28	0.2425	0.37875	0.19125	0.20375	0.39875	0.26125	0.26375	0.225	0.17625	0.37625	0.33625	-0.4	-1.73333	-0.98	-0.942857	0.155556	0.4715	0.432867	0.4945	0.423057	0.346089
0.02	0.12	0.02	0.01	0.73	0.02	0.27	0.01	0.73	0.05	0.12	0.05	0.12	0.98	0.02	0.02	0.02	0.27	1	0.05	0.3175	0.3675	0.19875	0.20875	0.03	0.2425	0.2775	0.305	0.28125	0.18125	0.24125	0.19625	0.19125	0.245	0.2625	0.28125	0.2325	0.1425	0.24	0.38875	-1.3	0.7	-0.44	-0.214286	-0.311111	0.193	0.357433	0.39536	0.4087	0.359533
0.12	0.88	0.12	0.27	0.05	0.12	0.27	0.05	0.05	0.27	0.73	0.27	0.27	0.05	0.98	0.5	0.88	0.02	0.05	0.73	0.3175	0.26	0.19875	0.2975	0.23875	0.23	0.36625	0.3325	0.24375	0.15	0.1525	0.1725	0.16875	0.27125	0.14375	0.28125	0.1375	0.05	0.23625	0.2475	3.8	0.566667	1.1	0.228571	-0.6	0.4078	0.2904	0.29214	0.3216	0.352478
0.27	0.73	0.12	0.05	0.05	0.12	0.27	0.05	0.05	0.01	0.01	0.12	0.02	0.01	0.95	1	0.5	0.01	0.02	0.02	0.29875	0.33625	0.1225	0.235	0.2425	0.20125	0.36625	0.305	0.225	0.2425	0.27	0.21	0.285	0.245	0.1475	0.21875	0.26125	0.16875	0.2975	0.39625	-0.8	2.4	1.1	0.228571	-0.288889	0.2704	0.2654	0.22912	0.253157	0.316978
0.05	0.02	0.01	0.01	0.05	0.02	0.01	0.01	0.01	0.99	0.88	0.02	0.5	0.12	0.02	0.02	0.12	0.02	0.05	0.98	0.25	0.32125	0.19375	0.26875	0.2425	0.105	0.37	0.31875	0.34	0.11625	0.14875	0.14625	0.30125	0.2275	0.3825	0.37	0.30875	0.1675	0.265	0.26375	4.2	1	0.66	0.185714	-0.255556	0.118	0.1816	0.22152	0.2496	0.26
0.12	0.02	0.05	0.02	0.02	0.02	0.02	1	0.02	0.05	0.01	0.02	0.02	0.01	0.02	0.05	0.05	0.01	0.01	0.73	0.165	0.32125	0.18875	0.32375	0.36875	0.09625	0.3725	0.16125	0.25	0.23875	0.2625	0.1375	0.305	0.2425	0.3825	0.4425	0.43	0.17	0.27	0.3	-0.4	0.1	-0.24	-0.0857143	-0.288889	0.1564	0.143133	0.22928	0.239357	0.232078
0.12	0.02	0.12	0.98	1	0.05	0.73	0.27	0.02	0.02	0.02	0.05	0.02	0.01	0.02	0.5	0.12	0.01	0.02	0.05	0.1775	0.3125	0.1925	0.20875	0.16125	0.09625	0.25625	0.25375	0.16125	0.27	0.2525	0.13375	0.3525	0.1225	0.41375	0.475	0.54375	0.1375	0.14625	0.39375	-3.5	-1.53333	-0.72	-0.728571	-0.222222	0.155	0.252667	0.19946	0.212557	0.220411
0.5	0.73	0.12	0.27	0.05	0.27	0.88	0.05	0.12	0.5	0.27	0.27	0.73	0.73	0.05	0.27	0.73	0.99	0.73	0.5	0.1775	0.23625	0.24	0.27875	0.28875	0.1725	0.26625	0.30875	0.23375	0.1825	0.145	0.1825	0.245	0.0325	0.3025	0.5325	0.39125	0.01875	0.06625	0.28	-0.7	-2.46667	-1.7	-0.714286	-1.14444	0.4466	0.240967	0.2199	0.1865	0.229644
0.12	0.05	0.73	0.5	0.02	0.12	0.5	0.12	1	0.02	0.02	0.27	0.73	0.02	1	0.5	0.12	0.02	0.27	0.02	0.30125	0.2925	0.21125	0.25875	0.2925	0.21	0.295	0.3	0.12375	0.24375	0.1775	0.28625	0.24875	0.1225	0.19	0.4125	0.42	0.14125	0.12375	0.34375	-3.2	-1.53333	-1.76	-1.95714	-1.48889	0.1213	0.2627	0.20622	0.239771	0.248467
0.12	0.02	0.27	0.5	1	0.05	0.05	0.73	0.02	0.05	0.05	0.05	0.05	0.02	0.02	0.73	0.95	0.02	0.02	0.05	0.3575	0.3275	0.27	0.26	0.17875	0.2225	0.35625	0.225	0.2475	0.22625	0.17375	0.3175	0.33375	0.1225	0.3725	0.39625	0.335	0.14125	0.16375	0.34	-0.7	-1.53333	-1.96	-2.45714	-1.53333	0.2202	0.143167	0.2734	0.280257	0.260067
0.12	0.05	0.12	0.05	0.05	0.05	0.05	0.02	0.02	0.27	0.05	0.05	0.5	0.02	0.27	0.73	1	0.01	0.02	0.12	0.43375	0.4125	0.345	0.32	0.29625	0.25375	0.3875	0.195	0.3075	0.195	0.175	0.44	0.28125	0.1225	0.345	0.405	0.3375	0.1425	0.165	0.2425	-0.7	-1.96667	-2.6	-1.41429	-1.92222	0.088	0.266367	0.27204	0.289886	0.304922
0.5	0.98	0.5	0.12	0.12	0.95	0.5	0.27	0.73	0.05	0.12	0.88	0.12	0.05	0.12	0.73	0.27	0.05	0.12	0.27	0.405	0.41625	0.2975	0.195	0.16875	0.22625	0.255	0.13625	0.23125	0.22625	0.1975	0.44	0.34125	0.12	0.3675	0.405	0.53625	0.13875	0.15625	0.2325	-4.5	-3.03333	-1.2	-1.87143	-2.03333	0.4909	0.339567	0.29226	0.3061	0.359022
0.88	0.5	0.5	0.12	0.05	0.27	0.12	0.05	0.05	0.02	0.02	0.95	0.05	0.02	1	0.27	0.12	0.02	0.02	0.05	0.30125	0.4	0.2975	0.195	0.17125	0.34	0.3175	0.16	0.31625	0.16875	0.1775	0.48875	0.26125	0.03375	0.2575	0.44375	0.47	0.02	0.08	0.19875	-3.9	-1.53333	-1.84	-2.05714	-2.34444	0.4398	0.384367	0.36024	0.380471	0.337189
0.5	0.27	0.02	0.02	0.12	0.05	0.05	0.02	0.02	0.88	0.88	0.05	0.5	0.12	0.5	0.12	0.27	0.02	0.12	0.98	0.34	0.4225	0.2675	0.145	0.285	0.35375	0.26375	0.15	0.19625	0.06125	0.07	0.56875	0.11625	0.02	0.19625	0.40625	0.4425	0.01875	0.035	0.08625	3.8	-1.33333	-2.6	-2.45714	-1.71111	0.2224	0.407433	0.47102	0.384743	0.349711
0.73	0.73	0.5	0.05	0.01	0.27	0.27	0.05	0.5	0.02	0.02	1	0.05	0.01	0.05	0.12	0.12	0.01	0.02	0.02	0.31125	0.365	0.18875	0.085	0.17625	0.3225	0.2325	0.18	0.13625	0.1625	0.17125	0.45	0.1675	0.0325	0.2525	0.33	0.34875	0.02	0.04625	0.20125	-3.9	-1.53333	-2.4	-2	-1.67778	0.5601	0.4748	0.42286	0.4056	0.343211
0.27	0.98	0.12	0.05	0.05	0.73	0.12	0.05	0.12	0.05	0.27	0.88	0.12	0.02	0.05	0.5	0.98	0.02	0.05	0.12	0.36	0.33	0.2225	0.08	0.17125	0.26125	0.2475	0.17875	0.18375	0.235	0.2575	0.46125	0.1875	0.0625	0.22125	0.19375	0.1225	0.02375	0.04625	0.23625	-4.5	-3.96667	-1.12	-1.41429	-1.17778	0.6419	0.484033	0.3817	0.358571	0.362956
0.05	0.12	0.12	0.27	0	0.5	1	0.02	0.12	0.01	0.01	0.73	0.02	0.01	0.05	0.12	0.05	0.01	0.02	0.01	0.3275	0.33	0.175	0.04375	0.16375	0.18625	0.09	0.15125	0.2175	0.23375	0.27625	0.37625	0.1875	0.06375	0.20875	0.15625	0.2075	0.1375	0.0975	0.2175	-3.5	-1.83333	-1.96	-0.314286	-1.03333	0.2501	0.375333	0.36956	0.3337	0.335789
0.05	0	0.01	0	1	0.01	0	0.01	0.01	0.02	0.02	0.01	0.02	0.01	0.01	0.05	0.05	0.01	0.01	0.05	0.30875	0.345	0.16	0.15375	0.035	0.32375	0.32375	0.16125	0.25875	0.2325	0.27875	0.4575	0.19625	0.06375	0.10375	0.165	0.22625	0.1375	0.1025	0.2125	2.5	-0.466667	-0.42	-1.31429	-0.988889	0.234	0.215267	0.31068	0.337129	0.381689
0.12	0.02	0.12	0.05	0.02	0.02	0.02	1	0.02	0	0	0.05	0.01	0.01	0.02	0.12	0.05	0.02	0.01	0.01	0.32875	0.32375	0.25375	0.17875	0.1575	0.35	0.33	0.15875	0.27	0.1275	0.17375	0.48	0.14125	0.055	0.055	0.25125	0.22625	0.14	0.09375	0.10125	-0.4	1.96667	-0.16	-1.25714	-1.45556	0.1617	0.220467	0.23158	0.378957	0.529611
