0.12	0.12	0.12	0.02	0.05	0.27	0.12	0.01	0.05	0.95	0.73	0.88	0.27	0.12	0.5	0.12	0.88	0.5	0.12	0.95	0.3	0.2175	0.61875	0.55	0.03625	0.34125	0.60375	0.245	0.3675	0.27625	0.24375	0.37375	0.2575	0.14125	0.29875	0.52375	0.42	0.01125	0.13	0.42375	4.5	1.93333	1.14	0.214286	-0.311111	0.3192	0.388867	0.3229	0.378529	0.450644
0.12	0.5	0.73	0.73	0.02	0.73	0.95	0.05	0.95	0.12	0.12	0.73	0.27	0.05	0.5	0.27	0.5	0.02	0.27	0.73	0.3	0.22625	0.495	0.565	0.04875	0.37875	0.50875	0.25875	0.26375	0.37875	0.32375	0.4875	0.25375	0.15125	0.3075	0.4725	0.43875	0.07125	0.11125	0.45125	-3.2	1.7	1.78	0.214286	-0.611111	0.6237	0.3232	0.30916	0.338343	0.431411
0.12	0.01	0.05	0.01	0.02	0.02	0.01	0.01	0.01	0.95	0.98	0.05	0.73	0.5	0.01	0.05	0.05	0.01	0.05	0.95	0.3	0.30625	0.61125	0.62375	0.04875	0.525	0.6175	0.21625	0.32375	0.275	0.22125	0.5725	0.19625	0.0675	0.36875	0.49125	0.58	0.0725	0.13875	0.42375	3.8	-0.0333333	0.18	0.271429	-0.311111	0.0267	0.3343	0.3447	0.396971	0.387222
0.12	0.05	0.95	0.88	0.02	0.12	0.27	0.05	0.27	0.05	0.02	0.12	0.02	0.01	0.05	0.88	0.99	0	0.01	0.5	0.2725	0.21	0.38875	0.42375	0.03375	0.4275	0.5375	0.14875	0.1825	0.4475	0.42625	0.475	0.3325	0.23875	0.245	0.355	0.43125	0.195	0.1725	0.5075	-0.7	-0.133333	-1.42	-0.485714	0.433333	0.3525	0.2602	0.44718	0.405729	0.344989
0.5	0.27	0.73	0.95	0.02	0.73	0.88	0.73	0.05	0.05	0.02	0.73	0.12	0.05	0.73	0.73	0.5	0.01	0.02	0.12	0.20625	0.24375	0.5075	0.5375	0.0325	0.44125	0.57875	0.07	0.2725	0.33125	0.3975	0.48875	0.235	0.28125	0.15625	0.40125	0.52	0.31125	0.17125	0.43625	-3.5	-2.56667	-0.94	-0.728571	-0.455556	0.4014	0.5285	0.37944	0.366	0.378967
0.73	0.5	0.5	0.95	0.12	0.88	0.95	0.27	0.12	0.01	0.05	0.88	0.02	0.02	0.12	0.73	0.5	0.01	0.02	0.02	0.225	0.2625	0.58375	0.65375	0.01625	0.49875	0.6775	0.16	0.2725	0.22	0.3175	0.4225	0.22	0.285	0.20375	0.4775	0.4725	0.26375	0.15875	0.33625	-3.5	-2.6	-1.14	-0.771429	-1.03333	0.8316	0.506	0.38232	0.352543	0.414289
0.27	0.27	0.98	0.73	0.02	0.73	0.88	0.12	0.27	0.02	0.05	0.5	0.02	0.05	0.05	0.88	0.95	0.01	0.05	0.02	0.33	0.2625	0.46625	0.6525	0.0325	0.48875	0.6775	0.1875	0.1975	0.26625	0.39375	0.47	0.22	0.3375	0.165	0.45875	0.41625	0.2675	0.155	0.3075	-0.8	-0.5	-1.7	-1.41429	-1.06667	0.285	0.3859	0.41772	0.439743	0.3778
0.05	0	0	0	0	0.05	0.5	0	0.01	0.5	0.73	0.02	0.5	1	0	0.01	0.02	0.99	0.73	0.27	0.43375	0.30125	0.5975	0.7575	0.0475	0.58625	0.73	0.20375	0.24375	0.1975	0.29625	0.53	0.17875	0.19	0.1725	0.57625	0.58875	0.14625	0.07	0.28	2.8	-0.5	-1.14	-1.81429	-1.02222	0.0411	0.2852	0.46486	0.431571	0.377856
0.12	0.5	0.73	0.98	0.01	0.73	0.95	0.05	0.5	0.05	0.5	0.73	0.05	0.5	0.02	0.27	0.27	0.95	0.12	0.05	0.4725	0.295	0.45	0.54	0.05	0.52	0.67375	0.1975	0.1825	0.31	0.44125	0.5175	0.3425	0.31375	0.17875	0.49625	0.4675	0.1575	0.16	0.3075	-3.5	-0.466667	-1.14	-0.714286	-0.522222	0.5295	0.402567	0.3576	0.378114	0.364156
0.5	0.5	0.5	0.95	0.02	0.88	0.98	0.27	0.12	0.02	0.12	0.5	0.05	0.12	0.27	0.73	0.5	0.12	0.02	0.05	0.425	0.3525	0.4975	0.51625	0.0525	0.52875	0.67875	0.1125	0.23875	0.31375	0.48875	0.57375	0.33375	0.35625	0.0625	0.41	0.41	0.26125	0.1725	0.295	-0.7	-2.56667	-0.14	0.328571	-0.566667	0.6371	0.4873	0.30604	0.292057	0.391944
0.5	0.27	0.27	0.5	0.05	0.5	0.88	0.12	0.5	0.5	0.73	0.73	0.27	0.5	0.12	0.27	0.5	0.05	0.27	0.5	0.44375	0.38125	0.555	0.51625	0.04875	0.52875	0.635	0.18875	0.23875	0.255	0.4125	0.46875	0.31	0.3125	0.0725	0.49875	0.41	0.27125	0.145	0.2425	-3.5	0	0.06	-0.114286	0.0222222	0.2953	0.319867	0.34366	0.344414	0.328789
0.73	0.05	0.12	0.12	0.12	0.12	0.05	0.02	0.12	0.88	0.88	0.05	0.88	0.27	0.02	0.12	0.5	0.02	0.05	0.98	0.39625	0.40875	0.56125	0.59125	0.03875	0.5475	0.73875	0.2775	0.37125	0.2075	0.39	0.61	0.23375	0.33625	0.14125	0.47	0.325	0.275	0.16875	0.1825	4.2	1.5	-0.02	-0.257143	-0.277778	0.0272	0.1839	0.36806	0.376143	0.385633
0.5	0.5	0.5	0.12	0.05	0.27	0.27	0.05	0.27	0.5	0.95	0.73	0.88	0.5	0.12	0.5	0.27	0.05	0.12	0.5	0.43375	0.44375	0.5475	0.65375	0.04875	0.61375	0.71125	0.38375	0.3575	0.195	0.29625	0.64625	0.17375	0.18875	0.14375	0.5125	0.385	0.21	0.1025	0.215	3.8	1.36667	0.48	-0.257143	-0.633333	0.2292	0.302633	0.29328	0.4143	0.424878
0.5	0.73	0.88	0.73	0.05	0.95	0.95	0.27	0.12	0.05	0.02	0.95	0.05	0.01	0.05	0.5	0.27	0.01	0.02	0.02	0.4525	0.3675	0.4425	0.47	0.08125	0.44375	0.5225	0.35625	0.32875	0.33625	0.46	0.5425	0.28625	0.25	0.2725	0.5125	0.41375	0.11125	0.19125	0.36	-3.9	0.566667	0.48	-0.214286	-0.0444444	0.6515	0.3813	0.39354	0.379614	0.376111
0.88	0.5	0.73	0.5	0.12	0.5	0.5	0.73	0.5	0.02	0.05	0.27	0.05	0.05	0.05	0.98	0.5	0.02	0.05	0.05	0.405	0.335	0.405	0.38125	0.10375	0.3925	0.4575	0.26625	0.2725	0.4475	0.50375	0.58	0.31375	0.245	0.24	0.395	0.385	0.21875	0.2475	0.47375	1.8	-1.86667	-0.44	0.542857	0.533333	0.2632	0.570433	0.46696	0.350371	0.306756
0.12	0.27	0.88	0.95	0.01	0.5	0.88	0.73	0.95	0.02	0.02	0.95	0.02	0.01	0.5	0.5	0.27	0.01	0.02	0.02	0.47125	0.33125	0.3525	0.2625	0.145	0.33125	0.30125	0.2525	0.155	0.495	0.535	0.405	0.4025	0.2975	0.17	0.42375	0.3575	0.215	0.2325	0.5375	-3.5	-0.7	-0.84	0.585714	1.34444	0.7966	0.4847	0.43924	0.348329	0.274256
0.12	0.73	0.27	0.5	0.01	0.73	0.5	0.88	0.05	0.02	0.05	0.99	0.02	0.05	0.12	0.73	0.27	0.5	0.27	0.05	0.395	0.26875	0.41375	0.30375	0.22125	0.28875	0.3425	0.23125	0.2525	0.50375	0.53125	0.395	0.32625	0.2925	0.21625	0.38125	0.30125	0.1525	0.21	0.53625	-0.4	-0.7	0.84	0.585714	1.34444	0.3943	0.427167	0.31152	0.315986	0.271856
0.27	0.12	0.27	0.12	0.27	0.05	0.12	0.05	0.12	0.73	0.88	0.12	0.12	0.5	0.98	0.27	0.5	0.12	0.73	0.73	0.32	0.31625	0.46125	0.46	0.18875	0.37375	0.46625	0.33125	0.3325	0.355	0.32375	0.475	0.295	0.17625	0.09625	0.3825	0.245	0.20875	0.2475	0.395	1.8	1.96667	1.24	1.74286	0.533333	0.0906	0.165933	0.25944	0.223714	0.248889
0.5	0.01	0.05	0.01	0.27	0.02	0.01	0.01	0.05	0.88	0.5	0.12	0.27	0.12	0.01	0.27	0.5	0.99	0.5	0.99	0.23125	0.23875	0.37875	0.3825	0.1975	0.25875	0.36125	0.3025	0.3275	0.42125	0.43125	0.35625	0.30375	0.3475	0.21125	0.32	0.21125	0.19	0.38375	0.45125	4.5	3.36667	2.78	0.985714	1.27778	0.0129	0.0354333	0.10124	0.189329	0.176911
0.27	0.01	0	0	0.27	0.01	0.01	0.01	0.01	0.88	0.95	0.01	0.95	0.88	0.01	0.02	0.05	0.01	0.12	0.98	0.1525	0.21	0.3	0.32125	0.21625	0.20375	0.305	0.245	0.36125	0.42	0.37125	0.3425	0.24625	0.35625	0.205	0.2625	0.29625	0.435	0.55	0.44875	3.8	4.16667	2.16	1.88571	0.977778	0.0028	0.0071	0.02688	0.0760571	0.163011
0.12	0.01	0	0	0.73	0.01	0	0	0	0.95	0.88	0.01	0.27	0.27	0.01	0.01	0.05	0.01	0.12	1	0.28	0.23875	0.19625	0.20375	0.16	0.20375	0.21125	0.18875	0.335	0.41	0.38375	0.22625	0.34375	0.43125	0.17625	0.2925	0.325	0.43375	0.54875	0.45	4.2	1.5	2.36	1.81429	1.56667	0.0056	0.0103	0.0095	0.0394571	0.0806889
0.05	0.27	0.88	0.99	0.05	0.27	0.88	0.02	0.98	0.02	0.12	0.5	0.73	0.02	0.02	0.05	0.05	0.12	0.88	0.05	0.3075	0.14875	0.08625	0.13625	0.335	0.11375	0.10125	0.0825	0.24	0.53	0.475	0.10375	0.28625	0.45625	0.28375	0.30625	0.40125	0.3575	0.42125	0.56875	-3.5	1.16667	1.28	1.81429	1.22222	0.0225	0.0106	0.03454	0.0344714	0.101967
0.02	0	0	0	0.12	0	0	0	0.01	0.73	0.5	0	0.27	1	0	0	0	0.73	0.88	0.73	0.27875	0.17375	0.16875	0.24625	0.2925	0.1475	0.19875	0.1125	0.36125	0.35	0.3175	0.15125	0.335	0.305	0.16375	0.3125	0.36	0.39125	0.44	0.3925	2.8	-0.533333	0.88	0.671429	0.922222	0.0037	0.0547667	0.04512	0.116314	0.164522
0.02	0.27	0.05	0	0.27	0.05	0.05	0.27	0.73	0.01	0.02	0.05	0.27	0.88	0	0.27	0.73	1	1	0.02	0.23125	0.13875	0.17125	0.25125	0.365	0.14125	0.19125	0.0775	0.28	0.3325	0.315	0.13	0.30125	0.32	0.1625	0.26	0.2125	0.23375	0.425	0.36375	-0.9	1.23333	-0.66	4.7581e-17	0.7	0.1381	0.0658333	0.16116	0.209286	0.176489
0.99	0.5	0.05	0.01	0.02	0.5	0.12	0.27	0.73	0.01	0.05	0.02	0.12	0	0.27	0.73	0.5	0	0.01	0.05	0.11	0.1425	0.18625	0.25625	0.36375	0.09875	0.215	0.19875	0.3125	0.2375	0.195	0.16625	0.20375	0.35375	0.25	0.215	0.2975	0.35875	0.5675	0.32875	1.8	-0.866667	-0.14	-0.242857	0.233333	0.0557	0.259867	0.28738	0.225714	0.236911
0.27	0.27	0.27	0.95	0.73	0.27	0.5	0.05	0.27	0.05	0.02	0.5	0.02	0	0.99	0.88	0.88	0	0.01	0.05	0.2475	0.20375	0.17375	0.1725	0.185	0.18875	0.1825	0.24125	0.4925	0.115	0.09125	0.12	0.185	0.41125	0.28375	0.22875	0.2775	0.42	0.615	0.26625	-3.5	-0.866667	-0.2	0.2	-0.411111	0.5858	0.4317	0.31076	0.300586	0.287933
0.01	0.05	0.05	0.01	0	0.05	0.02	0.27	0.12	0	0	0	0.05	0.27	0	0.27	0.12	1	0.88	0	0.28	0.1975	0.09125	0.16625	0.395	0.1825	0.1325	0.21125	0.38875	0.11875	0.07875	0.12	0.09	0.375	0.405	0.39	0.38125	0.28	0.39625	0.26625	-0.9	-0.633333	-0.1	-0.428571	0.177778	0.6536	0.453333	0.39246	0.366457	0.291011
0.12	0	0.12	0.05	1	0.02	0	0	0.12	0.02	0	0	0	0.12	0	0.12	0.05	0	0.5	0.05	0.27	0.3225	0.11625	0.17625	0.255	0.29625	0.16875	0.24625	0.42125	0.05875	0.0225	0.245	0.15375	0.275	0.42	0.42375	0.405	0.31375	0.34875	0.18375	2.5	0.4	-0.78	-0.0428571	-0.566667	0.1206	0.440267	0.47428	0.3539	0.3604
0.27	0.27	0.12	0.05	0.01	0.12	0.27	0.98	0.27	0.12	0.02	0.27	0.02	0.27	0.98	0.12	0.5	0.01	0.27	0.73	0.35875	0.3175	0.14375	0.19125	0.35125	0.3875	0.22	0.105	0.4025	0.1075	0.05125	0.29625	0.23625	0.2375	0.30375	0.4525	0.29125	0.19375	0.315	0.15875	-0.4	0.166667	0.28	-0.857143	-0.255556	0.5466	0.377333	0.36716	0.435686	0.419467
0.5	0.27	0.12	0.27	0.01	0.5	0.12	0.12	0.98	0.01	0.02	0.12	0.02	0.73	1	0.27	0.27	0.5	0.5	0.5	0.22125	0.25625	0.13875	0.16375	0.3825	0.28375	0.28625	0.17875	0.22375	0.23875	0.16375	0.315	0.345	0.29875	0.26875	0.345	0.2725	0.195	0.31875	0.24375	-1.6	-0.0666667	-0.32	-0.0857143	0.0444444	0.4648	0.353867	0.36208	0.447671	0.415978
0.05	0	0	0	1	0	0	0	0	0	0	0	0	0	0	0.73	0.12	0	0	0	0.35375	0.31875	0.23	0.18875	0.17	0.34625	0.33	0.22125	0.4225	0.24	0.1975	0.35875	0.43625	0.405	0.27625	0.24	0.215	0.26	0.395	0.315	1.8	-1.23333	-0.44	0.685714	0.633333	0.0502	0.381067	0.4719	0.357771	0.385456
0.05	0.95	0.27	0.12	0	0.88	0.27	0.01	0.27	0.27	0.05	1	0.73	0.05	0.12	0.12	0.12	0	0.12	0.12	0.3675	0.2275	0.19625	0.20625	0.295	0.32125	0.3275	0.18875	0.38875	0.20625	0.19375	0.34375	0.35375	0.365	0.38625	0.345	0.20625	0.135	0.27625	0.3	-3.9	-0.0666667	0.54	0.585714	0.555556	0.6282	0.449367	0.36744	0.384986	0.369589
0.88	0.5	0.27	0.12	0.05	0.88	0.73	0.12	0.73	0.5	0.27	0.73	0.95	0.73	0.05	0.5	0.27	0.05	0.5	0.5	0.2825	0.3175	0.19625	0.23375	0.17	0.38125	0.36125	0.18125	0.42625	0.285	0.2	0.44	0.36	0.35625	0.40125	0.345	0.24375	0.135	0.27625	0.35625	1.9	0.833333	1.22	0.414286	0.777778	0.6697	0.440733	0.3367	0.379871	0.385133
0.12	0.01	0.01	0.01	0.27	0.05	0.5	0	0.01	0.95	0.95	0.02	0.99	0.95	0.01	0.02	0.12	0.5	0.27	0.5	0.34625	0.3475	0.21375	0.24125	0.15625	0.47625	0.35625	0.07375	0.485	0.305	0.23125	0.49625	0.47125	0.41875	0.28375	0.39125	0.215	0.2025	0.39	0.35625	4.5	2.73333	0.54	1.28571	1.24444	0.0243	0.335033	0.42882	0.350686	0.327022
0.88	0.5	0.88	0.88	0.02	0.27	0.73	0.27	0.88	0.05	0.27	0.73	0.73	0.12	0.05	0.5	0.27	0.02	0.12	0.12	0.28	0.28625	0.18125	0.20875	0.24875	0.4775	0.435	0.04	0.31625	0.45	0.32	0.48375	0.51625	0.465	0.16	0.36	0.19625	0.20125	0.36125	0.35625	1.8	1.56667	2.22	1.57143	1.03333	0.3111	0.282067	0.35528	0.346886	0.318778
0.12	0.27	0.05	0.27	0	0.73	0.27	0.02	0.12	0	0.02	0.88	0.12	0	1	0.5	0.05	0	0.05	0	0.43125	0.3775	0.3475	0.3475	0.16	0.51125	0.615	0.0775	0.445	0.47125	0.3575	0.575	0.62625	0.48125	0.05625	0.33125	0.2425	0.26625	0.3725	0.3775	-1.6	1.56667	2.6	1.62857	0.444444	0.5108	0.3608	0.22606	0.312943	0.366356
0.27	0.27	0.12	0.27	0.05	0.5	0.73	0.05	0.88	0.88	0.27	0.5	0.27	0.73	0.05	0.5	0.5	0.05	0.88	0.88	0.4975	0.27375	0.30625	0.3325	0.21625	0.46375	0.525	0.07375	0.3175	0.4375	0.4425	0.5125	0.62625	0.44625	0.16125	0.33125	0.205	0.2625	0.2875	0.3625	4.5	2.23333	1	0.857143	1.37778	0.2605	0.264967	0.29932	0.285614	0.299433
0.02	0.02	0	0	0.12	0.05	0	0	0.02	0.73	0.95	0.01	0.95	0.99	0	0.01	0.12	1	0.95	0.73	0.54125	0.27625	0.29	0.36625	0.2925	0.44375	0.54	0.09875	0.33625	0.40875	0.33875	0.51625	0.42875	0.325	0.17625	0.44	0.23375	0.22875	0.32625	0.38125	3.8	1.6	-0.06	0.857143	1.36667	0.0236	0.2249	0.33278	0.285843	0.231089
0.73	0.27	0.73	0.88	0.5	0.73	0.98	0.12	0.5	0.27	0.05	0.73	0.12	0.27	0.05	0.5	0.27	0.01	0.12	0.12	0.5	0.335	0.28875	0.3175	0.245	0.4625	0.44625	0.1175	0.30875	0.3625	0.3475	0.53375	0.4425	0.31125	0.23125	0.43875	0.2625	0.2925	0.4025	0.42875	-3.5	-1.06667	1.16	0.857143	0.477778	0.3906	0.297533	0.2358	0.2492	0.2978
0.5	0.5	0.5	0.5	0.27	0.73	0.98	0.05	0.27	0.12	0.05	0.88	0.27	0.01	0.12	0.5	0.27	0.5	0.02	0.05	0.48125	0.30625	0.27	0.34625	0.27375	0.52	0.47375	0.1075	0.29	0.40875	0.32875	0.53375	0.395	0.34375	0.2225	0.41	0.29125	0.29125	0.40625	0.45625	-3.5	-0.833333	0.62	0.585714	-0.111111	0.4784	0.2983	0.19462	0.265471	0.318233
0.73	0.12	0.01	0	0.5	0.27	0.01	0.01	0.01	0.88	0.98	0.12	0.88	0.5	0.01	0.12	0.27	0.02	0.27	0.88	0.4525	0.335	0.3275	0.3775	0.24625	0.4925	0.5675	0.11625	0.42625	0.3475	0.30125	0.53375	0.395	0.40625	0.11375	0.3975	0.3	0.41375	0.49375	0.38625	4.5	0.933333	-0.84	-0.557143	-0.0777778	0.0259	0.1863	0.31484	0.298971	0.2788
0.98	0.27	0.02	0.12	0.73	0.27	0.12	0.27	0.02	0.12	0.12	0.27	0.05	0.02	0.12	0.88	0.12	0.73	0.88	0.5	0.45	0.345	0.4025	0.3625	0.21375	0.52125	0.55375	0.14	0.34875	0.33875	0.39	0.57125	0.48	0.3775	0.21625	0.3025	0.29	0.33375	0.31375	0.33875	1.8	0.933333	-0.84	-1.28571	-0.966667	0.0546	0.235067	0.33572	0.317871	0.311511
0.5	0.73	0.73	0.5	0.27	0.88	0.73	0.27	0.27	0.12	0.12	0.88	0.27	0.12	0.5	0.5	0.5	0.02	0.05	0.27	0.54125	0.3	0.42375	0.4375	0.25875	0.50125	0.56875	0.25875	0.3775	0.25	0.2775	0.5275	0.34	0.24375	0.23125	0.44	0.26125	0.3	0.30125	0.29125	-3.5	-1.73333	-0.4	-1.28571	-1.43333	0.6247	0.391433	0.27122	0.341343	0.371567
0.5	0.5	0.5	0.73	0.02	0.73	0.95	0.12	0.5	0.27	0.12	0.88	0.5	0.12	0.05	0.27	0.5	0.5	0.05	0.27	0.48375	0.38625	0.4525	0.39	0.23375	0.53875	0.51	0.29625	0.34875	0.26	0.28625	0.54625	0.35875	0.225	0.315	0.46875	0.29	0.245	0.30125	0.29125	-3.5	-2.76667	-2	-0.842857	-1.47778	0.495	0.4252	0.37702	0.353586	0.384244
0.12	0.12	0.02	0.02	0.01	0.05	0.05	0.05	0.95	0.27	0.73	0.12	0.73	0.99	0.02	0.02	0.12	0.5	1	0.27	0.53125	0.3775	0.45125	0.4175	0.21625	0.53875	0.515	0.30125	0.26	0.36375	0.295	0.5375	0.35875	0.20625	0.31875	0.44375	0.31875	0.21625	0.195	0.40875	-1.3	-2.76667	-2.44	-2.04286	-0.666667	0.1559	0.401933	0.47892	0.421986	0.336078
0.5	0.5	0.73	0.27	0.02	0.73	0.73	0.5	0.27	0.05	0.12	0.95	0.12	0.02	0.98	0.5	0.27	0.12	0.05	0.12	0.42625	0.40625	0.42375	0.44875	0.15875	0.4825	0.49125	0.25875	0.4625	0.34375	0.2825	0.52875	0.3875	0.29875	0.2125	0.4025	0.3575	0.26375	0.295	0.40875	-3.5	-1.73333	-2.52	-1.75714	-1.24444	0.5549	0.424967	0.45492	0.4206	0.353378
0.27	0.12	0.88	0.98	0.02	0.5	0.73	0.95	0.5	0.02	0.05	0.27	0.05	0.02	0.5	0.73	0.27	0.02	0.02	0.12	0.335	0.42	0.405	0.345	0.10125	0.4775	0.47625	0.16875	0.43125	0.45125	0.38625	0.5825	0.5	0.42125	0.2575	0.26375	0.345	0.295	0.2225	0.45625	-0.4	-2.6	-1.06	-1.35714	-0.977778	0.5641	0.541233	0.3649	0.3573	0.3518
0.27	0.73	0.73	0.73	0.05	0.88	0.73	0.27	0.5	0.5	0.12	0.88	0.5	0.12	0.27	0.5	0.5	0.05	0.12	0.12	0.39125	0.25875	0.33875	0.31625	0.12625	0.32625	0.4	0.2825	0.46	0.43875	0.4725	0.4025	0.4725	0.45625	0.22625	0.245	0.31625	0.29125	0.31375	0.5325	-3.9	-0.166667	-0.94	-0.257143	-0.388889	0.5047	0.371233	0.37004	0.292357	0.285878
0.5	0.05	0.01	0.01	0.12	0.05	0.12	0.02	0.01	0.95	0.73	0.05	0.5	0.73	0.12	0.05	0.12	0.27	0.12	0.99	0.3625	0.3725	0.38125	0.32125	0.11625	0.44875	0.42	0.305	0.4925	0.3825	0.3875	0.52	0.44375	0.4275	0.245	0.2825	0.335	0.2025	0.34125	0.42375	3.8	-0.266667	0.6	0.185714	-0.433333	0.0449	0.243733	0.26714	0.274571	0.255833
0.27	0.73	0.5	0.5	0.05	0.5	0.5	0.12	0.95	0.5	0.27	0.88	0.5	0.27	0.12	0.27	0.73	0.02	0.12	0.73	0.43875	0.27375	0.32	0.2575	0.13875	0.3875	0.4	0.28875	0.27125	0.52375	0.46375	0.40375	0.415	0.395	0.24375	0.25375	0.24625	0.17125	0.21875	0.54625	-0.7	2.43333	1.04	0.128571	0.133333	0.1816	0.0889667	0.1606	0.227386	0.240333
0.02	0	0.02	0	0.27	0	0	0	0	0.95	0.88	0.02	0.88	1	0	0	0.02	0.88	0.27	0.88	0.41	0.3175	0.4125	0.41125	0.115	0.3925	0.4625	0.24375	0.41875	0.4625	0.3725	0.39875	0.3525	0.30125	0.13625	0.24	0.3025	0.04875	0.19375	0.51375	4.2	1.76667	1.04	0.728571	0.133333	0.0404	0.0844667	0.10458	0.149143	0.200256
0.95	0.05	0.05	0.02	0.5	0.05	0.12	0.5	0.5	0.5	0.88	0.05	0.5	0.5	0.02	0.12	0.5	0.02	0.88	0.88	0.37	0.3025	0.30125	0.2875	0.20625	0.33	0.35875	0.0775	0.30875	0.62625	0.38125	0.3675	0.4275	0.395	0.0725	0.225	0.3	0.21625	0.14875	0.62125	1.8	0.7	1.04	0.785714	0.677778	0.0314	0.0988	0.09888	0.104786	0.152022
0.5	0.73	0.12	0.05	0.01	0.88	0.5	0.05	0.27	0.27	0.05	0.99	0.27	0.5	0.05	0.12	0.27	0.01	0.27	0.27	0.4075	0.1325	0.26375	0.3175	0.26125	0.17875	0.33	0.115	0.29	0.59875	0.47	0.155	0.4	0.38	0.04125	0.19625	0.385	0.21125	0.21	0.685	-3.9	0.566667	0.48	0.885714	0.722222	0.2246	0.0908	0.1014	0.116943	0.159278
0.5	0.01	0.02	0	0.12	0.01	0.27	0.02	0.12	0.95	0.88	0.02	0.5	0.27	0.01	0.01	0.02	0	0.02	0.99	0.43625	0.27875	0.30875	0.41375	0.2475	0.3725	0.46625	0.1225	0.37	0.42875	0.28125	0.38	0.315	0.31875	0.04625	0.2375	0.435	0.18	0.24125	0.505	3.8	-1.2	0.54	0.485714	-0.0888889	0.0164	0.145067	0.11932	0.172429	0.228311
0.02	0.12	0.99	1	0.05	0.27	0.73	0.02	0.5	0.01	0	0.05	0	0	0	0.12	0.01	0	0	0.01	0.49625	0.2075	0.24875	0.28875	0.34125	0.36875	0.4375	0.1225	0.31375	0.49	0.39125	0.32875	0.34875	0.33375	0.035	0.2525	0.37875	0.24	0.29125	0.57	-3.5	1.6	-0.52	-0.614286	-0.4	0.1942	0.113533	0.22704	0.261829	0.221933
0.88	0.05	0.02	0.01	0.98	0.05	0.02	0.12	0.12	0.88	0.12	0.05	0.27	0.27	0.01	0.73	0.73	0.5	0.27	0.98	0.44875	0.3075	0.43	0.44625	0.1925	0.4875	0.58875	0.1725	0.37625	0.2775	0.28125	0.4175	0.23875	0.17625	0.1575	0.2675	0.34875	0.06875	0.23875	0.34125	4.5	-0.833333	-0.44	-1.37143	-1.04444	0.13	0.298067	0.31536	0.275086	0.2856
0.12	0.05	0.5	1	0	0.5	0.88	0.12	0.12	0.05	0	0.12	0.05	0	0.05	0.27	0.95	0	0	0.02	0.4875	0.36375	0.47375	0.43875	0.25375	0.51625	0.585	0.14375	0.3475	0.325	0.1875	0.43625	0.21875	0.1625	0.18375	0.40125	0.2925	0.1625	0.16875	0.36625	-3.5	-0.833333	-1.9	-1.04286	-1.28889	0.57	0.4554	0.33692	0.330629	0.351178
0.73	0.5	0.27	0.73	0.12	0.73	0.98	0.05	0.5	0.27	0.05	0.88	0.05	0.01	0.12	0.27	0.27	0.01	0.12	0.27	0.3825	0.2175	0.49375	0.46875	0.24	0.38375	0.525	0.1475	0.3	0.37375	0.29375	0.22375	0.27625	0.19	0.18375	0.3925	0.45375	0.16125	0.135	0.42	-3.5	-3.5	-1.52	-1.64286	-0.933333	0.6662	0.453467	0.42076	0.417086	0.331733
0.27	0.27	0.99	0.5	0.73	0.73	0.73	0.12	0.88	0.05	0.27	0.5	0.27	0.12	0.02	0.5	0.27	0.5	0.5	0.27	0.5	0.25125	0.41625	0.5	0.2725	0.3975	0.52875	0.19875	0.2525	0.31625	0.21875	0.275	0.24875	0.17625	0.2575	0.45375	0.51375	0.10625	0.0875	0.33	-3.5	-2.86667	-2.5	-1.24286	-1.15556	0.1242	0.467933	0.51908	0.396429	0.341356
0.5	0.73	0.5	0.27	0.01	0.73	0.5	0.5	0.12	0.12	0.12	0.73	0.27	0.01	0.99	0.73	0.5	0.01	0.12	0.02	0.53125	0.24125	0.41625	0.46625	0.35875	0.47375	0.57625	0.1825	0.3475	0.34	0.2525	0.35	0.31125	0.19625	0.17	0.50125	0.54625	0.17375	0.16875	0.375	-1.6	-1.83333	-1.94	-1.62857	-0.944444	0.6134	0.453067	0.415	0.392571	0.399
0.5	0.5	0.88	0.95	0.01	0.73	0.95	0.27	0.27	0.05	0.01	0.27	0.12	0.12	0.27	0.73	0.27	0.27	0.05	0.12	0.455	0.3825	0.38125	0.47125	0.25125	0.55875	0.6275	0.19875	0.42375	0.245	0.2575	0.52	0.33	0.15125	0.265	0.44375	0.5175	0.08	0.15875	0.24625	-0.4	-0.9	-0.88	-1.35714	-1.87778	0.6216	0.4282	0.30236	0.413	0.4519
0.27	0.01	0.05	0.02	0.02	0.05	0.12	0.01	0.27	0.88	0.95	0.05	0.73	0.73	0.12	0.05	0.88	0.01	0.12	0.95	0.48375	0.44	0.42875	0.4625	0.34125	0.59625	0.63625	0.21625	0.47125	0.14125	0.25	0.53875	0.28125	0.19875	0.2775	0.4975	0.32375	0.235	0.275	0.14625	-0.7	0.233333	-0.5	-1.41429	-1.63333	0.0496	0.258067	0.42012	0.404414	0.404811
0.98	0.05	0.12	0.02	0.99	0.12	0.05	0.5	0.12	0.27	0.5	0.05	0.5	0.27	0.5	0.73	0.5	0.05	0.02	0.27	0.31875	0.435	0.505	0.4625	0.20625	0.5875	0.61375	0.27125	0.51875	0.18625	0.3	0.49125	0.31	0.26125	0.21625	0.44125	0.3525	0.22875	0.27375	0.2	1.8	-0.166667	-0.96	-1.1	-1.28889	0.103	0.288533	0.41866	0.407557	0.412744
0.5	0.5	0.5	0.5	0.02	0.88	0.88	0.27	0.5	0.27	0.12	0.88	0.5	0.05	0.27	0.73	0.5	0.05	0.27	0.12	0.35125	0.345	0.33375	0.3425	0.2375	0.40125	0.41875	0.29125	0.36125	0.305	0.37625	0.325	0.31	0.27625	0.245	0.38125	0.325	0.16625	0.18125	0.30875	-1.6	-1.23333	-1.14	-0.928571	-0.4	0.713	0.474033	0.32358	0.4253	0.414233
0.27	0.95	0.12	0.73	0.12	0.73	0.88	0.02	0.88	0.05	0.05	0.95	0.27	0.02	0.05	0.27	0.27	0.01	0.12	0.05	0.3325	0.31625	0.38125	0.3425	0.22625	0.42	0.4475	0.26625	0.40875	0.3325	0.40375	0.335	0.39625	0.3125	0.155	0.41	0.35375	0.1725	0.27625	0.33	-3.9	-2.26667	-1.08	-0.228571	-0.722222	0.6061	0.488433	0.46118	0.356157	0.444267
0.12	0.02	0.05	0	0.73	0.12	0.12	0	0.5	0.05	0.88	0.05	0.27	0.99	0	0.02	0.01	0.98	1	0.05	0.39875	0.385	0.28625	0.34875	0.25875	0.43875	0.43875	0.3575	0.45625	0.32875	0.3	0.4475	0.3875	0.17875	0.1425	0.46875	0.38625	0.01875	0.19375	0.3775	-1.3	-1.86667	-0.54	-0.771429	-0.722222	0.1462	0.496633	0.4681	0.475314	0.425533
0.12	0.5	0.95	0.73	0.01	0.73	0.73	0.98	0.73	0.02	0	0.5	0.05	0.05	0.01	0.5	0.12	0	0.01	0.02	0.38	0.325	0.16875	0.255	0.3525	0.3575	0.3625	0.23375	0.39625	0.34125	0.40125	0.3875	0.4425	0.32375	0.18875	0.405	0.29625	0.1425	0.425	0.3725	-0.4	0.933333	-1.12	-1.08571	-0.144444	0.7376	0.340467	0.50224	0.525314	0.446233
0.05	0	0	0.02	0.01	0	0	0.05	0	1	0.5	0	0.27	0.02	0.02	0.02	0.05	0	0.01	0.99	0.26625	0.38125	0.2725	0.34125	0.24375	0.43375	0.4475	0.2875	0.4725	0.185	0.27625	0.44375	0.3525	0.29375	0.25	0.37625	0.2425	0.13625	0.4225	0.2175	4.5	-0.133333	-0.42	-0.214286	-0.522222	0.1376	0.5863	0.47162	0.457157	0.438711
0.12	0.95	0.5	0.5	0.02	0.73	0.73	0.05	0.88	0.12	0.27	0.88	0.73	0.27	0.05	0.5	0.5	0.02	0.73	0.12	0.22875	0.2	0.1625	0.225	0.27375	0.235	0.24875	0.25375	0.33375	0.2675	0.29625	0.225	0.23875	0.29	0.2125	0.31625	0.24875	0.1275	0.31375	0.32625	-4.5	-0.133333	0.74	0.114286	-0.422222	0.8837	0.491433	0.48956	0.375614	0.364178
0.88	0.12	0.05	0.27	0.88	0.27	0.12	0.98	0.27	0.02	0.01	0.27	0.05	0.02	0.12	0.95	0.27	0.01	0.27	0.5	0.10125	0.18625	0.20375	0.1625	0.1575	0.20125	0.215	0.135	0.30625	0.39625	0.44125	0.1825	0.3525	0.44375	0.1975	0.22625	0.25	0.13	0.41875	0.36375	-0.4	-0.133333	0.5	0.2	0.433333	0.453	0.5242	0.3491	0.360757	0.297967
0.12	0.01	0.01	0	0.05	0.01	0.12	0	0.02	0.95	0.88	0.02	0.95	0.95	0.5	0.02	0.27	0.02	0.98	0.88	0.19625	0.26	0.205	0.19875	0.185	0.28125	0.20625	0.25875	0.3375	0.38375	0.34125	0.29875	0.325	0.295	0.15125	0.3425	0.255	0.02125	0.29625	0.42	4.5	0.833333	-0.54	0.8	1	0.2359	0.2414	0.33002	0.256843	0.286922
0	0	0	0	0.12	0	0	0	0	0	0	0	0	0	1	0.02	0	0	0	0	0.2025	0.2	0.09375	0.1075	0.17625	0.19125	0.13	0.13875	0.2825	0.61875	0.57	0.23875	0.52875	0.5325	0.0875	0.28	0.275	0.08625	0.50875	0.61875	-1.6	0.733333	1.12	0.7	1.46667	0.0353	0.104467	0.15532	0.243871	0.205578
0.27	0	0.12	0.05	0.27	0.02	0.02	0	0.27	0.05	0.05	0.01	0.05	0.27	0	0.73	1	0	0.12	0.12	0.165	0.2025	0.08125	0.1325	0.17125	0.18875	0.1275	0.135	0.25125	0.55	0.56375	0.24	0.58	0.62125	0.21	0.195	0.14625	0.19625	0.61625	0.51375	-0.7	0.5	1.96	1.88571	1.27778	0.0422	0.0292333	0.07408	0.118414	0.193267
0.01	0.01	0	0	0.05	0	0	0	0.05	0.98	0.95	0	0.5	1	0	0	0.05	0.02	0.5	0.73	0.1975	0.20125	0.125	0.11	0.1975	0.19125	0.0725	0.14375	0.2025	0.43375	0.42	0.255	0.435	0.49875	0.26625	0.2575	0.20875	0.1925	0.4925	0.45625	3.8	2.3	1.82	2.34286	1.34444	0.0102	0.0330667	0.028	0.0575286	0.133022
0.12	0.5	0.02	0.02	0.12	0.5	0.05	0.01	0.5	0.88	0.95	0.73	0.95	0.73	0.01	0.02	0.05	0.12	0.73	0.88	0.1075	0.15875	0.24	0.19625	0.07875	0.18625	0.11375	0.11125	0.14625	0.44375	0.42	0.22125	0.37375	0.53	0.28375	0.19875	0.19	0.17875	0.43125	0.37625	3.8	3.8	2.7	1.14286	1	0.0468	0.0208333	0.0263	0.0726143	0.155878
0.05	0.01	0.05	0	0.01	0	0	0.02	0.27	0.95	0.95	0	0.73	1	0	0	0.01	0.5	0.73	0.73	0.11625	0.22125	0.26875	0.21375	0.08625	0.2625	0.11125	0.235	0.1725	0.31625	0.31	0.325	0.2825	0.3775	0.22375	0.29	0.16375	0.12875	0.30875	0.285	3.8	3.46667	2.06	0.871429	0.455556	0.0055	0.0263667	0.08616	0.161671	0.1827
0.02	0.02	0.02	0.27	0.12	0	0	0.02	0.02	0.5	0.5	0.02	0.73	1	0	0.05	0.02	0.88	0.99	0.27	0.12625	0.31125	0.36375	0.27125	0.06	0.38125	0.23	0.25	0.2375	0.3875	0.36875	0.44125	0.28875	0.38375	0.10125	0.34375	0.225	0.0825	0.2825	0.37625	2.8	0.9	0.6	0.914286	0.244444	0.0268	0.1246	0.21586	0.223829	0.253044
0.12	0.95	0.73	0.27	0.01	0.73	0.27	0.12	0.27	0.12	0.02	0.99	0.02	0.02	0.5	0.27	0.05	0.01	0.12	0.27	0.11375	0.2575	0.29375	0.29875	0.0425	0.37875	0.30375	0.24375	0.20625	0.53875	0.485	0.42875	0.48125	0.4875	0.13	0.24	0.13	0.1975	0.3825	0.4525	-3.9	-1.53333	-0.24	-0.128571	0.788889	0.3415	0.342333	0.30196	0.317857	0.297589
0.27	0.27	0.99	0.98	0	0.73	0.5	0.73	0.27	0	0.01	0.73	0.01	0	0.27	0.5	0.12	0	0.01	0.01	0.15625	0.40375	0.2675	0.21625	0.07125	0.4125	0.30875	0.17375	0.23375	0.54125	0.43	0.5525	0.51125	0.39875	0.22125	0.22625	0.14875	0.2025	0.3675	0.51625	-3.5	-2.6	-1.7	-0.0714286	0.566667	0.6587	0.4925	0.43454	0.374471	0.344722
0.12	0.02	0.27	0.12	0	0.12	0.05	1	0	0	0	0.12	0	0	0.01	0.73	0.02	0	0	0	0.25125	0.40625	0.38875	0.44	0.05875	0.48875	0.46875	0.20125	0.29625	0.465	0.3275	0.62875	0.4275	0.3225	0.2675	0.28625	0.17	0.22125	0.34	0.47	-0.4	-2.46667	-1.42	-0.357143	0.344444	0.4773	0.601467	0.5178	0.435743	0.3771
0.05	0.73	0.73	0.73	0.02	0.95	0.95	0.12	0.27	0.12	0.02	0.95	0.05	0.05	0.02	0.5	0.5	0.01	0.05	0.27	0.26875	0.43875	0.35875	0.3975	0.05625	0.4475	0.46625	0.31125	0.2625	0.34625	0.22125	0.635	0.36375	0.25375	0.28125	0.3775	0.17125	0.15875	0.27625	0.4075	-3.5	0.1	-0.28	-0.5	-0.155556	0.6684	0.5296	0.53638	0.480229	0.425489
0.27	0.5	0.27	0.27	0.02	0.73	0.88	0.05	0.27	0.88	0.5	0.88	0.88	0.12	0.73	0.12	0.27	0.05	0.05	0.73	0.24125	0.48	0.41625	0.42375	0.0475	0.50875	0.48125	0.32	0.37	0.29875	0.16125	0.675	0.23125	0.23875	0.19875	0.43375	0.2125	0.05	0.2775	0.435	4.2	0.833333	0.78	-0.0428571	-0.9	0.4431	0.5153	0.47228	0.494443	0.437433
0.5	0.5	0.05	0.05	0.27	0.27	0.27	0.05	0.27	0.88	0.5	0.73	0.73	0.27	0.5	0.12	0.27	0.05	0.27	0.98	0.23125	0.42375	0.38625	0.48	0.0775	0.5375	0.58625	0.31125	0.4275	0.375	0.17375	0.6325	0.2625	0.2325	0.18	0.4625	0.31625	0.06375	0.2975	0.48875	1.8	2.6	0.72	-0.1	0	0.4344	0.405233	0.46502	0.419529	0.455589
0.73	0.27	0.27	0.95	0.02	0.5	0.88	0.5	0.73	0.27	0.12	0.73	0.27	0.12	0.12	0.73	0.12	0.27	0.5	0.5	0.18375	0.425	0.24125	0.26	0.1425	0.42375	0.45375	0.28875	0.33625	0.45125	0.22	0.54125	0.31875	0.25125	0.19375	0.33875	0.335	0.03625	0.2675	0.5475	1.8	0.966667	0.64	0.557143	0.344444	0.3382	0.404533	0.3582	0.423471	0.419911
0.12	0.98	0.27	0.27	0.01	0.5	0.88	0.02	0.27	0.12	0.12	0.88	0.27	0.5	0.12	0.5	0.5	0.01	0.27	0.5	0.36375	0.34875	0.24125	0.3925	0.1775	0.415	0.48125	0.315	0.4275	0.47625	0.235	0.5225	0.33375	0.31375	0.3025	0.29125	0.31875	0.08375	0.33	0.58125	-0.7	-0.933333	0.64	1	0.588889	0.441	0.3045	0.37056	0.376214	0.413533
0.02	0.12	0.02	0.02	0.05	0.27	0.05	0.02	0.88	0.88	0.5	0.27	0.5	0.95	0.05	0.12	0.12	0.05	1	0.95	0.40375	0.4875	0.24375	0.36625	0.1725	0.3875	0.48125	0.30625	0.4275	0.42875	0.2475	0.57125	0.4175	0.285	0.32375	0.29125	0.31875	0.08	0.2475	0.5825	-3.9	-0.133333	0.2	0.657143	1.4	0.1343	0.360067	0.3512	0.3729	0.366533
0.27	0.5	0.27	0.5	0.5	0.5	0.5	0.05	0.73	0.73	0.12	0.5	0.12	0.12	0.12	0.5	0.88	0.12	0.5	0.95	0.3725	0.38375	0.28875	0.39125	0.115	0.30125	0.34875	0.3025	0.4275	0.34375	0.23375	0.495	0.37	0.375	0.3425	0.33875	0.3125	0.065	0.305	0.50625	4.2	-0.0333333	0.2	0.942857	0.844444	0.5049	0.3256	0.36754	0.3459	0.365911
0.12	0.05	0.05	0.12	0.27	0.05	0.05	1	0	0	0	0	0	0	0	0.12	0.12	0	0	0	0.43875	0.41125	0.31625	0.4475	0.1125	0.3575	0.4625	0.18	0.51875	0.34	0.24875	0.58875	0.35625	0.39	0.32875	0.38625	0.4075	0.075	0.3675	0.565	-0.4	1.86667	1.1	0.571429	0.211111	0.3376	0.4208	0.32842	0.360086	0.353256
0.95	0.12	0.27	0.5	0.27	0.05	0.27	0.73	0.27	0.05	0.12	0.12	0.12	0.88	0.88	0.12	0.27	0.12	0.27	0.27	0.335	0.38375	0.3175	0.4	0.11125	0.38625	0.4475	0.185	0.40875	0.3025	0.22125	0.57375	0.30875	0.265	0.21875	0.3575	0.4075	0.02625	0.27375	0.475	1.8	1.73333	1.72	0.114286	-0.0333333	0.4199	0.3343	0.38906	0.342871	0.3912
0.27	0.98	0.5	0.27	0.02	0.5	0.12	0.05	0.88	0.5	0.5	0.73	0.95	0.27	0.12	0.12	0.12	0.02	0.12	0.73	0.49625	0.21625	0.3175	0.505	0.14375	0.3775	0.46625	0.30125	0.3325	0.24625	0.17375	0.47875	0.23375	0.285	0.31375	0.38625	0.42625	0.04	0.2925	0.38875	3.8	1.6	0.1	0.614286	-0.344444	0.2454	0.3676	0.35218	0.420786	0.389511
0.27	0.05	0.88	0.95	0.01	0.27	0.27	0.05	0.12	0.05	0.01	0.5	0.12	0.01	0.95	0.88	0.98	0	0.01	0.12	0.49625	0.3175	0.27375	0.4175	0.14	0.37375	0.4425	0.29875	0.3175	0.315	0.29625	0.475	0.3375	0.3175	0.20375	0.27625	0.31	0.09875	0.215	0.38	-0.8	-0.3	0.1	-0.485714	0.511111	0.4375	0.334467	0.4206	0.409486	0.378211
0.88	0.27	0.05	0.12	0.02	0.27	0.73	0.02	0.27	0.12	0.5	0.98	0.5	0.27	0.27	0.12	0.27	0.01	0.27	0.5	0.44875	0.31875	0.35875	0.52125	0.11	0.37375	0.4325	0.3025	0.27	0.30625	0.2825	0.44375	0.30875	0.27625	0.28	0.37125	0.35125	0.085	0.135	0.305	-3.9	-1.7	-0.96	0.114286	-0.388889	0.3205	0.479233	0.42178	0.365914	0.347967
0.73	0.12	0.5	0.95	0.01	0.73	0.98	0.27	0.12	0.02	0.02	0.73	0.01	0	0.12	0.5	0.27	0	0.02	0.05	0.54375	0.39375	0.40625	0.5125	0.07875	0.42875	0.51375	0.1525	0.30375	0.32125	0.34375	0.585	0.37625	0.31	0.305	0.4	0.37	0.08625	0.1675	0.36375	-0.4	-2.6	-0.96	-0.7	-0.733333	0.6797	0.475333	0.37922	0.339171	0.372233
0.73	0.5	0.5	0.88	0.02	0.88	0.88	0.27	0.27	0.12	0.12	0.73	0.5	0.05	0.12	0.73	0.5	0.02	0.27	0.27	0.45875	0.365	0.40625	0.46	0.045	0.41	0.495	0.0625	0.36125	0.33625	0.37875	0.66125	0.3625	0.31875	0.195	0.3625	0.37	0.19375	0.2125	0.3175	-3.5	-0.0333333	-1.58	-1.74286	-0.622222	0.4258	0.379367	0.33826	0.383543	0.346289
0.02	0	0.05	0	0.01	0.01	0.01	0	0	0.98	0.99	0.01	0.5	0.95	0	0	0.05	0.5	0.27	0.27	0.52	0.305	0.4	0.53625	0.045	0.45625	0.59	0.09	0.285	0.29125	0.32625	0.66125	0.35375	0.20625	0.195	0.44	0.42625	0.13125	0.23125	0.345	3.8	-1.2	-1.5	-1.22857	-0.622222	0.0326	0.230367	0.38536	0.347671	0.321389
0.5	0.73	0.12	0.5	0.27	0.5	0.88	0.05	0.5	0.73	0.5	0.73	0.27	0.05	0.05	0.5	0.5	0.02	0.12	0.73	0.46	0.27	0.40375	0.47375	0.01125	0.47125	0.57	0.08	0.2225	0.31875	0.38875	0.61875	0.37	0.3175	0.07125	0.2825	0.28125	0.19125	0.25125	0.275	-3.9	-1.2	-0.86	-0.128571	-0.922222	0.2327	0.273767	0.2867	0.304929	0.327733
0.73	0.5	0.88	0.88	0.01	0.95	0.95	0.05	0.12	0.02	0.01	0.88	0.05	0	0.05	0.73	0.27	0	0.01	0.02	0.38375	0.35625	0.39375	0.5025	0.0425	0.44375	0.58	0.08375	0.2425	0.39375	0.39375	0.60125	0.34125	0.2925	0.0525	0.33	0.29125	0.1925	0.23375	0.30375	-3.5	-1.53333	0.6	-0.571429	-0.288889	0.556	0.325033	0.2058	0.278486	0.372178
0.27	0.27	0.27	0.01	0.01	0.05	0.02	0.01	0.88	0.27	0.5	0.73	0.5	1	0	0.05	0.5	1	0.88	0.12	0.365	0.40375	0.52625	0.5075	0.0425	0.55625	0.63625	0.0575	0.2575	0.375	0.3925	0.54375	0.34625	0.23	0.04625	0.415	0.2625	0.07	0.2325	0.31875	2.8	1.03333	-0.86	0.185714	-0.633333	0.1864	0.254567	0.2982	0.320586	0.337789
0.05	0	0	0	0.01	0	0.01	0	0	1	0.95	0.01	0.88	0.27	0	0.01	0.12	0	0.27	0.95	0.36375	0.37625	0.49875	0.39875	0.0425	0.45375	0.52875	0.025	0.335	0.39125	0.44375	0.54375	0.34625	0.33	0.0325	0.33125	0.2625	0.19375	0.29	0.3	3.8	1.03333	0.28	-0.857143	0.177778	0.0213	0.2341	0.39576	0.368814	0.330356
0.27	0.5	0.98	0.95	0	0.88	0.98	0.02	0.12	0.02	0.02	0.88	0.02	0	0.01	0.12	0.27	0	0.02	0.02	0.45625	0.31625	0.37625	0.28625	0.04875	0.34875	0.4125	0.145	0.3225	0.3925	0.4375	0.44	0.39375	0.24625	0.0375	0.44	0.2525	0.1325	0.29	0.385	-3.5	0.7	0.28	0.242857	-0.0444444	0.4946	0.412133	0.3586	0.386843	0.444622
