0.27	0.27	0.98	0.5	0.12	0.5	0.5	0.27	0.99	0.05	0.05	0.5	0.12	0.12	0.12	0.88	0.5	0.05	0.5	0.05	0.36625	0.33875	0.36875	0.38875	0.16125	0.44375	0.48625	0.1525	0.225	0.3375	0.35125	0.48625	0.40125	0.215	0.16875	0.46875	0.385	0.06375	0.1675	0.35	-3.5	-2.73333	0.02	-0.6	-0.644444	0.7433	0.5646	0.48846	0.515886	0.529778
0.73	0.5	0.5	0.5	0.27	0.5	0.5	0.27	0.27	0.05	0.05	0.88	0.12	0.05	0.27	0.98	0.73	0.05	0.12	0.12	0.29	0.31	0.42875	0.38875	0.13375	0.425	0.48625	0.1525	0.41	0.26125	0.275	0.43875	0.31	0.28	0.15	0.45625	0.3375	0.15875	0.30625	0.28375	-0.8	0.0666667	-0.9	-0.6	-1	0.4011	0.396	0.4355	0.464729	0.451611
0.27	0.05	0.05	0.05	0.27	0.05	0.05	0.02	0.05	0.99	0.73	0.05	0.73	0.5	0.05	0.05	0.27	0.05	0.27	0.88	0.37625	0.3375	0.485	0.3875	0.165	0.405	0.4525	0.18375	0.39	0.17125	0.2175	0.485	0.2525	0.2325	0.1775	0.60125	0.485	0.15875	0.2875	0.245	4.5	0.966667	-0.82	-1.32857	-0.688889	0.0436	0.294933	0.39976	0.375829	0.389911
0.73	0.27	0.5	0.5	0.27	0.5	0.5	0.5	0.27	0.05	0.05	0.5	0.12	0.05	0.27	0.98	0.73	0.05	0.12	0.12	0.31875	0.3575	0.485	0.42	0.13375	0.44375	0.51375	0.13625	0.41875	0.20375	0.18625	0.505	0.225	0.2325	0.1775	0.5325	0.4275	0.15	0.2875	0.255	-0.8	0.0666667	-0.38	-0.871429	-1.5	0.4401	0.2848	0.26762	0.322129	0.355622
0.12	0.27	0.73	0.99	0.02	0.5	0.95	0.12	0.27	0.05	0.02	0.5	0.05	0.02	0.12	0.5	0.27	0.02	0.05	0.05	0.48	0.31	0.4275	0.35875	0.1925	0.415	0.42875	0.2025	0.4	0.2125	0.19875	0.49125	0.2525	0.245	0.19625	0.62125	0.56125	0.15375	0.29625	0.2825	-3.5	-1.86667	-0.36	-0.871429	-0.866667	0.3707	0.2978	0.2221	0.272557	0.355667
0.12	0.12	0.12	0.05	0.05	0.12	0.12	0.05	0.88	0.12	0.27	0.12	0.27	0.95	0.05	0.12	0.12	0.88	1	0.27	0.48	0.3575	0.44375	0.505	0.17625	0.51	0.59375	0.1925	0.2625	0.20375	0.1675	0.5675	0.225	0.12	0.22375	0.62125	0.55125	0.04625	0.13	0.255	-1.3	-1.83333	-1.96	-0.5	-0.866667	0.0826	0.208933	0.29264	0.2938	0.306933
0.5	0.27	0.5	0.27	0.27	0.27	0.27	0.12	0.12	0.27	0.27	0.27	0.27	0.12	0.27	0.73	0.99	0.05	0.12	0.5	0.35625	0.2825	0.34	0.4175	0.12125	0.435	0.51875	0.15625	0.3575	0.24125	0.22375	0.445	0.2725	0.3425	0.165	0.42875	0.36625	0.235	0.34375	0.245	-0.7	-1.83333	-1.44	-1.64286	-0.466667	0.1735	0.217467	0.31458	0.3311	0.265033
0.27	0.5	0.5	0.73	0.02	0.88	0.99	0.12	0.5	0.05	0.05	0.73	0.12	0.05	0.27	0.5	0.27	0.05	0.12	0.05	0.385	0.28125	0.34875	0.36	0.13375	0.38625	0.4375	0.16	0.31875	0.23625	0.27875	0.4725	0.29125	0.35125	0.17375	0.46625	0.45625	0.24375	0.34375	0.2825	-3.5	-0.8	-1.44	-1.12857	-0.5	0.3963	0.3732	0.30138	0.271657	0.289344
0.95	0.5	0.27	0.27	0.27	0.5	0.5	0.27	0.12	0.12	0.12	0.88	0.27	0.12	0.27	0.73	0.88	0.05	0.12	0.27	0.2425	0.33875	0.3775	0.4175	0.075	0.49375	0.55875	0.09375	0.395	0.2275	0.27	0.50125	0.29125	0.3425	0.17375	0.3775	0.3225	0.24375	0.34375	0.255	1.8	-1.73333	-0.62	-0.0285714	-0.8	0.5498	0.416933	0.28966	0.256186	0.307611
0.27	0.5	0.5	0.73	0.02	0.88	0.99	0.12	0.5	0.05	0.05	0.73	0.12	0.05	0.27	0.5	0.27	0.05	0.12	0.05	0.3275	0.31125	0.26375	0.23875	0.11875	0.39	0.385	0.1	0.32875	0.34	0.395	0.46375	0.395	0.47125	0.165	0.35	0.38	0.275	0.42875	0.3675	-3.5	0.366667	0.36	-0.342857	0.0111111	0.3047	0.292833	0.30744	0.330743	0.276722
0.12	0.05	0.05	0.02	0.05	0.05	0.05	0.05	0.27	0.5	0.5	0.05	0.5	1	0.02	0.05	0.12	0.73	0.95	0.27	0.365	0.35875	0.31125	0.3275	0.1425	0.49375	0.49375	0.10875	0.25375	0.3875	0.415	0.54	0.405	0.29625	0.19625	0.40625	0.44625	0.08625	0.23375	0.425	2.8	1.16667	0.36	0.3	0.577778	0.024	0.197033	0.34908	0.3192	0.269989
0.27	0.27	0.12	0.05	0.12	0.27	0.12	0.05	0.12	0.73	0.95	0.73	0.73	0.5	0.12	0.12	0.27	0.12	0.27	0.73	0.3175	0.38875	0.3025	0.3525	0.10625	0.52375	0.56125	0.10875	0.29125	0.34	0.34	0.54375	0.37625	0.35	0.18375	0.36875	0.395	0.1625	0.31875	0.32	4.2	1.16667	0.76	1.34286	0.222222	0.2624	0.296967	0.25766	0.265729	0.294544
0.27	0.73	0.5	0.5	0.05	0.98	0.98	0.12	0.5	0.05	0.05	0.88	0.27	0.05	0.27	0.5	0.27	0.05	0.12	0.12	0.3175	0.33125	0.28375	0.3275	0.11875	0.3875	0.44	0.1	0.215	0.425	0.4525	0.525	0.43375	0.40625	0.165	0.32125	0.4525	0.17125	0.3375	0.405	-3.5	1.5	2.22	0.528571	0.222222	0.6045	0.319867	0.20112	0.243543	0.293211
0.12	0.05	0.05	0.02	0.12	0.05	0.05	0.02	0.12	0.88	0.95	0.05	0.73	0.98	0.05	0.05	0.12	0.27	0.73	0.73	0.25125	0.36	0.3125	0.36	0.11	0.4475	0.5	0.08125	0.25375	0.43	0.41625	0.525	0.43375	0.3375	0.165	0.2925	0.395	0.14375	0.28	0.405	3.8	1.36667	0.88	0.528571	0.522222	0.0927	0.239733	0.27522	0.254914	0.235411
0.27	0.05	0.05	0.05	0.27	0.12	0.05	0.05	0.05	0.95	0.88	0.05	0.73	0.5	0.05	0.12	0.5	0.05	0.27	0.95	0.2325	0.3125	0.36	0.29875	0.21375	0.3625	0.4675	0.0775	0.23375	0.50625	0.4525	0.4675	0.4525	0.40625	0.14625	0.255	0.3475	0.17125	0.3375	0.43375	3.8	1.23333	-0.66	0.771429	0.522222	0.022	0.169733	0.2996	0.255714	0.226744
0.27	0.73	0.5	0.5	0.05	0.73	0.88	0.12	0.27	0.12	0.12	0.98	0.27	0.05	0.27	0.5	0.73	0.05	0.12	0.12	0.25125	0.34	0.4075	0.3025	0.25	0.37125	0.42	0.09625	0.235	0.5625	0.5	0.46375	0.48125	0.3525	0.15	0.26375	0.36625	0.095	0.27125	0.51875	-3.9	-1.2	0.94	-0.328571	-0.222222	0.3945	0.266933	0.18462	0.250614	0.290344
0.27	0.5	0.73	0.98	0.05	0.5	0.88	0.12	0.27	0.05	0.05	0.73	0.12	0.05	0.27	0.5	0.73	0.05	0.12	0.12	0.3275	0.3975	0.3975	0.29875	0.26875	0.4575	0.515	0.12375	0.25375	0.495	0.405	0.51375	0.4425	0.305	0.16875	0.31125	0.395	0.095	0.27125	0.46125	-3.5	-0.966667	-0.52	-0.385714	-1.07778	0.3843	0.269467	0.21142	0.249457	0.318567
0.27	0.05	0.05	0.05	0.27	0.05	0.05	0.02	0.05	0.99	0.73	0.05	0.73	0.5	0.05	0.05	0.27	0.05	0.27	0.88	0.3275	0.425	0.5425	0.47125	0.24125	0.4825	0.60625	0.155	0.28125	0.3775	0.32	0.59875	0.3475	0.24875	0.1775	0.3675	0.4525	0.09125	0.2525	0.3575	4.5	-0.833333	-2.06	-1.42857	-1.07778	0.0296	0.213533	0.3263	0.309986	0.313978
0.27	0.12	0.88	0.27	1	0.27	0.73	0.12	0.27	0.73	0.27	0.27	0.27	0.12	0.12	0.27	0.27	0.05	0.12	0.5	0.34625	0.425	0.46625	0.45625	0.25875	0.46375	0.53	0.155	0.25375	0.3625	0.32125	0.58	0.37625	0.2925	0.1775	0.39625	0.52875	0.09125	0.2425	0.405	-3.5	-0.966667	-1.98	-2.47143	-1.03333	0.2267	0.284233	0.35068	0.3873	0.354778
0.27	0.95	0.88	0.5	0.12	0.73	0.5	0.27	0.5	0.12	0.12	0.95	0.27	0.12	0.27	0.5	0.5	0.12	0.27	0.12	0.40375	0.34875	0.49375	0.48375	0.35	0.45375	0.6625	0.24	0.2525	0.32625	0.23625	0.55125	0.3	0.23625	0.275	0.44375	0.5	0.0825	0.205	0.34875	-3.9	-3.63333	-1.98	-1.31429	-1.25556	0.5964	0.4465	0.38646	0.396643	0.421089
0.88	0.5	0.27	0.5	0.27	0.73	0.88	0.27	0.27	0.12	0.12	0.88	0.27	0.12	0.27	0.5	0.5	0.12	0.27	0.27	0.40375	0.3475	0.57	0.455	0.35875	0.39625	0.53875	0.335	0.2625	0.32625	0.23625	0.47125	0.3	0.245	0.275	0.49125	0.51875	0.0825	0.205	0.34875	-3.5	-3.63333	-2.04	-0.557143	-0.622222	0.5164	0.558667	0.47252	0.430143	0.440589
0.27	0.5	0.98	0.95	0.05	0.73	0.88	0.27	0.5	0.05	0.05	0.88	0.12	0.05	0.12	0.5	0.27	0.02	0.12	0.05	0.48	0.31875	0.4525	0.395	0.395	0.425	0.5475	0.335	0.23375	0.34375	0.25375	0.4425	0.31875	0.25375	0.29375	0.49125	0.56625	0.095	0.22375	0.37625	-3.5	-0.933333	-0.98	-0.942857	-0.311111	0.5632	0.513167	0.55094	0.507343	0.451833
0.27	0.12	0.27	0.12	0.99	0.12	0.12	0.12	0.12	0.5	0.5	0.12	0.5	0.95	0.12	0.5	0.73	0.27	0.5	0.73	0.48	0.4225	0.5975	0.61125	0.24625	0.58625	0.76	0.36625	0.3375	0.17	0.1125	0.59375	0.195	0.085	0.32125	0.5475	0.50875	0.06375	0.1575	0.1875	4.2	0.833333	0.16	-0.542857	-1.2	0.4599	0.5473	0.54566	0.544314	0.513811
0.73	0.27	0.27	0.5	0.12	0.5	0.88	0.88	0.27	0.05	0.05	0.5	0.12	0.05	0.98	0.73	0.5	0.05	0.12	0.12	0.45125	0.45125	0.55	0.64875	0.23625	0.59625	0.6925	0.29	0.31875	0.14125	0.14125	0.6225	0.22375	0.18875	0.2325	0.57625	0.56625	0.09125	0.205	0.21625	1.8	2.6	0.72	-0.485714	-1.2	0.6188	0.549567	0.53948	0.543029	0.559189
0.88	0.27	0.5	0.27	0.27	0.27	0.27	0.88	0.12	0.12	0.12	0.27	0.27	0.12	0.27	0.88	0.88	0.05	0.12	0.27	0.4325	0.395	0.47375	0.725	0.2175	0.59625	0.76875	0.27125	0.3975	0.18	0.20875	0.62375	0.23375	0.19875	0.3025	0.52875	0.49	0.0825	0.205	0.27375	1.8	0.966667	0.72	-0.485714	-0.3	0.57	0.5581	0.54432	0.559986	0.536822
0.27	0.27	0.5	0.95	0.12	0.73	0.95	0.12	0.27	0.12	0.12	0.5	0.12	0.05	0.27	0.5	0.88	0.05	0.12	0.12	0.4325	0.36625	0.47375	0.6875	0.2175	0.5575	0.63625	0.33875	0.36	0.275	0.285	0.51875	0.31	0.22625	0.28375	0.5475	0.46125	0.07375	0.18625	0.36875	-0.7	-0.8	-0.82	0.614286	0.511111	0.4855	0.547633	0.57936	0.535971	0.493289
0.27	0.5	0.5	0.95	0.02	0.73	0.99	0.12	0.5	0.05	0.05	0.5	0.12	0.05	0.27	0.5	0.27	0.05	0.12	0.05	0.4325	0.3375	0.47	0.69125	0.23	0.57625	0.6125	0.33875	0.33125	0.28375	0.29375	0.51875	0.31	0.22625	0.28375	0.5475	0.5375	0.0775	0.18625	0.3775	-3.5	-2.56667	-0.34	0.557143	0.511111	0.5874	0.569333	0.53462	0.488071	0.481967
0.5	0.5	0.5	0.95	0.05	0.73	0.95	0.27	0.27	0.05	0.05	0.88	0.12	0.05	0.27	0.73	0.5	0.05	0.12	0.12	0.46125	0.385	0.49875	0.78625	0.13625	0.62375	0.665	0.33875	0.37875	0.28375	0.265	0.5475	0.28125	0.1225	0.3025	0.51875	0.48	0.05875	0.13875	0.36875	-3.5	-0.933333	0.06	-0.2	0.511111	0.6351	0.5392	0.44554	0.465571	0.497856
0.27	0.5	0.5	0.88	0.12	0.5	0.5	0.12	0.98	0.5	0.73	0.73	0.5	0.27	0.12	0.27	0.27	0.05	0.27	0.73	0.4325	0.36625	0.575	0.7475	0.14625	0.605	0.62625	0.25375	0.27125	0.3125	0.2925	0.51875	0.31	0.15125	0.205	0.51875	0.48	0.0675	0.13875	0.3875	4.2	1.5	-0.5	0.142857	0.733333	0.3951	0.384933	0.4407	0.470271	0.445544
0.27	0.27	0.27	0.88	0.12	0.88	0.5	0.05	0.12	0.88	0.73	0.27	0.73	0.27	0.12	0.27	0.27	0.05	0.12	0.88	0.35625	0.37625	0.5475	0.71625	0.14625	0.53875	0.59875	0.155	0.37	0.36	0.39625	0.54875	0.3575	0.19875	0.1775	0.42375	0.40375	0.07625	0.17625	0.445	3.8	1.5	1.04	0.785714	0.955556	0.1246	0.327	0.4438	0.422057	0.392967
0.27	0.5	0.95	0.98	0.05	0.88	0.73	0.27	0.5	0.05	0.05	0.88	0.12	0.05	0.12	0.5	0.27	0.05	0.12	0.05	0.35625	0.42375	0.4625	0.67625	0.14625	0.53875	0.57375	0.1275	0.35125	0.455	0.48125	0.50125	0.43375	0.22625	0.1775	0.395	0.385	0.07625	0.17625	0.54875	-3.5	1.5	2.5	1.82857	0.644444	0.4613	0.396267	0.34638	0.351971	0.390844
0.73	0.5	0.5	0.88	0.27	0.5	0.5	0.27	0.27	0.5	0.27	0.73	0.27	0.12	0.27	0.5	0.5	0.12	0.12	0.73	0.29875	0.42375	0.51875	0.6325	0.13125	0.58625	0.58875	0.1275	0.4425	0.4075	0.4625	0.52	0.43375	0.245	0.15875	0.36625	0.35625	0.07625	0.2525	0.4725	4.2	1.5	2.42	1.82857	0.677778	0.6029	0.404067	0.28672	0.327871	0.347578
0.27	0.12	0.88	0.12	0.27	0.12	0.12	0.05	0.12	0.73	0.95	0.12	0.73	0.5	0.05	0.27	0.27	0.12	0.27	0.88	0.30875	0.415	0.415	0.61125	0.13125	0.54875	0.52375	0.1275	0.46125	0.435	0.43375	0.4925	0.42375	0.31625	0.155	0.31	0.3375	0.16125	0.3375	0.4725	3.8	3.93333	0.96	0.771429	1.37778	0.148	0.282567	0.35508	0.299714	0.278367
0.27	0.12	0.05	0.02	0.27	0.12	0.05	0.02	0.05	0.88	0.95	0.05	0.88	0.5	0.05	0.12	0.27	0.12	0.27	0.88	0.30875	0.415	0.49	0.57625	0.13125	0.5775	0.58875	0.1225	0.38125	0.445	0.37625	0.52	0.405	0.2975	0.155	0.32875	0.3375	0.16125	0.31875	0.4725	3.8	1.36667	1.02	0.628571	1.37778	0.0968	0.237067	0.30242	0.283657	0.2771
0.27	0.88	0.5	0.73	0.05	0.73	0.98	0.12	0.5	0.05	0.12	0.73	0.12	0.05	0.27	0.5	0.73	0.05	0.12	0.12	0.3375	0.405	0.4625	0.44	0.15	0.4825	0.52	0.11875	0.34375	0.445	0.395	0.52	0.42375	0.32625	0.14625	0.33875	0.30875	0.17	0.3375	0.4725	-3.5	-0.966667	0.74	1.72857	0.522222	0.4664	0.253733	0.18428	0.272571	0.3371
0.27	0.5	0.5	0.5	0.12	0.73	0.88	0.12	1	0.12	0.12	0.5	0.27	0.27	0.27	0.27	0.27	0.12	0.73	0.12	0.3375	0.405	0.35	0.3525	0.16875	0.3875	0.4475	0.09125	0.225	0.54	0.5075	0.45375	0.50875	0.355	0.1375	0.32	0.36625	0.17	0.28	0.57625	-3.2	-1.3	0.82	0.571429	1.41111	0.198	0.225533	0.23142	0.281386	0.296233
0.12	0.05	0.05	0.02	0.05	0.05	0.05	0.05	0.27	0.5	0.5	0.05	0.5	1	0.02	0.05	0.12	0.73	0.95	0.27	0.3275	0.4325	0.40625	0.33625	0.1775	0.44375	0.5225	0.08125	0.2975	0.46375	0.46	0.4525	0.48	0.26375	0.16875	0.37625	0.44625	0.085	0.2525	0.52875	2.8	1.26667	-0.72	0.671429	0.866667	0.0122	0.197967	0.34498	0.2736	0.233122
0.27	0.5	0.27	0.5	0.12	0.73	0.95	0.05	0.27	0.73	0.27	0.88	0.5	0.12	0.12	0.27	0.27	0.05	0.12	0.73	0.30875	0.42375	0.33125	0.3525	0.1375	0.45375	0.51875	0.09	0.345	0.35	0.37625	0.425	0.40375	0.3175	0.18375	0.3775	0.4275	0.16125	0.3375	0.3675	4.2	1.03333	0.88	0.0285714	0.0555556	0.3837	0.3535	0.2704	0.264757	0.2701
0.5	0.95	0.5	0.5	0.05	0.73	0.88	0.12	0.27	0.05	0.05	0.95	0.12	0.05	0.27	0.73	0.5	0.05	0.12	0.12	0.26125	0.415	0.35875	0.38375	0.11875	0.50125	0.58375	0.09375	0.46375	0.33125	0.29125	0.44375	0.35625	0.2975	0.17375	0.33875	0.38	0.1525	0.41375	0.34	-3.9	1.6	1.38	0.0285714	-0.722222	0.6646	0.3806	0.23778	0.266814	0.275222
0.27	0.12	0.05	0.05	0.27	0.12	0.05	0.05	0.05	0.88	0.95	0.12	0.95	0.5	0.05	0.12	0.27	0.12	0.27	0.88	0.29	0.42375	0.3675	0.36375	0.09125	0.52	0.59875	0.1025	0.44375	0.2275	0.17	0.49	0.24375	0.2375	0.2925	0.38625	0.35125	0.14	0.38625	0.23625	4.5	-0.0333333	0.12	0.0285714	-0.511111	0.0935	0.264333	0.3315	0.258943	0.296578
0.5	0.27	0.5	0.27	0.27	0.27	0.27	0.12	0.12	0.27	0.27	0.27	0.27	0.12	0.27	0.73	0.99	0.05	0.12	0.5	0.29	0.37625	0.34	0.39625	0.09125	0.4725	0.5525	0.1125	0.34375	0.295	0.24625	0.47125	0.31	0.2575	0.265	0.395	0.31875	0.14	0.32875	0.28375	-0.7	0.1	-1.36	-0.6	-0.544444	0.0349	0.203067	0.28334	0.351286	0.334522
0.27	0.5	0.5	0.73	0.02	0.88	0.99	0.12	0.5	0.05	0.05	0.73	0.12	0.05	0.27	0.5	0.27	0.05	0.12	0.05	0.36625	0.35625	0.3675	0.37	0.1225	0.405	0.47125	0.23125	0.2775	0.2625	0.21375	0.4225	0.2725	0.1475	0.2775	0.48	0.40875	0.055	0.21625	0.3125	-3.5	-2.46667	-0.9	-1.7	-0.9	0.4808	0.219533	0.28214	0.373543	0.3487
0.12	0.5	0.5	0.27	0.05	0.5	0.5	0.12	1	0.05	0.05	0.27	0.12	0.27	0.12	0.27	0.12	0.05	0.88	0.05	0.4425	0.3275	0.39625	0.39875	0.1375	0.42375	0.47625	0.25875	0.215	0.18625	0.195	0.4325	0.24375	0.12	0.315	0.5975	0.50375	0.055	0.12125	0.255	-3.2	-2.76667	-2.5	-1.2	-1.44444	0.1429	0.427433	0.37134	0.298571	0.349589
0.27	0.12	0.12	0.12	0.05	0.27	0.27	0.12	0.12	0.05	0.05	0.27	0.05	0.02	1	0.27	0.27	0.02	0.05	0.05	0.37625	0.27125	0.4725	0.48	0.13375	0.42375	0.48625	0.2775	0.325	0.18625	0.19125	0.3475	0.24375	0.1475	0.18625	0.56875	0.45625	0.055	0.21625	0.24625	-1.6	-2.76667	-2.44	-1.94286	-1.4	0.6586	0.447	0.39232	0.341171	0.302111
0.5	0.27	0.73	0.98	0.12	0.5	0.73	0.27	0.27	0.05	0.05	0.5	0.12	0.05	0.27	0.95	0.73	0.05	0.12	0.12	0.32875	0.2525	0.3925	0.36875	0.125	0.395	0.42875	0.255	0.30625	0.1675	0.195	0.31	0.22625	0.14375	0.2775	0.475	0.39875	0.05125	0.2075	0.21875	-3.5	-1.83333	-1.88	-2.34286	-1.47778	0.5395	0.445967	0.3745	0.370086	0.302144
0.5	0.12	0.27	0.27	0.05	0.12	0.12	1	0.12	0.02	0.02	0.12	0.05	0.05	0.12	0.5	0.12	0.05	0.05	0.05	0.3	0.24375	0.39375	0.43	0.13375	0.415	0.4775	0.15125	0.31625	0.26	0.275	0.33	0.2925	0.19125	0.26875	0.44625	0.385	0.06	0.235	0.275	-0.4	-1.53333	-1.94	-1.3	-0.9	0.1398	0.357	0.39338	0.3148	0.306378
0.73	0.27	0.5	0.27	0.27	0.5	0.5	0.27	0.27	0.12	0.12	0.5	0.27	0.12	0.27	0.98	0.88	0.05	0.12	0.27	0.2525	0.1775	0.3175	0.345	0.11	0.2725	0.32125	0.23375	0.345	0.25625	0.29	0.20625	0.28375	0.295	0.2225	0.33875	0.27125	0.16375	0.33625	0.275	-0.7	-1.53333	-0.86	-0.2	-0.655556	0.3917	0.256267	0.28042	0.304814	0.296211
0.12	0.12	0.73	1	0.02	0.5	0.73	0.27	0.27	0.05	0.02	0.27	0.05	0.02	0.12	0.5	0.27	0.02	0.05	0.05	0.32875	0.14875	0.24125	0.22625	0.14125	0.225	0.245	0.225	0.33	0.27375	0.33	0.21625	0.33	0.3925	0.2325	0.38	0.3475	0.27125	0.36	0.33	-3.5	-0.133333	0.74	-0.157143	-0.444444	0.2373	0.240933	0.18712	0.266343	0.359544
0.12	0.12	0.02	0.02	0.27	0.12	0.05	0.02	0.05	0.73	0.98	0.05	0.88	0.5	0.05	0.05	0.27	0.12	0.27	0.73	0.32875	0.14875	0.33	0.34875	0.11	0.2725	0.33	0.25625	0.3575	0.18875	0.21	0.24375	0.22625	0.3325	0.24125	0.43625	0.3475	0.25875	0.3325	0.245	3.8	1.6	0.56	0.157143	-0.444444	0.0938	0.1347	0.23702	0.291114	0.318289
0.27	0.05	0.05	0.05	0.27	0.05	0.05	0.02	0.05	0.98	0.88	0.05	0.73	0.5	0.05	0.05	0.27	0.12	0.27	0.88	0.28125	0.23375	0.35375	0.285	0.10125	0.31	0.34875	0.25625	0.38625	0.1575	0.2225	0.29125	0.245	0.3325	0.24125	0.40875	0.31875	0.25875	0.3325	0.22625	4.5	2.33333	0.44	-0.0142857	-0.144444	0.073	0.185367	0.30126	0.312186	0.338256
0.12	0.12	0.12	0.05	0.05	0.12	0.12	0.05	0.88	0.12	0.27	0.12	0.27	0.95	0.05	0.12	0.12	0.88	1	0.27	0.27125	0.24375	0.37375	0.37375	0.12875	0.3775	0.44375	0.2375	0.30125	0.26875	0.3025	0.33	0.3025	0.27625	0.24125	0.4	0.35625	0.16375	0.24125	0.3025	-1.3	0.633333	0.82	-0.0285714	-0.488889	0.3893	0.391733	0.31126	0.358971	0.427389
0.12	0.12	0.12	0.05	0.05	0.12	0.12	0.05	0.88	0.12	0.27	0.12	0.27	0.95	0.05	0.12	0.12	0.88	1	0.27	0.21375	0.24375	0.435	0.45875	0.10125	0.3775	0.44375	0.31375	0.33	0.26	0.29	0.30125	0.275	0.2675	0.2225	0.34	0.28	0.16	0.2325	0.275	-1.3	-1.4	-0.1	-0.0285714	-0.8	0.7129	0.463167	0.43634	0.459643	0.496367
0.27	0.12	0.12	0.12	0.05	0.27	0.27	0.12	0.12	0.05	0.05	0.27	0.05	0.02	1	0.27	0.27	0.02	0.05	0.05	0.195	0.35125	0.4625	0.435	0.105	0.3875	0.39625	0.28625	0.45375	0.26875	0.32125	0.34	0.31125	0.3875	0.10375	0.32125	0.26125	0.27125	0.36	0.3025	-1.6	-1.23333	-1.7	-1.07143	-0.911111	0.2873	0.573133	0.61014	0.590886	0.524122
0.27	0.88	0.95	0.5	0.05	0.73	0.88	0.27	0.5	0.05	0.05	0.88	0.12	0.05	0.27	0.73	0.5	0.05	0.12	0.12	0.21375	0.275	0.4475	0.50875	0.07375	0.40625	0.43625	0.28	0.43375	0.18375	0.205	0.32	0.19875	0.32375	0.2225	0.32	0.2325	0.255	0.32375	0.20875	-0.8	-1.96667	-2.14	-2.35714	-1.72222	0.7192	0.6495	0.73478	0.650043	0.5817
0.27	0.27	0.5	0.98	0.05	0.73	0.95	0.88	0.27	0.05	0.05	0.5	0.05	0.05	0.12	0.5	0.27	0.05	0.05	0.05	0.21375	0.36	0.58875	0.56625	0.04625	0.43375	0.5125	0.31125	0.49	0.0675	0.0975	0.395	0.1225	0.26375	0.25	0.405	0.26125	0.2425	0.305	0.11375	-3.5	-2.6	-2.78	-2.67143	-2.61111	0.942	0.891233	0.68962	0.681857	0.643722
0.27	0.27	0.99	0.95	0.05	0.5	0.5	0.88	0.5	0.05	0.02	0.27	0.05	0.05	0.12	0.5	0.27	0.02	0.05	0.05	0.29	0.37875	0.575	0.62625	0.07375	0.51	0.61625	0.3675	0.385	0.05875	0.07375	0.47125	0.10375	0.15125	0.2775	0.5125	0.3375	0.1425	0.195	0.095	-3.5	-3.83333	-3.16	-2.98571	-2.55556	1.0125	0.813867	0.75456	0.670186	0.6428
0.12	0.98	0.95	0.88	0.05	0.73	0.5	0.12	0.5	0.05	0.05	0.73	0.12	0.05	0.12	0.5	0.27	0.05	0.12	0.05	0.3275	0.29	0.58	0.64375	0.07375	0.5	0.635	0.47125	0.29	0.05	0.0425	0.4325	0.0675	0.035	0.39625	0.53125	0.35625	0.03125	0.0675	0.0675	-4.5	-3.83333	-3.7	-2.87143	-2.58889	0.4871	0.703867	0.73696	0.683571	0.589711
0.27	0.27	0.73	0.99	0.02	0.73	0.98	0.12	0.27	0.05	0.05	0.5	0.05	0.02	0.27	0.5	0.27	0.02	0.05	0.05	0.36625	0.3975	0.655	0.70625	0.08625	0.5575	0.66375	0.49	0.3375	0.05	0.0425	0.49	0.085	0.0425	0.28625	0.6075	0.385	0.03875	0.085	0.07625	-3.5	-3.83333	-3.16	-2.98571	-2.8	0.612	0.576767	0.62476	0.614414	0.625156
0.27	0.12	0.73	0.99	0.05	0.27	0.73	0.88	0.27	0.05	0.02	0.27	0.05	0.02	0.12	0.5	0.27	0.02	0.05	0.05	0.4425	0.32125	0.57	0.65875	0.09125	0.53875	0.6	0.485	0.29	0.05	0.04625	0.4425	0.085	0.0425	0.28625	0.57875	0.35625	0.03875	0.07625	0.07625	-3.5	-2.6	-2.78	-2.98571	-2.75556	0.6312	0.5414	0.46928	0.566457	0.559989
0.73	0.27	0.5	0.5	0.27	0.5	0.5	0.5	0.27	0.05	0.05	0.5	0.12	0.05	0.27	0.98	0.73	0.05	0.12	0.12	0.385	0.275	0.5425	0.60375	0.09125	0.425	0.51625	0.425	0.2625	0.16625	0.1275	0.3575	0.16125	0.06625	0.25875	0.47125	0.3275	0.035	0.095	0.18	-0.8	-1.96667	-2.58	-2.54286	-1.86667	0.381	0.415767	0.49312	0.440771	0.459522
0.27	0.12	0.12	0.12	0.05	0.27	0.27	0.12	0.12	0.05	0.05	0.27	0.05	0.02	1	0.27	0.27	0.02	0.05	0.05	0.47125	0.26625	0.4725	0.53875	0.14625	0.40625	0.48875	0.36875	0.225	0.27875	0.21625	0.3675	0.255	0.0975	0.15875	0.5125	0.41375	0.0425	0.13125	0.305	-1.6	-1.96667	-1.96	-1.25714	-1.01111	0.2351	0.407467	0.39726	0.376586	0.354256
0.73	0.27	0.5	0.73	0.12	0.73	0.98	0.27	0.27	0.05	0.05	0.5	0.12	0.05	0.27	0.88	0.5	0.05	0.12	0.12	0.4325	0.235	0.41625	0.415	0.1375	0.34875	0.42875	0.36875	0.1775	0.27875	0.21625	0.37	0.24625	0.09375	0.26875	0.43625	0.385	0.03875	0.1225	0.29625	-3.5	-1.83333	-0.36	-0.157143	-0.944444	0.6063	0.3247	0.27858	0.298457	0.352978
0.88	0.12	0.27	0.12	0.12	0.12	0.12	0.99	0.12	0.05	0.05	0.27	0.12	0.05	0.12	0.5	0.27	0.05	0.05	0.12	0.41375	0.2825	0.41625	0.45875	0.14125	0.425	0.5375	0.27875	0.225	0.27875	0.21625	0.39875	0.255	0.0975	0.2875	0.48375	0.47125	0.0425	0.14	0.305	-0.4	0.2	0.64	-0.214286	-0.944444	0.1327	0.258933	0.2154	0.276229	0.310722
0.27	0.05	0.05	0.05	0.27	0.05	0.05	0.02	0.05	0.98	0.73	0.05	0.73	0.27	0.05	0.12	0.5	0.05	0.27	0.95	0.49	0.2825	0.35875	0.35	0.15	0.40625	0.46125	0.2925	0.20625	0.27875	0.22	0.39875	0.26375	0.10125	0.2875	0.48375	0.4425	0.04625	0.14	0.31375	4.5	2.76667	0.18	-0.6	-0.0555556	0.0378	0.0785333	0.2635	0.2549	0.243189
0.5	0.05	0.05	0.05	0.27	0.12	0.05	0.05	0.05	0.95	0.73	0.12	0.73	0.27	0.05	0.12	0.5	0.05	0.27	0.98	0.40375	0.35875	0.35875	0.32125	0.1225	0.42625	0.49	0.24125	0.20625	0.2825	0.22	0.45125	0.26375	0.10125	0.2875	0.42375	0.385	0.04625	0.14	0.31	4.2	1.6	0.18	0.271429	-0.4	0.0651	0.192833	0.18858	0.224657	0.250189
0.27	0.88	0.88	0.5	0.05	0.73	0.73	0.27	0.27	0.05	0.05	0.98	0.12	0.05	0.27	0.5	0.27	0.05	0.12	0.05	0.4325	0.3025	0.3025	0.34125	0.14625	0.435	0.495	0.21375	0.22625	0.395	0.305	0.40125	0.34875	0.1325	0.16875	0.405	0.41375	0.05	0.1675	0.42625	-3.9	-1.06667	1.16	0.214286	-0.611111	0.4756	0.257467	0.16672	0.201471	0.295089
0.27	0.5	0.5	0.73	0.05	0.73	0.99	0.12	0.5	0.05	0.05	0.5	0.12	0.05	0.27	0.5	0.73	0.05	0.12	0.12	0.3475	0.3225	0.29	0.2225	0.1375	0.35875	0.34625	0.205	0.17	0.395	0.31375	0.405	0.34875	0.2175	0.1375	0.30125	0.3	0.16875	0.2625	0.40875	-3.5	-0.966667	-0.52	-0.228571	-0.322222	0.2317	0.243567	0.24796	0.273829	0.250889
0.27	0.05	0.05	0.05	0.27	0.05	0.05	0.02	0.05	0.98	0.73	0.05	0.73	0.27	0.05	0.12	0.27	0.05	0.27	0.95	0.2525	0.48875	0.34625	0.3075	0.0975	0.52	0.51125	0.10875	0.27375	0.27875	0.2375	0.5375	0.2725	0.19	0.165	0.32	0.3575	0.16875	0.2525	0.29625	4.5	-0.966667	-2.06	-1	-0.777778	0.0234	0.233033	0.36278	0.298214	0.246289
0.27	0.88	0.5	0.27	0.05	0.73	0.73	0.12	0.27	0.05	0.05	0.99	0.12	0.05	0.27	0.5	0.27	0.05	0.12	0.12	0.34125	0.39375	0.29875	0.28875	0.125	0.4625	0.45375	0.15625	0.255	0.30625	0.24625	0.4475	0.29125	0.19875	0.165	0.34875	0.3575	0.16875	0.2525	0.34375	-3.9	-0.966667	-1.46	-2.24286	-1.07778	0.444	0.368867	0.30936	0.301957	0.3197
0.27	0.5	0.5	0.73	0.02	0.95	0.99	0.12	0.5	0.05	0.05	0.73	0.12	0.05	0.27	0.5	0.27	0.05	0.12	0.05	0.40125	0.46875	0.32625	0.25875	0.12875	0.45375	0.44875	0.2125	0.235	0.2025	0.17	0.49875	0.23375	0.18	0.1925	0.44375	0.3575	0.16875	0.23375	0.26375	-3.5	-2.76667	-1.66	-1.42857	-1.34444	0.6392	0.430567	0.28128	0.3338	0.389556
0.05	0.05	0.02	0.01	0.05	0.12	0.05	0.05	0.05	0.05	0.12	0.05	0.12	0.73	0.02	0.05	0.05	1	0.88	0.05	0.42875	0.4775	0.4	0.3775	0.125	0.52875	0.5375	0.22125	0.32	0.2025	0.16125	0.57125	0.23375	0.095	0.205	0.5	0.41375	0.04625	0.13875	0.26375	-0.9	-2.96667	-2.2	-0.671429	-1.3	0.2085	0.313	0.4163	0.399814	0.396856
0.12	1	0.27	0.12	0.02	0.73	0.5	0.12	0.5	0.05	0.12	0.88	0.12	0.05	0.12	0.27	0.27	0.05	0.12	0.05	0.44875	0.31125	0.34	0.30625	0.12875	0.37625	0.3725	0.3225	0.21625	0.19875	0.1575	0.42	0.225	0.18	0.17375	0.4725	0.31	0.165	0.225	0.255	-4.5	-1.2	-1.06	-1.81429	-0.955556	0.0913	0.332767	0.46626	0.4738	0.477956
0.98	0.12	0.12	0.12	0.27	0.27	0.27	0.5	0.12	0.27	0.12	0.27	0.27	0.12	0.27	0.73	0.5	0.05	0.12	0.5	0.34125	0.525	0.38625	0.33375	0.07	0.51875	0.4575	0.2875	0.29125	0.0825	0.1575	0.6125	0.1775	0.1525	0.1825	0.43375	0.28125	0.165	0.20625	0.11375	1.8	-0.3	-1.06	-1.31429	-1.88889	0.6985	0.494533	0.44668	0.547743	0.520978
0.98	0.27	0.27	0.27	0.27	0.27	0.27	0.5	0.12	0.12	0.12	0.27	0.27	0.12	0.27	0.88	0.5	0.05	0.12	0.27	0.37	0.43	0.3675	0.315	0.07875	0.46125	0.4	0.30625	0.29125	0.10125	0.1575	0.5225	0.1775	0.1525	0.2725	0.47125	0.33875	0.165	0.20625	0.1425	1.8	0.0333333	-0.96	-1.37143	-1.63333	0.6938	0.644533	0.5973	0.515086	0.535356
0.27	0.5	0.99	0.73	0.05	0.5	0.5	0.27	0.5	0.05	0.05	0.88	0.12	0.05	0.12	0.5	0.5	0.02	0.12	0.05	0.4875	0.35375	0.24875	0.2	0.11	0.32875	0.2625	0.445	0.19625	0.10625	0.1625	0.37	0.1875	0.16125	0.2725	0.51875	0.32	0.16875	0.1975	0.17	-3.5	-0.7	-0.84	-1.47143	-1.28889	0.5413	0.732233	0.66116	0.567214	0.527433
0.5	0.12	0.27	0.27	0.05	0.12	0.12	1	0.12	0.02	0.02	0.12	0.05	0.05	0.12	0.5	0.12	0.05	0.05	0.05	0.4675	0.40125	0.3425	0.25875	0.11	0.3675	0.31	0.35375	0.27125	0.16625	0.21375	0.465	0.24375	0.195	0.2725	0.51875	0.37625	0.13125	0.215	0.1975	-0.4	-2.6	-1.52	-0.885714	-0.877778	0.9616	0.637833	0.63614	0.6353	0.524678
0.27	0.88	0.27	0.27	0.05	0.73	0.5	0.12	0.27	0.27	0.73	0.98	0.5	0.12	0.27	0.27	0.27	0.05	0.12	0.27	0.515	0.29125	0.37125	0.2775	0.11375	0.29125	0.29125	0.46375	0.22375	0.135	0.11625	0.37125	0.1875	0.18625	0.2725	0.57625	0.3575	0.13125	0.20625	0.17875	-3.9	-1.96667	-1.96	-0.742857	-0.811111	0.4106	0.648533	0.61096	0.561757	0.572111
0.5	0.27	0.5	0.27	0.12	0.27	0.27	0.27	0.27	0.05	0.05	0.27	0.12	0.05	0.99	0.95	0.73	0.05	0.12	0.12	0.455	0.415	0.39	0.29625	0.08625	0.43875	0.3775	0.41625	0.27125	0.135	0.20125	0.5175	0.235	0.18625	0.1825	0.4625	0.27125	0.14	0.20625	0.15	-1.6	-1.96667	-0.7	-1.55714	-1.4	0.5734	0.5173	0.53944	0.536671	0.602544
0.5	0.12	0.27	0.27	0.05	0.12	0.12	1	0.12	0.02	0.02	0.12	0.05	0.05	0.12	0.5	0.12	0.05	0.05	0.05	0.395	0.415	0.41875	0.29625	0.0675	0.43875	0.3775	0.3875	0.29	0.12625	0.1925	0.5175	0.21625	0.1775	0.2725	0.47125	0.3	0.14	0.20625	0.13125	-0.4	0.266667	-1.4	-1.55714	-1.64444	0.5679	0.441667	0.45076	0.598257	0.6553
