0.5	0.12	0.5	0.27	0.05	0.12	0.12	1	0.12	0.02	0.02	0.12	0.05	0.05	0.12	0.5	0.12	0.05	0.05	0.05	0.455	0.42	0.38	0.29875	0.1475	0.4525	0.36625	0.315	0.2525	0.16625	0.12375	0.53375	0.19625	0.0725	0.305	0.47125	0.39875	0.0425	0.1025	0.265	-0.4	-1.96667	-1.6	-1.74286	-1.9	0.3141	0.435833	0.39772	0.464814	0.506233
0.88	0.73	0.27	0.27	0.12	0.73	0.5	0.27	0.27	0.12	0.12	0.98	0.27	0.05	0.27	0.5	0.27	0.05	0.12	0.12	0.42625	0.32875	0.4375	0.3175	0.1425	0.37625	0.3475	0.40625	0.205	0.15375	0.1025	0.44	0.16875	0.0725	0.305	0.5	0.38	0.0425	0.09375	0.265	-3.9	-0.833333	-0.96	-1.3	-1.83333	0.555	0.306567	0.34886	0.373086	0.461578
0.98	0.12	0.12	0.12	0.5	0.27	0.27	0.5	0.12	0.27	0.12	0.27	0.27	0.12	0.27	0.73	0.5	0.05	0.12	0.5	0.46125	0.38625	0.395	0.25125	0.095	0.38625	0.32875	0.46875	0.17625	0.13125	0.1025	0.48125	0.16	0.06375	0.305	0.47125	0.30375	0.04625	0.085	0.2175	1.8	-0.933333	-0.72	-1.3	-1.48889	0.0506	0.3306	0.30854	0.377829	0.386267
0.5	0.27	0.5	0.27	0.27	0.27	0.27	0.12	0.12	0.27	0.27	0.27	0.27	0.12	0.27	0.73	0.99	0.05	0.12	0.5	0.52125	0.38625	0.37625	0.2325	0.115	0.41375	0.3575	0.51625	0.205	0.075	0.065	0.48125	0.16	0.055	0.305	0.5	0.2425	0.04625	0.085	0.14125	-0.7	0.233333	-1.42	-1.12857	-1.48889	0.3862	0.224533	0.37846	0.343929	0.377167
0.5	0.12	0.5	0.27	0.05	0.12	0.12	1	0.12	0.02	0.02	0.12	0.05	0.05	0.12	0.5	0.12	0.05	0.05	0.05	0.52125	0.405	0.37625	0.2325	0.1425	0.4325	0.37625	0.40625	0.205	0.10625	0.09625	0.5	0.1875	0.06375	0.32375	0.52875	0.35125	0.04625	0.09375	0.1975	-0.4	-1.66667	-0.72	-1.62857	-1.48889	0.2368	0.4289	0.30768	0.377429	0.397056
0.27	0.88	0.5	0.27	0.05	0.73	0.73	0.12	0.27	0.05	0.05	0.99	0.27	0.05	0.27	0.5	0.27	0.05	0.12	0.12	0.55	0.30125	0.32	0.205	0.17	0.35625	0.29125	0.3975	0.1775	0.21875	0.18125	0.39125	0.245	0.09125	0.305	0.48125	0.38	0.04625	0.1125	0.305	-3.9	-1.56667	-1.86	-1.3	-0.977778	0.6637	0.3672	0.40728	0.386343	0.387222
0.5	0.12	0.5	0.27	0.05	0.12	0.12	1	0.12	0.02	0.02	0.12	0.05	0.05	0.12	0.5	0.12	0.05	0.05	0.05	0.47375	0.33875	0.39625	0.23375	0.17	0.375	0.33875	0.37625	0.19625	0.21375	0.17625	0.41125	0.25375	0.09125	0.305	0.52875	0.4275	0.04625	0.12125	0.305	-0.4	-2.73333	-2.04	-0.957143	-0.933333	0.2011	0.471133	0.45352	0.411343	0.389044
0.27	0.88	0.5	0.27	0.05	0.95	0.73	0.12	0.5	0.05	0.12	0.98	0.27	0.05	0.27	0.5	0.27	0.05	0.12	0.12	0.41375	0.24375	0.5	0.34125	0.11375	0.27125	0.32	0.5425	0.1675	0.1825	0.15125	0.30375	0.19875	0.0825	0.2675	0.5	0.38	0.0425	0.10375	0.24	-3.9	-1.96667	-1.12	-1.35714	-1.52222	0.5486	0.4557	0.45128	0.4378	0.445622
0.27	0.12	0.12	0.12	0.05	0.27	0.27	0.12	0.12	0.05	0.05	0.27	0.05	0.02	1	0.27	0.27	0.02	0.05	0.12	0.385	0.415	0.60375	0.38875	0.08625	0.41375	0.40625	0.56125	0.2625	0.155	0.1325	0.48125	0.2075	0.0775	0.17625	0.5	0.29	0.04625	0.1125	0.18375	-1.6	-0.433333	-1.04	-1.8	-1.87778	0.6174	0.463867	0.43282	0.483943	0.448011
0.5	0.05	0.05	0.05	0.27	0.12	0.05	0.05	0.05	0.95	0.73	0.12	0.73	0.27	0.12	0.12	0.5	0.05	0.27	0.98	0.3	0.415	0.5525	0.36625	0.0675	0.4325	0.425	0.45125	0.2625	0.04625	0.06	0.49125	0.13125	0.13125	0.27375	0.4625	0.2525	0.16125	0.18875	0.07625	4.2	-0.3	-1.66	-1.8	-1.93333	0.2256	0.471467	0.50456	0.447371	0.430389
0.5	0.27	0.88	0.5	0.12	0.27	0.27	0.98	0.27	0.05	0.05	0.27	0.12	0.05	0.12	0.88	0.5	0.05	0.12	0.05	0.28125	0.2925	0.38875	0.27875	0.11375	0.3375	0.3125	0.3225	0.2075	0.2625	0.26125	0.355	0.28375	0.215	0.24625	0.31125	0.2525	0.17	0.22625	0.26875	-3.5	-0.933333	-1.66	-1.87143	-1.07778	0.5714	0.452267	0.47638	0.429814	0.373878
0.27	0.12	0.95	0.98	0.05	0.27	0.73	0.95	0.27	0.05	0.02	0.27	0.05	0.05	0.12	0.5	0.27	0.02	0.05	0.05	0.28125	0.31125	0.43625	0.3075	0.1225	0.35625	0.33125	0.32	0.22625	0.26625	0.265	0.37375	0.2925	0.215	0.24625	0.35875	0.3	0.17	0.235	0.26875	-3.5	-3.63333	-1.52	-0.771429	-1.42222	0.5598	0.512967	0.36854	0.3736	0.416256
0.27	0.88	0.95	0.5	0.05	0.73	0.5	0.27	0.5	0.05	0.05	0.98	0.12	0.05	0.27	0.5	0.27	0.05	0.12	0.05	0.33875	0.14	0.4925	0.45625	0.13125	0.2425	0.36	0.42375	0.16875	0.26625	0.2525	0.19625	0.265	0.215	0.2275	0.35875	0.3	0.1625	0.2175	0.26875	-3.9	-2.76667	-1.6	-1.04286	-1.37778	0.4077	0.348567	0.35444	0.368614	0.404878
0.05	0.05	0.02	0.02	0.12	0.12	0.05	0.05	0.05	0.05	0.12	0.05	0.12	0.73	0.02	0.05	0.05	1	0.88	0.05	0.455	0.24375	0.60875	0.51625	0.17875	0.31875	0.41625	0.49875	0.225	0.29375	0.2525	0.3125	0.2925	0.1425	0.1675	0.4725	0.35625	0.0475	0.13125	0.31625	-0.9	-0.333333	-1.6	-2.14286	-1	0.0782	0.213667	0.35666	0.400129	0.361678
0.12	0.12	0.02	0.02	0.27	0.12	0.05	0.02	0.05	0.88	0.98	0.05	0.88	0.5	0.05	0.05	0.27	0.12	0.27	0.73	0.44625	0.24375	0.665	0.54375	0.14125	0.3375	0.425	0.62	0.23375	0.0775	0.06	0.33125	0.12125	0.14375	0.16375	0.5675	0.32875	0.1575	0.18	0.115	3.8	-0.2	-1.6	-1.38571	-1.51111	0.1551	0.271933	0.33394	0.351157	0.374678
0.27	0.12	0.95	0.98	0.05	0.27	0.73	0.95	0.27	0.05	0.02	0.27	0.05	0.05	0.12	0.5	0.27	0.02	0.05	0.05	0.39875	0.32	0.50125	0.395	0.16	0.40375	0.3975	0.39625	0.235	0.18125	0.18875	0.3925	0.24375	0.2	0.17375	0.46375	0.3	0.17	0.2075	0.20875	-3.5	-1.06667	-0.46	-0.942857	-1.55556	0.5825	0.3946	0.29812	0.320129	0.370378
0.73	0.27	0.95	0.98	0.12	0.5	0.73	0.27	0.27	0.05	0.05	0.27	0.12	0.05	0.27	0.5	0.27	0.02	0.05	0.12	0.34125	0.30125	0.47375	0.39625	0.15125	0.375	0.3975	0.48125	0.235	0.18125	0.185	0.3925	0.235	0.2	0.155	0.46375	0.3	0.17	0.2075	0.2	-3.5	-1.73333	-0.36	-0.942857	-1.55556	0.4462	0.4191	0.351	0.337986	0.386067
0.98	0.12	0.12	0.12	0.5	0.27	0.27	0.5	0.12	0.27	0.12	0.27	0.27	0.12	0.27	0.73	0.5	0.05	0.12	0.5	0.33875	0.24375	0.52125	0.50375	0.1125	0.375	0.5025	0.4525	0.225	0.18125	0.2325	0.3325	0.235	0.2	0.155	0.49125	0.3	0.16625	0.19875	0.18	1.8	-0.7	-1.9	-1.31429	-0.7	0.2286	0.339133	0.42652	0.426957	0.396367
0.5	0.12	0.5	0.27	0.12	0.27	0.12	0.99	0.12	0.05	0.05	0.27	0.12	0.05	0.12	0.88	0.5	0.05	0.05	0.05	0.455	0.2525	0.53375	0.51625	0.15125	0.375	0.53	0.51	0.23375	0.205	0.22875	0.34125	0.245	0.12375	0.18625	0.52875	0.30875	0.0475	0.10375	0.23625	-0.4	-0.833333	-1.9	-1.31429	-0.644444	0.3426	0.367967	0.45022	0.476286	0.4208
0.27	0.88	0.5	0.27	0.05	0.95	0.73	0.12	0.5	0.05	0.12	0.98	0.27	0.05	0.27	0.5	0.27	0.05	0.12	0.12	0.59125	0.17625	0.565	0.5475	0.16	0.30875	0.48125	0.67875	0.195	0.11	0.1125	0.28	0.15	0.07625	0.195	0.68	0.36625	0.03875	0.07625	0.19875	-3.9	-2.6	-0.44	-0.871429	-1.15556	0.5327	0.525433	0.46106	0.435657	0.416233
0.27	0.12	0.73	0.99	0.05	0.27	0.73	0.95	0.27	0.05	0.02	0.27	0.05	0.05	0.12	0.5	0.27	0.02	0.05	0.05	0.59125	0.27125	0.4325	0.35	0.16	0.39375	0.42375	0.47125	0.205	0.11	0.12875	0.36875	0.1775	0.0725	0.32375	0.65125	0.36625	0.0425	0.085	0.21625	-3.5	-1.2	-0.88	-0.485714	-0.944444	0.701	0.578033	0.47496	0.3882	0.385689
0.5	0.27	0.5	0.5	0.12	0.5	0.88	0.27	0.27	0.27	0.5	0.5	0.27	0.12	0.27	0.95	0.5	0.05	0.12	0.27	0.505	0.225	0.34875	0.295	0.17	0.30875	0.32	0.525	0.1775	0.19875	0.15375	0.3125	0.22625	0.12	0.2775	0.5475	0.3375	0.0425	0.10375	0.2925	3.8	-0.0333333	-0.96	-0.971429	-0.0888889	0.5004	0.499833	0.42924	0.399486	0.345078
0.5	0.12	0.5	0.27	0.05	0.12	0.12	1	0.12	0.02	0.02	0.12	0.05	0.05	0.12	0.5	0.12	0.05	0.05	0.05	0.41625	0.24375	0.34875	0.32375	0.1225	0.35625	0.415	0.38625	0.19625	0.2025	0.205	0.36	0.22625	0.11625	0.3875	0.54625	0.35625	0.03875	0.10375	0.26375	-0.4	0.866667	-0.5	-0.314286	-0.466667	0.2981	0.304167	0.38422	0.362071	0.3315
0.98	0.27	0.27	0.27	0.27	0.27	0.27	0.5	0.12	0.12	0.12	0.27	0.27	0.12	0.27	0.88	0.5	0.05	0.12	0.5	0.35625	0.24375	0.40625	0.4125	0.095	0.36625	0.4725	0.35875	0.215	0.19	0.1925	0.34125	0.19875	0.1075	0.3875	0.5075	0.30875	0.035	0.095	0.2075	-0.8	-0.933333	1.04	0.0142857	-0.811111	0.114	0.2399	0.26016	0.301171	0.340356
0.27	0.12	0.12	0.12	0.05	0.27	0.27	0.12	0.12	0.05	0.05	0.27	0.05	0.02	1	0.27	0.27	0.02	0.05	0.12	0.445	0.27625	0.425	0.43125	0.1225	0.36625	0.4725	0.40625	0.215	0.19875	0.20125	0.3375	0.22625	0.12	0.2775	0.555	0.3375	0.03875	0.10375	0.24625	-1.6	0.6	-0.04	0.0142857	-0.877778	0.3076	0.167433	0.18136	0.261357	0.3252
0.27	0.05	0.05	0.05	0.27	0.05	0.05	0.02	0.05	0.98	0.73	0.05	0.73	0.5	0.05	0.12	0.27	0.05	0.27	0.95	0.42625	0.27625	0.37625	0.435	0.10375	0.375	0.4425	0.30625	0.19625	0.19875	0.205	0.34625	0.1975	0.0875	0.3875	0.52625	0.3375	0.03875	0.085	0.24625	4.2	0.333333	-0.66	-1.17143	0.0111111	0.0807	0.1649	0.2062	0.246486	0.248744
0.27	0.12	0.12	0.12	0.05	0.27	0.27	0.12	0.12	0.05	0.05	0.27	0.05	0.02	1	0.27	0.27	0.02	0.05	0.05	0.4825	0.24875	0.32	0.37875	0.15	0.31875	0.33875	0.29375	0.16875	0.34375	0.31875	0.29	0.31125	0.16625	0.26875	0.45125	0.3375	0.05125	0.1125	0.3875	-1.6	-0.3	-1.4	-0.471429	-0.211111	0.1064	0.203133	0.26266	0.205743	0.195244
0.5	0.27	0.73	0.98	0.12	0.5	0.73	0.27	0.27	0.05	0.05	0.27	0.12	0.05	0.27	0.95	0.5	0.02	0.05	0.05	0.4825	0.24875	0.29125	0.36125	0.15	0.3375	0.3575	0.18375	0.16875	0.3475	0.3225	0.30875	0.31125	0.1625	0.37875	0.36625	0.3275	0.0475	0.1125	0.39625	-3.5	-3.2	-0.18	-0.1	-0.555556	0.4223	0.308333	0.20372	0.192157	0.230444
0.27	0.99	0.5	0.27	0.05	0.95	0.73	0.12	0.5	0.05	0.12	0.95	0.27	0.05	0.12	0.27	0.27	0.05	0.12	0.05	0.4225	0.235	0.405	0.47875	0.13125	0.33875	0.38625	0.17375	0.1875	0.33875	0.305	0.3125	0.27375	0.15375	0.3975	0.40375	0.3275	0.04375	0.10375	0.34	-4.5	-1.16667	-0.66	-0.371429	-0.9	0.3963	0.277167	0.19136	0.236057	0.272544
0.12	0.05	0.27	0.95	0.12	0.12	0.27	0.05	0.05	0.98	0.73	0.12	0.5	0.27	0.05	0.12	0.27	0.05	0.12	0.88	0.4225	0.3525	0.42125	0.38125	0.15	0.42375	0.41625	0.17	0.235	0.3075	0.345	0.38875	0.34875	0.18625	0.2875	0.395	0.3275	0.05625	0.13125	0.3125	4.5	0.6	-1.04	-1.52857	-0.3	0.0129	0.1427	0.29306	0.294943	0.242044
0.95	0.12	0.12	0.12	0.27	0.27	0.27	0.27	0.12	0.5	0.73	0.27	0.5	0.27	0.27	0.5	0.5	0.12	0.12	0.5	0.3	0.4625	0.4675	0.49375	0.1	0.49	0.4725	0.14625	0.2825	0.25125	0.26875	0.47375	0.2725	0.13	0.26875	0.36625	0.29875	0.0475	0.1125	0.2475	1.8	0.933333	-1.12	-0.757143	-1.26667	0.0189	0.215567	0.30718	0.284471	0.277567
0.73	0.27	0.88	0.99	0.12	0.5	0.73	0.27	0.27	0.05	0.05	0.27	0.12	0.05	0.27	0.5	0.27	0.02	0.05	0.12	0.3275	0.4625	0.44875	0.4925	0.1275	0.49	0.4725	0.24125	0.2825	0.31625	0.3625	0.47375	0.32875	0.17	0.1775	0.395	0.3275	0.0725	0.13	0.30375	-3.5	-1.86667	0.54	-0.9	-1.47778	0.6149	0.375567	0.23454	0.281343	0.3421
0.27	0.88	0.95	0.5	0.05	0.73	0.5	0.27	0.5	0.05	0.05	0.98	0.12	0.05	0.27	0.5	0.27	0.05	0.12	0.05	0.35625	0.4625	0.41125	0.465	0.1275	0.49	0.50125	0.2225	0.25375	0.31625	0.3625	0.475	0.32875	0.17	0.1775	0.33875	0.29875	0.0725	0.13	0.32125	-3.9	-1.2	-1.26	-0.757143	-1.52222	0.4929	0.3803	0.31204	0.3229	0.351222
0.12	0.12	0.02	0.02	0.27	0.12	0.05	0.02	0.05	0.73	0.98	0.05	0.88	0.5	0.05	0.05	0.27	0.12	0.27	0.73	0.375	0.49625	0.5275	0.5825	0.1	0.53875	0.59	0.25375	0.31	0.23125	0.2375	0.535	0.215	0.11375	0.22375	0.42375	0.35625	0.06375	0.11125	0.245	3.8	-1.53333	-2.32	-1.95714	-1.41111	0.0331	0.3088	0.4457	0.393114	0.377789
0.12	1	0.27	0.12	0.02	0.73	0.5	0.05	0.5	0.05	0.12	0.88	0.12	0.05	0.12	0.27	0.27	0.05	0.12	0.05	0.375	0.38625	0.46875	0.45375	0.1225	0.45375	0.50625	0.25	0.28125	0.25625	0.31625	0.4225	0.31	0.26125	0.21125	0.3875	0.3375	0.1575	0.23375	0.25375	-4.5	-1.4	-2.4	-2.71429	-1.6	0.4004	0.373567	0.4236	0.481186	0.386378
0.27	0.27	0.73	0.98	0.12	0.5	0.73	0.88	0.27	0.12	0.12	0.27	0.12	0.12	0.27	0.5	0.27	0.12	0.12	0.12	0.27125	0.5725	0.515	0.39375	0.0825	0.54	0.50625	0.14625	0.3575	0.19125	0.23125	0.5875	0.2625	0.225	0.1925	0.35875	0.30875	0.14	0.23375	0.18875	-3.5	-3.96667	-2.32	-1.81429	-2.23333	0.6872	0.530667	0.4521	0.406229	0.461022
0.27	0.88	0.5	0.27	0.05	0.73	0.73	0.12	0.27	0.05	0.05	0.99	0.12	0.05	0.27	0.5	0.27	0.05	0.12	0.12	0.2425	0.525	0.55625	0.45	0.11	0.51125	0.4775	0.27	0.38625	0.20875	0.24875	0.52625	0.28125	0.2425	0.1925	0.40625	0.3375	0.16125	0.26125	0.18875	-3.9	-3.63333	-2.52	-1.81429	-1.93333	0.5044	0.609	0.46352	0.434486	0.417044
0.27	0.5	0.5	0.73	0.05	0.73	0.99	0.12	0.5	0.05	0.05	0.5	0.12	0.05	0.27	0.5	0.73	0.05	0.12	0.12	0.22375	0.4775	0.4525	0.345	0.11875	0.435	0.3975	0.25125	0.32875	0.23625	0.305	0.48	0.32875	0.36	0.17375	0.35875	0.28	0.28	0.35625	0.21625	-3.5	-1.53333	-2.4	-2.47143	-1.18889	0.6354	0.41	0.52158	0.461057	0.373756
0.12	0.05	0.05	0.02	0.05	0.05	0.05	0.05	0.27	0.5	0.5	0.05	0.5	1	0.02	0.05	0.12	0.73	0.95	0.27	0.26125	0.62875	0.5975	0.55375	0.09125	0.5675	0.6	0.2725	0.385	0.095	0.1325	0.64	0.18625	0.185	0.21375	0.47125	0.35625	0.1825	0.225	0.1125	2.8	-1.53333	-1.86	-1.42857	-2	0.0902	0.4721	0.42796	0.418614	0.4475
0.27	0.88	0.95	0.5	0.05	0.73	0.5	0.27	0.5	0.05	0.05	0.98	0.12	0.05	0.27	0.5	0.27	0.05	0.12	0.05	0.26125	0.415	0.5425	0.6025	0.095	0.425	0.5725	0.25375	0.3275	0.16	0.18	0.4475	0.23375	0.30375	0.1825	0.44375	0.41375	0.26375	0.32	0.14875	-3.9	-0.633333	-0.52	-1.42857	-1.88889	0.6907	0.333333	0.34774	0.419986	0.456622
0.5	0.5	0.98	0.73	0.27	0.5	0.5	0.5	0.5	0.12	0.12	0.5	0.27	0.12	0.27	0.88	0.5	0.12	0.27	0.12	0.21375	0.435	0.45375	0.45375	0.0675	0.3975	0.4875	0.12125	0.30875	0.2275	0.21875	0.48	0.2625	0.405	0.155	0.34875	0.36625	0.3025	0.39625	0.21625	-0.8	-0.633333	-0.52	-1.37143	-1.18889	0.2191	0.3377	0.36002	0.416857	0.383278
0.12	0.12	0.12	0.12	0.12	0.12	0.12	0.12	0.27	0.27	0.5	0.12	0.5	0.99	0.12	0.12	0.27	1	0.88	0.27	0.2425	0.4975	0.5325	0.51125	0.0825	0.445	0.50625	0.16	0.36625	0.20875	0.18	0.51375	0.23375	0.29625	0.155	0.415	0.395	0.1925	0.32	0.18875	2.8	-0.5	-1.78	-0.471429	-1.25556	0.1033	0.339733	0.43848	0.329957	0.365233
0.27	0.88	0.73	0.98	0.05	0.5	0.73	0.12	0.27	0.05	0.05	0.88	0.12	0.05	0.12	0.5	0.27	0.02	0.05	0.05	0.22375	0.45875	0.45625	0.375	0.09125	0.3975	0.41625	0.16	0.3375	0.23625	0.23625	0.47875	0.28125	0.41375	0.155	0.3675	0.3375	0.315	0.42375	0.21625	-3.5	-1.4	-0.44	-1.51429	-1.3	0.6968	0.427533	0.30576	0.365929	0.345211
0.27	0.12	0.73	0.99	0.05	0.27	0.73	0.12	0.27	0.12	0.05	0.27	0.12	0.05	0.12	0.5	0.88	0.02	0.05	0.12	0.3	0.63875	0.56875	0.43375	0.1	0.53	0.50125	0.1875	0.36625	0.17125	0.18	0.6675	0.2525	0.295	0.18625	0.42375	0.30875	0.23	0.32	0.18875	-3.5	-1.4	-1.18	-1.51429	-2.04444	0.4825	0.402133	0.33034	0.332286	0.349911
0.12	0.05	0.05	0.02	0.12	0.05	0.05	0.05	0.12	0.73	0.5	0.05	0.5	1	0.05	0.12	0.12	0.5	0.88	0.73	0.3	0.54375	0.54125	0.495	0.1	0.4725	0.53	0.16875	0.3375	0.15125	0.18	0.57875	0.2525	0.295	0.16375	0.42375	0.385	0.22625	0.32	0.1975	2.8	-1.73333	-2.52	-1.95714	-1.3	0.0271	0.283867	0.40072	0.319914	0.275711
0.12	1	0.27	0.12	0.02	0.73	0.5	0.05	0.5	0.05	0.12	0.88	0.12	0.05	0.12	0.27	0.27	0.05	0.12	0.05	0.2525	0.36875	0.39375	0.39375	0.09375	0.34	0.4175	0.1125	0.23375	0.255	0.30375	0.41875	0.32875	0.49	0.12375	0.30125	0.31875	0.3925	0.4725	0.2825	-4.5	-1.86667	-2.6	-1.95714	-1.31111	0.342	0.274767	0.28786	0.308429	0.253933
0.27	0.95	0.5	0.5	0.05	0.73	0.88	0.12	0.27	0.05	0.05	0.98	0.12	0.05	0.27	0.5	0.27	0.05	0.12	0.12	0.2525	0.39375	0.38375	0.39375	0.09	0.3875	0.4775	0.095	0.2625	0.33125	0.3125	0.45375	0.32875	0.38125	0.105	0.29125	0.31875	0.27375	0.3775	0.33125	-3.9	-4.1	-1.34	-1.58571	-2.01111	0.4552	0.3099	0.19594	0.212186	0.2824
0.73	0.73	0.95	0.5	0.12	0.88	0.73	0.27	0.5	0.05	0.05	0.95	0.27	0.05	0.27	0.5	0.5	0.05	0.12	0.12	0.2525	0.37375	0.27	0.3625	0.08125	0.3975	0.5275	0.095	0.23375	0.33125	0.3125	0.4575	0.31	0.38125	0.12375	0.29125	0.29	0.2775	0.38625	0.34	-3.9	-1.66667	-2.08	-1.58571	-2.01111	0.1325	0.203533	0.19514	0.194614	0.225122
0.12	0.05	0.05	0.02	0.12	0.05	0.05	0.05	0.12	0.5	0.5	0.05	0.5	1	0.02	0.12	0.12	0.5	0.95	0.73	0.32875	0.45	0.2975	0.305	0.10875	0.4825	0.5275	0.11375	0.25375	0.37	0.36	0.55125	0.3575	0.29	0.14625	0.29125	0.29	0.225	0.31	0.37125	2.8	-0.666667	-1.88	-2.48571	-1.15556	0.0229	0.0595	0.19864	0.216643	0.174444
0.12	0.05	0.02	0.02	0.12	0.12	0.05	0.05	0.05	0.27	0.73	0.05	0.5	0.73	0.02	0.05	0.12	1	0.73	0.12	0.4325	0.4775	0.3575	0.33625	0.1275	0.50125	0.555	0.17	0.28125	0.3225	0.28375	0.57875	0.32875	0.21375	0.17375	0.40375	0.36625	0.10625	0.2425	0.39	-0.9	-0.533333	-1.8	-1.24286	-1.55556	0.0231	0.135167	0.14386	0.171557	0.205156
0.27	0.27	0.27	0.5	0.12	0.5	0.98	0.05	0.27	0.88	0.5	0.5	0.5	0.12	0.12	0.27	0.27	0.05	0.12	0.73	0.4325	0.435	0.4025	0.32375	0.13125	0.45375	0.43875	0.1975	0.225	0.24625	0.30375	0.535	0.32875	0.29	0.18	0.405	0.3475	0.225	0.31875	0.31375	-3.5	-2.63333	-0.18	-0.8	-1.48889	0.3595	0.187967	0.12264	0.149886	0.240856
0.73	0.5	0.27	0.73	0.05	0.73	0.98	0.27	0.27	0.05	0.05	0.88	0.12	0.05	0.27	0.5	0.27	0.05	0.12	0.12	0.375	0.3025	0.43125	0.35625	0.14	0.3675	0.42	0.17	0.225	0.35875	0.36	0.39875	0.37625	0.29875	0.1425	0.37625	0.42375	0.22125	0.31	0.39	-3.5	-0.933333	-0.9	-0.8	-1.44444	0.1813	0.189067	0.17876	0.225714	0.206233
0.27	0.05	0.05	0.05	0.27	0.12	0.05	0.05	0.05	0.88	0.88	0.12	0.73	0.27	0.05	0.12	0.5	0.05	0.27	0.98	0.40375	0.2825	0.37375	0.4125	0.1125	0.3675	0.47875	0.17875	0.205	0.255	0.25625	0.40875	0.28125	0.27125	0.26125	0.47125	0.395	0.2175	0.2825	0.2825	4.2	-0.0333333	-1.5	-1.7	-1.18889	0.0264	0.1704	0.3068	0.242957	0.259533
0.95	0.27	0.5	0.27	0.27	0.27	0.27	0.5	0.27	0.12	0.12	0.27	0.27	0.12	0.27	0.95	0.73	0.05	0.12	0.27	0.3375	0.31125	0.37375	0.50125	0.1	0.4525	0.56875	0.13125	0.225	0.29375	0.295	0.475	0.29125	0.17125	0.265	0.415	0.385	0.16125	0.1975	0.28625	-0.8	-0.166667	-1.5	-1.8	-1.88889	0.3035	0.331067	0.26362	0.327114	0.314767
0.27	0.88	0.88	0.5	0.05	0.73	0.5	0.27	0.27	0.05	0.05	0.98	0.12	0.05	0.27	0.5	0.27	0.05	0.12	0.05	0.49875	0.24375	0.33	0.47625	0.14625	0.395	0.54875	0.16875	0.225	0.36	0.33125	0.395	0.33875	0.15125	0.2775	0.49875	0.46125	0.05125	0.14	0.36125	-3.9	-2.73333	-1.12	-1.8	-1.36667	0.6633	0.370133	0.3498	0.350043	0.320589
0.27	0.12	0.73	0.99	0.05	0.27	0.73	0.12	0.27	0.12	0.05	0.27	0.12	0.05	0.12	0.5	0.88	0.02	0.05	0.12	0.55625	0.33875	0.3775	0.415	0.165	0.4525	0.46	0.24375	0.225	0.2475	0.275	0.48375	0.29125	0.1425	0.315	0.5875	0.4425	0.055	0.14875	0.27625	-3.5	-3	-2.66	-0.757143	-1.06667	0.1436	0.473033	0.44852	0.334929	0.299122
0.5	0.12	0.27	0.27	0.12	0.27	0.27	0.12	0.12	0.05	0.05	0.27	0.12	0.05	1	0.88	0.5	0.02	0.05	0.12	0.47	0.3675	0.46375	0.4475	0.15625	0.4525	0.4575	0.32875	0.24375	0.25625	0.275	0.49625	0.29125	0.1425	0.205	0.54	0.49	0.055	0.14875	0.2675	-1.6	-2.86667	-1.74	-1.47143	-1.11111	0.6122	0.425267	0.40292	0.354914	0.3383
0.27	0.5	0.5	0.95	0.02	0.88	0.99	0.12	0.5	0.05	0.05	0.73	0.12	0.05	0.27	0.5	0.27	0.05	0.12	0.05	0.49875	0.4325	0.53875	0.41875	0.14125	0.48375	0.4525	0.3375	0.2525	0.1525	0.18	0.515	0.23375	0.115	0.305	0.635	0.49	0.05125	0.12125	0.16	-3.5	-0.433333	-1.12	-1.91429	-1.96667	0.52	0.402567	0.30352	0.387829	0.383856
0.73	0.12	0.05	0.05	0.27	0.12	0.12	0.12	0.05	0.73	0.95	0.12	0.73	0.5	0.12	0.27	0.27	0.12	0.27	0.5	0.3375	0.4525	0.53875	0.5	0.09125	0.55125	0.53375	0.28125	0.29	0.115	0.14375	0.56375	0.18625	0.16875	0.2925	0.55125	0.41375	0.1275	0.20625	0.10375	3.8	-0.166667	-1.2	-1.85714	-1.56667	0.0755	0.253933	0.38158	0.355414	0.358622
0.73	0.27	0.5	0.5	0.27	0.5	0.5	0.5	0.27	0.05	0.05	0.5	0.12	0.05	0.27	0.98	0.73	0.05	0.12	0.12	0.3375	0.38625	0.49625	0.4725	0.09125	0.475	0.48625	0.23375	0.29125	0.2	0.25625	0.485	0.2625	0.225	0.255	0.49125	0.385	0.1325	0.225	0.15125	-0.8	-0.3	-1.58	-0.957143	-1.22222	0.1663	0.258567	0.34642	0.345814	0.345878
0.27	0.73	0.5	0.27	0.05	0.73	0.5	0.95	0.27	0.05	0.05	0.98	0.12	0.05	0.27	0.5	0.27	0.05	0.12	0.05	0.47125	0.405	0.43875	0.3925	0.1275	0.44625	0.42875	0.25375	0.2725	0.19125	0.25625	0.45375	0.2625	0.225	0.36375	0.55125	0.36625	0.13625	0.225	0.16	-3.9	-2.73333	-0.32	-0.842857	-1.33333	0.5339	0.378867	0.2577	0.336729	0.401156
0.27	0.95	0.88	0.5	0.05	0.98	0.73	0.12	0.5	0.05	0.12	0.73	0.27	0.05	0.12	0.5	0.27	0.05	0.12	0.05	0.47125	0.39625	0.4675	0.3925	0.1275	0.44375	0.47625	0.46125	0.2625	0.19125	0.2475	0.51375	0.24375	0.225	0.2725	0.55125	0.36625	0.14	0.23375	0.15125	-3.5	-1.53333	-1.24	-0.985714	-1.54444	0.4364	0.3489	0.35232	0.354029	0.415867
0.12	0.05	0.05	0.02	0.12	0.05	0.05	0.05	0.12	0.5	0.73	0.05	0.5	1	0.02	0.05	0.12	0.73	0.95	0.27	0.49	0.48	0.6325	0.4525	0.1225	0.5125	0.5	0.48875	0.31	0.135	0.17125	0.57	0.215	0.10625	0.26625	0.655	0.41375	0.05125	0.13	0.12375	2.8	-0.5	-1.98	-2.02857	-1.54444	0.0764	0.3538	0.44728	0.449614	0.3764
0.27	0.5	0.99	0.73	0.05	0.5	0.5	0.27	0.5	0.05	0.05	0.73	0.12	0.05	0.12	0.73	0.5	0.02	0.12	0.05	0.41375	0.47125	0.6	0.39125	0.1125	0.50375	0.4625	0.46125	0.29	0.1625	0.2475	0.58	0.2625	0.19625	0.25375	0.57	0.36625	0.14	0.215	0.1225	-0.8	-0.833333	-1.9	-2.41429	-2.35556	0.5486	0.422033	0.48942	0.4494	0.4093
0.88	0.73	0.27	0.12	0.12	0.27	0.27	0.73	0.12	0.05	0.05	0.5	0.12	0.05	0.99	0.5	0.27	0.05	0.05	0.12	0.3375	0.4425	0.66125	0.49625	0.10375	0.50375	0.49125	0.375	0.31875	0.19	0.3325	0.6375	0.31	0.22375	0.145	0.5675	0.395	0.13625	0.22375	0.1325	-4.5	-2.93333	-1.9	-2.35714	-2.65556	0.6411	0.644767	0.4351	0.426214	0.460589
0.5	0.27	0.88	0.5	0.12	0.5	0.88	0.95	0.27	0.05	0.05	0.5	0.12	0.05	0.12	0.88	0.5	0.05	0.12	0.05	0.385	0.53125	0.61375	0.44875	0.1125	0.44625	0.38625	0.24375	0.3	0.2175	0.34125	0.60625	0.32875	0.2325	0.235	0.54875	0.395	0.13625	0.215	0.1975	-3.5	-3.83333	-3.16	-2.35714	-2.72222	0.7446	0.516833	0.49414	0.453571	0.420622
0.27	0.27	0.99	0.95	0.05	0.5	0.5	0.27	0.5	0.05	0.05	0.5	0.12	0.05	0.12	0.88	0.5	0.02	0.12	0.05	0.41375	0.4275	0.49625	0.33625	0.14875	0.3575	0.3575	0.32	0.22375	0.32125	0.43625	0.53	0.41875	0.28875	0.22625	0.50125	0.395	0.14875	0.23375	0.30125	-3.5	-3.5	-3.7	-3.4	-2.12222	0.1648	0.427	0.51	0.467543	0.3761
0.27	0.5	0.73	0.27	0.12	0.5	0.27	0.12	0.27	0.5	0.88	0.88	0.73	0.27	0.12	0.27	0.27	0.12	0.12	0.27	0.46125	0.515	0.585	0.4525	0.13125	0.46125	0.4425	0.3475	0.3	0.20875	0.25625	0.58625	0.31375	0.1425	0.23875	0.68125	0.47125	0.05125	0.13	0.255	-3.5	-3.5	-3.7	-3.01429	-2.86667	0.3716	0.3881	0.41662	0.394271	0.432856
0.73	0.27	0.27	0.73	0.27	0.27	0.5	0.27	0.12	0.27	0.73	0.73	0.5	0.27	0.27	0.73	0.73	0.05	0.12	0.27	0.40375	0.5725	0.58125	0.41375	0.1125	0.5375	0.4425	0.31	0.29	0.265	0.28375	0.6325	0.36125	0.1425	0.23875	0.595	0.385	0.06375	0.13	0.31125	-3.5	-3.83333	-2.62	-2.92857	-2.31111	0.6279	0.391233	0.27484	0.386571	0.444844
0.27	0.98	0.73	0.27	0.12	0.5	0.27	0.12	0.27	0.27	0.12	0.73	0.27	0.12	0.12	0.73	0.5	0.05	0.12	0.5	0.41375	0.4075	0.52375	0.49	0.1225	0.49	0.4525	0.3625	0.27125	0.26125	0.35625	0.585	0.38125	0.16125	0.14875	0.595	0.395	0.06375	0.13	0.27375	-4.5	-2.03333	-2.7	-1.82857	-1.85556	0.1742	0.279267	0.35932	0.373986	0.396889
0.27	0.12	0.05	0.05	0.27	0.27	0.12	0.05	0.12	0.88	0.88	0.12	0.99	0.5	0.05	0.12	0.27	0.12	0.27	0.88	0.385	0.54375	0.6175	0.48875	0.095	0.51875	0.395	0.3625	0.31875	0.19375	0.28875	0.70875	0.31	0.14125	0.1575	0.62375	0.395	0.0825	0.20625	0.235	1.9	-2.16667	-1.16	-1.38571	-1.9	0.0357	0.2657	0.4163	0.380371	0.375756
0.5	0.98	0.5	0.27	0.05	0.88	0.5	0.12	0.5	0.05	0.12	0.88	0.27	0.05	0.12	0.88	0.5	0.05	0.12	0.12	0.44125	0.4175	0.47125	0.3575	0.15	0.41375	0.31875	0.35375	0.22375	0.35375	0.41125	0.585	0.41875	0.20625	0.1675	0.51	0.36625	0.095	0.225	0.43375	-3.9	0.733333	-0.54	-1.44286	-1.31111	0.5872	0.426467	0.33262	0.406486	0.366222
0.27	0.73	0.5	0.88	0.05	0.88	0.73	0.12	0.27	0.27	0.12	0.95	0.27	0.05	0.27	0.5	0.27	0.05	0.12	0.5	0.47	0.40125	0.395	0.2625	0.14125	0.385	0.29	0.35375	0.23375	0.27	0.3075	0.5	0.33375	0.175	0.25875	0.5575	0.395	0.0825	0.21625	0.35875	4.2	-0.0333333	-0.42	-0.685714	-1.1	0.6565	0.4844	0.40866	0.328071	0.330911
0.5	0.12	0.27	0.27	0.05	0.12	0.12	1	0.12	0.02	0.02	0.12	0.05	0.05	0.12	0.5	0.12	0.05	0.05	0.05	0.38375	0.535	0.42375	0.28125	0.1225	0.50875	0.3375	0.225	0.3	0.30125	0.2625	0.60375	0.3325	0.26	0.2775	0.5	0.35625	0.13875	0.32875	0.415	-0.4	-0.0333333	-0.44	-0.271429	-1.14444	0.2095	0.473467	0.41732	0.310871	0.315833
0.27	0.5	0.95	0.27	0.05	0.5	0.27	0.88	0.5	0.12	0.27	0.88	0.27	0.27	0.12	0.5	0.27	0.27	0.88	0.12	0.48875	0.39875	0.28125	0.28125	0.14125	0.4325	0.31875	0.25875	0.2525	0.3175	0.25	0.45125	0.33375	0.25125	0.29625	0.5	0.385	0.12	0.24375	0.435	-3.9	-0.833333	0.02	-1.1	-0.722222	0.5544	0.280967	0.31064	0.376086	0.308144
0.95	0.12	0.27	0.12	0.27	0.27	0.27	0.27	0.12	0.5	0.27	0.27	0.27	0.12	0.27	0.73	0.5	0.05	0.12	0.88	0.40375	0.55375	0.39375	0.3275	0.095	0.49	0.36625	0.34375	0.3475	0.175	0.155	0.60375	0.24375	0.2225	0.39	0.49	0.35625	0.1475	0.33875	0.245	1.8	-1.23333	-1.6	-0.642857	-1.43333	0.079	0.229067	0.27778	0.3072	0.3585
0.27	0.12	0.12	0.12	0.05	0.27	0.27	0.12	0.12	0.05	0.05	0.27	0.05	0.02	1	0.27	0.27	0.02	0.05	0.05	0.46	0.5225	0.46	0.35625	0.13125	0.47125	0.41375	0.38125	0.3475	0.24	0.1825	0.60375	0.27125	0.24375	0.3175	0.5	0.41375	0.16	0.36625	0.3675	-1.6	-1.23333	-1.66	-1.88571	-1.07778	0.0538	0.208333	0.25688	0.283257	0.381278
0.27	0.73	0.27	0.27	0.12	0.5	0.27	0.12	0.5	0.27	0.27	0.73	0.27	0.95	0.27	0.27	0.27	0.5	0.95	0.27	0.48875	0.44625	0.48875	0.29	0.13125	0.4425	0.41375	0.4	0.32875	0.19375	0.155	0.5375	0.24375	0.13625	0.40875	0.52875	0.4425	0.10875	0.2725	0.2925	-3.9	-2.06667	-1.78	-1.92857	-1.93333	0.4922	0.217	0.24378	0.3665	0.385467
0.88	0.27	0.27	0.27	0.27	0.27	0.27	0.27	0.27	0.5	0.27	0.27	0.5	0.27	0.27	0.73	0.88	0.12	0.27	0.73	0.38375	0.55125	0.54625	0.37875	0.12125	0.56625	0.50875	0.29	0.405	0.1775	0.1675	0.6425	0.2425	0.23	0.4275	0.47125	0.385	0.165	0.36625	0.24375	-0.7	-3.03333	-2.28	-1.87143	-2.27778	0.105	0.362033	0.38642	0.386471	0.395089
0.27	0.98	0.27	0.27	0.12	0.5	0.5	0.12	0.5	0.12	0.12	0.73	0.27	0.12	0.95	0.27	0.27	0.12	0.27	0.12	0.48875	0.4625	0.49	0.37875	0.1675	0.5975	0.5375	0.2325	0.37625	0.2725	0.18625	0.5375	0.3	0.23	0.36125	0.52875	0.51875	0.165	0.29	0.3675	-4.5	-1.96667	-2.66	-2.62857	-1.37778	0.4889	0.462033	0.5145	0.417486	0.367122
0.27	0.73	0.88	0.5	0.12	0.73	0.88	0.27	0.5	0.12	0.12	0.88	0.27	0.12	0.27	0.5	0.73	0.12	0.27	0.27	0.46125	0.5125	0.41375	0.36875	0.1675	0.56875	0.49	0.21375	0.395	0.30125	0.215	0.51875	0.32875	0.24875	0.44625	0.5	0.46125	0.17375	0.30875	0.34875	-0.7	-2.9	-2.58	-1.8	-1.66667	0.7922	0.658433	0.47528	0.453043	0.400522
0.5	0.73	0.88	0.5	0.12	0.88	0.73	0.27	0.5	0.12	0.12	0.88	0.27	0.12	0.27	0.73	0.5	0.12	0.27	0.12	0.46125	0.5125	0.46125	0.3875	0.17625	0.55	0.50875	0.3225	0.41375	0.31	0.22375	0.51875	0.3375	0.26125	0.355	0.5	0.49	0.18625	0.3175	0.37625	-3.5	-2.56667	-1.6	-1.35714	-1.53333	0.6942	0.594167	0.51482	0.436957	0.476978
0.27	0.5	0.73	0.98	0.12	0.88	0.88	0.27	0.5	0.12	0.12	0.5	0.27	0.12	0.27	0.5	0.27	0.12	0.12	0.12	0.51875	0.48375	0.50875	0.3275	0.17625	0.52125	0.49	0.43	0.385	0.29125	0.205	0.56625	0.31875	0.1575	0.355	0.5575	0.51875	0.13875	0.2325	0.3575	-3.5	-0.933333	-0.86	-1.31429	-1.53333	0.2961	0.431	0.49296	0.527943	0.519333
0.5	0.5	0.5	0.27	0.27	0.98	0.73	0.27	0.5	0.5	0.27	0.5	0.5	0.12	0.27	0.5	0.73	0.27	0.27	0.5	0.41375	0.57375	0.56625	0.41625	0.13875	0.56625	0.5375	0.41125	0.41375	0.19625	0.1675	0.6425	0.26125	0.13875	0.355	0.5	0.385	0.12	0.21375	0.23375	4.2	-0.0333333	-0.8	-1.22857	-1.95556	0.3027	0.326133	0.4829	0.582871	0.559389
0.73	0.27	0.27	0.27	0.27	0.27	0.27	0.27	0.27	0.73	0.5	0.27	0.5	0.27	0.27	0.73	0.5	0.12	0.27	0.88	0.385	0.57125	0.595	0.41625	0.13875	0.655	0.62375	0.4025	0.395	0.24375	0.215	0.67125	0.29	0.13875	0.25125	0.47125	0.47125	0.13875	0.195	0.23375	-0.8	1	-0.88	-1.77143	-1.53333	0.3796	0.474733	0.51874	0.5362	0.554133
0.5	0.12	0.5	0.27	0.12	0.27	0.27	0.99	0.27	0.12	0.12	0.27	0.12	0.12	0.27	0.5	0.27	0.12	0.12	0.12	0.4425	0.60875	0.575	0.41625	0.1575	0.62625	0.57625	0.3125	0.36625	0.33875	0.2625	0.67125	0.3375	0.14875	0.2325	0.5475	0.47125	0.13	0.195	0.3575	-0.4	-1.7	-1.08	-1.37143	-1.54444	0.7419	0.664967	0.55262	0.500114	0.495278
0.5	0.27	0.5	0.27	0.12	0.27	0.27	0.98	0.27	0.12	0.12	0.73	0.12	0.12	0.27	0.5	0.27	0.12	0.12	0.12	0.395	0.51375	0.47125	0.36	0.1575	0.53125	0.49125	0.28625	0.36625	0.415	0.31	0.51	0.36625	0.2575	0.205	0.47125	0.42375	0.20625	0.285	0.405	-3.9	-2.93333	-2.06	-0.985714	-0.844444	0.8734	0.6936	0.5804	0.495314	0.428467
0.27	0.99	0.5	0.27	0.12	0.73	0.5	0.12	0.5	0.12	0.12	0.88	0.27	0.12	0.27	0.27	0.27	0.12	0.27	0.12	0.42375	0.42375	0.49875	0.32875	0.145	0.455	0.475	0.375	0.3375	0.40625	0.30125	0.49125	0.32875	0.24875	0.205	0.5	0.42375	0.1975	0.26625	0.39625	-4.5	-3.03333	-2.06	-1.18571	-0.844444	0.4655	0.5935	0.55698	0.465343	0.414722
0.27	0.73	0.27	0.27	0.12	0.5	0.73	0.05	0.12	0.73	0.73	0.73	0.5	0.27	0.12	0.27	0.73	0.12	0.12	0.5	0.395	0.4	0.47125	0.2975	0.145	0.37625	0.36125	0.3525	0.32875	0.38625	0.31	0.45375	0.3475	0.2775	0.19625	0.4525	0.30875	0.17875	0.285	0.39625	-0.7	-2	-1.42	-1.57143	-0.888889	0.4416	0.389867	0.42718	0.435743	0.394922
0.5	0.88	0.95	0.5	0.12	0.5	0.5	0.27	0.27	0.27	0.12	0.88	0.27	0.05	0.12	0.88	0.5	0.05	0.12	0.5	0.29	0.41	0.415	0.26875	0.1175	0.405	0.41875	0.30625	0.40125	0.355	0.33	0.435	0.32875	0.305	0.1775	0.31875	0.29	0.17875	0.36125	0.2925	-0.8	0.433333	-1.34	-0.971429	-1.15556	0.2625	0.265667	0.28698	0.347543	0.359978
0.12	0.12	0.05	0.05	0.12	0.12	0.05	0.05	0.5	0.73	0.5	0.05	0.5	0.99	0.05	0.12	0.12	0.73	0.99	0.5	0.29	0.5525	0.5275	0.325	0.10875	0.48125	0.50375	0.225	0.46375	0.285	0.27375	0.53875	0.3	0.20625	0.1675	0.385	0.31875	0.085	0.3475	0.28375	2.8	-0.5	0.32	-0.871429	-1.46667	0.0929	0.175933	0.21878	0.232071	0.286878
0.27	0.5	0.95	0.73	0.02	0.73	0.98	0.12	0.5	0.05	0.05	0.5	0.12	0.05	0.27	0.5	0.27	0.05	0.12	0.05	0.2425	0.5625	0.415	0.32875	0.1125	0.4625	0.46375	0.10875	0.46375	0.36125	0.32125	0.51	0.3475	0.315	0.14	0.3375	0.3	0.1575	0.45625	0.33125	-3.5	1.03333	-0.18	-0.685714	-1.42222	0.1724	0.129933	0.14348	0.177571	0.242756
0.27	0.05	0.05	0.02	0.27	0.12	0.05	0.02	0.05	0.95	0.95	0.05	0.88	0.5	0.05	0.12	0.27	0.12	0.27	0.88	0.2425	0.58625	0.49875	0.39875	0.08125	0.51	0.58	0.12125	0.4725	0.29625	0.285	0.575	0.28125	0.2775	0.14875	0.385	0.3	0.14	0.41875	0.30375	3.8	-0.966667	-0.66	-1.08571	-1.35556	0.1245	0.120667	0.10778	0.182529	0.252744
0.12	0.5	0.5	0.27	0.05	0.5	0.5	0.12	1	0.02	0.05	0.27	0.12	0.27	0.12	0.27	0.12	0.05	0.88	0.05	0.29	0.54875	0.4425	0.3675	0.10875	0.43375	0.46625	0.1175	0.3725	0.3275	0.3125	0.51875	0.32875	0.27875	0.25	0.4425	0.29	0.14	0.3425	0.36	-3.2	-0.866667	-1.92	-1.52857	-1.45556	0.0651	0.0912	0.18446	0.224371	0.236311
0.12	0.5	0.5	0.27	0.05	0.5	0.5	0.12	1	0.02	0.05	0.27	0.12	0.27	0.12	0.27	0.12	0.05	0.88	0.05	0.26125	0.445	0.33	0.31125	0.1275	0.3775	0.41	0.08625	0.345	0.4125	0.4075	0.415	0.38625	0.335	0.24125	0.3475	0.26125	0.14875	0.36125	0.41625	-3.2	-3.3	-2	-2.15714	-0.866667	0.084	0.208467	0.26106	0.253057	0.219178
0.27	0.73	0.5	0.98	0.05	0.73	0.88	0.12	0.27	0.05	0.05	0.95	0.12	0.05	0.27	0.5	0.27	0.02	0.12	0.05	0.3375	0.435	0.38625	0.27875	0.14625	0.39625	0.41875	0.1425	0.4075	0.3325	0.36	0.38625	0.3575	0.25375	0.27875	0.4225	0.31875	0.07625	0.36625	0.3875	-3.5	-3.53333	-3.08	-1.01429	-1.26667	0.4763	0.3719	0.2949	0.2439	0.302622
0.27	0.73	0.27	0.12	0.12	0.5	0.5	0.12	0.12	0.5	0.73	0.95	0.5	0.27	0.12	0.27	0.27	0.05	0.12	0.73	0.3375	0.435	0.3875	0.4175	0.14125	0.45625	0.45375	0.1425	0.42625	0.27625	0.275	0.38625	0.31	0.2225	0.27875	0.45125	0.31875	0.0725	0.36625	0.3025	-3.9	-3	-1.54	-1.67143	-1.26667	0.5554	0.4418	0.30354	0.346671	0.358978
0.5	0.88	0.27	0.27	0.12	0.27	0.27	0.12	0.27	0.05	0.05	0.5	0.12	0.05	1	0.88	0.5	0.05	0.12	0.12	0.30875	0.425	0.49125	0.51875	0.11375	0.50375	0.53875	0.25875	0.435	0.22	0.24375	0.47	0.25375	0.19375	0.1775	0.4225	0.29	0.06	0.33875	0.275	-1.6	-0.333333	-1.06	-1.71429	-2.07778	0.2937	0.319133	0.45552	0.434457	0.397833
0.27	0.05	0.05	0.05	0.27	0.05	0.05	0.02	0.05	0.95	0.88	0.05	0.73	0.5	0.05	0.12	0.27	0.12	0.27	0.95	0.385	0.48125	0.49	0.54625	0.095	0.48375	0.51875	0.38125	0.3525	0.1075	0.13625	0.5075	0.16875	0.11	0.29625	0.54625	0.31875	0.05125	0.21625	0.17125	4.5	0.7	-1.06	-1.75714	-1.76667	0.1083	0.4153	0.49618	0.4902	0.397344
0.88	0.27	0.5	0.5	0.27	0.5	0.5	0.5	0.27	0.12	0.12	0.5	0.27	0.12	0.5	0.95	0.73	0.12	0.27	0.27	0.35625	0.40625	0.405	0.49	0.095	0.39875	0.49125	0.43	0.215	0.21125	0.2275	0.45125	0.2175	0.13	0.24	0.47125	0.26125	0.05125	0.1125	0.25625	-0.8	0.0666667	-0.98	-1.31429	-1.45556	0.8439	0.543933	0.47994	0.430829	0.443344
0.27	0.5	0.73	0.98	0.05	0.98	0.88	0.12	0.5	0.05	0.05	0.5	0.12	0.02	0.12	0.5	0.27	0.05	0.12	0.05	0.46125	0.30125	0.32875	0.31375	0.15	0.2625	0.34875	0.46875	0.15875	0.32375	0.2925	0.3475	0.28375	0.17	0.26875	0.49875	0.395	0.06375	0.15	0.39625	-3.5	-2.6	-0.74	-0.814286	-0.6	0.6796	0.6659	0.43334	0.422629	0.394644
0.27	0.12	0.88	0.98	0.05	0.27	0.5	0.95	0.27	0.05	0.02	0.27	0.05	0.05	0.12	0.5	0.27	0.02	0.05	0.05	0.4425	0.29125	0.395	0.3325	0.14125	0.3225	0.34875	0.365	0.26375	0.27625	0.22	0.29125	0.26375	0.2425	0.26	0.49875	0.395	0.1525	0.26875	0.32	-3.5	-2.46667	-1.72	0.0142857	-0.311111	0.4742	0.404833	0.51128	0.3861	0.341733
0.5	0.12	0.27	0.27	0.05	0.12	0.12	1	0.12	0.02	0.02	0.12	0.05	0.05	0.12	0.5	0.12	0.05	0.05	0.05	0.36625	0.19625	0.55625	0.5125	0.1325	0.37	0.45375	0.3775	0.2825	0.28	0.21625	0.28125	0.255	0.23875	0.15	0.45125	0.385	0.145	0.26	0.31125	-0.4	-1.43333	-0.72	-0.814286	-0.522222	0.0607	0.3443	0.3501	0.381943	0.342089
0.5	0.12	0.27	0.27	0.05	0.27	0.73	0.99	0.12	0.02	0.02	0.27	0.05	0.05	0.12	0.5	0.12	0.05	0.05	0.05	0.36625	0.205	0.55625	0.5125	0.11375	0.37875	0.38625	0.3825	0.29125	0.2525	0.21625	0.27125	0.28875	0.295	0.15	0.45125	0.385	0.16375	0.3175	0.255	-0.4	1.13333	-0.28	-1.2	-0.811111	0.498	0.1989	0.23002	0.3038	0.3341
0.5	0.12	0.12	0.05	0.27	0.12	0.12	0.05	0.05	0.88	0.5	0.12	0.5	0.27	0.12	0.27	0.88	0.05	0.27	0.95	0.29	0.205	0.6225	0.6	0.05875	0.3975	0.51875	0.5475	0.3	0.13625	0.1475	0.29	0.205	0.25875	0.1025	0.42375	0.2325	0.155	0.2625	0.115	4.2	0.833333	-0.28	-0.428571	-1.11111	0.038	0.205067	0.19456	0.211914	0.288622
0.12	0.27	0.95	0.27	0.05	0.27	0.12	0.12	0.73	0.12	0.12	0.27	0.27	0.88	0.05	0.27	0.27	0.73	1	0.12	0.31875	0.1575	0.5525	0.54125	0.08625	0.31875	0.47125	0.5575	0.215	0.23125	0.19125	0.27125	0.23375	0.18625	0.11125	0.42375	0.3375	0.06625	0.17125	0.21875	-1.3	-0.2	0.18	-0.428571	-1.11111	0.0792	0.138033	0.1897	0.206257	0.230244
0.12	0.12	0.95	1	0.05	0.5	0.73	0.27	0.27	0.05	0.02	0.27	0.05	0.02	0.12	0.5	0.27	0.02	0.05	0.05	0.3	0.1675	0.44875	0.33	0.11375	0.2625	0.33875	0.4225	0.245	0.3525	0.32	0.24375	0.365	0.35	0.09375	0.33875	0.3375	0.1675	0.3175	0.33125	-3.5	-0.966667	-0.44	-0.871429	-0.222222	0.2969	0.1375	0.17702	0.219614	0.180522
0.27	0.12	0.05	0.05	0.12	0.27	0.12	0.05	0.12	0.73	0.88	0.12	1	0.95	0.05	0.12	0.27	0.27	0.73	0.5	0.28125	0.27125	0.56125	0.43	0.11375	0.33875	0.43375	0.34	0.2825	0.35625	0.24375	0.31	0.3025	0.2425	0.1025	0.38625	0.385	0.13625	0.24125	0.37875	1.9	-1.7	-1.98	-0.171429	-0.266667	0.0364	0.255967	0.20026	0.152286	0.201822
0.27	0.27	0.88	0.98	0.05	0.5	0.95	0.88	0.27	0.05	0.05	0.5	0.05	0.05	0.12	0.5	0.27	0.05	0.05	0.05	0.31	0.2525	0.43	0.28625	0.15	0.29125	0.25375	0.1275	0.255	0.54875	0.455	0.24375	0.50625	0.3825	0.09375	0.31	0.4325	0.1725	0.35375	0.5475	-3.5	-1.7	-0.82	-0.885714	0.244444	0.4346	0.2084	0.18976	0.182914	0.1498
0.12	0.27	1	0.73	0.05	0.5	0.5	0.27	0.5	0.05	0.02	0.5	0.12	0.05	0.12	0.5	0.5	0.02	0.12	0.05	0.32875	0.2525	0.415	0.32625	0.15	0.29125	0.31	0.20375	0.22625	0.54875	0.45875	0.24375	0.4975	0.3825	0.09375	0.33875	0.4125	0.17625	0.345	0.5475	-3.5	-0.833333	-0.28	-0.1	0.244444	0.1542	0.205167	0.18086	0.175857	0.149433
0.12	0.05	0.05	0.02	0.27	0.05	0.05	0.02	0.05	0.95	0.95	0.05	0.88	0.5	0.05	0.05	0.27	0.12	0.27	0.88	0.37625	0.28	0.4775	0.415	0.15	0.3475	0.385	0.235	0.20625	0.455	0.36125	0.3	0.4025	0.23125	0.13	0.4525	0.53125	0.07875	0.21625	0.49125	4.5	0.0666667	0.18	1	0.311111	0.0267	0.144433	0.17954	0.1384	0.147133
0.5	0.95	0.27	0.12	0.12	0.5	0.27	0.12	0.27	0.73	0.27	0.5	0.5	0.12	0.12	0.5	0.5	0.05	0.12	0.88	0.3475	0.1675	0.34625	0.2925	0.16875	0.2625	0.3	0.20375	0.16	0.4825	0.45	0.24375	0.45	0.27875	0.23125	0.3675	0.5025	0.0875	0.235	0.5	-0.8	2.63333	1.72	0.628571	0.522222	0.2524	0.102967	0.09956	0.141557	0.118433
0.73	0.12	0.05	0.05	0.27	0.12	0.12	0.12	0.05	0.88	0.88	0.12	0.73	0.27	0.12	0.27	0.5	0.12	0.27	0.95	0.31875	0.36625	0.43	0.32875	0.14125	0.3675	0.395	0.2125	0.20625	0.37875	0.27	0.4	0.33	0.1475	0.25875	0.44375	0.5025	0.05125	0.14	0.44375	4.2	2.53333	2.28	0.9	-0.122222	0.0298	0.105633	0.08042	0.0849857	0.168756
0.5	0.12	0.12	0.12	0.27	0.12	0.12	0.05	0.05	0.88	0.5	0.12	0.5	0.27	0.12	0.5	0.95	0.05	0.27	0.95	0.32875	0.4575	0.345	0.2125	0.1375	0.39625	0.33875	0.12625	0.235	0.37875	0.32625	0.4475	0.38625	0.1475	0.25875	0.38625	0.44625	0.06	0.14875	0.44375	4.2	2.56667	1.06	0.842857	-0.233333	0.0347	0.041	0.0828	0.132857	0.156967
0.5	0.27	0.5	0.27	0.27	0.27	0.27	0.12	0.12	0.27	0.27	0.27	0.27	0.12	0.27	0.73	0.99	0.05	0.12	0.5	0.32875	0.4675	0.235	0.13625	0.1375	0.3775	0.32	0.09875	0.28875	0.455	0.35875	0.4	0.415	0.19375	0.24	0.32875	0.39375	0.0725	0.2625	0.5	-0.7	0.633333	0.44	-0.442857	-0.2	0.0585	0.0439333	0.13018	0.175971	0.155611
0.27	0.12	0.12	0.12	0.05	0.27	0.27	0.12	0.12	0.05	0.05	0.27	0.05	0.02	1	0.27	0.27	0.02	0.05	0.12	0.37625	0.48625	0.2825	0.15875	0.165	0.3775	0.32	0.09875	0.28875	0.48625	0.35875	0.4	0.42375	0.20625	0.14875	0.395	0.48375	0.0675	0.27125	0.55625	-1.6	-2.06667	-1.3	-0.785714	-0.2	0.0386	0.195467	0.18992	0.1602	0.178289
0.27	0.88	0.5	0.27	0.05	0.73	0.73	0.12	0.27	0.05	0.05	0.99	0.27	0.05	0.27	0.5	0.27	0.05	0.12	0.12	0.32875	0.30625	0.2925	0.24875	0.1525	0.32	0.3475	0.09875	0.27	0.40125	0.3275	0.31	0.34	0.19	0.25875	0.36625	0.455	0.06	0.25375	0.4525	-3.9	-3.33333	-2.78	-0.742857	-0.5	0.4893	0.285467	0.21138	0.188914	0.206433
0.12	1	0.27	0.12	0.02	0.73	0.5	0.12	0.5	0.05	0.12	0.88	0.27	0.05	0.12	0.27	0.27	0.05	0.12	0.05	0.29	0.2825	0.32125	0.2675	0.15625	0.31125	0.3675	0.08625	0.24125	0.41375	0.3	0.315	0.34	0.21875	0.26875	0.37625	0.42625	0.05125	0.25375	0.46125	-4.5	-3.86667	-1.74	-1.84286	-0.466667	0.3285	0.319933	0.24584	0.2562	0.271333
0.12	0.5	0.5	0.27	0.05	0.5	0.5	0.12	1	0.05	0.05	0.27	0.12	0.27	0.12	0.27	0.12	0.12	0.88	0.05	0.2425	0.3925	0.34	0.2675	0.125	0.3875	0.415	0.095	0.2975	0.31	0.2525	0.41	0.31125	0.19125	0.26875	0.3475	0.34125	0.05125	0.235	0.34875	-3.2	-1.06667	-2.12	-1.1	-1.28889	0.142	0.233767	0.33926	0.335543	0.3734
